values,,position,position,position,Magnetometer,Magnetometer,Magnetometer
axis,,x,y,z,x,y,z
Sensor,Sample,,,,,,
0,0,0,0,0,0.024996939649895945,-0.03062798384135145,-0.1104296731546089
0,1,0,0,0,0.0249234912473987,-0.030683070143224384,-0.11025829354878199
0,2,0,0,0,0.024996939649895945,-0.030664708042600075,-0.11049700085689802
0,3,0,0,0,0.024996939649895945,-0.030664708042600075,-0.11049700085689802
0,4,0,0,0,0.02518056065613906,-0.03032194883094626,-0.11016648304566042
0,5,0,0,0,0.024996939649895945,-0.030481087036356956,-0.11024605214836578
0,6,0,0,0,0.024996939649895945,-0.030481087036356956,-0.11024605214836578
0,7,0,0,0,0.025260129758844414,-0.030395397233443505,-0.11018484514628472
0,8,0,0,0,0.025107112253641817,-0.030487207736565065,-0.11039294895336027
0,9,0,0,0,0.025107112253641817,-0.030487207736565065,-0.11039294895336027
0,10,0,0,0,0.02490512914677439,-0.030542294038437993,-0.11041131105398458
0,11,0,0,0,0.025009181050312156,-0.030377035132819197,-0.11039294895336027
0,12,0,0,0,0.025009181050312156,-0.030377035132819197,-0.11039294895336027
0,13,0,0,0,0.02509487085322561,-0.030597380340310933,-0.11033786265148733
0,14,0,0,0,0.024929611947606806,-0.030542294038437993,-0.11043579385481699
0,15,0,0,0,0.024929611947606806,-0.030542294038437993,-0.11043579385481699
0,16,0,0,0,0.025119353654058024,-0.030493328436773166,-0.11007467254253886
0,17,0,0,0,0.02510099155343371,-0.030346431631778675,-0.11039294895336027
0,18,0,0,0,0.024960215448647325,-0.030621863141143346,-0.1102644142489901
0,19,0,0,0,0.024960215448647325,-0.030621863141143346,-0.1102644142489901
0,20,0,0,0,0.0249173705471906,-0.030670828742808177,-0.11029501775003062
0,21,0,0,0,0.02509487085322561,-0.03065246664218387,-0.11033174195127922
0,22,0,0,0,0.02509487085322561,-0.03065246664218387,-0.11033174195127922
0,23,0,0,0,0.02504590525156078,-0.030615742440935245,-0.11019096584649284
0,24,0,0,0,0.025070388052393193,-0.030805484147386458,-0.11017260374586853
0,25,0,0,0,0.025070388052393193,-0.030805484147386458,-0.11017260374586853
0,26,0,0,0,0.025076508752601295,-0.030579018239686624,-0.11020932794711716
0,27,0,0,0,0.025039784551352674,-0.030523931937813685,-0.1102766556494063
0,28,0,0,0,0.025039784551352674,-0.030523931937813685,-0.1102766556494063
0,29,0,0,0,0.025015301750520257,-0.030487207736565065,-0.11028277634961439
0,30,0,0,0,0.025119353654058024,-0.030523931937813685,-0.11027053494919818
0,31,0,0,0,0.025119353654058024,-0.030523931937813685,-0.11027053494919818
0,32,0,0,0,0.024972456849063532,-0.03043212143469213,-0.11049088015668992
0,33,0,0,0,0.025070388052393193,-0.03046884563594075,-0.1102644142489901
0,34,0,0,0,0.025070388052393193,-0.03046884563594075,-0.1102644142489901
0,35,0,0,0,0.02483780144448525,-0.030407638633859712,-0.11009303464316318
0,36,0,0,0,0.025064267352185088,-0.030774880646345943,-0.11027053494919818
0,37,0,0,0,0.026631166605459666,-0.030725915044681112,-0.11032562125107112
0,38,0,0,0,0.025119353654058024,-0.030725915044681112,-0.11032562125107112
0,39,0,0,0,0.025107112253641817,-0.030670828742808177,-0.1104419145550251
0,40,0,0,0,0.025027543150936464,-0.03069531154364059,-0.11016648304566042
0,41,0,0,0,0.025027543150936464,-0.03069531154364059,-0.11016648304566042
0,42,0,0,0,0.02513159505447423,-0.03074427714530542,-0.11058881136001959
0,43,0,0,0,0.024941853348023013,-0.03062798384135145,-0.11012975884441181
0,44,0,0,0,0.024941853348023013,-0.03062798384135145,-0.11012975884441181
0,45,0,0,0,0.02511323295384992,-0.030438242134900234,-0.11034398335169544
0,46,0,0,0,0.025070388052393193,-0.030456604235524543,-0.11036234545231975
0,47,0,0,0,0.025070388052393193,-0.030456604235524543,-0.11036234545231975
0,48,0,0,0,0.02514383645489044,-0.03064022524176766,-0.11002570694087403
0,49,0,0,0,0.02488676704615008,-0.030670828742808177,-0.11038682825315216
0,50,0,0,0,0.024972456849063532,-0.030603501040519038,-0.11020932794711716
0,51,0,0,0,0.024972456849063532,-0.030579018239686624,-0.11006855184233075
0,52,0,0,0,0.024990818949687844,-0.03059125964010283,-0.11018484514628472
0,53,0,0,0,0.025235646958011997,-0.030621863141143346,-0.11022156934753335
0,54,0,0,0,0.024947974048231118,-0.030511690537397478,-0.11025829354878199
0,55,0,0,0,0.02514383645489044,-0.030536173338229895,-0.11027053494919818
0,56,0,0,0,0.025064267352185088,-0.03049944913698127,-0.11014200024482801
0,57,0,0,0,0.02517443995593096,-0.03065246664218387,-0.11028277634961439
0,58,0,0,0,0.025015301750520257,-0.030713673644264906,-0.11021544864732527
0,59,0,0,0,0.025198922756763376,-0.030236259028032807,-0.11041743175419268
0,60,0,0,0,0.025198922756763376,-0.030236259028032807,-0.11041743175419268
0,61,0,0,0,0.02472762884073938,-0.030481087036356956,-0.11008079324274697
0,62,0,0,0,0.025009181050312156,-0.03045048353531644,-0.11033174195127922
0,63,0,0,0,0.025125474354266132,-0.03051781123760558,-0.11033786265148733
0,64,0,0,0,0.024929611947606806,-0.03056677683927041,-0.11036234545231975
0,65,0,0,0,0.025039784551352674,-0.030493328436773166,-0.11014200024482801
0,66,0,0,0,0.024972456849063532,-0.030254621128657115,-0.1101542416452442
0,67,0,0,0,0.025278491859468722,-0.030615742440935245,-0.11032562125107112
0,68,0,0,0,0.025015301750520257,-0.03062798384135145,-0.11047251805606562
0,69,0,0,0,0.025009181050312156,-0.03060962174072714,-0.1103011384502387
0,70,0,0,0,0.02518056065613906,-0.030487207736565065,-0.1102888970498225
0,71,0,0,0,0.025241767658220098,-0.03074427714530542,-0.11019096584649284
0,72,0,0,0,0.025241767658220098,-0.03074427714530542,-0.11014812094503612
0,73,0,0,0,0.024996939649895945,-0.030438242134900234,-0.11014812094503612
0,74,0,0,0,0.024996939649895945,-0.030530052638021787,-0.11029501775003062
0,75,0,0,0,0.02504590525156078,-0.030725915044681112,-0.11022769004774147
0,76,0,0,0,0.024850042844901457,-0.030585138939894722,-0.11023381074794955
0,77,0,0,0,0.024911249846982494,-0.030474966336148858,-0.11020932794711716
0,78,0,0,0,0.025058146651976986,-0.03065858734239197,-0.11011139674378749
0,79,0,0,0,0.02498469824947974,-0.030474966336148858,-0.11032562125107112
0,80,0,0,0,0.02527237115926062,-0.030395397233443505,-0.11053984575835477
0,81,0,0,0,0.024990818949687844,-0.030456604235524543,-0.11051536295752233
0,82,0,0,0,0.02505202595176888,-0.03037091443261109,-0.11016648304566042
0,83,0,0,0,0.025064267352185088,-0.030554535438854204,-0.11017872444607664
0,84,0,0,0,0.025064267352185088,-0.030554535438854204,-0.11032562125107112
0,85,0,0,0,0.024972456849063532,-0.030725915044681112,-0.11032562125107112
0,86,0,0,0,0.025039784551352674,-0.030542294038437993,-0.11020320724690905
0,87,0,0,0,0.02513771575468234,-0.030554535438854204,-0.11040519035377647
0,88,0,0,0,0.025260129758844414,-0.030481087036356956,-0.11021544864732527
0,89,0,0,0,0.024990818949687844,-0.03056065613906231,-0.11004406904149835
0,90,0,0,0,0.025033663851144573,-0.030456604235524543,-0.11028277634961439
0,91,0,0,0,0.024996939649895945,-0.03049944913698127,-0.11025217284857387
0,92,0,0,0,0.025168319255722854,-0.030621863141143346,-0.11017872444607664
0,93,0,0,0,0.024978577549271637,-0.030493328436773166,-0.11003182764108214
0,94,0,0,0,0.024947974048231118,-0.030597380340310933,-0.1101542416452442
0,95,0,0,0,0.02487452564573387,-0.030725915044681112,-0.11035010405190353
0,96,0,0,0,0.024960215448647325,-0.03040151793365161,-0.11011751744399559
0,97,0,0,0,0.02517443995593096,-0.030554535438854204,-0.11028277634961439
0,98,0,0,0,0.025125474354266132,-0.03056677683927041,-0.11035010405190353
0,99,0,0,0,0.025125474354266132,-0.03056677683927041,-0.10996449993879301
1,0,35,0,0,-0.023999265515975025,-0.008593463092177745,-0.09144326110907088
1,1,35,0,0,-0.023999265515975025,-0.008550618190721018,-0.09137593340678174
1,2,35,0,0,-0.02410331741951279,-0.009046394907577426,-0.09121679520137103
1,3,35,0,0,-0.02410331741951279,-0.009046394907577426,-0.09121679520137103
1,4,35,0,0,-0.0239564206145183,-0.008923980903415351,-0.0913208471049088
1,5,35,0,0,-0.024158403721385727,-0.00874648059738034,-0.09134532990574121
1,6,35,0,0,-0.024078834618680378,-0.008783204798628963,-0.09140041620761416
1,7,35,0,0,-0.024078834618680378,-0.008783204798628963,-0.09140041620761416
1,8,35,0,0,-0.023968662014934507,-0.008985187905496388,-0.09140653690782226
1,9,35,0,0,-0.024029869017015544,-0.008917860203207246,-0.0914738646101114
1,10,35,0,0,-0.024029869017015544,-0.008917860203207246,-0.0914738646101114
1,11,35,0,0,-0.024042110417431754,-0.00874648059738034,-0.09136981270657363
1,12,35,0,0,-0.02398702411555882,-0.00844044558697515,-0.09159015791406537
1,13,35,0,0,-0.02398702411555882,-0.00844044558697515,-0.09159015791406537
1,14,35,0,0,-0.023931937813685886,-0.008593463092177745,-0.09133308850532501
1,15,35,0,0,-0.023827885910148124,-0.008740359897172237,-0.09137593340678174
1,16,35,0,0,-0.023827885910148124,-0.008740359897172237,-0.09137593340678174
1,17,35,0,0,-0.023901334312645368,-0.00877708409842086,-0.0911739502999143
1,18,35,0,0,-0.024078834618680378,-0.009101481209450361,-0.09142489900844657
1,19,35,0,0,-0.0239564206145183,-0.008428204186558942,-0.0913147264047007
1,20,35,0,0,-0.0239564206145183,-0.008428204186558942,-0.0913147264047007
1,21,35,0,0,-0.02416452442159383,-0.008734239196964134,-0.09125964010282776
1,22,35,0,0,-0.024158403721385727,-0.008923980903415351,-0.09096584649283877
1,23,35,0,0,-0.024158403721385727,-0.008923980903415351,-0.09096584649283877
1,24,35,0,0,-0.023895213612437263,-0.008813808299669481,-0.0913147264047007
1,25,35,0,0,-0.024109438119720897,-0.008728118496756029,-0.09137593340678174
1,26,35,0,0,-0.024109438119720897,-0.008728118496756029,-0.09137593340678174
1,27,35,0,0,-0.0239564206145183,-0.008770963398212756,-0.09126576080303586
1,28,35,0,0,-0.024054351817847965,-0.008562859591137225,-0.09145550250948709
1,29,35,0,0,-0.024054351817847965,-0.008562859591137225,-0.09145550250948709
1,30,35,0,0,-0.024091076019096585,-0.008397600685518423,-0.09118619170033052
1,31,35,0,0,-0.02398702411555882,-0.008936222303831558,-0.09106377769616844
1,32,35,0,0,-0.023962541314726405,-0.008881136001958624,-0.09141265760803036
1,33,35,0,0,-0.023962541314726405,-0.008881136001958624,-0.09141265760803036
1,34,35,0,0,-0.023913575713061574,-0.008887256702166727,-0.09125351940261966
1,35,35,0,0,-0.02414616232096952,-0.008434324886767045,-0.09118619170033052
1,36,35,0,0,-0.02414616232096952,-0.008434324886767045,-0.09118619170033052
1,37,35,0,0,-0.023931937813685886,-0.00856898029134533,-0.09124127800220345
1,38,35,0,0,-0.02398702411555882,-0.008599583792385849,-0.09134532990574121
1,39,35,0,0,-0.02398702411555882,-0.008599583792385849,-0.09134532990574121
1,40,35,0,0,-0.02400538621618313,-0.00864854939405068,-0.09159627861427347
1,41,35,0,0,-0.024017627616599337,-0.008905618802791039,-0.09120455380095482
1,42,35,0,0,-0.024017627616599337,-0.008905618802791039,-0.09120455380095482
1,43,35,0,0,-0.02410331741951279,-0.008483290488431878,-0.09108826049700086
1,44,35,0,0,-0.023864610111396744,-0.00874648059738034,-0.09146774390990328
1,45,35,0,0,-0.02398702411555882,-0.008764842698004652,-0.09162076141510589
1,46,35,0,0,-0.02398702411555882,-0.008764842698004652,-0.09162076141510589
1,47,35,0,0,-0.02400538621618313,-0.008562859591137225,-0.09133920920553311
1,48,35,0,0,-0.02403598971722365,-0.008464928387807564,-0.09121679520137103
1,49,35,0,0,-0.024140041620761415,-0.008550618190721018,-0.09103929489533603
1,50,35,0,0,-0.023993144815766924,-0.00882604970008569,-0.09136981270657363
1,51,35,0,0,-0.024072713918472273,-0.008434324886767045,-0.09130860570449259
1,52,35,0,0,-0.02412780022034521,-0.008636307993634473,-0.09130248500428449
1,53,35,0,0,-0.024152283021177622,-0.008893377402374832,-0.09157179581344106
1,54,35,0,0,-0.023742196107234666,-0.008789325498837066,-0.09140041620761416
1,55,35,0,0,-0.02416452442159383,-0.008673032194883095,-0.0911494674990819
1,56,35,0,0,-0.02391969641326968,-0.008709756396131718,-0.09113110539845758
1,57,35,0,0,-0.02391969641326968,-0.008709756396131718,-0.09130860570449259
1,58,35,0,0,-0.02423185212388297,-0.008630187293426368,-0.09130860570449259
1,59,35,0,0,-0.02414616232096952,-0.008752601297588444,-0.09130860570449259
1,60,35,0,0,-0.023809523809523808,-0.008611825192802057,-0.09111274329783328
1,61,35,0,0,-0.02413392092055331,-0.00869751499571551,-0.09156567511323296
1,62,35,0,0,-0.024029869017015544,-0.008838291100501898,-0.09141265760803036
1,63,35,0,0,-0.02413392092055331,-0.008832170400293795,-0.09141265760803036
1,64,35,0,0,-0.023980903415350717,-0.008446566287183254,-0.09126576080303586
1,65,35,0,0,-0.02400538621618313,-0.008685273595299301,-0.09143101970865466
1,66,35,0,0,-0.023962541314726405,-0.00882604970008569,-0.09150446811115191
1,67,35,0,0,-0.024060472518056066,-0.008770963398212756,-0.09144938180927899
1,68,35,0,0,-0.024084955318888483,-0.008899498102582936,-0.09107601909658465
1,69,35,0,0,-0.02391969641326968,-0.008881136001958624,-0.09146162320969518
1,70,35,0,0,-0.024091076019096585,-0.00874648059738034,-0.09152283021177623
1,71,35,0,0,-0.024029869017015544,-0.008923980903415351,-0.09129024360386828
1,72,35,0,0,-0.024029869017015544,-0.008923980903415351,-0.09129024360386828
1,73,35,0,0,-0.0239564206145183,-0.00869751499571551,-0.09122291590157913
1,74,35,0,0,-0.024152283021177622,-0.008728118496756029,-0.09119231240053863
1,75,35,0,0,-0.024109438119720897,-0.008636307993634473,-0.09134532990574121
1,76,35,0,0,-0.02400538621618313,-0.008752601297588444,-0.0913208471049088
1,77,35,0,0,-0.024048231117639856,-0.008789325498837066,-0.09138817480719794
1,78,35,0,0,-0.024121679520137104,-0.008526135389888603,-0.0913208471049088
1,79,35,0,0,-0.02409719671930469,-0.008813808299669481,-0.09141877830823845
1,80,35,0,0,-0.023980903415350717,-0.008911739502999142,-0.09126576080303586
1,81,35,0,0,-0.024207369323050558,-0.008923980903415351,-0.09119231240053863
1,82,35,0,0,-0.02424409352429918,-0.009107601909658465,-0.0913208471049088
1,83,35,0,0,-0.024072713918472273,-0.008966825804872078,-0.09125351940261966
1,84,35,0,0,-0.02418288652221814,-0.009168808911739502,-0.09119231240053863
1,85,35,0,0,-0.023974782715142612,-0.008734239196964134,-0.09108213979679275
1,86,35,0,0,-0.023974782715142612,-0.008734239196964134,-0.09108213979679275
1,87,35,0,0,-0.024084955318888483,-0.008911739502999142,-0.09162688211531399
1,88,35,0,0,-0.024268576325131595,-0.008899498102582936,-0.09143714040886278
1,89,35,0,0,-0.024091076019096585,-0.008679152895091198,-0.09143101970865466
1,90,35,0,0,-0.024060472518056066,-0.009107601909658465,-0.09119231240053863
1,91,35,0,0,-0.02382176520994002,-0.008819928999877585,-0.0911494674990819
1,92,35,0,0,-0.023760558207858978,-0.008721997796547925,-0.09154119231240054
1,93,35,0,0,-0.024115558819929002,-0.009095360509242258,-0.09149834741094381
1,94,35,0,0,-0.024072713918472273,-0.009150446811115192,-0.09145550250948709
1,95,35,0,0,-0.024078834618680378,-0.008948463704247766,-0.09130248500428449
1,96,35,0,0,-0.024293059125964012,-0.008740359897172237,-0.09134532990574121
1,97,35,0,0,-0.02413392092055331,-0.009095360509242258,-0.09113110539845758
1,98,35,0,0,-0.02403598971722365,-0.008856653201126208,-0.09128412290366018
1,99,35,0,0,-0.023827885910148124,-0.008844411800710002,-0.09128412290366018
2,0,0,35,0,-0.025284612559676827,0.044938180927898155,-0.08496756028889704
2,1,0,35,0,-0.025284612559676827,0.044938180927898155,-0.08496756028889704
2,2,0,35,0,-0.02511323295384992,0.04490757742685763,-0.08485126698494308
2,3,0,35,0,-0.02518056065613906,0.04467499081894969,-0.08503488799118619
2,4,0,35,0,-0.02518056065613906,0.04467499081894969,-0.08503488799118619
2,5,0,35,0,-0.025211164157179583,0.04448524911249847,-0.08493695678785654
2,6,0,35,0,-0.025535561268209085,0.0447055943199902,-0.08494307748806464
2,7,0,35,0,-0.025535561268209085,0.0447055943199902,-0.08494307748806464
2,8,0,35,0,-0.025241767658220098,0.04503611213122781,-0.08508997429305912
2,9,0,35,0,-0.025021422450728366,0.04491981882727384,-0.0850532500918105
2,10,0,35,0,-0.025021422450728366,0.04491981882727384,-0.0850532500918105
2,11,0,35,0,-0.025241767658220098,0.04480352552331987,-0.08497980168931327
2,12,0,35,0,-0.025119353654058024,0.04484637042477659,-0.08475945648182151
2,13,0,35,0,-0.025119353654058024,0.04484637042477659,-0.08475945648182151
2,14,0,35,0,-0.02498469824947974,0.0443689558085445,-0.08508997429305912
2,15,0,35,0,-0.025156077855306647,0.04490145672664953,-0.0847166115803648
2,16,0,35,0,-0.025149957155098546,0.044711715020198314,-0.08510221569347534
2,17,0,35,0,-0.025149957155098546,0.044711715020198314,-0.08510221569347534
2,18,0,35,0,-0.0250887501530175,0.044668870118741585,-0.08514506059493207
2,19,0,35,0,-0.025064267352185088,0.044558697514995714,-0.08493695678785654
2,20,0,35,0,-0.025064267352185088,0.044558697514995714,-0.08493695678785654
2,21,0,35,0,-0.02495409474843922,0.0443628351083364,-0.08493083608764843
2,22,0,35,0,-0.025394785163422695,0.044424042110417436,-0.084728852980781
2,23,0,35,0,-0.025394785163422695,0.044424042110417436,-0.084728852980781
2,24,0,35,0,-0.025247888358428207,0.04496266372873057,-0.0848879911861917
2,25,0,35,0,-0.025217284857387685,0.044840249724568494,-0.08504100869139429
2,26,0,35,0,-0.025217284857387685,0.044840249724568494,-0.08504100869139429
2,27,0,35,0,-0.025168319255722854,0.04458318031582813,-0.08547557840616966
2,28,0,35,0,-0.02536418166238218,0.044283266005631046,-0.08510221569347534
2,29,0,35,0,-0.025205043456971478,0.044626025217284856,-0.08504712939160239
2,30,0,35,0,-0.025205043456971478,0.044626025217284856,-0.08504712939160239
2,31,0,35,0,-0.025284612559676827,0.0445403354143714,-0.08509609499326723
2,32,0,35,0,-0.024941853348023013,0.04454645611457951,-0.08480842208348635
2,33,0,35,0,-0.024941853348023013,0.04454645611457951,-0.08480842208348635
2,34,0,35,0,-0.025309095360509244,0.04466274941853348,-0.08498592238952137
2,35,0,35,0,-0.02510099155343371,0.04481576692373608,-0.08502264659076998
2,36,0,35,0,-0.02510099155343371,0.04481576692373608,-0.08502264659076998
2,37,0,35,0,-0.02464805973803403,0.044828008324152284,-0.08479618068307014
2,38,0,35,0,-0.025333578161341658,0.04468111151915779,-0.08482066348390256
2,39,0,35,0,-0.025333578161341658,0.04468111151915779,-0.08482066348390256
2,40,0,35,0,-0.025198922756763376,0.044411800710001226,-0.08479618068307014
2,41,0,35,0,-0.025033663851144573,0.0447055943199902,-0.08490635328681602
2,42,0,35,0,-0.025033663851144573,0.0447055943199902,-0.08490635328681602
2,43,0,35,0,-0.02522952625780389,0.0445342147141633,-0.08484514628473497
2,44,0,35,0,-0.025345819561757865,0.044687232219365894,-0.08495531888848085
2,45,0,35,0,-0.025394785163422695,0.044797404823111765,-0.08500428449014567
2,46,0,35,0,-0.025394785163422695,0.044797404823111765,-0.08500428449014567
2,47,0,35,0,-0.02535806096217407,0.04458930101603624,-0.08494307748806464
2,48,0,35,0,-0.025278491859468722,0.04473007712082262,-0.08491859468723222
2,49,0,35,0,-0.02529073325988493,0.04463214591749296,-0.08484514628473497
2,50,0,35,0,-0.025511078467376668,0.04445464561145795,-0.08481454278369446
2,51,0,35,0,-0.025149957155098546,0.04452197331374709,-0.08480842208348635
2,52,0,35,0,-0.025192802056555268,0.044570938915411924,-0.08518790549638879
2,53,0,35,0,-0.025211164157179583,0.04458318031582813,-0.08510833639368344
2,54,0,35,0,-0.025266250459052515,0.04465050801811728,-0.08490023258660791
2,55,0,35,0,-0.025211164157179583,0.04476068062186314,-0.08529195739992655
2,56,0,35,0,-0.025156077855306647,0.04449749051291468,-0.08479005998286204
2,57,0,35,0,-0.025205043456971478,0.04450361121312278,-0.08508385359285102
2,58,0,35,0,-0.025205043456971478,0.04450361121312278,-0.08508385359285102
2,59,0,35,0,-0.025547802668625292,0.04461378381686865,-0.0848818704859836
2,60,0,35,0,-0.025125474354266132,0.044944301628106254,-0.08501652589056188
2,61,0,35,0,-0.025107112253641817,0.04476068062186314,-0.08512669849430775
2,62,0,35,0,-0.02535806096217407,0.04460154241645244,-0.08508385359285102
2,63,0,35,0,-0.02537030236259028,0.04458930101603624,-0.08516954339576448
2,64,0,35,0,-0.025388664463214593,0.04477292202227935,-0.08517566409597258
2,65,0,35,0,-0.024996939649895945,0.044711715020198314,-0.08497980168931327
2,66,0,35,0,-0.025443750765087526,0.0448586118251928,-0.08501652589056188
2,67,0,35,0,-0.02513159505447423,0.04484637042477659,-0.08502264659076998
2,68,0,35,0,-0.02505202595176888,0.04479128412290366,-0.08492471538744031
2,69,0,35,0,-0.02518668135634717,0.04465050801811728,-0.08491859468723222
2,70,0,35,0,-0.025082629452809403,0.04479128412290366,-0.0852185089974293
2,71,0,35,0,-0.025082629452809403,0.04463826661770107,-0.08484514628473497
2,72,0,35,0,-0.025082629452809403,0.04463826661770107,-0.08484514628473497
2,73,0,35,0,-0.025241767658220098,0.04457705961562003,-0.0847227322805729
2,74,0,35,0,-0.02517443995593096,0.04466274941853348,-0.08504100869139429
2,75,0,35,0,-0.025296853960093034,0.04463826661770107,-0.0850287672909781
2,76,0,35,0,-0.02541926796425511,0.044883094626025216,-0.08507161219243482
2,77,0,35,0,-0.025345819561757865,0.04467499081894969,-0.08493083608764843
2,78,0,35,0,-0.025211164157179583,0.04463214591749296,-0.08487574978577549
2,79,0,35,0,-0.025082629452809403,0.04435059370792019,-0.08505937079201861
2,80,0,35,0,-0.025284612559676827,0.044785163422695555,-0.08474109438119722
2,81,0,35,0,-0.02522340555759579,0.044699473619782104,-0.08485126698494308
2,82,0,35,0,-0.02522952625780389,0.04435059370792019,-0.08497368098910515
2,83,0,35,0,-0.02522952625780389,0.04480352552331987,-0.08504100869139429
2,84,0,35,0,-0.02522952625780389,0.04445464561145795,-0.0851940261965969
2,85,0,35,0,-0.02522952625780389,0.04445464561145795,-0.0851940261965969
2,86,0,35,0,-0.025492716366752356,0.044626025217284856,-0.08494919818827273
2,87,0,35,0,-0.025162198555514752,0.044626025217284856,-0.08480230138327824
2,88,0,35,0,-0.025278491859468722,0.044785163422695555,-0.08480230138327824
2,89,0,35,0,-0.025192802056555268,0.04460766311666055,-0.08479618068307014
2,90,0,35,0,-0.025327457461133553,0.04480352552331987,-0.08484514628473497
2,91,0,35,0,-0.025082629452809403,0.04457705961562003,-0.08484514628473497
2,92,0,35,0,-0.025076508752601295,0.04483412902436039,-0.08499816378993756
2,93,0,35,0,-0.025033663851144573,0.044742318521238826,-0.0848818704859836
2,94,0,35,0,-0.024978577549271637,0.04443628351083364,-0.08497368098910515
2,95,0,35,0,-0.025070388052393193,0.044313869506671565,-0.08508997429305912
2,96,0,35,0,-0.025278491859468722,0.04471783572040641,-0.08494307748806464
2,97,0,35,0,-0.025302974660301136,0.04476680132207124,-0.08483902558452687
2,98,0,35,0,-0.025302974660301136,0.044430162810625534,-0.08513281919451585
2,99,0,35,0,-0.025119353654058024,0.04477904272248745,-0.08503488799118619
3,0,35,35,0,0.023454523197453787,0.039441792141020934,-0.09739258171134778
3,1,35,35,0,0.023454523197453787,0.039441792141020934,-0.09739258171134778
3,2,35,35,0,0.02326478149100257,0.03923980903415351,-0.09763740971967193
3,3,35,35,0,0.023509609499326723,0.0392336883339454,-0.09757620271759089
3,4,35,35,0,0.023509609499326723,0.0392336883339454,-0.09757620271759089
3,5,35,35,0,0.02344228179703758,0.03934998163789938,-0.09765577182029625
3,6,35,35,0,0.02340555759578896,0.03909903292936712,-0.09740482311176399
3,7,35,35,0,0.02340555759578896,0.03909903292936712,-0.09740482311176399
3,8,35,35,0,0.0234728852980781,0.03916023993144816,-0.09749663361488554
3,9,35,35,0,0.02339331619537275,0.039129636430407636,-0.09743542661280451
3,10,35,35,0,0.02349124739870241,0.0392275676337373,-0.0975945648182152
3,11,35,35,0,0.02349124739870241,0.0392275676337373,-0.0975945648182152
3,12,35,35,0,0.023228057289753946,0.0395519647447668,-0.09777206512425021
3,13,35,35,0,0.023289264291834984,0.039129636430407636,-0.09750887501530175
3,14,35,35,0,0.023289264291834984,0.039129636430407636,-0.09750887501530175
3,15,35,35,0,0.02338719549516465,0.039282653935610236,-0.09771697882237727
3,16,35,35,0,0.023338229893499814,0.039398947239564205,-0.09769861672175298
3,17,35,35,0,0.023338229893499814,0.039398947239564205,-0.09769861672175298
3,18,35,35,0,0.023687109805361733,0.03897661892520504,-0.09753947851634227
3,19,35,35,0,0.023399436895580855,0.03920308483290488,-0.0975884441180071
3,20,35,35,0,0.023399436895580855,0.03920308483290488,-0.0975884441180071
3,21,35,35,0,0.023289264291834984,0.03919084343248867,-0.09764965112008814
3,22,35,35,0,0.023430040396621374,0.03911127432978333,-0.09747827151426122
3,23,35,35,0,0.023534092300159137,0.03931937813685886,-0.09766189252050435
3,24,35,35,0,0.023534092300159137,0.03931937813685886,-0.09766189252050435
3,25,35,35,0,0.02335659199412413,0.03924592973436161,-0.09768025462112866
3,26,35,35,0,0.023399436895580855,0.039056188027910395,-0.09755784061696658
3,27,35,35,0,0.023399436895580855,0.039056188027910395,-0.09755784061696658
3,28,35,35,0,0.023454523197453787,0.03931937813685886,-0.09771697882237727
3,29,35,35,0,0.02365038560411311,0.03944791284122904,-0.0977537030236259
3,30,35,35,0,0.02365038560411311,0.03944791284122904,-0.0977537030236259
3,31,35,35,0,0.023399436895580855,0.039154119231240056,-0.0977475823234178
3,32,35,35,0,0.023075039784551353,0.039356102338107476,-0.09736809891051537
3,33,35,35,0,0.023075039784551353,0.039356102338107476,-0.09755784061696658
3,34,35,35,0,0.023203574488921533,0.03898886032562125,-0.09755784061696658
3,35,35,35,0,0.02343616109682948,0.03924592973436161,-0.09745990941363693
3,36,35,35,0,0.023203574488921533,0.0393928265393561,-0.09734361610968295
3,37,35,35,0,0.023203574488921533,0.0393928265393561,-0.09734361610968295
3,38,35,35,0,0.023160729587464807,0.03937446443873179,-0.09772922022279348
3,39,35,35,0,0.02352185089974293,0.03943567144081283,-0.0977353409230016
3,40,35,35,0,0.02352185089974293,0.03943567144081283,-0.0977353409230016
3,41,35,35,0,0.023277022891418777,0.03908679152895091,-0.09756396131717468
3,42,35,35,0,0.023509609499326723,0.03925205043456971,-0.09751499571550985
3,43,35,35,0,0.023509609499326723,0.03925205043456971,-0.09751499571550985
3,44,35,35,0,0.02349124739870241,0.03901946382666177,-0.09780878932549883
3,45,35,35,0,0.023338229893499814,0.03924592973436161,-0.0976006855184233
3,46,35,35,0,0.023338229893499814,0.03924592973436161,-0.09753335781613418
3,47,35,35,0,0.02321581588933774,0.03950299914310197,-0.09753335781613418
3,48,35,35,0,0.023540213000367242,0.039282653935610236,-0.09756396131717468
3,49,35,35,0,0.023270902191210675,0.03929489533602644,-0.09735585751009915
3,50,35,35,0,0.023430040396621374,0.03906230872811849,-0.09763740971967193
3,51,35,35,0,0.02338719549516465,0.03925817113477782,-0.097582323417799
3,52,35,35,0,0.02318521238829722,0.039411188639980416,-0.09764353041988003
3,53,35,35,0,0.02338719549516465,0.039270412535194026,-0.0976006855184233
3,54,35,35,0,0.023607540702656384,0.03950911984331008,-0.0974293059125964
3,55,35,35,0,0.023344350593707923,0.03911739502999143,-0.09766189252050435
3,56,35,35,0,0.02342391969641327,0.03937446443873179,-0.0974170645121802
3,57,35,35,0,0.023289264291834984,0.039196964132696785,-0.09789447912841229
3,58,35,35,0,0.023240298690170157,0.03948463704247766,-0.09766801322071245
3,59,35,35,0,0.023350471293916025,0.0392214469335292,-0.0975945648182152
3,60,35,35,0,0.023350471293916025,0.03924592973436161,-0.09768637532133675
3,61,35,35,0,0.0234728852980781,0.039196964132696785,-0.09766801322071245
3,62,35,35,0,0.0233137470926674,0.03926429183498592,-0.09764353041988003
3,63,35,35,0,0.0233137470926674,0.039282653935610236,-0.09760680621863141
3,64,35,35,0,0.023558575100991554,0.039282653935610236,-0.09760680621863141
3,65,35,35,0,0.02344228179703758,0.039196964132696785,-0.09736809891051537
3,66,35,35,0,0.023325988493083608,0.03930713673644265,-0.09770473742196108
3,67,35,35,0,0.023283143591626882,0.039288774635818334,-0.0975945648182152
3,68,35,35,0,0.023503488799118618,0.03920920553311299,-0.09752111641571795
3,69,35,35,0,0.023674868404945527,0.03960093034643163,-0.09749051291467745
3,70,35,35,0,0.023595299302240177,0.0392336883339454,-0.09769249602154487
3,71,35,35,0,0.02340555759578896,0.03923980903415351,-0.097582323417799
3,72,35,35,0,0.023338229893499814,0.0392275676337373,-0.09780878932549883
3,73,35,35,0,0.023338229893499814,0.03912351573019954,-0.09729465050801812
3,74,35,35,0,0.0229893499816379,0.0390745501285347,-0.09753335781613418
3,75,35,35,0,0.02349124739870241,0.03925205043456971,-0.09760680621863141
3,76,35,35,0,0.023289264291834984,0.03910515362957522,-0.09771085812216918
3,77,35,35,0,0.023289264291834984,0.03925205043456971,-0.0974415473130126
3,78,35,35,0,0.023289264291834984,0.03925205043456971,-0.0974415473130126
3,79,35,35,0,0.023283143591626882,0.03929489533602644,-0.09769249602154487
3,80,35,35,0,0.023325988493083608,0.03933774023748317,-0.09757008201738279
3,81,35,35,0,0.023381074794956543,0.03931325743665075,-0.09777818582445832
3,82,35,35,0,0.023203574488921533,0.03925817113477782,-0.09764353041988003
3,83,35,35,0,0.02339331619537275,0.03909291222915902,-0.09765577182029625
3,84,35,35,0,0.023191333088505326,0.03931325743665075,-0.09772309952258539
3,85,35,35,0,0.02336271269433223,0.03920920553311299,-0.09772309952258539
3,86,35,35,0,0.023277022891418777,0.039423430040396626,-0.09761292691883952
3,87,35,35,0,0.02349124739870241,0.039356102338107476,-0.0975945648182152
3,88,35,35,0,0.023411678295997062,0.03934998163789938,-0.09763740971967193
3,89,35,35,0,0.023350471293916025,0.03916023993144816,-0.09738034031093157
3,90,35,35,0,0.023399436895580855,0.039288774635818334,-0.09747827151426122
3,91,35,35,0,0.023527971599951035,0.0390745501285347,-0.09738646101113967
3,92,35,35,0,0.023417798996205167,0.03910515362957522,-0.09750275431509364
3,93,35,35,0,0.02337495409474844,0.039129636430407636,-0.09751499571550985
3,94,35,35,0,0.02339331619537275,0.039270412535194026,-0.09753335781613418
3,95,35,35,0,0.023460643897661893,0.039196964132696785,-0.09772922022279348
3,96,35,35,0,0.023460643897661893,0.039196964132696785,-0.09772922022279348
3,97,35,35,0,0.023411678295997062,0.039356102338107476,-0.09772309952258539
3,98,35,35,0,0.023228057289753946,0.039288774635818334,-0.09768025462112866
3,99,35,35,0,0.023485126698494306,0.03911739502999143,-0.09747827151426122
