values,,position,position,position,Magnetometer,Magnetometer,Magnetometer
axis,,x,y,z,x,y,z
Sensor,Sample,,,,,,
0,0,0,0,0,0.022579263067694942,-0.03644876973925817,-0.108195617578651
0,1,0,0,0,0.022560900967070634,-0.036565063043212144,-0.10804260007344839
0,2,0,0,0,0.02252417676582201,-0.03636920063655282,-0.10806708287428082
0,3,0,0,0,0.02252417676582201,-0.03636920063655282,-0.10806708287428082
0,4,0,0,0,0.022469090463949078,-0.03644876973925817,-0.10820785897906719
0,5,0,0,0,0.022401762761659935,-0.03644876973925817,-0.1080364793732403
0,6,0,0,0,0.022401762761659935,-0.03644876973925817,-0.1080364793732403
0,7,0,0,0,0.022548659566654423,-0.03650385604113111,-0.10817725547802667
0,8,0,0,0,0.02269555637164892,-0.036393683437385235,-0.10807932427469702
0,9,0,0,0,0.02269555637164892,-0.036393683437385235,-0.10807932427469702
0,10,0,0,0,0.022567021667278735,-0.036418166238217656,-0.1080487207736565
0,11,0,0,0,0.022615987268943566,-0.0368160117517444,-0.10827518668135634
0,12,0,0,0,0.022615987268943566,-0.0368160117517444,-0.10827518668135634
0,13,0,0,0,0.02270167707185702,-0.03647325254009058,-0.1080364793732403
0,14,0,0,0,0.022775125474354264,-0.036436528338841964,-0.1081894968784429
0,15,0,0,0,0.022762884073938058,-0.0366446321459175,-0.10800587587219979
0,16,0,0,0,0.022738401273105644,-0.036307993634471784,-0.10812828987636185
0,17,0,0,0,0.022658832170400295,-0.036632390745501286,-0.10810992777573754
0,18,0,0,0,0.022707797772065125,-0.0366568735463337,-0.10817113477781859
0,19,0,0,0,0.022793487574978576,-0.036552821642795934,-0.10840984208593463
0,20,0,0,0,0.022707797772065125,-0.03654058024237973,-0.10812828987636185
0,21,0,0,0,0.02265271147019219,-0.036632390745501286,-0.1083608764842698
0,22,0,0,0,0.022371159260619413,-0.03647325254009058,-0.10792630676949444
0,23,0,0,0,0.022567021667278735,-0.036497735340923,-0.10801199657240787
0,24,0,0,0,0.022628228669359773,-0.03645489043946627,-0.10806708287428082
0,25,0,0,0,0.02252417676582201,-0.03634471783572041,-0.10817113477781859
0,26,0,0,0,0.022548659566654423,-0.03644264903905007,-0.10822010037948342
0,27,0,0,0,0.022511935365405803,-0.03655894234300404,-0.10799975517199167
0,28,0,0,0,0.022511935365405803,-0.03655894234300404,-0.10822010037948342
0,29,0,0,0,0.022401762761659935,-0.03631411433467989,-0.10822010037948342
0,30,0,0,0,0.022542538866446322,-0.0366568735463337,-0.10820173827885911
0,31,0,0,0,0.022689435671440814,-0.036393683437385235,-0.1083608764842698
0,32,0,0,0,0.022548659566654423,-0.036265148733015055,-0.10825070388052394
0,33,0,0,0,0.022707797772065125,-0.0368098910515363,-0.108195617578651
0,34,0,0,0,0.022775125474354264,-0.03655894234300404,-0.10812828987636185
0,35,0,0,0,0.02265271147019219,-0.03658342514383646,-0.10813441057656996
0,36,0,0,0,0.022787366874770475,-0.03645489043946627,-0.10820785897906719
0,37,0,0,0,0.022677194271024607,-0.03628351083363937,-0.10798751377157548
0,38,0,0,0,0.022548659566654423,-0.03655894234300404,-0.10823846248010774
0,39,0,0,0,0.022585383767903047,-0.0363324764353042,-0.10834251438364548
0,40,0,0,0,0.022720039172481332,-0.03646101113967438,-0.10801199657240787
0,41,0,0,0,0.02249357326478149,-0.036350838535928506,-0.10801199657240787
0,42,0,0,0,0.022511935365405803,-0.03674868404945526,-0.10795691027053496
0,43,0,0,0,0.022511935365405803,-0.03674868404945526,-0.1081894968784429
0,44,0,0,0,0.022726159872689437,-0.036405924837801446,-0.1081894968784429
0,45,0,0,0,0.022787366874770475,-0.03644876973925817,-0.10826906598114824
0,46,0,0,0,0.022738401273105644,-0.03671195984820663,-0.10780389276533235
0,47,0,0,0,0.02257314236748684,-0.03644264903905007,-0.10828742808177257
0,48,0,0,0,0.022536418166238217,-0.03662627004529318,-0.10825070388052394
0,49,0,0,0,0.02287917737789203,-0.03638144203696903,-0.10811604847594565
0,50,0,0,0,0.022542538866446322,-0.036393683437385235,-0.1081894968784429
0,51,0,0,0,0.022640470069775983,-0.036534459542171625,-0.10823846248010774
0,52,0,0,0,0.02275064267352185,-0.03654058024237973,-0.10817725547802667
0,53,0,0,0,0.022689435671440814,-0.036350838535928506,-0.108195617578651
0,54,0,0,0,0.022775125474354264,-0.03638144203696903,-0.10786509976741339
0,55,0,0,0,0.02273228057289754,-0.03654058024237973,-0.10812828987636185
0,56,0,0,0,0.022597625168319254,-0.03652221814175542,-0.10806708287428082
0,57,0,0,0,0.022487452564573386,-0.036405924837801446,-0.10828742808177257
0,58,0,0,0,0.022487452564573386,-0.036405924837801446,-0.10807932427469702
0,59,0,0,0,0.022762884073938058,-0.036405924837801446,-0.10807932427469702
0,60,0,0,0,0.022462969763740973,-0.03655894234300404,-0.1083608764842698
0,61,0,0,0,0.0226649528706084,-0.03637532133676093,-0.1082139796792753
0,62,0,0,0,0.022585383767903047,-0.03634471783572041,-0.10784061696658098
0,63,0,0,0,0.022811849675602888,-0.036418166238217656,-0.10839147998531032
0,64,0,0,0,0.022787366874770475,-0.036497735340923,-0.10812216917615376
0,65,0,0,0,0.022762884073938058,-0.03658342514383646,-0.10843432488676705
0,66,0,0,0,0.02268331497123271,-0.03657730444362835,-0.10834251438364548
0,67,0,0,0,0.02262210796915167,-0.03658342514383646,-0.10810380707552944
0,68,0,0,0,0.02279960827518668,-0.03650997674133921,-0.10810380707552944
0,69,0,0,0,0.0226649528706084,-0.036546700942587836,-0.1083608764842698
0,70,0,0,0,0.02260374586852736,-0.036436528338841964,-0.10805484147386461
0,71,0,0,0,0.022848573876851512,-0.03643040763863386,-0.10834863508385359
0,72,0,0,0,0.022824091076019095,-0.03643040763863386,-0.10806096217407271
0,73,0,0,0,0.022842453176643407,-0.036491614640714896,-0.10815889337740237
0,74,0,0,0,0.022842453176643407,-0.036491614640714896,-0.10815889337740237
0,75,0,0,0,0.02257314236748684,-0.036350838535928506,-0.10816501407761048
0,76,0,0,0,0.022591504468111152,-0.03645489043946627,-0.10829354878198065
0,77,0,0,0,0.022628228669359773,-0.03650997674133921,-0.10809768637532133
0,78,0,0,0,0.022713918472273227,-0.03651609744154731,-0.1081894968784429
0,79,0,0,0,0.02262210796915167,-0.036632390745501286,-0.10809156567511324
0,80,0,0,0,0.02290978087893255,-0.03636307993634472,-0.10812828987636185
0,81,0,0,0,0.022658832170400295,-0.036418166238217656,-0.10820785897906719
0,82,0,0,0,0.02252417676582201,-0.036491614640714896,-0.10797527237115927
0,83,0,0,0,0.0226649528706084,-0.036350838535928506,-0.10842208348635082
0,84,0,0,0,0.022689435671440814,-0.03647325254009058,-0.10813441057656996
0,85,0,0,0,0.022597625168319254,-0.036191700330517815,-0.10801811727261598
0,86,0,0,0,0.022597625168319254,-0.036191700330517815,-0.10958501652589056
0,87,0,0,0,0.022420124862284247,-0.03623454523197454,-0.10822010037948342
0,88,0,0,0,0.022848573876851512,-0.03639980413759334,-0.10817113477781859
0,89,0,0,0,0.022389521361243725,-0.036424286938425754,-0.10807320357448894
0,90,0,0,0,0.02273228057289754,-0.03608152772677194,-0.10828130738156445
0,91,0,0,0,0.02273228057289754,-0.03631411433467989,-0.1080487207736565
0,92,0,0,0,0.0226710735708165,-0.03659566654425266,-0.10785285836699718
0,93,0,0,0,0.022646590769984088,-0.03660790794466887,-0.10766923736075407
0,94,0,0,0,0.022567021667278735,-0.03638144203696903,-0.10793854816991064
0,95,0,0,0,0.02295262578038928,-0.0363324764353042,-0.10793242746970252
0,96,0,0,0,0.022585383767903047,-0.03630187293426368,-0.1080487207736565
0,97,0,0,0,0.022548659566654423,-0.03639980413759334,-0.10810380707552944
0,98,0,0,0,0.022707797772065125,-0.03650997674133921,-0.108195617578651
0,99,0,0,0,0.022848573876851512,-0.03651609744154731,-0.10826906598114824
1,0,35,0,0,-0.023607540702656384,-0.014487697392581711,-0.08707920186069287
1,1,35,0,0,-0.023534092300159137,-0.014322438486962907,-0.08716489166360632
1,2,35,0,0,-0.02352185089974293,-0.01459786999632758,-0.08721997796547926
1,3,35,0,0,-0.02352185089974293,-0.01419390378259273,-0.08740971967193047
1,4,35,0,0,-0.02365038560411311,-0.01419390378259273,-0.08740971967193047
1,5,35,0,0,-0.02337495409474844,-0.0143101970865467,-0.08710980536173338
1,6,35,0,0,-0.023381074794956543,-0.01451830089362223,-0.08727506426735218
1,7,35,0,0,-0.023381074794956543,-0.01451830089362223,-0.08727506426735218
1,8,35,0,0,-0.02366874770473742,-0.014457093891541192,-0.08723834006610356
1,9,35,0,0,-0.023674868404945527,-0.014389766189252052,-0.08712204676214959
1,10,35,0,0,-0.023674868404945527,-0.014389766189252052,-0.08712204676214959
1,11,35,0,0,-0.023601420002448283,-0.014408128289876362,-0.08715877096339822
1,12,35,0,0,-0.02329538499204309,-0.01437140408862774,-0.08717713306402253
1,13,35,0,0,-0.023625902803280696,-0.014297955686130492,-0.08710980536173338
1,14,35,0,0,-0.02339331619537275,-0.014640714897784308,-0.0871526502631901
1,15,35,0,0,-0.02365038560411311,-0.014365283388419636,-0.08722609866568735
1,16,35,0,0,-0.023546333700575343,-0.014359162688211533,-0.0873117884686008
1,17,35,0,0,-0.023527971599951035,-0.014383645489043948,-0.08709144326110907
1,18,35,0,0,-0.023460643897661893,-0.014279593585506182,-0.08720773656506305
1,19,35,0,0,-0.023497368098910516,-0.014365283388419636,-0.08726282286693597
1,20,35,0,0,-0.023546333700575343,-0.014506059493206023,-0.08733015056922512
1,21,35,0,0,-0.023546333700575343,-0.014506059493206023,-0.08704247765944424
1,22,35,0,0,-0.0236320235034888,-0.014377524788835843,-0.08704247765944424
1,23,35,0,0,-0.023607540702656384,-0.014377524788835843,-0.08726894356714408
1,24,35,0,0,-0.023687109805361733,-0.014524421593830333,-0.08709756396131717
1,25,35,0,0,-0.023638144203696903,-0.014640714897784308,-0.08724446076631168
1,26,35,0,0,-0.023601420002448283,-0.014542783694454645,-0.0876423062798384
1,27,35,0,0,-0.023595299302240177,-0.014530542294038436,-0.08710980536173338
1,28,35,0,0,-0.023381074794956543,-0.014267352185089973,-0.08728730566776839
1,29,35,0,0,-0.02366262700452932,-0.01443873179091688,-0.08717713306402253
1,30,35,0,0,-0.024011506916391236,-0.01437140408862774,-0.08721385726527114
1,31,35,0,0,-0.0236320235034888,-0.01426123148488187,-0.08718325376423063
1,32,35,0,0,-0.023601420002448283,-0.01437140408862774,-0.08689558085444975
1,33,35,0,0,-0.02343616109682948,-0.014622352797159996,-0.0873056677683927
1,34,35,0,0,-0.023460643897661893,-0.014555025094870852,-0.0871526502631901
1,35,35,0,0,-0.02366262700452932,-0.014432611090708777,-0.08743420247276287
1,36,35,0,0,-0.023417798996205167,-0.014322438486962907,-0.08728730566776839
1,37,35,0,0,-0.02361978210307259,-0.014548904394662748,-0.0873117884686008
1,38,35,0,0,-0.023601420002448283,-0.014071489778430651,-0.08732402986901702
1,39,35,0,0,-0.02343616109682948,-0.014359162688211533,-0.08725058146651977
1,40,35,0,0,-0.02343616109682948,-0.014255110784673767,-0.08706696046027665
1,41,35,0,0,-0.023638144203696903,-0.014255110784673767,-0.08706696046027665
1,42,35,0,0,-0.023411678295997062,-0.014573387195495164,-0.08707308116048476
1,43,35,0,0,-0.02338719549516465,-0.014450973191333089,-0.0873056677683927
1,44,35,0,0,-0.023711592606194147,-0.014297955686130492,-0.08699351205777942
1,45,35,0,0,-0.02368098910515363,-0.014365283388419636,-0.08705471905986045
1,46,35,0,0,-0.023417798996205167,-0.014426490390500674,-0.08738523687109805
1,47,35,0,0,-0.023558575100991554,-0.014530542294038436,-0.08695066715632269
1,48,35,0,0,-0.02361978210307259,-0.014524421593830333,-0.08720161586485495
1,49,35,0,0,-0.023656506304321215,-0.014175541681968417,-0.08703635695923614
1,50,35,0,0,-0.02366262700452932,-0.01432855918717101,-0.08726894356714408
1,51,35,0,0,-0.023656506304321215,-0.014395886889460155,-0.08709756396131717
1,52,35,0,0,-0.02339331619537275,-0.014444852491124986,-0.08724446076631168
1,53,35,0,0,-0.023503488799118618,-0.01467743909903293,-0.08723834006610356
1,54,35,0,0,-0.023607540702656384,-0.014304076386338595,-0.08718937446443872
1,55,35,0,0,-0.02366262700452932,-0.014383645489043948,-0.08725670216672787
1,56,35,0,0,-0.02329538499204309,-0.014450973191333089,-0.08710980536173338
1,57,35,0,0,-0.023558575100991554,-0.014304076386338595,-0.08710368466152528
1,58,35,0,0,-0.023558575100991554,-0.014402007589668258,-0.08695678785653078
1,59,35,0,0,-0.02366874770473742,-0.014402007589668258,-0.08695678785653078
1,60,35,0,0,-0.02358305790182397,-0.014132696780511692,-0.08710980536173338
1,61,35,0,0,-0.023564695801199655,-0.01432855918717101,-0.08723834006610356
1,62,35,0,0,-0.02361366140286449,-0.014316317786754804,-0.08740359897172237
1,63,35,0,0,-0.02343616109682948,-0.01457950789570327,-0.08721997796547926
1,64,35,0,0,-0.023772799608275184,-0.014169420981760314,-0.08721997796547926
1,65,35,0,0,-0.023754437507650876,-0.014230627983841351,-0.0871526502631901
1,66,35,0,0,-0.02358305790182397,-0.014475455992165504,-0.08721385726527114
1,67,35,0,0,-0.0234728852980781,-0.014322438486962907,-0.08704247765944424
1,68,35,0,0,-0.023558575100991554,-0.01451830089362223,-0.0868160117517444
1,69,35,0,0,-0.02343616109682948,-0.014267352185089973,-0.08723834006610356
1,70,35,0,0,-0.023589178602032072,-0.014426490390500674,-0.08699963275798751
1,71,35,0,0,-0.023717713306402252,-0.014304076386338595,-0.08707308116048476
1,72,35,0,0,-0.023656506304321215,-0.0143101970865467,-0.08701187415840372
1,73,35,0,0,-0.02343616109682948,-0.014616232096951893,-0.08709756396131717
1,74,35,0,0,-0.023638144203696903,-0.014450973191333089,-0.08731790916880891
1,75,35,0,0,-0.023509609499326723,-0.014346921287795324,-0.08710368466152528
1,76,35,0,0,-0.023509609499326723,-0.014291834985922389,-0.08717101236381442
1,77,35,0,0,-0.023460643897661893,-0.014291834985922389,-0.08717101236381442
1,78,35,0,0,-0.023485126698494306,-0.014573387195495164,-0.08683437385236871
1,79,35,0,0,-0.023772799608275184,-0.01437140408862774,-0.08703635695923614
1,80,35,0,0,-0.02365038560411311,-0.014273472885298077,-0.08708532256090097
1,81,35,0,0,-0.02358305790182397,-0.01451830089362223,-0.0869873913575713
1,82,35,0,0,-0.023448402497245686,-0.014512180193414126,-0.08721997796547926
1,83,35,0,0,-0.02366262700452932,-0.014365283388419636,-0.08700575345819563
1,84,35,0,0,-0.023564695801199655,-0.014475455992165504,-0.0871404088627739
1,85,35,0,0,-0.023705471905986045,-0.014444852491124986,-0.08707308116048476
1,86,35,0,0,-0.0236320235034888,-0.014432611090708777,-0.086969029256947
1,87,35,0,0,-0.023534092300159137,-0.014255110784673767,-0.08692006365528217
1,88,35,0,0,-0.023503488799118618,-0.01459786999632758,-0.08693842575590648
1,89,35,0,0,-0.02372995470681846,-0.014279593585506182,-0.08711592606194149
1,90,35,0,0,-0.023240298690170157,-0.014236748684049455,-0.087146529562982
1,91,35,0,0,-0.023240298690170157,-0.014236748684049455,-0.08719549516464684
1,92,35,0,0,-0.02366874770473742,-0.01451830089362223,-0.08719549516464684
1,93,35,0,0,-0.023430040396621374,-0.014524421593830333,-0.0868221324519525
1,94,35,0,0,-0.023540213000367242,-0.014524421593830333,-0.08687721875382544
1,95,35,0,0,-0.023540213000367242,-0.014469335291957399,-0.0871281674623577
1,96,35,0,0,-0.02361978210307259,-0.014414248990084467,-0.08701799485861182
1,97,35,0,0,-0.023497368098910516,-0.014291834985922389,-0.08725058146651977
1,98,35,0,0,-0.023827885910148124,-0.014432611090708777,-0.08744032317297099
1,99,35,0,0,-0.023644264903905008,-0.014432611090708777,-0.08701187415840372
2,0,0,35,0,-0.02166115803647937,0.04777206512425021,-0.08066470804260008
2,1,0,35,0,-0.02166115803647937,0.04777206512425021,-0.08066470804260008
2,2,0,35,0,-0.021795813441057656,0.0482372383400661,-0.0803831558330273
2,3,0,35,0,-0.021887623944179212,0.04781491002570694,-0.08056677683927041
2,4,0,35,0,-0.021887623944179212,0.04781491002570694,-0.08056677683927041
2,5,0,35,0,-0.021826416942098175,0.04805361733382299,-0.08045660423552455
2,6,0,35,0,-0.021740727139184724,0.04769861672175297,-0.08068307014322439
2,7,0,35,0,-0.02196107234667646,0.04764353041988004,-0.08067694944301627
2,8,0,35,0,-0.02196107234667646,0.04764353041988004,-0.08067694944301627
2,9,0,35,0,-0.021838658342514382,0.04798628963153385,-0.08052393193781368
2,10,0,35,0,-0.021973313747092667,0.04778430652466642,-0.08084220834863508
2,11,0,35,0,-0.021973313747092667,0.04778430652466642,-0.08084220834863508
2,12,0,35,0,-0.022003917248133185,0.047821030725915044,-0.08078712204676215
2,13,0,35,0,-0.02188150324397111,0.047716978822377284,-0.08050556983718937
2,14,0,35,0,-0.021979434447300772,0.047747582323417796,-0.08053617333822989
2,15,0,35,0,-0.021905986044803524,0.0479128412290366,-0.08093401885175663
2,16,0,35,0,-0.02212021055208716,0.04788223772799609,-0.08035255233198678
2,17,0,35,0,-0.022077365650630433,0.04763128901946383,-0.08052393193781368
2,18,0,35,0,-0.0217040029379361,0.047716978822377284,-0.08095238095238096
2,19,0,35,0,-0.022260986656873545,0.04778430652466642,-0.08065246664218387
2,20,0,35,0,-0.021838658342514382,0.04798628963153385,-0.0805606561390623
2,21,0,35,0,-0.021887623944179212,0.048035255233198675,-0.08048108703635695
2,22,0,35,0,-0.0218631411433468,0.04781491002570694,-0.0805606561390623
2,23,0,35,0,-0.022101848451462847,0.047931203329660915,-0.08090953605092423
2,24,0,35,0,-0.022101848451462847,0.047692496021544864,-0.0806953115436406
2,25,0,35,0,-0.02201003794834129,0.04757008201738279,-0.08062798384135145
2,26,0,35,0,-0.02191822744521973,0.04757008201738279,-0.08062798384135145
2,27,0,35,0,-0.021967193046884565,0.047821030725915044,-0.08041375933406782
2,28,0,35,0,-0.022101848451462847,0.04763740971967193,-0.08044436283510834
2,29,0,35,0,-0.021795813441057656,0.04777818582445832,-0.08061574244093525
2,30,0,35,0,-0.021893744644387318,0.047961806830701434,-0.08062186314114335
2,31,0,35,0,-0.021967193046884565,0.04786387562737177,-0.08060350104051903
2,32,0,35,0,-0.021942710246052148,0.047674133920920556,-0.08048720773656506
2,33,0,35,0,-0.022150814053127677,0.04785163422695556,-0.08029134532990574
2,34,0,35,0,-0.02195495164646836,0.047704737421961074,-0.08062798384135145
2,35,0,35,0,-0.021942710246052148,0.047876117027787976,-0.08040763863385972
2,36,0,35,0,-0.021844779042722487,0.04773534092300159,-0.08041988003427593
2,37,0,35,0,-0.021814175541681968,0.04763128901946383,-0.08041375933406782
2,38,0,35,0,-0.02196107234667646,0.0479128412290366,-0.08049944913698127
2,39,0,35,0,-0.022199779654792508,0.04786387562737177,-0.08062798384135145
2,40,0,35,0,-0.021875382543763006,0.0477537030236259,-0.08048108703635695
2,41,0,35,0,-0.021893744644387318,0.047759823723834006,-0.08056677683927041
2,42,0,35,0,-0.02210796915167095,0.047747582323417796,-0.08016893132574367
2,43,0,35,0,-0.02210796915167095,0.047747582323417796,-0.08016893132574367
2,44,0,35,0,-0.021985555147508877,0.04764353041988004,-0.08030358673032195
2,45,0,35,0,-0.022022279348757497,0.04785163422695556,-0.08034031093157057
2,46,0,35,0,-0.021948830946260253,0.048016893132574366,-0.08052393193781368
2,47,0,35,0,-0.02192434814542784,0.048090341535071614,-0.08061574244093525
2,48,0,35,0,-0.021673399436895578,0.047790427224874525,-0.08043824213490022
2,49,0,35,0,-0.021893744644387318,0.04781491002570694,-0.08039539723344351
2,50,0,35,0,-0.02196107234667646,0.047606806218631406,-0.08043824213490022
2,51,0,35,0,-0.022071244950422328,0.04785163422695556,-0.08032806953115437
2,52,0,35,0,-0.022077365650630433,0.04772922022279349,-0.08032194883094626
2,53,0,35,0,-0.022022279348757497,0.04758232341779899,-0.08045048353531645
2,54,0,35,0,-0.02226710735708165,0.047821030725915044,-0.08018117272615988
2,55,0,35,0,-0.02192434814542784,0.04788223772799609,-0.08033419023136247
2,56,0,35,0,-0.021795813441057656,0.047649651120088135,-0.08051781123760558
2,57,0,35,0,-0.021808054841473863,0.04781491002570694,-0.0803831558330273
2,58,0,35,0,-0.021942710246052148,0.04793732402986901,-0.08049332843677318
2,59,0,35,0,-0.021887623944179212,0.047674133920920556,-0.0803770351328192
2,60,0,35,0,-0.021887623944179212,0.047674133920920556,-0.0803770351328192
2,61,0,35,0,-0.02209572775125474,0.047704737421961074,-0.08015668992532746
2,62,0,35,0,-0.02205900355000612,0.04773534092300159,-0.08048720773656506
2,63,0,35,0,-0.022132451952503365,0.04777818582445832,-0.0804015179336516
2,64,0,35,0,-0.02192434814542784,0.04785775492716367,-0.0803831558330273
2,65,0,35,0,-0.02205900355000612,0.047949565430285224,-0.08045048353531645
2,66,0,35,0,-0.021789692740849555,0.048035255233198675,-0.08045048353531645
2,67,0,35,0,-0.021967193046884565,0.04772922022279349,-0.08040763863385972
2,68,0,35,0,-0.02175296853960093,0.048231117639858004,-0.08035867303219488
2,69,0,35,0,-0.021710123638144205,0.04786999632757988,-0.08046272493573264
2,70,0,35,0,-0.021887623944179212,0.0477414616232097,-0.08011996572407884
2,71,0,35,0,-0.021765209940017138,0.04777206512425021,-0.08040763863385972
2,72,0,35,0,-0.0221814175541682,0.04781491002570694,-0.080542294038438
2,73,0,35,0,-0.022083486350838535,0.04752723711592606,-0.0805484147386461
2,74,0,35,0,-0.022071244950422328,0.04782715142612315,-0.08027298322928142
2,75,0,35,0,-0.022071244950422328,0.047790427224874525,-0.08043212143469212
2,76,0,35,0,-0.021777451340433344,0.04764353041988004,-0.08040763863385972
2,77,0,35,0,-0.021777451340433344,0.04764353041988004,-0.08040763863385972
2,78,0,35,0,-0.022003917248133185,0.047674133920920556,-0.08060350104051903
2,79,0,35,0,-0.0218692618435549,0.04779654792508263,-0.0803892765332354
2,80,0,35,0,-0.02204064144938181,0.048176031337985065,-0.08043212143469212
2,81,0,35,0,-0.02204064144938181,0.047790427224874525,-0.08018729342636798
2,82,0,35,0,-0.022034520749173704,0.04778430652466642,-0.08049332843677318
2,83,0,35,0,-0.021979434447300772,0.04769861672175297,-0.0803709144326111
2,84,0,35,0,-0.02173460643897662,0.04785163422695556,-0.0803831558330273
2,85,0,35,0,-0.02193046884563594,0.04785775492716367,-0.08053617333822989
2,86,0,35,0,-0.022065124250214223,0.047943444730077125,-0.08013832782470315
2,87,0,35,0,-0.02193046884563594,0.04772309952258538,-0.08008324152283021
2,88,0,35,0,-0.021967193046884565,0.04785775492716367,-0.08073815644509733
2,89,0,35,0,-0.021997796547925084,0.04808422083486351,-0.08048108703635695
2,90,0,35,0,-0.021544864732525402,0.04769861672175297,-0.08032194883094626
2,91,0,35,0,-0.021544864732525402,0.04769861672175297,-0.08032194883094626
2,92,0,35,0,-0.022144693352919572,0.04762516831925572,-0.08048108703635695
2,93,0,35,0,-0.021948830946260253,0.04763740971967193,-0.08041988003427593
2,94,0,35,0,-0.02193046884563594,0.04783327212633125,-0.0802301383278247
2,95,0,35,0,-0.02195495164646836,0.047674133920920556,-0.08040763863385972
2,96,0,35,0,-0.022156934753335782,0.047943444730077125,-0.0802301383278247
2,97,0,35,0,-0.022279348757497857,0.04795568613049333,-0.08048108703635695
2,98,0,35,0,-0.02196107234667646,0.04796792753090954,-0.0804015179336516
2,99,0,35,0,-0.021942710246052148,0.04779654792508263,-0.08043824213490022
3,0,35,35,0,0.021795813441057656,0.041033174195127926,-0.09089851879054964
3,1,35,35,0,0.021795813441057656,0.041033174195127926,-0.09089851879054964
3,2,35,35,0,0.021593830334190232,0.041094381197208964,-0.09073938058513895
3,3,35,35,0,0.02162443383523075,0.04118619170033051,-0.09092300159138206
3,4,35,35,0,0.02162443383523075,0.04118619170033051,-0.09092300159138206
3,5,35,35,0,0.02175296853960093,0.04097196719304688,-0.09087403598971723
3,6,35,35,0,0.02157546823356592,0.040910760190965845,-0.09097808789325498
3,7,35,35,0,0.02157546823356592,0.040910760190965845,-0.0894111886399804
3,8,35,35,0,0.021630554535438853,0.041167829599706204,-0.09075162198555514
3,9,35,35,0,0.021465295629820053,0.040892398090341536,-0.09080670828742808
3,10,35,35,0,0.021728485738768517,0.041124984698249475,-0.09102705349491982
3,11,35,35,0,0.021728485738768517,0.041124984698249475,-0.09102705349491982
3,12,35,35,0,0.021471416330028158,0.040812828987636184,-0.09103929489533603
3,13,35,35,0,0.02141633002815522,0.040923001591382055,-0.09087403598971723
3,14,35,35,0,0.021826416942098175,0.04097808789325499,-0.09108213979679275
3,15,35,35,0,0.021569347533357815,0.040923001591382055,-0.09050679397723099
3,16,35,35,0,0.0218631411433468,0.04110050189741706,-0.09110050189741706
3,17,35,35,0,0.021746847839392826,0.04094136369200636,-0.09075774268576325
3,18,35,35,0,0.021850899742930592,0.0410025706940874,-0.09090463949075775
3,19,35,35,0,0.02162443383523075,0.04094136369200636,-0.09091076019096585
3,20,35,35,0,0.02144693352919574,0.04097196719304688,-0.09102705349491982
3,21,35,35,0,0.021795813441057656,0.04104541559554413,-0.09089851879054964
3,22,35,35,0,0.021850899742930592,0.04108213979679275,-0.09065369078222549
3,23,35,35,0,0.021550985432733503,0.040794466887011875,-0.09096584649283877
3,24,35,35,0,0.021765209940017138,0.040880156689925326,-0.09080058758721998
3,25,35,35,0,0.021648916636063165,0.04104541559554413,-0.09085567388909291
3,26,35,35,0,0.02162443383523075,0.040763863385971356,-0.09061084588076876
3,27,35,35,0,0.02162443383523075,0.04094748439221447,-0.09076998408617945
3,28,35,35,0,0.021648916636063165,0.04094748439221447,-0.09076998408617945
3,29,35,35,0,0.021569347533357815,0.0411617088994981,-0.09102093279471171
3,30,35,35,0,0.02161219243481454,0.04117395029991431,-0.09095360509242258
3,31,35,35,0,0.02139796792753091,0.04111886399804138,-0.0909903292936712
3,32,35,35,0,0.021483657730444364,0.04106377769616844,-0.09060472518056065
3,33,35,35,0,0.021599951034398334,0.040904639490757747,-0.09086179458930102
3,34,35,35,0,0.021581588933774022,0.04092912229159016,-0.09075162198555514
3,35,35,35,0,0.021777451340433344,0.04108826049700086,-0.0908373117884686
3,36,35,35,0,0.021520381931692985,0.04097808789325499,-0.09084955318888481
3,37,35,35,0,0.021599951034398334,0.04097808789325499,-0.09112498469824948
3,38,35,35,0,0.02157546823356592,0.040953605092422574,-0.09104541559554413
3,39,35,35,0,0.021697882237728,0.040923001591382055,-0.09064757008201738
3,40,35,35,0,0.021544864732525402,0.0409964499938793,-0.09062920798139307
3,41,35,35,0,0.021599951034398334,0.040892398090341536,-0.09107601909658465
3,42,35,35,0,0.021875382543763006,0.04113110539845759,-0.09095360509242258
3,43,35,35,0,0.021508140531276778,0.04097196719304688,-0.09088015668992533
3,44,35,35,0,0.021722365038560412,0.0409964499938793,-0.09081894968784429
3,45,35,35,0,0.021722365038560412,0.04111274329783327,-0.09103929489533603
3,46,35,35,0,0.021789692740849555,0.04111274329783327,-0.09103929489533603
3,47,35,35,0,0.021587709633982127,0.041149467499081896,-0.09089239809034153
3,48,35,35,0,0.021587709633982127,0.04124739870241156,-0.0908311910882605
3,49,35,35,0,0.021857020443138694,0.04108826049700086,-0.09076386338597135
3,50,35,35,0,0.02134900232586608,0.040751621985555146,-0.09073938058513895
3,51,35,35,0,0.02160607173460644,0.04100869139429551,-0.09091688089117395
3,52,35,35,0,0.021599951034398334,0.0411617088994981,-0.09122291590157913
3,53,35,35,0,0.021379605826906598,0.041124984698249475,-0.0910086913942955
3,54,35,35,0,0.021630554535438853,0.04087403598971722,-0.0908434324886767
3,55,35,35,0,0.021746847839392826,0.04114334679887379,-0.09095972579263067
3,56,35,35,0,0.021538744032317297,0.04097196719304688,-0.09091076019096585
3,57,35,35,0,0.02164279593585506,0.0411617088994981,-0.0909964499938793
3,58,35,35,0,0.021581588933774022,0.04104541559554413,-0.09092912229159016
3,59,35,35,0,0.021599951034398334,0.0408311910882605,-0.09097196719304688
3,60,35,35,0,0.02142857142857143,0.0409903292936712,-0.09094136369200637
3,61,35,35,0,0.021722365038560412,0.040965846492838784,-0.09085567388909291
3,62,35,35,0,0.02152650263190109,0.04121679520137104,-0.09121067450116294
3,63,35,35,0,0.021508140531276778,0.04098420859346309,-0.09072713918472272
3,64,35,35,0,0.021508140531276778,0.04098420859346309,-0.09072713918472272
3,65,35,35,0,0.021587709633982127,0.041167829599706204,-0.09092912229159016
3,66,35,35,0,0.02149589913086057,0.04104541559554413,-0.09109438119720896
3,67,35,35,0,0.021599951034398334,0.0410025706940874,-0.09095360509242258
3,68,35,35,0,0.02155710613294161,0.041137226098665686,-0.09096584649283877
3,69,35,35,0,0.021820296241890073,0.04129024360386828,-0.09096584649283877
3,70,35,35,0,0.02152650263190109,0.04115558819929,-0.09094748439221448
3,71,35,35,0,0.02149589913086057,0.04102705349491982,-0.09088627739013343
3,72,35,35,0,0.021771330640225243,0.041192312400538625,-0.09103317419512792
3,73,35,35,0,0.02135512302607418,0.040953605092422574,-0.0908250703880524
3,74,35,35,0,0.02166115803647937,0.04106377769616844,-0.09077610478638756
3,75,35,35,0,0.021532623332109195,0.04094136369200636,-0.09087403598971723
3,76,35,35,0,0.02157546823356592,0.0410025706940874,-0.09095360509242258
3,77,35,35,0,0.021710123638144205,0.041039294895336025,-0.09095360509242258
3,78,35,35,0,0.021667278736687477,0.04106377769616844,-0.09108826049700086
3,79,35,35,0,0.021667278736687477,0.04106377769616844,-0.09091076019096585
3,80,35,35,0,0.02164279593585506,0.041020932794711716,-0.09092300159138206
3,81,35,35,0,0.021599951034398334,0.040923001591382055,-0.09116170889949811
3,82,35,35,0,0.021599951034398334,0.04086791528950912,-0.09090463949075775
3,83,35,35,0,0.021599951034398334,0.04086791528950912,-0.09090463949075775
3,84,35,35,0,0.02160607173460644,0.040923001591382055,-0.09076386338597135
3,85,35,35,0,0.021648916636063165,0.040923001591382055,-0.09116782959970621
3,86,35,35,0,0.02178357204064145,0.04108826049700086,-0.0908434324886767
3,87,35,35,0,0.021691761537519894,0.04113110539845759,-0.09111274329783328
3,88,35,35,0,0.021679520137103683,0.04097196719304688,-0.09107601909658465
3,89,35,35,0,0.02147753703023626,0.04115558819929,-0.09109438119720896
3,90,35,35,0,0.021808054841473863,0.04117395029991431,-0.09102093279471171
3,91,35,35,0,0.02160607173460644,0.041124984698249475,-0.09111274329783328
3,92,35,35,0,0.02166115803647937,0.04086791528950912,-0.09091076019096585
3,93,35,35,0,0.02126943322316073,0.04101481209450361,-0.09094136369200637
3,94,35,35,0,0.021691761537519894,0.04127188150324397,-0.090684294283266
3,95,35,35,0,0.02155710613294161,0.04120455380095483,-0.0908311910882605
3,96,35,35,0,0.02164279593585506,0.041278002203452076,-0.09091688089117395
3,97,35,35,0,0.021379605826906598,0.041124984698249475,-0.09081894968784429
3,98,35,35,0,0.021697882237728,0.041020932794711716,-0.0908250703880524
3,99,35,35,0,0.021502019831068676,0.04133308850532501,-0.09072101848451462
