values,,position,position,position,Magnetometer,Magnetometer,Magnetometer
axis,,x,y,z,x,y,z
Sensor,Sample,,,,,,
0,0,0,0,0,0.044283266005631046,-0.03005263802178969,-0.1337985065491492
0,1,0,0,0,0.04411800710001224,-0.029966948218876237,-0.133137470926674
0,2,0,0,0,0.04411800710001224,-0.029966948218876237,-0.133137470926674
0,3,0,0,0,0.04435671440812829,-0.03008936222303831,-0.13368833394540336
0,4,0,0,0,0.04398947239564206,-0.030279103929489532,-0.13365773044436285
0,5,0,0,0,0.04398947239564206,-0.030279103929489532,-0.13365773044436285
0,6,0,0,0,0.04434447300771208,-0.030193414126576078,-0.1331435916268821
0,7,0,0,0,0.04417921410209328,-0.030077120822622105,-0.1337801444485249
0,8,0,0,0,0.04417921410209328,-0.030077120822622105,-0.1337801444485249
0,9,0,0,0,0.04423430040396621,-0.030156689925327457,-0.1336210062431142
0,10,0,0,0,0.04416085200146897,-0.029715999510343982,-0.1335720406414494
0,11,0,0,0,0.04416085200146897,-0.029715999510343982,-0.1335720406414494
0,12,0,0,0,0.04426490390500673,-0.030236259028032807,-0.13363936834373852
0,13,0,0,0,0.04443628351083364,-0.030119965724078834,-0.13370669604602767
0,14,0,0,0,0.04435671440812829,-0.030015913820541067,-0.13334557473374956
0,15,0,0,0,0.04435671440812829,-0.030015913820541067,-0.13334557473374956
0,16,0,0,0,0.04425266250459052,-0.030107724323662627,-0.1336271269433223
0,17,0,0,0,0.044130248500428446,-0.030101603623454525,-0.13346186803770352
0,18,0,0,0,0.044130248500428446,-0.030101603623454525,-0.13346186803770352
0,19,0,0,0,0.044271024605214836,-0.030328069531154363,-0.13365773044436285
0,20,0,0,0,0.0443750765087526,-0.030254621128657115,-0.1337617823479006
0,21,0,0,0,0.0443750765087526,-0.030254621128657115,-0.1337617823479006
0,22,0,0,0,0.044301628106255354,-0.030071000122414003,-0.13367609254498716
0,23,0,0,0,0.04434447300771208,-0.030199534826784186,-0.13369445464561144
0,24,0,0,0,0.04434447300771208,-0.030199534826784186,-0.13369445464561144
0,25,0,0,0,0.04423430040396621,-0.030236259028032807,-0.13356591994124128
0,26,0,0,0,0.04419145550250948,-0.030260741828865224,-0.1336332476435304
0,27,0,0,0,0.04419145550250948,-0.030260741828865224,-0.1336332476435304
0,28,0,0,0,0.04449136981270657,-0.029942465418043823,-0.1336026441424899
0,29,0,0,0,0.044087403598971724,-0.03005263802178969,-0.1336148855429061
0,30,0,0,0,0.044087403598971724,-0.03005263802178969,-0.1336148855429061
0,31,0,0,0,0.04424654180438242,-0.029924103317419515,-0.1334190231362468
0,32,0,0,0,0.044301628106255354,-0.030217896927408495,-0.13366385114457094
0,33,0,0,0,0.044301628106255354,-0.030217896927408495,-0.13366385114457094
0,34,0,0,0,0.04422205900355001,-0.030248500428449017,-0.13349859223895214
0,35,0,0,0,0.044173093401885175,-0.030071000122414003,-0.1335965234422818
0,36,0,0,0,0.04434447300771208,-0.03037091443261109,-0.13377402374831682
0,37,0,0,0,0.04434447300771208,-0.03037091443261109,-0.13377402374831682
0,38,0,0,0,0.0442098176031338,-0.03014444852491125,-0.1338964377524789
0,39,0,0,0,0.04425266250459052,-0.030126086424286942,-0.1335842820418656
0,40,0,0,0,0.04425266250459052,-0.030126086424286942,-0.1335842820418656
0,41,0,0,0,0.044301628106255354,-0.030248500428449017,-0.13348023013832783
0,42,0,0,0,0.04422205900355001,-0.030077120822622105,-0.1332843677316685
0,43,0,0,0,0.04422205900355001,-0.030077120822622105,-0.1332843677316685
0,44,0,0,0,0.044430162810625534,-0.030168931325743664,-0.13357816134165748
0,45,0,0,0,0.04435059370792019,-0.0302301383278247,-0.13338229893499814
0,46,0,0,0,0.04435059370792019,-0.0302301383278247,-0.13338229893499814
0,47,0,0,0,0.04431999020687967,-0.03018117272615987,-0.1338964377524789
0,48,0,0,0,0.044424042110417436,-0.030199534826784186,-0.13349247153874405
0,49,0,0,0,0.044424042110417436,-0.030199534826784186,-0.13349247153874405
0,50,0,0,0,0.04433835230750398,-0.030395397233443505,-0.133608764842698
0,51,0,0,0,0.044130248500428446,-0.03014444852491125,-0.13352919573999264
0,52,0,0,0,0.044130248500428446,-0.03014444852491125,-0.13352919573999264
0,53,0,0,0,0.044044558697514995,-0.030199534826784186,-0.1337801444485249
0,54,0,0,0,0.04424654180438242,-0.030248500428449017,-0.1337679030481087
0,55,0,0,0,0.044154731301260866,-0.030254621128657115,-0.13384747215081405
0,56,0,0,0,0.044154731301260866,-0.030254621128657115,-0.13384747215081405
0,57,0,0,0,0.04424654180438242,-0.02999755171991676,-0.13372505814665198
0,58,0,0,0,0.04423430040396621,-0.029930224017627616,-0.13333333333333333
0,59,0,0,0,0.04423430040396621,-0.029930224017627616,-0.13333333333333333
0,60,0,0,0,0.044313869506671565,-0.029893499816378993,-0.13355367854082506
0,61,0,0,0,0.04440568000979312,-0.030168931325743664,-0.13368221324519525
0,62,0,0,0,0.04440568000979312,-0.030168931325743664,-0.13356591994124128
0,63,0,0,0,0.044289386705839144,-0.030083241522830213,-0.13356591994124128
0,64,0,0,0,0.04412412780022035,-0.030156689925327457,-0.13354755784061695
0,65,0,0,0,0.04422205900355001,-0.03032194883094626,-0.13338841963520626
0,66,0,0,0,0.04422205900355001,-0.03032194883094626,-0.13338841963520626
0,67,0,0,0,0.04416697270167707,-0.030211776227200393,-0.13357816134165748
0,68,0,0,0,0.04430774880646346,-0.030126086424286942,-0.1336148855429061
0,69,0,0,0,0.04430774880646346,-0.030126086424286942,-0.1336148855429061
0,70,0,0,0,0.04427714530542294,-0.030071000122414003,-0.13349859223895214
0,71,0,0,0,0.04426490390500673,-0.03013220712449504,-0.13346186803770352
0,72,0,0,0,0.04426490390500673,-0.03013220712449504,-0.13346186803770352
0,73,0,0,0,0.04422817970375811,-0.03014444852491125,-0.13351083363936836
0,74,0,0,0,0.0440506793977231,-0.03008936222303831,-0.13351083363936836
0,75,0,0,0,0.044301628106255354,-0.030107724323662627,-0.13348635083853594
0,76,0,0,0,0.044301628106255354,-0.030107724323662627,-0.13348635083853594
0,77,0,0,0,0.04414861060105276,-0.030352552331986783,-0.1336148855429061
0,78,0,0,0,0.04433835230750398,-0.030101603623454525,-0.13354755784061695
0,79,0,0,0,0.04433835230750398,-0.030101603623454525,-0.13354755784061695
0,80,0,0,0,0.04426490390500673,-0.030028155220957274,-0.1335904027420737
0,81,0,0,0,0.044430162810625534,-0.030199534826784186,-0.1336271269433223
0,82,0,0,0,0.044430162810625534,-0.030199534826784186,-0.1336271269433223
0,83,0,0,0,0.04422817970375811,-0.030113845023870732,-0.1337495409474844
0,84,0,0,0,0.04422205900355001,-0.030162810625535563,-0.13369445464561144
0,85,0,0,0,0.04422205900355001,-0.030162810625535563,-0.13369445464561144
0,86,0,0,0,0.044185334802301385,-0.030126086424286942,-0.13353531644020075
0,87,0,0,0,0.044417921410209324,-0.03013220712449504,-0.13355979924103317
0,88,0,0,0,0.044417921410209324,-0.03013220712449504,-0.13355979924103317
0,89,0,0,0,0.04420369690292569,-0.03056065613906231,-0.1337679030481087
0,90,0,0,0,0.04413636920063656,-0.030279103929489532,-0.13349859223895214
0,91,0,0,0,0.04413636920063656,-0.030279103929489532,-0.13349859223895214
0,92,0,0,0,0.0443689558085445,-0.03000367242012486,-0.1336210062431142
0,93,0,0,0,0.04422205900355001,-0.03008936222303831,-0.13335781613416575
0,94,0,0,0,0.04422205900355001,-0.03008936222303831,-0.13335781613416575
0,95,0,0,0,0.044197576202717595,-0.030113845023870732,-0.1334679887379116
0,96,0,0,0,0.044197576202717595,-0.0303831558330273,-0.13352919573999264
0,97,0,0,0,0.04423430040396621,-0.029991431019708654,-0.13355367854082506
0,98,0,0,0,0.04423430040396621,-0.029991431019708654,-0.13355367854082506
0,99,0,0,0,0.04429550740604725,-0.02982617211408985,-0.13348023013832783
1,0,35,0,0,-0.03561635451095606,-0.008269065981148243,-0.12172236503856042
1,1,35,0,0,-0.03583057901823969,-0.008452686987391357,-0.12166727873668748
1,2,35,0,0,-0.03583057901823969,-0.008452686987391357,-0.12166727873668748
1,3,35,0,0,-0.03583669971844779,-0.008256824580732037,-0.12182029624189009
1,4,35,0,0,-0.035891786020320726,-0.008220100379483413,-0.12175908923980902
1,5,35,0,0,-0.035891786020320726,-0.008220100379483413,-0.12175908923980902
1,6,35,0,0,-0.03597135512302607,-0.008073203574488921,-0.12172236503856042
1,7,35,0,0,-0.03573876851511813,-0.008146651976986167,-0.12186926184355491
1,8,35,0,0,-0.03573264781491002,-0.008238462480107725,-0.12193658954584405
1,9,35,0,0,-0.03573264781491002,-0.008238462480107725,-0.12193658954584405
1,10,35,0,0,-0.03567144081282898,-0.008122169176153753,-0.12176520994001713
1,11,35,0,0,-0.035793854816991065,-0.00833027298322928,-0.12186926184355491
1,12,35,0,0,-0.035793854816991065,-0.00833027298322928,-0.12186926184355491
1,13,35,0,0,-0.035751009915534336,-0.008177255478026686,-0.1218631411433468
1,14,35,0,0,-0.03570816501407761,-0.008452686987391357,-0.12190598604480352
1,15,35,0,0,-0.03570816501407761,-0.008452686987391357,-0.12190598604480352
1,16,35,0,0,-0.03577549271636675,-0.008581221691761537,-0.12191210674501163
1,17,35,0,0,-0.03570204431386951,-0.008348635083853593,-0.12197943444730078
1,18,35,0,0,-0.03570204431386951,-0.008348635083853593,-0.12197943444730078
1,19,35,0,0,-0.035848941118864,-0.008379238584894113,-0.12158770963398213
1,20,35,0,0,-0.0358428204186559,-0.008728118496756029,-0.12209572775125474
1,21,35,0,0,-0.035891786020320726,-0.008428204186558942,-0.12163055453543885
1,22,35,0,0,-0.035891786020320726,-0.008428204186558942,-0.12163055453543885
1,23,35,0,0,-0.03564083731178847,-0.008403721385726527,-0.12197943444730078
1,24,35,0,0,-0.03600195862406659,-0.008318031582813074,-0.12167339943689559
1,25,35,0,0,-0.03600195862406659,-0.008318031582813074,-0.12167339943689559
1,26,35,0,0,-0.035769372016158645,-0.00831191088260497,-0.1217101236381442
1,27,35,0,0,-0.035763251315950546,-0.008305790182396865,-0.12167952013710367
1,28,35,0,0,-0.035763251315950546,-0.008305790182396865,-0.12167952013710367
1,29,35,0,0,-0.035634716611580367,-0.008526135389888603,-0.12173460643897663
1,30,35,0,0,-0.035542906108458804,-0.008532256090096706,-0.12156934753335782
1,31,35,0,0,-0.035542906108458804,-0.008532256090096706,-0.12156934753335782
1,32,35,0,0,-0.03587342391969641,-0.0085200146896805,-0.12158770963398213
1,33,35,0,0,-0.0356898029134533,-0.008415962786142735,-0.1218631411433468
1,34,35,0,0,-0.035751009915534336,-0.00874648059738034,-0.12162443383523076
1,35,35,0,0,-0.035751009915534336,-0.00874648059738034,-0.12162443383523076
1,36,35,0,0,-0.035952993022401764,-0.008624066593218264,-0.12173460643897663
1,37,35,0,0,-0.035634716611580367,-0.008422083486350838,-0.12199779654792509
1,38,35,0,0,-0.035634716611580367,-0.008422083486350838,-0.12199779654792509
1,39,35,0,0,-0.03562859591137226,-0.008452686987391357,-0.12164279593585506
1,40,35,0,0,-0.03578773411678296,-0.00823234177989962,-0.12159995103439833
1,41,35,0,0,-0.03578773411678296,-0.00823234177989962,-0.12159995103439833
1,42,35,0,0,-0.03559187171012364,-0.008544497490512915,-0.12151426123148487
1,43,35,0,0,-0.035763251315950546,-0.008238462480107725,-0.12178969274084954
1,44,35,0,0,-0.035763251315950546,-0.008238462480107725,-0.12178969274084954
1,45,35,0,0,-0.03583669971844779,-0.008366997184477904,-0.12181417554168197
1,46,35,0,0,-0.03573876851511813,-0.008403721385726527,-0.12197331374709267
1,47,35,0,0,-0.03578773411678296,-0.008526135389888603,-0.121697882237728
1,48,35,0,0,-0.03578773411678296,-0.008526135389888603,-0.121697882237728
1,49,35,0,0,-0.03581833761782348,-0.008556738890929122,-0.12188150324397111
1,50,35,0,0,-0.0358550618190721,-0.008220100379483413,-0.12176520994001713
1,51,35,0,0,-0.0358550618190721,-0.008220100379483413,-0.12176520994001713
1,52,35,0,0,-0.03587342391969641,-0.008471049088015669,-0.121697882237728
1,53,35,0,0,-0.03578773411678296,-0.008024237972824092,-0.12213857265271147
1,54,35,0,0,-0.03578773411678296,-0.008024237972824092,-0.12213857265271147
1,55,35,0,0,-0.035677561513037095,-0.008128289876361857,-0.12174684783939282
1,56,35,0,0,-0.035891786020320726,-0.008415962786142735,-0.12198555514750889
1,57,35,0,0,-0.035897906720528824,-0.008581221691761537,-0.12163055453543885
1,58,35,0,0,-0.035897906720528824,-0.008581221691761537,-0.12163055453543885
1,59,35,0,0,-0.03570204431386951,-0.008177255478026686,-0.12172236503856042
1,60,35,0,0,-0.03579997551719917,-0.007993634471783572,-0.12205288284979803
1,61,35,0,0,-0.03579997551719917,-0.007993634471783572,-0.12205288284979803
1,62,35,0,0,-0.0356898029134533,-0.008373117884686008,-0.12204676214958991
1,63,35,0,0,-0.03551842330762639,-0.008256824580732037,-0.12184477904272248
1,64,35,0,0,-0.03594075162198555,-0.007883461868037704,-0.12189986534459543
1,65,35,0,0,-0.03594075162198555,-0.007883461868037704,-0.12189986534459543
1,66,35,0,0,-0.0356898029134533,-0.008060962174072714,-0.12158158893377402
1,67,35,0,0,-0.03579997551719917,-0.008269065981148243,-0.12167952013710367
1,68,35,0,0,-0.03579997551719917,-0.008269065981148243,-0.12167952013710367
1,69,35,0,0,-0.035769372016158645,-0.008250703880523933,-0.12185702044313869
1,70,35,0,0,-0.035695923613661404,-0.008373117884686008,-0.12182641694209817
1,71,35,0,0,-0.03579997551719917,-0.008116048475945648,-0.12174684783939282
1,72,35,0,0,-0.03579997551719917,-0.008116048475945648,-0.12174684783939282
1,73,35,0,0,-0.03565919941241278,-0.008366997184477904,-0.12189374464438732
1,74,35,0,0,-0.035781613416574855,-0.008415962786142735,-0.12174684783939282
1,75,35,0,0,-0.035781613416574855,-0.008415962786142735,-0.12174684783939282
1,76,35,0,0,-0.035677561513037095,-0.008207858979067204,-0.12186926184355491
1,77,35,0,0,-0.0358550618190721,-0.008244583180315828,-0.12160607173460644
1,78,35,0,0,-0.0358550618190721,-0.008244583180315828,-0.12160607173460644
1,79,35,0,0,-0.0358428204186559,-0.008238462480107725,-0.12188762394417922
1,80,35,0,0,-0.03567144081282898,-0.008446566287183254,-0.1217101236381442
1,81,35,0,0,-0.03567144081282898,-0.008446566287183254,-0.1217101236381442
1,82,35,0,0,-0.03571428571428571,-0.00833027298322928,-0.12176520994001713
1,83,35,0,0,-0.03559187171012364,-0.008042600073448402,-0.12181417554168197
1,84,35,0,0,-0.03559187171012364,-0.008373117884686008,-0.1220284000489656
1,85,35,0,0,-0.03551842330762639,-0.008373117884686008,-0.1220284000489656
1,86,35,0,0,-0.03561635451095606,-0.00823234177989962,-0.12180193414126576
1,87,35,0,0,-0.03565919941241278,-0.008507773289264293,-0.1217101236381442
1,88,35,0,0,-0.03565919941241278,-0.008507773289264293,-0.1217101236381442
1,89,35,0,0,-0.03570204431386951,-0.00869751499571551,-0.12189986534459543
1,90,35,0,0,-0.035683682213245194,-0.008275186681356347,-0.12189374464438732
1,91,35,0,0,-0.035683682213245194,-0.008275186681356347,-0.12189374464438732
1,92,35,0,0,-0.035622475211164156,-0.008238462480107725,-0.12189374464438732
1,93,35,0,0,-0.03598359652344228,-0.008158893377402375,-0.12166727873668748
1,94,35,0,0,-0.03598359652344228,-0.008158893377402375,-0.12166727873668748
1,95,35,0,0,-0.03556126820908312,-0.008422083486350838,-0.12177745134043334
1,96,35,0,0,-0.03579997551719917,-0.008452686987391357,-0.12164279593585506
1,97,35,0,0,-0.03579997551719917,-0.00818337617823479,-0.12161219243481454
1,98,35,0,0,-0.03579997551719917,-0.00818337617823479,-0.12161219243481454
1,99,35,0,0,-0.03577549271636675,-0.008305790182396865,-0.12164891663606317
2,0,0,35,0,-0.04173705471905986,0.0562675970130983,-0.10117517443995594
2,1,0,35,0,-0.04172481331864365,0.05609009670706329,-0.10123026074182886
2,2,0,35,0,-0.04172481331864365,0.05609009670706329,-0.10123026074182886
2,3,0,35,0,-0.041681968417186924,0.056041131105398455,-0.1011445709389154
2,4,0,35,0,-0.04161464071489778,0.05605949320602277,-0.10109560533725057
2,5,0,35,0,-0.04165748561635451,0.05624311421226589,-0.10094870853225608
2,6,0,35,0,-0.04165748561635451,0.05624311421226589,-0.10094870853225608
2,7,0,35,0,-0.041681968417186924,0.05613294160852002,-0.10091198433100748
2,8,0,35,0,-0.04172481331864365,0.05635328681601175,-0.1009548292324642
2,9,0,35,0,-0.04172481331864365,0.05635328681601175,-0.1009548292324642
2,10,0,35,0,-0.041963520626759704,0.05613294160852002,-0.1009548292324642
2,11,0,35,0,-0.04170033051781123,0.056181907210184845,-0.10120577794099646
2,12,0,35,0,-0.04170033051781123,0.056181907210184845,-0.10120577794099646
2,13,0,35,0,-0.041535071612192435,0.0561084588076876,-0.1012731056432856
2,14,0,35,0,-0.041804382421349,0.0562675970130983,-0.10118741584037214
2,15,0,35,0,-0.041804382421349,0.0562675970130983,-0.10118741584037214
2,16,0,35,0,-0.04167584771697882,0.05605337250581467,-0.10134043334557474
2,17,0,35,0,-0.04173705471905986,0.056438976618925205,-0.10123638144203698
2,18,0,35,0,-0.041706451218019344,0.056322683314971235,-0.10132207124495043
2,19,0,35,0,-0.041706451218019344,0.056322683314971235,-0.10132207124495043
2,20,0,35,0,-0.041792141020932795,0.05630432121434692,-0.10121189864120454
2,21,0,35,0,-0.04151058881136002,0.056292079813930716,-0.10136491614640715
2,22,0,35,0,-0.04151058881136002,0.056292079813930716,-0.10136491614640715
2,23,0,35,0,-0.04168808911739503,0.05637164891663606,-0.10119965724078835
2,24,0,35,0,-0.04160239931448158,0.056194148610601055,-0.10137103684661526
2,25,0,35,0,-0.04160239931448158,0.056194148610601055,-0.10137103684661526
2,26,0,35,0,-0.041492226710735707,0.0561145795078957,-0.10120577794099646
2,27,0,35,0,-0.041804382421349,0.056322683314971235,-0.10124250214224509
2,28,0,35,0,-0.041804382421349,0.056322683314971235,-0.10124250214224509
2,29,0,35,0,-0.04149834741094381,0.056524666421838655,-0.10132819194515852
2,30,0,35,0,-0.04154119231240054,0.05601664830456604,-0.10129146774390992
2,31,0,35,0,-0.04154119231240054,0.05601664830456604,-0.10129146774390992
2,32,0,35,0,-0.04155955441302485,0.056077855306647086,-0.10110172603745868
2,33,0,35,0,-0.041890072224262456,0.056285959113722604,-0.10105276043579385
2,34,0,35,0,-0.04184110662259762,0.05635940751621985,-0.10131595054474232
2,35,0,35,0,-0.04184110662259762,0.05635940751621985,-0.10131595054474232
2,36,0,35,0,-0.04185334802301383,0.056279838413514506,-0.10121801934141265
2,37,0,35,0,-0.041706451218019344,0.055937079201860695,-0.10116293303953972
2,38,0,35,0,-0.041706451218019344,0.055937079201860695,-0.10116293303953972
2,39,0,35,0,-0.04177377892030849,0.05624311421226589,-0.10150569225119355
2,40,0,35,0,-0.0416330028155221,0.05598604480352552,-0.101297588444118
2,41,0,35,0,-0.0416330028155221,0.05598604480352552,-0.101297588444118
2,42,0,35,0,-0.04182886522218142,0.05616966580976864,-0.10140164034765578
2,43,0,35,0,-0.04174929611947607,0.056083976006855184,-0.10104663973558574
2,44,0,35,0,-0.04174929611947607,0.056083976006855184,-0.10104663973558574
2,45,0,35,0,-0.04146162320969519,0.05615742440935243,-0.10115681233933163
2,46,0,35,0,-0.04166972701677072,0.05623699351205778,-0.10115069163912352
2,47,0,35,0,-0.04166972701677072,0.055924837801444485,-0.10104663973558574
2,48,0,35,0,-0.04171869261843555,0.055924837801444485,-0.10104663973558574
2,49,0,35,0,-0.041565675113232954,0.05609621740727139,-0.10142612314848817
2,50,0,35,0,-0.041620761415105886,0.056041131105398455,-0.10111396743787489
2,51,0,35,0,-0.041620761415105886,0.056041131105398455,-0.10111396743787489
2,52,0,35,0,-0.041706451218019344,0.05609621740727139,-0.10110172603745868
2,53,0,35,0,-0.041639123515730195,0.0559309585016526,-0.10124250214224509
2,54,0,35,0,-0.041639123515730195,0.0559309585016526,-0.10124250214224509
2,55,0,35,0,-0.04187171012363815,0.05620026931080916,-0.10109560533725057
2,56,0,35,0,-0.04134532990574122,0.05613294160852002,-0.10151181295140163
2,57,0,35,0,-0.04171257191822745,0.05635940751621985,-0.10138939894723957
2,58,0,35,0,-0.04171257191822745,0.05635940751621985,-0.10138939894723957
2,59,0,35,0,-0.041920675725302975,0.056181907210184845,-0.1011323295384992
2,60,0,35,0,-0.041681968417186924,0.05591871710123638,-0.10108336393683437
2,61,0,35,0,-0.041681968417186924,0.05591871710123638,-0.10108336393683437
2,62,0,35,0,-0.04175541681968417,0.056077855306647086,-0.1012731056432856
2,63,0,35,0,-0.04171869261843555,0.05609009670706329,-0.10113845023870731
2,64,0,35,0,-0.04171869261843555,0.05609009670706329,-0.10112620883829111
2,65,0,35,0,-0.041779899620516585,0.056071734606438974,-0.10112620883829111
2,66,0,35,0,-0.04151058881136002,0.056218631411433476,-0.10088138082996694
2,67,0,35,0,-0.04148610601052761,0.055979924103317424,-0.10132207124495043
2,68,0,35,0,-0.04148610601052761,0.055979924103317424,-0.10132207124495043
2,69,0,35,0,-0.04172481331864365,0.05645733871954952,-0.10122414004162077
2,70,0,35,0,-0.04160852001468968,0.05580242379728241,-0.10094870853225608
2,71,0,35,0,-0.04160852001468968,0.05580242379728241,-0.10094870853225608
2,72,0,35,0,-0.04173093401885176,0.056139062308728116,-0.1011323295384992
2,73,0,35,0,-0.041651364916146405,0.05609621740727139,-0.10132207124495043
2,74,0,35,0,-0.041651364916146405,0.05609621740727139,-0.10132207124495043
2,75,0,35,0,-0.04161464071489778,0.056383890317052265,-0.10106500183621006
2,76,0,35,0,-0.041706451218019344,0.0561023381074795,-0.10110784673766679
2,77,0,35,0,-0.04181662382176521,0.05629820051413882,-0.10130370914432611
2,78,0,35,0,-0.04181662382176521,0.05629820051413882,-0.10130370914432611
2,79,0,35,0,-0.041804382421349,0.05655526992287918,-0.10138939894723957
2,80,0,35,0,-0.04166972701677072,0.05601664830456604,-0.10137103684661526
2,81,0,35,0,-0.04166972701677072,0.05601664830456604,-0.10137103684661526
2,82,0,35,0,-0.04164524421593831,0.056365528216427964,-0.1012853470437018
2,83,0,35,0,-0.041639123515730195,0.05640837311788469,-0.10115681233933163
2,84,0,35,0,-0.041639123515730195,0.05640837311788469,-0.10115681233933163
2,85,0,35,0,-0.04175541681968417,0.056071734606438974,-0.10140776104786386
2,86,0,35,0,-0.041877830823846246,0.056420614518300896,-0.10115069163912352
2,87,0,35,0,-0.041877830823846246,0.056420614518300896,-0.10115069163912352
2,88,0,35,0,-0.04176765822010038,0.05606561390623087,-0.10110172603745868
2,89,0,35,0,-0.04160239931448158,0.05629820051413882,-0.10134043334557474
2,90,0,35,0,-0.04160239931448158,0.05601052760435794,-0.1009731913330885
2,91,0,35,0,-0.04166972701677072,0.05601052760435794,-0.1009731913330885
2,92,0,35,0,-0.04172481331864365,0.056151303709144326,-0.10115681233933163
2,93,0,35,0,-0.04152895091198433,0.05631044191455502,-0.10112620883829111
2,94,0,35,0,-0.04152895091198433,0.05631044191455502,-0.10112620883829111
2,95,0,35,0,-0.04188395152405435,0.056139062308728116,-0.10118741584037214
2,96,0,35,0,-0.041681968417186924,0.05615742440935243,-0.10109560533725057
2,97,0,35,0,-0.041681968417186924,0.05615742440935243,-0.10109560533725057
2,98,0,35,0,-0.041681968417186924,0.05624311421226589,-0.10118741584037214
2,99,0,35,0,-0.0419696413269678,0.056083976006855184,-0.10087526012975885
3,0,35,35,0,0.032660056310441915,0.053072591504468115,-0.1233015056922512
3,1,35,35,0,0.03240910760190966,0.05301750520259517,-0.1234606438976619
3,2,35,35,0,0.03240910760190966,0.05301750520259517,-0.1234606438976619
3,3,35,35,0,0.0326416942098176,0.05275431509364671,-0.12333210919329171
3,4,35,35,0,0.03259884930836088,0.053133798506549146,-0.12358917860203207
3,5,35,35,0,0.03259884930836088,0.053133798506549146,-0.12358917860203207
3,6,35,35,0,0.032305055698371894,0.053219488309462604,-0.12363202350348881
3,7,35,35,0,0.03250091810503122,0.053133798506549146,-0.12334435059370792
3,8,35,35,0,0.0324703146039907,0.05326845391112743,-0.12333822989349981
3,9,35,35,0,0.0324703146039907,0.05326845391112743,-0.12333822989349981
3,10,35,35,0,0.03248867670461501,0.05290121189864121,-0.12333822989349981
3,11,35,35,0,0.03234177989962052,0.05319500550863019,-0.1234912473987024
3,12,35,35,0,0.03234177989962052,0.05319500550863019,-0.1234912473987024
3,13,35,35,0,0.03241522830211776,0.0532256090096707,-0.12349736809891051
3,14,35,35,0,0.032702901211898644,0.05334190231362468,-0.12367486840494553
3,15,35,35,0,0.032702901211898644,0.05334190231362468,-0.12367486840494553
3,16,35,35,0,0.032800832415228305,0.05318276410821397,-0.12357081650140775
3,17,35,35,0,0.03232341779899621,0.052919573999265515,-0.12310564328559188
3,18,35,35,0,0.03232341779899621,0.052919573999265515,-0.12310564328559188
3,19,35,35,0,0.03272738401273106,0.05301750520259517,-0.12341779899620517
3,20,35,35,0,0.032519280205655525,0.05266250459052516,-0.12356469580119966
3,21,35,35,0,0.032604970008568976,0.05304198800342759,-0.12361366140286449
3,22,35,35,0,0.032604970008568976,0.05304198800342759,-0.12361366140286449
3,23,35,35,0,0.0326416942098176,0.05287060839760068,-0.12398702411555881
3,24,35,35,0,0.032702901211898644,0.0530542294038438,-0.1231607295874648
3,25,35,35,0,0.032702901211898644,0.0530542294038438,-0.1231607295874648
3,26,35,35,0,0.03246419390378259,0.05312767780634105,-0.12355245440078344
3,27,35,35,0,0.03243971110295017,0.05325009181050312,-0.12356469580119966
3,28,35,35,0,0.03243971110295017,0.05325009181050312,-0.12356469580119966
3,29,35,35,0,0.03235402130003672,0.05313991920675726,-0.12304443628351083
3,30,35,35,0,0.032647814910025705,0.05329905741216795,-0.12338719549516464
3,31,35,35,0,0.032647814910025705,0.05329905741216795,-0.12338719549516464
3,32,35,35,0,0.03255600440690415,0.052919573999265515,-0.12325254009058637
3,33,35,35,0,0.03226833149712327,0.05287672909780879,-0.1234790059982862
3,34,35,35,0,0.03241522830211776,0.05292569469947363,-0.12343004039662138
3,35,35,35,0,0.03241522830211776,0.05292569469947363,-0.12343004039662138
3,36,35,35,0,0.0324703146039907,0.05350716121924348,-0.12335047129391603
3,37,35,35,0,0.03270902191210674,0.05323785041008692,-0.12344840249724569
3,38,35,35,0,0.03270902191210674,0.05323785041008692,-0.12344840249724569
3,39,35,35,0,0.03250703880523932,0.05310319500550863,-0.12357693720161586
3,40,35,35,0,0.032574366507528464,0.05312767780634105,-0.12338719549516464
3,41,35,35,0,0.032574366507528464,0.05312767780634105,-0.12338719549516464
3,42,35,35,0,0.032574366507528464,0.05312155710613294,-0.12336271269433223
3,43,35,35,0,0.03259272860815277,0.053188884808422085,-0.12350960949932673
3,44,35,35,0,0.03259272860815277,0.053188884808422085,-0.12350960949932673
3,45,35,35,0,0.03285591871710124,0.052974660301138454,-0.12316685028767291
3,46,35,35,0,0.03238462480107725,0.05295017750030604,-0.12351573019953484
3,47,35,35,0,0.03261109070877709,0.05317052270779778,-0.1233015056922512
3,48,35,35,0,0.03261109070877709,0.05317052270779778,-0.1233015056922512
3,49,35,35,0,0.0324825560044069,0.0530481087036357,-0.1234912473987024
3,50,35,35,0,0.0324764353041988,0.05315828130738156,-0.12343004039662138
3,51,35,35,0,0.0324764353041988,0.05315828130738156,-0.12343004039662138
3,52,35,35,0,0.03240910760190966,0.052931815399681725,-0.12337495409474844
3,53,35,35,0,0.03222548659566654,0.05300526380217897,-0.12328314359162688
3,54,35,35,0,0.03222548659566654,0.05300526380217897,-0.12328314359162688
3,55,35,35,0,0.03256824580732036,0.052919573999265515,-0.12361366140286449
3,56,35,35,0,0.03248867670461501,0.05332354021300036,-0.12354021300036724
3,57,35,35,0,0.032702901211898644,0.05325621251071122,-0.12360754070265638
3,58,35,35,0,0.032702901211898644,0.05325621251071122,-0.12360754070265638
3,59,35,35,0,0.03233565919941241,0.052937936099889824,-0.12352185089974292
3,60,35,35,0,0.032574366507528464,0.053274574611335536,-0.12376667890806707
3,61,35,35,0,0.032574366507528464,0.053274574611335536,-0.12376667890806707
3,62,35,35,0,0.03277634961439589,0.0530603501040519,-0.12325866079079446
3,63,35,35,0,0.03235402130003672,0.05300526380217897,-0.12366262700452932
3,64,35,35,0,0.032445831803158284,0.05290733259884931,-0.12352185089974292
3,65,35,35,0,0.032445831803158284,0.05290733259884931,-0.12352185089974292
3,66,35,35,0,0.0323172970987881,0.05310931570571673,-0.12371771330640224
3,67,35,35,0,0.032715142612314854,0.05316440200758967,-0.12349736809891051
3,68,35,35,0,0.032715142612314854,0.05316440200758967,-0.12349736809891051
3,69,35,35,0,0.03262333210919329,0.05312155710613294,-0.12343004039662138
3,70,35,35,0,0.03246419390378259,0.053213367609254505,-0.12395642061451831
3,71,35,35,0,0.032274452197331376,0.053188884808422085,-0.12354021300036724
3,72,35,35,0,0.032274452197331376,0.053188884808422085,-0.12354021300036724
3,73,35,35,0,0.03256824580732036,0.05309095360509243,-0.12352185089974292
3,74,35,35,0,0.032562125107112254,0.05306647080426,-0.12312400538621618
3,75,35,35,0,0.032562125107112254,0.05306647080426,-0.12312400538621618
3,76,35,35,0,0.032360142000244826,0.05318276410821397,-0.12339331619537275
3,77,35,35,0,0.0324764353041988,0.0530603501040519,-0.12336883339454034
3,78,35,35,0,0.0324764353041988,0.0530603501040519,-0.12336883339454034
3,79,35,35,0,0.032562125107112254,0.05309095360509243,-0.12342391969641327
3,80,35,35,0,0.03273962541314727,0.052919573999265515,-0.12346676459787001
3,81,35,35,0,0.03273962541314727,0.052919573999265515,-0.12346676459787001
3,82,35,35,0,0.03258660790794467,0.05320112620883829,-0.12357693720161586
3,83,35,35,0,0.03242746970253397,0.052974660301138454,-0.12352797159995103
3,84,35,35,0,0.0326355735096095,0.05304198800342759,-0.1234790059982862
3,85,35,35,0,0.0326355735096095,0.05304198800342759,-0.1234790059982862
3,86,35,35,0,0.03256824580732036,0.053115436405924844,-0.12349736809891051
3,87,35,35,0,0.03250703880523932,0.05315216060717346,-0.12344840249724569
3,88,35,35,0,0.03250703880523932,0.05315216060717346,-0.12344840249724569
3,89,35,35,0,0.032531521606071735,0.053286816011751746,-0.12346676459787001
3,90,35,35,0,0.03258048720773656,0.05315828130738156,-0.12363202350348881
3,91,35,35,0,0.03258048720773656,0.05315828130738156,-0.12363202350348881
3,92,35,35,0,0.0324764353041988,0.053219488309462604,-0.12355857510099155
3,93,35,35,0,0.03245807320357449,0.05306647080426,-0.12376667890806707
3,94,35,35,0,0.03245807320357449,0.05306647080426,-0.12376667890806707
3,95,35,35,0,0.03234790059982862,0.05312155710613294,-0.12355857510099155
3,96,35,35,0,0.0326416942098176,0.053035867303219485,-0.12338107479495655
3,97,35,35,0,0.03272126331252295,0.05294405680009793,-0.12342391969641327
3,98,35,35,0,0.03272126331252295,0.05294405680009793,-0.12342391969641327
3,99,35,35,0,0.03255600440690415,0.05295017750030604,-0.1236259028032807
