values,,position,position,position,Magnetometer,Magnetometer,Magnetometer
axis,,x,y,z,x,y,z
Sensor,Sample,,,,,,
0,0,0,0,0,0.04295507406047252,-0.03443505937079202,-0.12270167707185702
0,1,0,0,0,0.04286938425755906,-0.034514628473497365,-0.12303831558330273
0,2,0,0,0,0.04286938425755906,-0.034514628473497365,-0.12303831558330273
0,3,0,0,0,0.04290610845880769,-0.0342391969641327,-0.12291590157914065
0,4,0,0,0,0.04277757375443751,-0.034355490268086666,-0.12294650508018116
0,5,0,0,0,0.04277757375443751,-0.034355490268086666,-0.12294650508018116
0,6,0,0,0,0.042808177255478023,-0.03447790427224874,-0.12260986656873547
0,7,0,0,0,0.04286938425755906,-0.034355490268086666,-0.12281184967560288
0,8,0,0,0,0.04286938425755906,-0.034355490268086666,-0.12281184967560288
0,9,0,0,0,0.04285714285714286,-0.03423307626392459,-0.12275064267352184
0,10,0,0,0,0.042918349859223895,-0.034526869873913575,-0.12273840127310565
0,11,0,0,0,0.042918349859223895,-0.034526869873913575,-0.12273840127310565
0,12,0,0,0,0.042887746358183376,-0.03436773166850288,-0.12289141877830825
0,13,0,0,0,0.04261231484881871,-0.03437997306891909,-0.1228363324764353
0,14,0,0,0,0.04261231484881871,-0.03437997306891909,-0.1228363324764353
0,15,0,0,0,0.042802056555269925,-0.03445342147141633,-0.12279348757497859
0,16,0,0,0,0.04291222915901579,-0.03452074917370547,-0.12270167707185702
0,17,0,0,0,0.04291222915901579,-0.03452074917370547,-0.12270167707185702
0,18,0,0,0,0.04266740115069164,-0.034557473374954094,-0.1226588321704003
0,19,0,0,0,0.04286326355735096,-0.034526869873913575,-0.12283021177622719
0,20,0,0,0,0.04286326355735096,-0.034526869873913575,-0.12283021177622719
0,21,0,0,0,0.04284490145672665,-0.03423307626392459,-0.12261598726894356
0,22,0,0,0,0.04279593585506182,-0.0345758354755784,-0.12281184967560288
0,23,0,0,0,0.042802056555269925,-0.03420859346309218,-0.12263434936956788
0,24,0,0,0,0.042802056555269925,-0.03420859346309218,-0.12263434936956788
0,25,0,0,0,0.04297955686130493,-0.03433100746725425,-0.12270779777206513
0,26,0,0,0,0.042746970253396986,-0.034282041865589426,-0.12289753947851634
0,27,0,0,0,0.042746970253396986,-0.034282041865589426,-0.12289753947851634
0,28,0,0,0,0.04286326355735096,-0.03445954217162443,-0.12270779777206513
0,29,0,0,0,0.0429367119598482,-0.03431876606683805,-0.12271391847227323
0,30,0,0,0,0.0429367119598482,-0.03431876606683805,-0.12271391847227323
0,31,0,0,0,0.04286938425755906,-0.03439221446933529,-0.1228363324764353
0,32,0,0,0,0.04269800465173216,-0.034398335169543395,-0.12258538376790304
0,33,0,0,0,0.04269800465173216,-0.034398335169543395,-0.12258538376790304
0,34,0,0,0,0.04285714285714286,-0.03425755906475701,-0.12291590157914065
0,35,0,0,0,0.042930591259640105,-0.03431264536662994,-0.12296486718080549
0,36,0,0,0,0.0427653323540213,-0.03429428326600563,-0.12284245317664341
0,37,0,0,0,0.0427653323540213,-0.03429428326600563,-0.12284245317664341
0,38,0,0,0,0.04278369445464561,-0.03436773166850288,-0.12273840127310565
0,39,0,0,0,0.043028522462969766,-0.034416697270167704,-0.12268943567144082
0,40,0,0,0,0.043028522462969766,-0.034416697270167704,-0.12268943567144082
0,41,0,0,0,0.04278369445464561,-0.034698249479740484,-0.12272003917248134
0,42,0,0,0,0.04286938425755906,-0.034441180071000124,-0.12272615987268945
0,43,0,0,0,0.04286938425755906,-0.034441180071000124,-0.12272615987268945
0,44,0,0,0,0.04273472885298078,-0.03396376545476802,-0.12274452197331373
0,45,0,0,0,0.04283266005631044,-0.03431876606683805,-0.1226955563716489
0,46,0,0,0,0.04283266005631044,-0.03431876606683805,-0.1226955563716489
0,47,0,0,0,0.04268576325131595,-0.03448402497245685,-0.12253029746603013
0,48,0,0,0,0.04286938425755906,-0.03425755906475701,-0.1228363324764353
0,49,0,0,0,0.04286938425755906,-0.03425755906475701,-0.1228363324764353
0,50,0,0,0,0.042606194148610596,-0.03429428326600563,-0.12295874648059738
0,51,0,0,0,0.042802056555269925,-0.03407393805851389,-0.12306891908434325
0,52,0,0,0,0.042802056555269925,-0.03407393805851389,-0.12306891908434325
0,53,0,0,0,0.04272248745256457,-0.03412290366017872,-0.12295262578038928
0,54,0,0,0,0.042618435549026806,-0.03425755906475701,-0.12306891908434325
0,55,0,0,0,0.042618435549026806,-0.03425755906475701,-0.12306891908434325
0,56,0,0,0,0.04272860815277268,-0.034698249479740484,-0.12295262578038928
0,57,0,0,0,0.042704125351940264,-0.03431264536662994,-0.12290978087893253
0,58,0,0,0,0.04273472885298078,-0.03431876606683805,-0.1231362467866324
0,59,0,0,0,0.04273472885298078,-0.03431876606683805,-0.1231362467866324
0,60,0,0,0,0.04307136736442649,-0.03444730077120823,-0.12301995348267843
0,61,0,0,0,0.04274084955318889,-0.03429428326600563,-0.12311788468600808
0,62,0,0,0,0.04274084955318889,-0.03429428326600563,-0.12311788468600808
0,63,0,0,0,0.04285102215693475,-0.03431264536662994,-0.12302607418288651
0,64,0,0,0,0.04266740115069164,-0.03450238707308116,-0.12289753947851634
0,65,0,0,0,0.04266740115069164,-0.03450238707308116,-0.12289753947851634
0,66,0,0,0,0.04298567756151304,-0.034416697270167704,-0.12316685028767291
0,67,0,0,0,0.04283266005631044,-0.03414738646101114,-0.12283021177622719
0,68,0,0,0,0.04283266005631044,-0.03414738646101114,-0.12283021177622719
0,69,0,0,0,0.04304076386338597,-0.03431264536662994,-0.12285469457705962
0,70,0,0,0,0.04312645366629943,-0.03434936956787856,-0.12286081527726771
0,71,0,0,0,0.04312645366629943,-0.03434936956787856,-0.12286081527726771
0,72,0,0,0,0.042691883951524054,-0.03447790427224874,-0.1225180560656139
0,73,0,0,0,0.0427653323540213,-0.034410576569959606,-0.12292202227934876
0,74,0,0,0,0.0427653323540213,-0.034410576569959606,-0.12292202227934876
0,75,0,0,0,0.042691883951524054,-0.034441180071000124,-0.12275064267352184
0,76,0,0,0,0.042924470559432,-0.03455135267474599,-0.1228057289753948
0,77,0,0,0,0.042924470559432,-0.03455135267474599,-0.1228057289753948
0,78,0,0,0,0.0429367119598482,-0.03426367976496511,-0.12268943567144082
0,79,0,0,0,0.04256946994736198,-0.034416697270167704,-0.12279348757497859
0,80,0,0,0,0.04256946994736198,-0.03445954217162443,-0.12259150446811115
0,81,0,0,0,0.04283878075651855,-0.03445954217162443,-0.12259150446811115
0,82,0,0,0,0.04253886644632146,-0.03453299057412168,-0.12273840127310565
0,83,0,0,0,0.04297955686130493,-0.03463092177745134,-0.12276900477414616
0,84,0,0,0,0.04297955686130493,-0.03463092177745134,-0.12276900477414616
0,85,0,0,0,0.04254498714652956,-0.034398335169543395,-0.12284245317664341
0,86,0,0,0,0.04299179826172114,-0.03420859346309218,-0.1229709878810136
0,87,0,0,0,0.04299179826172114,-0.03420859346309218,-0.1229709878810136
0,88,0,0,0,0.04275309095360509,-0.03423307626392459,-0.12293426367976497
0,89,0,0,0,0.04289386705839148,-0.0342514383645489,-0.12292202227934876
0,90,0,0,0,0.04289386705839148,-0.0342514383645489,-0.12292202227934876
0,91,0,0,0,0.04285714285714286,-0.03444730077120823,-0.12274452197331373
0,92,0,0,0,0.04265515975027544,-0.03447178357204064,-0.12286693597747582
0,93,0,0,0,0.04265515975027544,-0.03447178357204064,-0.12286693597747582
0,94,0,0,0,0.042691883951524054,-0.03425755906475701,-0.1228240910760191
0,95,0,0,0,0.04299179826172114,-0.03431876606683805,-0.12287917737789203
0,96,0,0,0,0.04299179826172114,-0.03431876606683805,-0.12287917737789203
0,97,0,0,0,0.04252662504590525,-0.03414738646101114,-0.12268943567144082
0,98,0,0,0,0.04258171134777818,-0.03439221446933529,-0.1228363324764353
0,99,0,0,0,0.04258171134777818,-0.03453911127432978,-0.1228240910760191
1,0,35,0,0,-0.028712204676214957,-0.012718815032439712,-0.11778063410454157
1,1,35,0,0,-0.028779532378504103,-0.01331252295262578,-0.11791528950911985
1,2,35,0,0,-0.028528583669971845,-0.012920798139307138,-0.11804994491369813
1,3,35,0,0,-0.028528583669971845,-0.012920798139307138,-0.11823356591994123
1,4,35,0,0,-0.02860815277267719,-0.013171746847839394,-0.11823356591994123
1,5,35,0,0,-0.028736687477047374,-0.013122781246174562,-0.11784184110662259
1,6,35,0,0,-0.028785653078712205,-0.01278002203452075,-0.11795813441057657
1,7,35,0,0,-0.028785653078712205,-0.01278002203452075,-0.11795813441057657
1,8,35,0,0,-0.02870608397600686,-0.013043212143469212,-0.11824580732035746
1,9,35,0,0,-0.028540825070388055,-0.012902436038682824,-0.11787856530787122
1,10,35,0,0,-0.028540825070388055,-0.012902436038682824,-0.11787856530787122
1,11,35,0,0,-0.028602032072469093,-0.01284734973680989,-0.11836210062431143
1,12,35,0,0,-0.028528583669971845,-0.013043212143469212,-0.11776227200391724
1,13,35,0,0,-0.028528583669971845,-0.013043212143469212,-0.11776227200391724
1,14,35,0,0,-0.02889582568245807,-0.013018729342636797,-0.11809278981515485
1,15,35,0,0,-0.028638756273717713,-0.012920798139307138,-0.11764597869996327
1,16,35,0,0,-0.028638756273717713,-0.012920798139307138,-0.11816623821765211
1,17,35,0,0,-0.02885910148120945,-0.013030970743053006,-0.11816623821765211
1,18,35,0,0,-0.028595911372260984,-0.012853470437017993,-0.11794589301016037
1,19,35,0,0,-0.02879177377892031,-0.013067694944301628,-0.11823968662014935
1,20,35,0,0,-0.02879177377892031,-0.013067694944301628,-0.11823968662014935
1,21,35,0,0,-0.028755049577671686,-0.013024850042844902,-0.11798873791161708
1,22,35,0,0,-0.02865711837434202,-0.013281919451585262,-0.11828253152160609
1,23,35,0,0,-0.02865711837434202,-0.013281919451585262,-0.11828253152160609
1,24,35,0,0,-0.028822377279960825,-0.012975884441180072,-0.11791528950911985
1,25,35,0,0,-0.028883584282041862,-0.012871832537642305,-0.1180132207124495
1,26,35,0,0,-0.0289325498837067,-0.013012608642428694,-0.11789080670828742
1,27,35,0,0,-0.0289325498837067,-0.013012608642428694,-0.11789080670828742
1,28,35,0,0,-0.028755049577671686,-0.012633125229526258,-0.11813563471661157
1,29,35,0,0,-0.028595911372260984,-0.013061574244093524,-0.11814787611702779
1,30,35,0,0,-0.028595911372260984,-0.013061574244093524,-0.11814787611702779
1,31,35,0,0,-0.028687721875382544,-0.012945280940139553,-0.11792141020932793
1,32,35,0,0,-0.029110050189741703,-0.012865711837434202,-0.11807442771453054
1,33,35,0,0,-0.029110050189741703,-0.012865711837434202,-0.11807442771453054
1,34,35,0,0,-0.02852246296976374,-0.012877953237850409,-0.11819684171869263
1,35,35,0,0,-0.0286203941730934,-0.012884073938058512,-0.11809891051536296
1,36,35,0,0,-0.0286203941730934,-0.012884073938058512,-0.11809891051536296
1,37,35,0,0,-0.028675480474966337,-0.013043212143469212,-0.1179948586118252
1,38,35,0,0,-0.02851634226955564,-0.012816746235769371,-0.11823356591994123
1,39,35,0,0,-0.028816256579752723,-0.012835108336393683,-0.11804382421349002
1,40,35,0,0,-0.028816256579752723,-0.012835108336393683,-0.11804382421349002
1,41,35,0,0,-0.02869996327579875,-0.012926918839515241,-0.1179948586118252
1,42,35,0,0,-0.028816256579752723,-0.012982005141388175,-0.11790916880891174
1,43,35,0,0,-0.028816256579752723,-0.012982005141388175,-0.11790916880891174
1,44,35,0,0,-0.028589790672052882,-0.012859591137226099,-0.11796425511078468
1,45,35,0,0,-0.0286203941730934,-0.012633125229526258,-0.11787244460766311
1,46,35,0,0,-0.0286203941730934,-0.012633125229526258,-0.11787244460766311
1,47,35,0,0,-0.028687721875382544,-0.012853470437017993,-0.11793977230995226
1,48,35,0,0,-0.02865099767413392,-0.012926918839515241,-0.118160117517444
1,49,35,0,0,-0.02865099767413392,-0.012926918839515241,-0.118160117517444
1,50,35,0,0,-0.0286142734728853,-0.012988125841596278,-0.11815399681723589
1,51,35,0,0,-0.02874892887746358,-0.012675970130982983,-0.11792753090953605
1,52,35,0,0,-0.028834618680377032,-0.012877953237850409,-0.11812339331619537
1,53,35,0,0,-0.028834618680377032,-0.012877953237850409,-0.11812339331619537
1,54,35,0,0,-0.02869996327579875,-0.012933039539723346,-0.11812951401640348
1,55,35,0,0,-0.028822377279960825,-0.013245195250336638,-0.1179948586118252
1,56,35,0,0,-0.028822377279960825,-0.013245195250336638,-0.1179948586118252
1,57,35,0,0,-0.028724446076631167,-0.013018729342636797,-0.11805606561390622
1,58,35,0,0,-0.02887746358183376,-0.012951401640347656,-0.11816623821765211
1,59,35,0,0,-0.02887746358183376,-0.012951401640347656,-0.11816623821765211
1,60,35,0,0,-0.02874892887746358,-0.012675970130982983,-0.11809278981515485
1,61,35,0,0,-0.028755049577671686,-0.012718815032439712,-0.11803158281307383
1,62,35,0,0,-0.028755049577671686,-0.012718815032439712,-0.11803158281307383
1,63,35,0,0,-0.028871342881625656,-0.01295752234055576,-0.11811727261598728
1,64,35,0,0,-0.02857142857142857,-0.012884073938058512,-0.11817847961806831
1,65,35,0,0,-0.02869384257559065,-0.013098298445342146,-0.11815399681723589
1,66,35,0,0,-0.02869384257559065,-0.013098298445342146,-0.11815399681723589
1,67,35,0,0,-0.02892642918349859,-0.012743297833272127,-0.11804382421349002
1,68,35,0,0,-0.028865222181417554,-0.012737177133064024,-0.11819684171869263
1,69,35,0,0,-0.028865222181417554,-0.012737177133064024,-0.11819684171869263
1,70,35,0,0,-0.028834618680377032,-0.012920798139307138,-0.11811115191577917
1,71,35,0,0,-0.02860815277267719,-0.012963643040763865,-0.11822132451952502
1,72,35,0,0,-0.02860815277267719,-0.012963643040763865,-0.11822132451952502
1,73,35,0,0,-0.028644876973925815,-0.01268209083119109,-0.11797649651120087
1,74,35,0,0,-0.028761170277879788,-0.012657608030358671,-0.11804994491369813
1,75,35,0,0,-0.028761170277879788,-0.012657608030358671,-0.11804994491369813
1,76,35,0,0,-0.028546945770596154,-0.012743297833272127,-0.11787856530787122
1,77,35,0,0,-0.028883584282041862,-0.012988125841596278,-0.11814175541681968
1,78,35,0,0,-0.02874280817725548,-0.01310441914555025,-0.11806830701432244
1,79,35,0,0,-0.02874280817725548,-0.01310441914555025,-0.11806830701432244
1,80,35,0,0,-0.028583669971844777,-0.013061574244093524,-0.11800710001224139
1,81,35,0,0,-0.028712204676214957,-0.012884073938058512,-0.11809278981515485
1,82,35,0,0,-0.028712204676214957,-0.012884073938058512,-0.11809278981515485
1,83,35,0,0,-0.02890806708287428,-0.012890194638266617,-0.11820908311910883
1,84,35,0,0,-0.0286203941730934,-0.01282898763618558,-0.11806218631411433
1,85,35,0,0,-0.0286203941730934,-0.01282898763618558,-0.11806218631411433
1,86,35,0,0,-0.02892030848329049,-0.013067694944301628,-0.11801934141265762
1,87,35,0,0,-0.028804015179336517,-0.013018729342636797,-0.11824580732035746
1,88,35,0,0,-0.028804015179336517,-0.013018729342636797,-0.11824580732035746
1,89,35,0,0,-0.028577549271636676,-0.012871832537642305,-0.11792753090953605
1,90,35,0,0,-0.02879177377892031,-0.012835108336393683,-0.11781735830579018
1,91,35,0,0,-0.028834618680377032,-0.012675970130982983,-0.11812339331619537
1,92,35,0,0,-0.028834618680377032,-0.012675970130982983,-0.11812339331619537
1,93,35,0,0,-0.028828497980168934,-0.012933039539723346,-0.11812339331619537
1,94,35,0,0,-0.02865099767413392,-0.012786142734728853,-0.11812339331619537
1,95,35,0,0,-0.02865099767413392,-0.012786142734728853,-0.11812339331619537
1,96,35,0,0,-0.02866323907455013,-0.01326355735096095,-0.11805606561390622
1,97,35,0,0,-0.028681601175174442,-0.012798384135145061,-0.11793977230995226
1,98,35,0,0,-0.028681601175174442,-0.012798384135145061,-0.11793977230995226
1,99,35,0,0,-0.0289325498837067,-0.012926918839515241,-0.11787856530787122
2,0,0,35,0,-0.03929489533602644,0.05429061084588077,-0.09071489778430653
2,1,0,35,0,-0.03933774023748317,0.05496388786877219,-0.09086179458930102
2,2,0,35,0,-0.03908679152895091,0.05479250826294528,-0.09094748439221448
2,3,0,35,0,-0.03917860203207247,0.0545048353531644,-0.09092300159138206
2,4,0,35,0,-0.03917860203207247,0.0545048353531644,-0.09092300159138206
2,5,0,35,0,-0.039172481331864364,0.054663973558575094,-0.09089851879054964
2,6,0,35,0,-0.039001101726037456,0.05467621495899131,-0.09107601909658465
2,7,0,35,0,-0.039001101726037456,0.05467621495899131,-0.09107601909658465
2,8,0,35,0,-0.03933161953727506,0.05478026686252907,-0.09095360509242258
2,9,0,35,0,-0.039172481331864364,0.05479250826294528,-0.0909964499938793
2,10,0,35,0,-0.039172481331864364,0.05479250826294528,-0.0909964499938793
2,11,0,35,0,-0.03909903292936712,0.05474354266128045,-0.0910086913942955
2,12,0,35,0,-0.03916636063165626,0.05463337005753458,-0.09089239809034153
2,13,0,35,0,-0.03916636063165626,0.05463337005753458,-0.09089239809034153
2,14,0,35,0,-0.039282653935610236,0.05454768025462113,-0.0909903292936712
2,15,0,35,0,-0.03906230872811849,0.05484759456481821,-0.09097196719304688
2,16,0,35,0,-0.03906230872811849,0.05459052515607785,-0.09114334679887379
2,17,0,35,0,-0.03936834373852369,0.05459052515607785,-0.09114334679887379
2,18,0,35,0,-0.03913575713061575,0.054486473252540094,-0.09102093279471171
2,19,0,35,0,-0.03917860203207247,0.054755784061696657,-0.09110662259762517
2,20,0,35,0,-0.03917860203207247,0.054755784061696657,-0.09110662259762517
2,21,0,35,0,-0.03925817113477782,0.05457828375566165,-0.09093524299179825
2,22,0,35,0,-0.0392275676337373,0.05463337005753458,-0.09074550128534704
2,23,0,35,0,-0.0392275676337373,0.05463337005753458,-0.09074550128534704
2,24,0,35,0,-0.039356102338107476,0.054841473864610114,-0.09046394907577426
2,25,0,35,0,-0.039154119231240056,0.0545048353531644,-0.09092300159138206
2,26,0,35,0,-0.03931325743665075,0.054700697759823724,-0.09092912229159016
2,27,0,35,0,-0.03931325743665075,0.054700697759823724,-0.09092912229159016
2,28,0,35,0,-0.03920308483290488,0.05460888725670217,-0.09095972579263067
2,29,0,35,0,-0.03923980903415351,0.054596645856285965,-0.09072713918472272
2,30,0,35,0,-0.03923980903415351,0.054596645856285965,-0.09072713918472272
2,31,0,35,0,-0.039288774635818334,0.0546517321581589,-0.0908250703880524
2,32,0,35,0,-0.03930713673644265,0.05468233565919941,-0.0910086913942955
2,33,0,35,0,-0.03930713673644265,0.05468233565919941,-0.0910086913942955
2,34,0,35,0,-0.039196964132696785,0.05460276655649406,-0.09094748439221448
2,35,0,35,0,-0.03911127432978333,0.05440690414983475,-0.09104541559554413
2,36,0,35,0,-0.03911127432978333,0.05440690414983475,-0.09104541559554413
2,37,0,35,0,-0.03929489533602644,0.05439466274941853,-0.09090463949075775
2,38,0,35,0,-0.03913575713061575,0.054688456359407514,-0.09072713918472272
2,39,0,35,0,-0.03913575713061575,0.054688456359407514,-0.09072713918472272
2,40,0,35,0,-0.0393928265393561,0.054798628963153385,-0.09097808789325498
2,41,0,35,0,-0.03921532623332109,0.054657852858366995,-0.09086179458930102
2,42,0,35,0,-0.0393928265393561,0.05459052515607785,-0.0910086913942955
2,43,0,35,0,-0.0393928265393561,0.05459052515607785,-0.0910086913942955
2,44,0,35,0,-0.0390745501285347,0.0546517321581589,-0.09097196719304688
2,45,0,35,0,-0.0390684294283266,0.054596645856285965,-0.09121679520137103
2,46,0,35,0,-0.0390684294283266,0.054596645856285965,-0.09121679520137103
2,47,0,35,0,-0.03945403354143714,0.05478026686252907,-0.09093524299179825
2,48,0,35,0,-0.03924592973436161,0.054657852858366995,-0.09095972579263067
2,49,0,35,0,-0.03924592973436161,0.054657852858366995,-0.09095972579263067
2,50,0,35,0,-0.03908679152895091,0.05458440445586975,-0.09091076019096585
2,51,0,35,0,-0.03925205043456971,0.05473130126086424,-0.09103929489533603
2,52,0,35,0,-0.03925205043456971,0.05473130126086424,-0.09103929489533603
2,53,0,35,0,-0.039411188639980416,0.05448035255233199,-0.09103317419512792
2,54,0,35,0,-0.03930713673644265,0.05471293916023993,-0.09058636307993635
2,55,0,35,0,-0.03930713673644265,0.05471293916023993,-0.09081894968784429
2,56,0,35,0,-0.039301016036234544,0.05470681846003182,-0.09081894968784429
2,57,0,35,0,-0.039386705839148,0.054517076753580605,-0.09094748439221448
2,58,0,35,0,-0.03933774023748317,0.05473130126086424,-0.09077610478638756
2,59,0,35,0,-0.03933774023748317,0.05473130126086424,-0.09077610478638756
2,60,0,35,0,-0.039386705839148,0.05464561145795079,-0.09089851879054964
2,61,0,35,0,-0.039270412535194026,0.05490880156689926,-0.09086791528950912
2,62,0,35,0,-0.039270412535194026,0.05490880156689926,-0.09086791528950912
2,63,0,35,0,-0.03934998163789938,0.05462724935732648,-0.09102705349491982
2,64,0,35,0,-0.039423430040396626,0.054657852858366995,-0.09085567388909291
2,65,0,35,0,-0.039423430040396626,0.054657852858366995,-0.09085567388909291
2,66,0,35,0,-0.03920308483290488,0.054700697759823724,-0.09121067450116294
2,67,0,35,0,-0.03909291222915902,0.05467621495899131,-0.09089851879054964
2,68,0,35,0,-0.03909291222915902,0.05467621495899131,-0.09089851879054964
2,69,0,35,0,-0.03931937813685886,0.05442526625045905,-0.09106989839637655
2,70,0,35,0,-0.03934998163789938,0.054694577059615626,-0.09104541559554413
2,71,0,35,0,-0.0392275676337373,0.054688456359407514,-0.09103929489533603
2,72,0,35,0,-0.0392275676337373,0.054688456359407514,-0.09103929489533603
2,73,0,35,0,-0.03925205043456971,0.054400783449626636,-0.09075774268576325
2,74,0,35,0,-0.03916023993144816,0.054841473864610114,-0.0906904149834741
2,75,0,35,0,-0.03916023993144816,0.054841473864610114,-0.0906904149834741
2,76,0,35,0,-0.039172481331864364,0.05463949075774268,-0.09091688089117395
2,77,0,35,0,-0.03916023993144816,0.054559921655037334,-0.09088015668992533
2,78,0,35,0,-0.03916023993144816,0.054559921655037334,-0.09088015668992533
2,79,0,35,0,-0.039184722732280575,0.0546517321581589,-0.0909842085934631
2,80,0,35,0,-0.03947239564206145,0.05474966336148855,-0.09101481209450361
2,81,0,35,0,-0.03947239564206145,0.05474966336148855,-0.09101481209450361
2,82,0,35,0,-0.039154119231240056,0.054810870363569596,-0.09110662259762517
2,83,0,35,0,-0.039141877830823846,0.054345697147753703,-0.09115558819929
2,84,0,35,0,-0.039141877830823846,0.054345697147753703,-0.09115558819929
2,85,0,35,0,-0.039301016036234544,0.054559921655037334,-0.0909964499938793
2,86,0,35,0,-0.03921532623332109,0.05446199045170767,-0.09103317419512792
2,87,0,35,0,-0.0393928265393561,0.054357938548169914,-0.09073938058513895
2,88,0,35,0,-0.0393928265393561,0.054357938548169914,-0.09073938058513895
2,89,0,35,0,-0.03926429183498592,0.05471293916023993,-0.09103317419512792
2,90,0,35,0,-0.0392214469335292,0.054700697759823724,-0.09106377769616844
2,91,0,35,0,-0.0392214469335292,0.054700697759823724,-0.09106377769616844
2,92,0,35,0,-0.039196964132696785,0.05474966336148855,-0.09071489778430653
2,93,0,35,0,-0.039184722732280575,0.054413024850042846,-0.09073325988493083
2,94,0,35,0,-0.039184722732280575,0.054413024850042846,-0.09073325988493083
2,95,0,35,0,-0.03919084343248867,0.05460888725670217,-0.09092912229159016
2,96,0,35,0,-0.039411188639980416,0.05452931815399682,-0.09090463949075775
2,97,0,35,0,-0.039411188639980416,0.05452931815399682,-0.09090463949075775
2,98,0,35,0,-0.03929489533602644,0.05459052515607785,-0.09076998408617945
2,99,0,35,0,-0.0393928265393561,0.05483535316440201,-0.0908311910882605
3,0,35,35,0,0.02544987146529563,0.05320112620883829,-0.11776227200391724
3,1,35,35,0,0.02544987146529563,0.05320112620883829,-0.11776227200391724
3,2,35,35,0,0.025492716366752356,0.053072591504468115,-0.11803158281307383
3,3,35,35,0,0.0254009058636308,0.05326233321091933,-0.11759701309829844
3,4,35,35,0,0.0254009058636308,0.05326233321091933,-0.11759701309829844
3,5,35,35,0,0.025345819561757865,0.052993022401762756,-0.11760925449871465
3,6,35,35,0,0.025333578161341658,0.05300526380217897,-0.11776839270412535
3,7,35,35,0,0.025333578161341658,0.05300526380217897,-0.11776839270412535
3,8,35,35,0,0.025296853960093034,0.05309707430530053,-0.11757253029746603
3,9,35,35,0,0.025351940261965966,0.05304198800342759,-0.11754192679642553
3,10,35,35,0,0.025351940261965966,0.05304198800342759,-0.11754192679642553
3,11,35,35,0,0.025511078467376668,0.053176643408005875,-0.11778675480474968
3,12,35,35,0,0.025315216060717342,0.05317052270779778,-0.11759701309829844
3,13,35,35,0,0.025205043456971478,0.05315828130738156,-0.11792141020932793
3,14,35,35,0,0.025205043456971478,0.05315828130738156,-0.11792141020932793
3,15,35,35,0,0.025168319255722854,0.05315828130738156,-0.11740115069163912
3,16,35,35,0,0.025596768270290123,0.05316440200758967,-0.1176827029012119
3,17,35,35,0,0.025596768270290123,0.05316440200758967,-0.1176827029012119
3,18,35,35,0,0.02544987146529563,0.0530542294038438,-0.11761537519892276
3,19,35,35,0,0.025082629452809403,0.053072591504468115,-0.11746847839392827
3,20,35,35,0,0.025082629452809403,0.053072591504468115,-0.11746847839392827
3,21,35,35,0,0.02551719916758477,0.05301750520259517,-0.11740115069163912
3,22,35,35,0,0.025278491859468722,0.05323172970987881,-0.11772554780266861
3,23,35,35,0,0.025504957767168563,0.05292569469947363,-0.11741951279226344
3,24,35,35,0,0.025504957767168563,0.05292569469947363,-0.11741951279226344
3,25,35,35,0,0.025278491859468722,0.05329293671195985,-0.11763373729954707
3,26,35,35,0,0.02544987146529563,0.053078712204676214,-0.11766434080058759
3,27,35,35,0,0.02544987146529563,0.053078712204676214,-0.11766434080058759
3,28,35,35,0,0.02535806096217407,0.052962418900722244,-0.11745623699351207
3,29,35,35,0,0.025235646958011997,0.05286448769739258,-0.11756028889704981
3,30,35,35,0,0.025235646958011997,0.05286448769739258,-0.11756028889704981
3,31,35,35,0,0.025455992165503732,0.05302362590280328,-0.1175174439955931
3,32,35,35,0,0.025345819561757865,0.05315828130738156,-0.11742563349247155
3,33,35,35,0,0.025437630064879424,0.053213367609254505,-0.11751132329538498
3,34,35,35,0,0.025437630064879424,0.053213367609254505,-0.11751132329538498
3,35,35,35,0,0.025345819561757865,0.05315216060717346,-0.11738278859101481
3,36,35,35,0,0.025664095972579265,0.053219488309462604,-0.1178357204064145
3,37,35,35,0,0.025664095972579265,0.053219488309462604,-0.1178357204064145
3,38,35,35,0,0.025394785163422695,0.05310931570571673,-0.11776227200391724
3,39,35,35,0,0.025309095360509244,0.053078712204676214,-0.11745623699351207
3,40,35,35,0,0.025309095360509244,0.053078712204676214,-0.11745623699351207
3,41,35,35,0,0.025260129758844414,0.05309095360509243,-0.11775615130370913
3,42,35,35,0,0.02535806096217407,0.05318276410821397,-0.11756028889704981
3,43,35,35,0,0.02535806096217407,0.05318276410821397,-0.11756028889704981
3,44,35,35,0,0.025492716366752356,0.05320112620883829,-0.11760313379850655
3,45,35,35,0,0.025376423062798387,0.053390867915289505,-0.11793977230995226
3,46,35,35,0,0.025296853960093034,0.053072591504468115,-0.11800097931203331
3,47,35,35,0,0.025296853960093034,0.053072591504468115,-0.11800097931203331
3,48,35,35,0,0.025309095360509244,0.052962418900722244,-0.11745011629330396
3,49,35,35,0,0.02533969886154976,0.05281552209572775,-0.11757253029746603
3,50,35,35,0,0.02533969886154976,0.05281552209572775,-0.11757253029746603
3,51,35,35,0,0.025217284857387685,0.05312155710613294,-0.11761537519892276
3,52,35,35,0,0.025553923368833394,0.053029746603011386,-0.11762149589913087
3,53,35,35,0,0.025553923368833394,0.053029746603011386,-0.11762149589913087
3,54,35,35,0,0.025156077855306647,0.053274574611335536,-0.11728485738768515
3,55,35,35,0,0.025217284857387685,0.05309095360509243,-0.11758477169788224
3,56,35,35,0,0.025217284857387685,0.05309095360509243,-0.11758477169788224
3,57,35,35,0,0.025247888358428207,0.05326233321091933,-0.11760925449871465
3,58,35,35,0,0.025511078467376668,0.0532256090096707,-0.11746235769372015
3,59,35,35,0,0.025511078467376668,0.053078712204676214,-0.1172297710858122
3,60,35,35,0,0.025278491859468722,0.053078712204676214,-0.1172297710858122
3,61,35,35,0,0.025254009058636305,0.052833884196352064,-0.11765822010037948
3,62,35,35,0,0.025058146651976986,0.0530542294038438,-0.1176827029012119
3,63,35,35,0,0.025058146651976986,0.0530542294038438,-0.1176827029012119
3,64,35,35,0,0.0254009058636308,0.053029746603011386,-0.11765822010037948
3,65,35,35,0,0.025407026563838902,0.05304198800342759,-0.11768882360142001
3,66,35,35,0,0.025407026563838902,0.05304198800342759,-0.11768882360142001
3,67,35,35,0,0.025602888970498228,0.053286816011751746,-0.11751132329538498
3,68,35,35,0,0.025535561268209085,0.053188884808422085,-0.11772554780266861
3,69,35,35,0,0.025535561268209085,0.053188884808422085,-0.11772554780266861
3,70,35,35,0,0.025241767658220098,0.05296853960093034,-0.11759089239809035
3,71,35,35,0,0.025437630064879424,0.05316440200758967,-0.11746235769372015
3,72,35,35,0,0.025437630064879424,0.05299914310197087,-0.11754192679642553
3,73,35,35,0,0.025351940261965966,0.05299914310197087,-0.11754192679642553
3,74,35,35,0,0.025168319255722854,0.053286816011751746,-0.11764597869996327
3,75,35,35,0,0.025388664463214593,0.05312155710613294,-0.11729097808789327
3,76,35,35,0,0.025388664463214593,0.05312155710613294,-0.11729097808789327
3,77,35,35,0,0.02535806096217407,0.05310931570571673,-0.11746235769372015
3,78,35,35,0,0.025425388664463217,0.05310319500550863,-0.11744399559309585
3,79,35,35,0,0.025425388664463217,0.05310319500550863,-0.11744399559309585
3,80,35,35,0,0.025376423062798387,0.05308483290488432,-0.11756640959725792
3,81,35,35,0,0.025443750765087526,0.05308483290488432,-0.11775003060350105
3,82,35,35,0,0.025443750765087526,0.05308483290488432,-0.11775003060350105
3,83,35,35,0,0.025437630064879424,0.05294405680009793,-0.11762761659933896
3,84,35,35,0,0.025284612559676827,0.05294405680009793,-0.11748684049455257
3,85,35,35,0,0.025474354266128048,0.05317052270779778,-0.1177071857020443
3,86,35,35,0,0.025474354266128048,0.05317052270779778,-0.1177071857020443
3,87,35,35,0,0.025351940261965966,0.05320724690904639,-0.11746847839392827
3,88,35,35,0,0.02527237115926062,0.0530603501040519,-0.11742563349247155
3,89,35,35,0,0.02527237115926062,0.0530603501040519,-0.11742563349247155
3,90,35,35,0,0.025333578161341658,0.0530542294038438,-0.11759701309829844
3,91,35,35,0,0.02517443995593096,0.05290121189864121,-0.11749908189496878
3,92,35,35,0,0.02517443995593096,0.05290121189864121,-0.11749908189496878
3,93,35,35,0,0.025211164157179583,0.05318276410821397,-0.11763985799975518
3,94,35,35,0,0.025443750765087526,0.05323785041008692,-0.11769494430162811
3,95,35,35,0,0.025443750765087526,0.05323785041008692,-0.11769494430162811
3,96,35,35,0,0.025590647570082014,0.05331129881258416,-0.11774390990329293
3,97,35,35,0,0.02517443995593096,0.052931815399681725,-0.11727261598726894
3,98,35,35,0,0.02544987146529563,0.05335414371404089,-0.11745623699351207
3,99,35,35,0,0.02544987146529563,0.05335414371404089,-0.11745623699351207
