values,,Magnetometer,Magnetometer,Magnetometer,position,position,position
axis,,x,y,z,x,y,z
Sensor,Sample,,,,,,
0,0,-0.0753886644632146,-0.049644999387929975,-0.08915411923124006,0.0,0.0,0.0
0,1,-0.0753886644632146,-0.049644999387929975,-0.08915411923124006,0.0,0.0,0.0
0,2,-0.07532745746113355,-0.0498347410943812,-0.08905618802791039,0.0,0.0,0.0
0,3,-0.07570082017382788,-0.04976129269188395,-0.08913575713061575,0.0,0.0,0.0
0,4,-0.07570082017382788,-0.04976129269188395,-0.08913575713061575,0.0,0.0,0.0
0,5,-0.07551107846737667,-0.04976129269188395,-0.08885420492104297,0.0,0.0,0.0
0,6,-0.07531521606071735,-0.04988982739625413,-0.0889092912229159,0.0,0.0,0.0
0,7,-0.0753947851634227,-0.049871465295629816,-0.08926429183498592,0.0,0.0,0.0
0,8,-0.0753947851634227,-0.049871465295629816,-0.08926429183498592,0.0,0.0,0.0
0,9,-0.07532745746113355,-0.04958991308605705,-0.0892214469335292,0.0,0.0,0.0
0,10,-0.0752234055575958,-0.04990206879667034,-0.0892336883339454,0.0,0.0,0.0
0,11,-0.0752234055575958,-0.04990206879667034,-0.0892336883339454,0.0,0.0,0.0
0,12,-0.07538254376300649,-0.049755171991675846,-0.0890806708287428,0.0,0.0,0.0
0,13,-0.07546823356591995,-0.05005508630187293,-0.0890745501285347,0.0,0.0,0.0
0,14,-0.07546823356591995,-0.05005508630187293,-0.0890745501285347,0.0,0.0,0.0
0,15,-0.07532745746113355,-0.04990206879667034,-0.08909903292936712,0.0,0.0,0.0
0,16,-0.0752478883584282,-0.05004896560166483,-0.08919696413269677,0.0,0.0,0.0
0,17,-0.0752478883584282,-0.05004896560166483,-0.08919696413269677,0.0,0.0,0.0
0,18,-0.07532133676092545,-0.04963887868772188,-0.08920920553311298,0.0,0.0,0.0
0,19,-0.07520504345697147,-0.049840861794589304,-0.08913575713061575,0.0,0.0,0.0
0,20,-0.07520504345697147,-0.049840861794589304,-0.08913575713061575,0.0,0.0,0.0
0,21,-0.07533969886154976,-0.04993267229771085,-0.08916023993144816,0.0,0.0,0.0
0,22,-0.07544375076508752,-0.04986534459542172,-0.08912963643040764,0.0,0.0,0.0
0,23,-0.07544375076508752,-0.04986534459542172,-0.08912963643040764,0.0,0.0,0.0
0,24,-0.0755600440690415,-0.04985310319500551,-0.08920920553311298,0.0,0.0,0.0
0,25,-0.07532133676092545,-0.04996327579875138,-0.08912963643040764,0.0,0.0,0.0
0,26,-0.07532133676092545,-0.04996327579875138,-0.08912963643040764,0.0,0.0,0.0
0,27,-0.07537642306279838,-0.04985922389521361,-0.08917248133186437,0.0,0.0,0.0
0,28,-0.07551719916758477,-0.04966336148855429,-0.08860937691271882,0.0,0.0,0.0
0,29,-0.0752478883584282,-0.04993267229771085,-0.08917860203207248,0.0,0.0,0.0
0,30,-0.0752478883584282,-0.04993267229771085,-0.08917860203207248,0.0,0.0,0.0
0,31,-0.07552944056800098,-0.04970620639001101,-0.08903170522707797,0.0,0.0,0.0
0,32,-0.07554780266862529,-0.0496817235891786,-0.08931325743665075,0.0,0.0,0.0
0,33,-0.07554780266862529,-0.0496817235891786,-0.08931325743665075,0.0,0.0,0.0
0,34,-0.07530909536050924,-0.04959603378626515,-0.0893805851389399,0.0,0.0,0.0
0,35,-0.0754192679642551,-0.04981637899375689,-0.0890806708287428,0.0,0.0,0.0
0,36,-0.0754192679642551,-0.04981637899375689,-0.0890806708287428,0.0,0.0,0.0
0,37,-0.07552944056800098,-0.04988982739625413,-0.0893805851389399,0.0,0.0,0.0
0,38,-0.07548659566654425,-0.049840861794589304,-0.0892153262333211,0.0,0.0,0.0
0,39,-0.07548659566654425,-0.049840861794589304,-0.0892153262333211,0.0,0.0,0.0
0,40,-0.07533357816134165,-0.049669482188762396,-0.08903170522707797,0.0,0.0,0.0
0,41,-0.07545599216550374,-0.04972456849063533,-0.08896437752478883,0.0,0.0,0.0
0,42,-0.07545599216550374,-0.04972456849063533,-0.08896437752478883,0.0,0.0,0.0
0,43,-0.07533969886154976,-0.049871465295629816,-0.08895213612437262,0.0,0.0,0.0
0,44,-0.07521728485738768,-0.04976129269188395,-0.08925817113477783,0.0,0.0,0.0
0,45,-0.07521728485738768,-0.04976129269188395,-0.08925817113477783,0.0,0.0,0.0
0,46,-0.07546823356591995,-0.04987758599583793,-0.08879299791896192,0.0,0.0,0.0
0,47,-0.07535806096217408,-0.049840861794589304,-0.08910515362957523,0.0,0.0,0.0
0,48,-0.07535806096217408,-0.049840861794589304,-0.08910515362957523,0.0,0.0,0.0
0,49,-0.07533357816134165,-0.049914310197086545,-0.08852368710980536,0.0,0.0,0.0
0,50,-0.07530297466030114,-0.04997551719916758,-0.08891541192312401,0.0,0.0,0.0
0,51,-0.07564573387195496,-0.0498347410943812,-0.08925817113477783,0.0,0.0,0.0
0,52,-0.07564573387195496,-0.0498347410943812,-0.08925817113477783,0.0,0.0,0.0
0,53,-0.07543763006487943,-0.04970620639001101,-0.08893377402374832,0.0,0.0,0.0
0,54,-0.07553556126820908,-0.050165258905618806,-0.08914799853103195,0.0,0.0,0.0
0,55,-0.07553556126820908,-0.050165258905618806,-0.08914799853103195,0.0,0.0,0.0
0,56,-0.07529685396009303,-0.049742930591259636,-0.08898273962541314,0.0,0.0,0.0
0,57,-0.0755600440690415,-0.04966336148855429,-0.08904394662749418,0.0,0.0,0.0
0,58,-0.0755600440690415,-0.04966336148855429,-0.08904394662749418,0.0,0.0,0.0
0,59,-0.07538254376300649,-0.04973068919084343,-0.08915411923124006,0.0,0.0,0.0
0,60,-0.07531521606071735,-0.04976129269188395,-0.08897049822499695,0.0,0.0,0.0
0,61,-0.07531521606071735,-0.04976129269188395,-0.08897049822499695,0.0,0.0,0.0
0,62,-0.0755600440690415,-0.05,-0.08903170522707797,0.0,0.0,0.0
0,63,-0.07529685396009303,-0.05011629330395397,-0.0892336883339454,0.0,0.0,0.0
0,64,-0.07529685396009303,-0.05011629330395397,-0.0892336883339454,0.0,0.0,0.0
0,65,-0.0753886644632146,-0.04985922389521361,-0.0890806708287428,0.0,0.0,0.0
0,66,-0.07559064757008202,-0.04960215448647325,-0.08915411923124006,0.0,0.0,0.0
0,67,-0.07559064757008202,-0.04960215448647325,-0.08915411923124006,0.0,0.0,0.0
0,68,-0.07551107846737667,-0.049742930591259636,-0.0892214469335292,0.0,0.0,0.0
0,69,-0.07551719916758477,-0.04980413759334068,-0.0890684294283266,0.0,0.0,0.0
0,70,-0.07551719916758477,-0.04980413759334068,-0.0890684294283266,0.0,0.0,0.0
0,71,-0.0753886644632146,-0.049895948096462236,-0.08903782592728608,0.0,0.0,0.0
0,72,-0.07529073325988493,-0.049712327090219124,-0.08898886032562126,0.0,0.0,0.0
0,73,-0.0752478883584282,-0.05001224140041621,-0.08903782592728608,0.0,0.0,0.0
0,74,-0.0752478883584282,-0.05001224140041621,-0.08903782592728608,0.0,0.0,0.0
0,75,-0.07533969886154976,-0.05006120700208104,-0.08910515362957523,0.0,0.0,0.0
0,76,-0.07546823356591995,-0.04997551719916758,-0.08925817113477783,0.0,0.0,0.0
0,77,-0.07546823356591995,-0.04997551719916758,-0.08925817113477783,0.0,0.0,0.0
0,78,-0.07570694087403598,-0.04977965479250827,-0.08904394662749418,0.0,0.0,0.0
0,79,-0.07544375076508752,-0.0495103439833517,-0.0888909291222916,0.0,0.0,0.0
0,80,-0.07544375076508752,-0.0495103439833517,-0.0888909291222916,0.0,0.0,0.0
0,81,-0.07533969886154976,-0.049785775492716365,-0.0890745501285347,0.0,0.0,0.0
0,82,-0.07543763006487943,-0.04979189619292447,-0.0889215326233321,0.0,0.0,0.0
0,83,-0.07543763006487943,-0.04979189619292447,-0.0889215326233321,0.0,0.0,0.0
0,84,-0.07535806096217408,-0.0496756028889705,-0.08927653323540213,0.0,0.0,0.0
0,85,-0.07517443995593096,-0.04973068919084343,-0.08903782592728608,0.0,0.0,0.0
0,86,-0.07517443995593096,-0.04973068919084343,-0.08903782592728608,0.0,0.0,0.0
0,87,-0.07526625045905252,-0.04981025829354878,-0.08887868772187538,0.0,0.0,0.0
0,88,-0.07526625045905252,-0.04988982739625413,-0.08902558452686987,0.0,0.0,0.0
0,89,-0.07526625045905252,-0.04988982739625413,-0.08902558452686987,0.0,0.0,0.0
0,90,-0.07529685396009303,-0.049516464683559795,-0.08932549883706696,0.0,0.0,0.0
0,91,-0.07528461255967682,-0.05001224140041621,-0.0890745501285347,0.0,0.0,0.0
0,92,-0.07528461255967682,-0.05001224140041621,-0.0890745501285347,0.0,0.0,0.0
0,93,-0.07547435426612804,-0.04992043089729465,-0.08899498102582935,0.0,0.0,0.0
0,94,-0.0754192679642551,-0.04998163789937569,-0.08916636063165626,0.0,0.0,0.0
0,95,-0.07534581956175787,-0.049944913698127064,-0.0890684294283266,0.0,0.0,0.0
0,96,-0.07534581956175787,-0.049944913698127064,-0.0890684294283266,0.0,0.0,0.0
0,97,-0.07536418166238218,-0.04987758599583793,-0.08840739380585139,0.0,0.0,0.0
0,98,-0.07530297466030114,-0.049926551597502755,-0.08917248133186437,0.0,0.0,0.0
0,99,-0.07530297466030114,-0.049926551597502755,-0.08917248133186437,0.0,0.0,0.0
1,0,0.052148365773044436,-0.04335291957399927,-0.05900967070632881,35.0,0.0,0.0
1,1,0.052093279471171504,-0.043389643775247885,-0.05905251560778553,35.0,0.0,0.0
1,2,0.052093279471171504,-0.043389643775247885,-0.05905251560778553,35.0,0.0,0.0
1,3,0.05204431386950668,-0.04296731546088873,-0.05902191210674501,35.0,0.0,0.0
1,4,0.052160607173460646,-0.043089729465050804,-0.059003550006120696,35.0,0.0,0.0
1,5,0.052160607173460646,-0.043089729465050804,-0.059003550006120696,35.0,0.0,0.0
1,6,0.05211776227200392,-0.043303953972334434,-0.05900967070632881,35.0,0.0,0.0
1,7,0.05200146896804995,-0.04305912596401028,-0.059150446811115184,35.0,0.0,0.0
1,8,0.05200146896804995,-0.04305912596401028,-0.059150446811115184,35.0,0.0,0.0
1,9,0.05220957277512548,-0.04286938425755906,-0.058930101603623455,35.0,0.0,0.0
1,10,0.051934141265760805,-0.04323662627004529,-0.05909536050924226,35.0,0.0,0.0
1,11,0.051934141265760805,-0.04323662627004529,-0.05909536050924226,35.0,0.0,0.0
1,12,0.05212388297221202,-0.04281429795568613,-0.05897906720528828,35.0,0.0,0.0
1,13,0.05198922756763373,-0.043169298567756156,-0.05924225731423675,35.0,0.0,0.0
1,14,0.05212388297221202,-0.04365283388419635,-0.059083119108826056,35.0,0.0,0.0
1,15,0.05212388297221202,-0.04365283388419635,-0.059083119108826056,35.0,0.0,0.0
1,16,0.05211776227200392,-0.04307136736442649,-0.05902803280695311,35.0,0.0,0.0
1,17,0.05220345207491737,-0.04325498837066961,-0.05935242991798262,35.0,0.0,0.0
1,18,0.05220345207491737,-0.04325498837066961,-0.05935242991798262,35.0,0.0,0.0
1,19,0.05218508997429307,-0.04332843677316685,-0.05937691271881503,35.0,0.0,0.0
1,20,0.05206267597013098,-0.043016281062553556,-0.058936222303831554,35.0,0.0,0.0
1,21,0.05206267597013098,-0.043016281062553556,-0.058936222303831554,35.0,0.0,0.0
1,22,0.052038193169298565,-0.04332231607295874,-0.05896682580487208,35.0,0.0,0.0
1,23,0.05202595176888236,-0.043218264169420983,-0.059083119108826056,35.0,0.0,0.0
1,24,0.05202595176888236,-0.043218264169420983,-0.059083119108826056,35.0,0.0,0.0
1,25,0.0519280205655527,-0.04338352307503979,-0.059046394907577425,35.0,0.0,0.0
1,26,0.052007589668258046,-0.0432427469702534,-0.05913820541069899,35.0,0.0,0.0
1,27,0.05209940017137961,-0.043273350471293916,-0.05891173950299914,35.0,0.0,0.0
1,28,0.05209940017137961,-0.043273350471293916,-0.05891173950299914,35.0,0.0,0.0
1,29,0.05202595176888236,-0.04312645366629943,-0.059156567511323296,35.0,0.0,0.0
1,30,0.05216672787366875,-0.043303953972334434,-0.05919941241278002,35.0,0.0,0.0
1,31,0.05216672787366875,-0.043303953972334434,-0.05919941241278002,35.0,0.0,0.0
1,32,0.05204431386950668,-0.04299179826172114,-0.05898518790549638,35.0,0.0,0.0
1,33,0.052148365773044436,-0.04288162565797527,-0.05899130860570449,35.0,0.0,0.0
1,34,0.052148365773044436,-0.04288162565797527,-0.05899130860570449,35.0,0.0,0.0
1,35,0.05212388297221202,-0.04312645366629943,-0.0591626882115314,35.0,0.0,0.0
1,36,0.052093279471171504,-0.043261109070877705,-0.059003550006120696,35.0,0.0,0.0
1,37,0.052093279471171504,-0.043261109070877705,-0.059003550006120696,35.0,0.0,0.0
1,38,0.05200146896804995,-0.043395764475456,-0.05899130860570449,35.0,0.0,0.0
1,39,0.05220345207491737,-0.04327947117150202,-0.05903415350716122,35.0,0.0,0.0
1,40,0.05206267597013098,-0.04285102215693475,-0.05888113600195862,35.0,0.0,0.0
1,41,0.05206267597013098,-0.04285102215693475,-0.05888113600195862,35.0,0.0,0.0
1,42,0.05206267597013098,-0.04321214346921288,-0.05925449871465296,35.0,0.0,0.0
1,43,0.051909658464928385,-0.04333455747337495,-0.05921165381319623,35.0,0.0,0.0
1,44,0.051909658464928385,-0.04333455747337495,-0.05921165381319623,35.0,0.0,0.0
1,45,0.05187293426367976,-0.04349981637899376,-0.05905863630799364,35.0,0.0,0.0
1,46,0.05182396866201493,-0.04315093646713184,-0.05903415350716122,35.0,0.0,0.0
1,47,0.05182396866201493,-0.04315093646713184,-0.05903415350716122,35.0,0.0,0.0
1,48,0.05209940017137961,-0.043016281062553556,-0.05899130860570449,35.0,0.0,0.0
1,49,0.05202595176888236,-0.04321214346921288,-0.05919329171257191,35.0,0.0,0.0
1,50,0.05202595176888236,-0.04321214346921288,-0.05919329171257191,35.0,0.0,0.0
1,51,0.05213612437262823,-0.04323662627004529,-0.05945648182152038,35.0,0.0,0.0
1,52,0.05201983106867426,-0.043163177867548044,-0.05922389521361243,35.0,0.0,0.0
1,53,0.05219733137470926,-0.04305300526380218,-0.05909536050924226,35.0,0.0,0.0
1,54,0.05219733137470926,-0.04305300526380218,-0.05909536050924226,35.0,0.0,0.0
1,55,0.05186069286326356,-0.04297343616109683,-0.0591688089117395,35.0,0.0,0.0
1,56,0.051836210062431144,-0.04310197086546701,-0.05910148120945036,35.0,0.0,0.0
1,57,0.051836210062431144,-0.04310197086546701,-0.05910148120945036,35.0,0.0,0.0
1,58,0.05202595176888236,-0.04307748806463459,-0.05888113600195862,35.0,0.0,0.0
1,59,0.051934141265760805,-0.04319990206879667,-0.058936222303831554,35.0,0.0,0.0
1,60,0.051934141265760805,-0.04319990206879667,-0.058936222303831554,35.0,0.0,0.0
1,61,0.05206267597013098,-0.043120332966091315,-0.058862773901334306,35.0,0.0,0.0
1,62,0.05195862406659322,-0.04291222915901579,-0.05943811972089606,35.0,0.0,0.0
1,63,0.05195862406659322,-0.04291222915901579,-0.05943811972089606,35.0,0.0,0.0
1,64,0.05181784796180683,-0.04307748806463459,-0.0591626882115314,35.0,0.0,0.0
1,65,0.05214224507283634,-0.04321214346921288,-0.0593218264169421,35.0,0.0,0.0
1,66,0.052007589668258046,-0.04342024727628841,-0.059089239809034154,35.0,0.0,0.0
1,67,0.052007589668258046,-0.04342024727628841,-0.059089239809034154,35.0,0.0,0.0
1,68,0.051793365160974415,-0.043389643775247885,-0.05896070510466397,35.0,0.0,0.0
1,69,0.05199534826784184,-0.04353654058024238,-0.059144326110907086,35.0,0.0,0.0
1,70,0.05199534826784184,-0.04353654058024238,-0.059144326110907086,35.0,0.0,0.0
1,71,0.05197086546700943,-0.042924470559432,-0.059217774513404334,35.0,0.0,0.0
1,72,0.05197086546700943,-0.0432488676704615,-0.059076998408617944,35.0,0.0,0.0
1,73,0.05197086546700943,-0.0432488676704615,-0.059076998408617944,35.0,0.0,0.0
1,74,0.05182396866201493,-0.0432488676704615,-0.05913208471049088,35.0,0.0,0.0
1,75,0.05218508997429307,-0.04286326355735096,-0.05913208471049088,35.0,0.0,0.0
1,76,0.05218508997429307,-0.04286326355735096,-0.05913208471049088,35.0,0.0,0.0
1,77,0.05221569347533358,-0.04313257436650753,-0.059046394907577425,35.0,0.0,0.0
1,78,0.052221814175541684,-0.04337740237483168,-0.058972946505080184,35.0,0.0,0.0
1,79,0.05224017627616599,-0.04345085077732892,-0.059174929611947605,35.0,0.0,0.0
1,80,0.05224017627616599,-0.04345085077732892,-0.059174929611947605,35.0,0.0,0.0
1,81,0.052148365773044436,-0.04312645366629943,-0.05907087770840984,35.0,0.0,0.0
1,82,0.05199534826784184,-0.0432427469702534,-0.05906475700820174,35.0,0.0,0.0
1,83,0.05199534826784184,-0.0432427469702534,-0.05906475700820174,35.0,0.0,0.0
1,84,0.05200146896804995,-0.0432427469702534,-0.05899130860570449,35.0,0.0,0.0
1,85,0.05199534826784184,-0.043230505569837194,-0.05906475700820174,35.0,0.0,0.0
1,86,0.05199534826784184,-0.043230505569837194,-0.05906475700820174,35.0,0.0,0.0
1,87,0.051952503366385114,-0.043046884563594075,-0.0593340678173583,35.0,0.0,0.0
1,88,0.051952503366385114,-0.043218264169420983,-0.05896070510466397,35.0,0.0,0.0
1,89,0.051952503366385114,-0.043218264169420983,-0.05896070510466397,35.0,0.0,0.0
1,90,0.052191210674501165,-0.043414126576080306,-0.059285102215693476,35.0,0.0,0.0
1,91,0.052160607173460646,-0.04345085077732892,-0.059089239809034154,35.0,0.0,0.0
1,92,0.05206267597013098,-0.042948953360264414,-0.05924837801444486,35.0,0.0,0.0
1,93,0.05206267597013098,-0.042948953360264414,-0.05924837801444486,35.0,0.0,0.0
1,94,0.051891296364304076,-0.04323662627004529,-0.05913820541069899,35.0,0.0,0.0
1,95,0.052081038070755294,-0.04320602276900477,-0.059144326110907086,35.0,0.0,0.0
1,96,0.052081038070755294,-0.04320602276900477,-0.059144326110907086,35.0,0.0,0.0
1,97,0.05181784796180683,-0.042875504957767166,-0.05926674011506916,35.0,0.0,0.0
1,98,0.052178969274084955,-0.04345085077732892,-0.05886889460154242,35.0,0.0,0.0
1,99,0.052178969274084955,-0.04345085077732892,-0.05886889460154242,35.0,0.0,0.0
2,0,-0.04094748439221447,0.06438976618925205,-0.04283266005631044,0.0,35.0,0.0
2,1,-0.04093524299179826,0.06454278369445464,-0.04275309095360509,0.0,35.0,0.0
2,2,-0.041094381197208964,0.06440812828987637,-0.04305912596401028,0.0,35.0,0.0
2,3,-0.041094381197208964,0.06440812828987637,-0.04305912596401028,0.0,35.0,0.0
2,4,-0.04113110539845759,0.06442649039050066,-0.04263679764965112,0.0,35.0,0.0
2,5,-0.04085567388909291,0.06451830089362223,-0.04272860815277268,0.0,35.0,0.0
2,6,-0.04085567388909291,0.06451830089362223,-0.04272860815277268,0.0,35.0,0.0
2,7,-0.0408373117884686,0.06453054229403844,-0.04279593585506182,0.0,35.0,0.0
2,8,-0.0409903292936712,0.06468355979924104,-0.04327947117150202,0.0,35.0,0.0
2,9,-0.0409903292936712,0.06468355979924104,-0.04327947117150202,0.0,35.0,0.0
2,10,-0.040904639490757747,0.06452442159383034,-0.0427653323540213,0.0,35.0,0.0
2,11,-0.04102705349491982,0.06455502509487085,-0.04273472885298078,0.0,35.0,0.0
2,12,-0.04102705349491982,0.06455502509487085,-0.043089729465050804,0.0,35.0,0.0
2,13,-0.041265760803035866,0.06455502509487085,-0.043089729465050804,0.0,35.0,0.0
2,14,-0.04114334679887379,0.06436528338841964,-0.04271024605214836,0.0,35.0,0.0
2,15,-0.04117395029991431,0.06449993879299792,-0.04273472885298078,0.0,35.0,0.0
2,16,-0.04117395029991431,0.06449993879299792,-0.04273472885298078,0.0,35.0,0.0
2,17,-0.0411617088994981,0.06458562859591137,-0.04272860815277268,0.0,35.0,0.0
2,18,-0.0409964499938793,0.06471416330028155,-0.04283878075651855,0.0,35.0,0.0
2,19,-0.0409964499938793,0.06471416330028155,-0.04283878075651855,0.0,35.0,0.0
2,20,-0.04084955318888481,0.06442649039050066,-0.04258171134777818,0.0,35.0,0.0
2,21,-0.0409903292936712,0.06456726649528706,-0.04273472885298078,0.0,35.0,0.0
2,22,-0.0409903292936712,0.06456726649528706,-0.04273472885298078,0.0,35.0,0.0
2,23,-0.04094136369200636,0.06440812828987637,-0.042820418655894234,0.0,35.0,0.0
2,24,-0.041192312400538625,0.06455502509487085,-0.04285102215693475,0.0,35.0,0.0
2,25,-0.041192312400538625,0.06455502509487085,-0.04285102215693475,0.0,35.0,0.0
2,26,-0.04094748439221447,0.06449381809278981,-0.04278369445464561,0.0,35.0,0.0
2,27,-0.041051536295752235,0.06469580119965725,-0.04301016036234545,0.0,35.0,0.0
2,28,-0.04125351940261966,0.06444485249112498,-0.04248378014444852,0.0,35.0,0.0
2,29,-0.04125351940261966,0.06444485249112498,-0.04248378014444852,0.0,35.0,0.0
2,30,-0.04095972579263067,0.06473252540090586,-0.04263679764965112,0.0,35.0,0.0
2,31,-0.04100869139429551,0.06441424899008447,-0.04274084955318889,0.0,35.0,0.0
2,32,-0.04100869139429551,0.06441424899008447,-0.04274084955318889,0.0,35.0,0.0
2,33,-0.04119843310074672,0.06453666299424654,-0.04290610845880769,0.0,35.0,0.0
2,34,-0.04114334679887379,0.06457338719549517,-0.042759211653813196,0.0,35.0,0.0
2,35,-0.04114334679887379,0.06457338719549517,-0.042759211653813196,0.0,35.0,0.0
2,36,-0.041180071000122415,0.06450605949320602,-0.042942832660056315,0.0,35.0,0.0
2,37,-0.04108213979679275,0.06446933529195739,-0.04299179826172114,0.0,35.0,0.0
2,38,-0.04108213979679275,0.06446933529195739,-0.04299179826172114,0.0,35.0,0.0
2,39,-0.04110050189741706,0.06453054229403844,-0.042875504957767166,0.0,35.0,0.0
2,40,-0.040763863385971356,0.06421838658342514,-0.042563349247153874,0.0,35.0,0.0
2,41,-0.040763863385971356,0.06421838658342514,-0.042563349247153874,0.0,35.0,0.0
2,42,-0.04105765699596034,0.0646345941975762,-0.042704125351940264,0.0,35.0,0.0
2,43,-0.041265760803035866,0.06445097319133308,-0.04305912596401028,0.0,35.0,0.0
2,44,-0.04119843310074672,0.06468355979924104,-0.04271024605214836,0.0,35.0,0.0
2,45,-0.04119843310074672,0.06468355979924104,-0.04271024605214836,0.0,35.0,0.0
2,46,-0.04114334679887379,0.06465907699840862,-0.04271024605214836,0.0,35.0,0.0
2,47,-0.04106989839637655,0.06442036969029256,-0.04281429795568613,0.0,35.0,0.0
2,48,-0.04106989839637655,0.06442036969029256,-0.04281429795568613,0.0,35.0,0.0
2,49,-0.04063532868160118,0.06430407638633859,-0.04258783204798629,0.0,35.0,0.0
2,50,-0.04120455380095483,0.06469580119965725,-0.04261231484881871,0.0,35.0,0.0
2,51,-0.04120455380095483,0.06469580119965725,-0.04261231484881871,0.0,35.0,0.0
2,52,-0.040923001591382055,0.06483657730444363,-0.04258783204798629,0.0,35.0,0.0
2,53,-0.041020932794711716,0.06427347288529808,-0.0426000734484025,0.0,35.0,0.0
2,54,-0.041020932794711716,0.06427347288529808,-0.0426000734484025,0.0,35.0,0.0
2,55,-0.04095972579263067,0.0644570938915412,-0.04282653935610234,0.0,35.0,0.0
2,56,-0.04078222548659567,0.06476312890194638,-0.0427653323540213,0.0,35.0,0.0
2,57,-0.040965846492838784,0.06424899008446566,-0.043261109070877705,0.0,35.0,0.0
2,58,-0.040965846492838784,0.06424899008446566,-0.043261109070877705,0.0,35.0,0.0
2,59,-0.041149467499081896,0.06485493940506794,-0.04290610845880769,0.0,35.0,0.0
2,60,-0.04122291590157914,0.0643101970865467,-0.042802056555269925,0.0,35.0,0.0
2,61,-0.04122291590157914,0.0643101970865467,-0.042802056555269925,0.0,35.0,0.0
2,62,-0.04084955318888481,0.06462235279716,-0.04266740115069164,0.0,35.0,0.0
2,63,-0.04111274329783327,0.06470804260007344,-0.04281429795568613,0.0,35.0,0.0
2,64,-0.04111274329783327,0.06470804260007344,-0.04281429795568613,0.0,35.0,0.0
2,65,-0.04092912229159016,0.06453054229403844,-0.04273472885298078,0.0,35.0,0.0
2,66,-0.04097808789325499,0.06441424899008447,-0.04271024605214836,0.0,35.0,0.0
2,67,-0.04097808789325499,0.06441424899008447,-0.04271024605214836,0.0,35.0,0.0
2,68,-0.04097808789325499,0.06424286938425756,-0.04282653935610234,0.0,35.0,0.0
2,69,-0.040892398090341536,0.06429183498592239,-0.0427714530542294,0.0,35.0,0.0
2,70,-0.040892398090341536,0.06429183498592239,-0.0427714530542294,0.0,35.0,0.0
2,71,-0.04101481209450361,0.06433467988737912,-0.04282653935610234,0.0,35.0,0.0
2,72,-0.040923001591382055,0.06457950789570327,-0.042942832660056315,0.0,35.0,0.0
2,73,-0.04100869139429551,0.06472640470069776,-0.04273472885298078,0.0,35.0,0.0
2,74,-0.04100869139429551,0.06472640470069776,-0.04273472885298078,0.0,35.0,0.0
2,75,-0.040892398090341536,0.06440200758966826,-0.04271024605214836,0.0,35.0,0.0
2,76,-0.04095972579263067,0.06459174929611947,-0.04299179826172114,0.0,35.0,0.0
2,77,-0.04095972579263067,0.06459174929611947,-0.04299179826172114,0.0,35.0,0.0
2,78,-0.0410025706940874,0.06458562859591137,-0.042930591259640105,0.0,35.0,0.0
2,79,-0.040923001591382055,0.06443261109070877,-0.042691883951524054,0.0,35.0,0.0
2,80,-0.040923001591382055,0.06443261109070877,-0.042691883951524054,0.0,35.0,0.0
2,81,-0.0409964499938793,0.06483657730444363,-0.042759211653813196,0.0,35.0,0.0
2,82,-0.041051536295752235,0.06432243848696291,-0.04255722854694577,0.0,35.0,0.0
2,83,-0.041051536295752235,0.06432243848696291,-0.04255722854694577,0.0,35.0,0.0
2,84,-0.0410025706940874,0.06458562859591137,-0.04275309095360509,0.0,35.0,0.0
2,85,-0.041124984698249475,0.06437140408862774,-0.042759211653813196,0.0,35.0,0.0
2,86,-0.041124984698249475,0.06450605949320602,-0.042716366752356474,0.0,35.0,0.0
2,87,-0.04098420859346309,0.06450605949320602,-0.042716366752356474,0.0,35.0,0.0
2,88,-0.041265760803035866,0.06464683559799242,-0.042575590647570084,0.0,35.0,0.0
2,89,-0.040965846492838784,0.06461623209695189,-0.04261231484881871,0.0,35.0,0.0
2,90,-0.040965846492838784,0.06461623209695189,-0.04261231484881871,0.0,35.0,0.0
2,91,-0.04095972579263067,0.06436528338841964,-0.04266740115069164,0.0,35.0,0.0
2,92,-0.041020932794711716,0.06475088750153017,-0.042808177255478023,0.0,35.0,0.0
2,93,-0.041020932794711716,0.06475088750153017,-0.042808177255478023,0.0,35.0,0.0
2,94,-0.04122291590157914,0.06443261109070877,-0.04269800465173216,0.0,35.0,0.0
2,95,-0.04097196719304688,0.06443261109070877,-0.04272860815277268,0.0,35.0,0.0
2,96,-0.04097196719304688,0.06443261109070877,-0.04272860815277268,0.0,35.0,0.0
2,97,-0.040751621985555146,0.06480597380340311,-0.04271024605214836,0.0,35.0,0.0
2,98,-0.041278002203452076,0.06472028400048965,-0.04261231484881871,0.0,35.0,0.0
2,99,-0.041278002203452076,0.06472028400048965,-0.04261231484881871,0.0,35.0,0.0
3,0,0.03523075039784551,0.07275064267352185,-0.07731668502876729,35.0,35.0,0.0
3,1,0.034912473987024115,0.07296486718080548,-0.07709021912106745,35.0,35.0,0.0
3,2,0.03507161219243481,0.07282409107601909,-0.07746970253396988,35.0,35.0,0.0
3,3,0.03507161219243481,0.07282409107601909,-0.07746970253396988,35.0,35.0,0.0
3,4,0.034955318888480844,0.07279960827518668,-0.07734728852980781,35.0,35.0,0.0
3,5,0.03511445709389154,0.07290366017872445,-0.07742073693230506,35.0,35.0,0.0
3,6,0.03511445709389154,0.07290366017872445,-0.07742073693230506,35.0,35.0,0.0
3,7,0.03485126698494308,0.07298934998163789,-0.07754927163667523,35.0,35.0,0.0
3,8,0.0350471293916024,0.07300159138205412,-0.07727996082751867,35.0,35.0,0.0
3,9,0.0350471293916024,0.07300159138205412,-0.07736565063043213,35.0,35.0,0.0
3,10,0.03503488799118619,0.07260986656873546,-0.07736565063043213,35.0,35.0,0.0
3,11,0.03503488799118619,0.07282409107601909,-0.07753703023625903,35.0,35.0,0.0
3,12,0.03496756028889705,0.07319745378871342,-0.07724323662627004,35.0,35.0,0.0
3,13,0.03496756028889705,0.07319745378871342,-0.07724323662627004,35.0,35.0,0.0
3,14,0.03499816378993757,0.07277512547435426,-0.07750642673521851,35.0,35.0,0.0
3,15,0.034869629085567386,0.07272003917248133,-0.07738401273105643,35.0,35.0,0.0
3,16,0.034869629085567386,0.07272003917248133,-0.07738401273105643,35.0,35.0,0.0
3,17,0.03505937079201861,0.07279960827518668,-0.07753703023625903,35.0,35.0,0.0
3,18,0.03510221569347534,0.07282409107601909,-0.07753703023625903,35.0,35.0,0.0
3,19,0.03510221569347534,0.07282409107601909,-0.07753703023625903,35.0,35.0,0.0
3,20,0.03482066348390256,0.0726833149712327,-0.07739625413147264,35.0,35.0,0.0
3,21,0.035022646590769986,0.07298322928142979,-0.07734728852980781,35.0,35.0,0.0
3,22,0.035022646590769986,0.07298322928142979,-0.07734728852980781,35.0,35.0,0.0
3,23,0.03507773289264292,0.07298322928142979,-0.07775737544375076,35.0,35.0,0.0
3,24,0.03500428449014567,0.07284857387685151,-0.07753090953605093,35.0,35.0,0.0
3,25,0.035224629697637413,0.07282409107601909,-0.0773228057289754,35.0,35.0,0.0
3,26,0.035224629697637413,0.07282409107601909,-0.0773228057289754,35.0,35.0,0.0
3,27,0.03508997429305913,0.07319745378871342,-0.07752478883584282,35.0,35.0,0.0
3,28,0.035041008691394294,0.07277512547435426,-0.07741461623209696,35.0,35.0,0.0
3,29,0.035041008691394294,0.07277512547435426,-0.07741461623209696,35.0,35.0,0.0
3,30,0.035157301995348264,0.07291590157914066,-0.07741461623209696,35.0,35.0,0.0
3,31,0.03483290488431877,0.07263434936956788,-0.07734728852980781,35.0,35.0,0.0
3,32,0.03483290488431877,0.07263434936956788,-0.07734728852980781,35.0,35.0,0.0
3,33,0.03508385359285102,0.07301995348267842,-0.07743909903292936,35.0,35.0,0.0
3,34,0.03510833639368344,0.07289141877830824,-0.07741461623209696,35.0,35.0,0.0
3,35,0.03510833639368344,0.07289141877830824,-0.07741461623209696,35.0,35.0,0.0
3,36,0.03474721508140531,0.0728302117762272,-0.07755539233688334,35.0,35.0,0.0
3,37,0.035022646590769986,0.0726833149712327,-0.07731668502876729,35.0,35.0,0.0
3,38,0.034955318888480844,0.07280572897539479,-0.07751254743542661,35.0,35.0,0.0
3,39,0.034955318888480844,0.07280572897539479,-0.07751254743542661,35.0,35.0,0.0
3,40,0.03475945648182152,0.07258538376790305,-0.07728608152772677,35.0,35.0,0.0
3,41,0.03500428449014567,0.07286081527726772,-0.07730444362835108,35.0,35.0,0.0
3,42,0.03500428449014567,0.07286081527726772,-0.07730444362835108,35.0,35.0,0.0
3,43,0.035022646590769986,0.07301995348267842,-0.07743909903292936,35.0,35.0,0.0
3,44,0.03503488799118619,0.07273840127310564,-0.07727996082751867,35.0,35.0,0.0
3,45,0.03503488799118619,0.07273840127310564,-0.07727996082751867,35.0,35.0,0.0
3,46,0.03491859468723222,0.07262822866935978,-0.07750642673521851,35.0,35.0,0.0
3,47,0.03496756028889705,0.07273840127310564,-0.07780022034520749,35.0,35.0,0.0
3,48,0.03496756028889705,0.07273840127310564,-0.07780022034520749,35.0,35.0,0.0
3,49,0.03476557718202962,0.07267107357081651,-0.0773289264291835,35.0,35.0,0.0
3,50,0.03496143958868895,0.07278736687477047,-0.07754315093646713,35.0,35.0,0.0
3,51,0.03527971599951034,0.072995470681846,-0.07765332354021301,35.0,35.0,0.0
3,52,0.03527971599951034,0.072995470681846,-0.07765332354021301,35.0,35.0,0.0
3,53,0.0352062675970131,0.07276900477414616,-0.07734116782959971,35.0,35.0,0.0
3,54,0.03505937079201861,0.07295262578038927,-0.07759823723834006,35.0,35.0,0.0
3,55,0.03505937079201861,0.07295262578038927,-0.07759823723834006,35.0,35.0,0.0
3,56,0.034894111886399806,0.07281184967560289,-0.07741461623209696,35.0,35.0,0.0
3,57,0.03497980168931326,0.07271391847227324,-0.07743297833272125,35.0,35.0,0.0
3,58,0.03497980168931326,0.07271391847227324,-0.07743297833272125,35.0,35.0,0.0
3,59,0.0350471293916024,0.07298934998163789,-0.0774819439343861,35.0,35.0,0.0
3,60,0.03511445709389154,0.07294650508018116,-0.07756763373729955,35.0,35.0,0.0
3,61,0.03511445709389154,0.07294650508018116,-0.07756763373729955,35.0,35.0,0.0
3,62,0.03503488799118619,0.07289753947851633,-0.07745746113355367,35.0,35.0,0.0
3,63,0.03542049210429673,0.07304443628351084,-0.07734728852980781,35.0,35.0,0.0
3,64,0.03490635328681601,0.07307503978455135,-0.07729832292814298,35.0,35.0,0.0
3,65,0.03490635328681601,0.07307503978455135,-0.07729832292814298,35.0,35.0,0.0
3,66,0.03493083608764842,0.07297098788101358,-0.0774819439343861,35.0,35.0,0.0
3,67,0.034936956787856535,0.07279960827518668,-0.07751866813563471,35.0,35.0,0.0
3,68,0.034936956787856535,0.07279960827518668,-0.07751866813563471,35.0,35.0,0.0
3,69,0.03518790549638879,0.07294038437997306,-0.07739625413147264,35.0,35.0,0.0
3,70,0.034839025584526874,0.07289141877830824,-0.07741461623209696,35.0,35.0,0.0
3,71,0.034839025584526874,0.07289141877830824,-0.07741461623209696,35.0,35.0,0.0
3,72,0.03496756028889705,0.07294038437997306,-0.07743297833272125,35.0,35.0,0.0
3,73,0.0350471293916024,0.07295874648059739,-0.07730444362835108,35.0,35.0,0.0
3,74,0.0350471293916024,0.07295874648059739,-0.07730444362835108,35.0,35.0,0.0
3,75,0.03494307748806463,0.07298322928142979,-0.07729832292814298,35.0,35.0,0.0
3,76,0.034796180683070145,0.07279348757497858,-0.07742073693230506,35.0,35.0,0.0
3,77,0.034881870485983596,0.07257926306769494,-0.07739013343126454,35.0,35.0,0.0
3,78,0.034881870485983596,0.07257926306769494,-0.07739013343126454,35.0,35.0,0.0
3,79,0.034814542783694453,0.07313624678663239,-0.07756763373729955,35.0,35.0,0.0
3,80,0.03496143958868895,0.07282409107601909,-0.07741461623209696,35.0,35.0,0.0
3,81,0.03496143958868895,0.07282409107601909,-0.07741461623209696,35.0,35.0,0.0
3,82,0.03510833639368344,0.07273840127310564,-0.07764108213979679,35.0,35.0,0.0
3,83,0.034924715387440325,0.07286693597747582,-0.07767780634104542,35.0,35.0,0.0
3,84,0.034924715387440325,0.07286693597747582,-0.07767780634104542,35.0,35.0,0.0
3,85,0.035041008691394294,0.07268943567144082,-0.07755539233688334,35.0,35.0,0.0
3,86,0.03514506059493206,0.07273840127310564,-0.07740849553188885,35.0,35.0,0.0
3,87,0.03514506059493206,0.07273840127310564,-0.07740849553188885,35.0,35.0,0.0
3,88,0.034912473987024115,0.07300159138205412,-0.07753090953605093,35.0,35.0,0.0
3,89,0.03503488799118619,0.07275064267352185,-0.07745746113355367,35.0,35.0,0.0
3,90,0.03490023258660791,0.07269555637164891,-0.07741461623209696,35.0,35.0,0.0
3,91,0.03490023258660791,0.07269555637164891,-0.07741461623209696,35.0,35.0,0.0
3,92,0.03513281919451585,0.07268943567144082,-0.07743909903292936,35.0,35.0,0.0
3,93,0.03512669849430775,0.07287917737789204,-0.07751866813563471,35.0,35.0,0.0
3,94,0.03512669849430775,0.07287917737789204,-0.07751866813563471,35.0,35.0,0.0
3,95,0.03496756028889705,0.07290978087893255,-0.07743909903292936,35.0,35.0,0.0
3,96,0.03490023258660791,0.07267107357081651,-0.07694944301628107,35.0,35.0,0.0
3,97,0.03490023258660791,0.07267107357081651,-0.07694944301628107,35.0,35.0,0.0
3,98,0.03480842208348635,0.07276288407393806,-0.07726771942710246,35.0,35.0,0.0
3,99,0.03518790549638879,0.0728302117762272,-0.07712694332231608,35.0,35.0,0.0
