values,,Magnetometer,Magnetometer,Magnetometer,position,position,position
axis,,x,y,z,x,y,z
Sensor,Sample,,,,,,
0,0,-0.05686742563349247,-0.044044558697514995,-0.07919573999265515,0.0,0.0,0.0
0,1,-0.05686742563349247,-0.044044558697514995,-0.07919573999265515,0.0,0.0,0.0
0,2,-0.05708165014077611,-0.04416085200146897,-0.07885910148120945,0.0,0.0,0.0
0,3,-0.05683070143224385,-0.044142489900844656,-0.07929979189619293,0.0,0.0,0.0
0,4,-0.05683070143224385,-0.044142489900844656,-0.07929979189619293,0.0,0.0,0.0
0,5,-0.056934753335781615,-0.044044558697514995,-0.07918961929244706,0.0,0.0,0.0
0,6,-0.056959236136614036,-0.04398335169543396,-0.07935487819806586,0.0,0.0,0.0
0,7,-0.056959236136614036,-0.04398335169543396,-0.07935487819806586,0.0,0.0,0.0
0,8,-0.056708287428081774,-0.044185334802301385,-0.07863263557350961,0.0,0.0,0.0
0,9,-0.057210184845146284,-0.04400783449626637,-0.07937324029869017,0.0,0.0,0.0
0,10,-0.057210184845146284,-0.04400783449626637,-0.07937324029869017,0.0,0.0,0.0
0,11,-0.05718570204431387,-0.04394050679397723,-0.0792569469947362,0.0,0.0,0.0
0,12,-0.057063288040151795,-0.0440506793977231,-0.07942220590035501,0.0,0.0,0.0
0,13,-0.057063288040151795,-0.0440506793977231,-0.07942220590035501,0.0,0.0,0.0
0,14,-0.05672664952870608,-0.044142489900844656,-0.0790978087893255,0.0,0.0,0.0
0,15,-0.056640959725792625,-0.04397723099522585,-0.0790978087893255,0.0,0.0,0.0
0,16,-0.056640959725792625,-0.04397723099522585,-0.0790978087893255,0.0,0.0,0.0
0,17,-0.05677561513037092,-0.04387317909168809,-0.07898151548537152,0.0,0.0,0.0
0,18,-0.056959236136614036,-0.04403843799730689,-0.07934875749785776,0.0,0.0,0.0
0,19,-0.056959236136614036,-0.04412412780022035,-0.0792691883951524,0.0,0.0,0.0
0,20,-0.05685518423307626,-0.04412412780022035,-0.0792691883951524,0.0,0.0,0.0
0,21,-0.056738890929122286,-0.04403843799730689,-0.07940384379973069,0.0,0.0,0.0
0,22,-0.05689802913453299,-0.04416697270167707,-0.07911617088994981,0.0,0.0,0.0
0,23,-0.05689802913453299,-0.04416697270167707,-0.07911617088994981,0.0,0.0,0.0
0,24,-0.0569286326355735,-0.04398335169543396,-0.07913453299057413,0.0,0.0,0.0
0,25,-0.05715509854327335,-0.043928265393561025,-0.07934875749785776,0.0,0.0,0.0
0,26,-0.05715509854327335,-0.043928265393561025,-0.07934875749785776,0.0,0.0,0.0
0,27,-0.05686742563349247,-0.04420369690292569,-0.07911005018974171,0.0,0.0,0.0
0,28,-0.05700208103807075,-0.04392214469335292,-0.07920186069286327,0.0,0.0,0.0
0,29,-0.05700208103807075,-0.04392214469335292,-0.07920186069286327,0.0,0.0,0.0
0,30,-0.0572346676459787,-0.043818092789815154,-0.0791039294895336,0.0,0.0,0.0
0,31,-0.056879667033908676,-0.044173093401885175,-0.07924470559431998,0.0,0.0,0.0
0,32,-0.056879667033908676,-0.044173093401885175,-0.07924470559431998,0.0,0.0,0.0
0,33,-0.05680621863141143,-0.04397723099522585,-0.0791222915901579,0.0,0.0,0.0
0,34,-0.05687354633370058,-0.04396498959480964,-0.07927530909536051,0.0,0.0,0.0
0,35,-0.05687354633370058,-0.04396498959480964,-0.07927530909536051,0.0,0.0,0.0
0,36,-0.05708777084098421,-0.04385481699106378,-0.07918349859223896,0.0,0.0,0.0
0,37,-0.056953115436405924,-0.04393438609376913,-0.07942220590035501,0.0,0.0,0.0
0,38,-0.056953115436405924,-0.04393438609376913,-0.07942220590035501,0.0,0.0,0.0
0,39,-0.057020443138695066,-0.04407516219855551,-0.07934263679764965,0.0,0.0,0.0
0,40,-0.05711837434202473,-0.044197576202717595,-0.0795813441057657,0.0,0.0,0.0
0,41,-0.05709389154119231,-0.043958868894601544,-0.078773411678296,0.0,0.0,0.0
0,42,-0.05709389154119231,-0.043958868894601544,-0.078773411678296,0.0,0.0,0.0
0,43,-0.05694699473619782,-0.044099644999387934,-0.07934263679764965,0.0,0.0,0.0
0,44,-0.05697147753703023,-0.0437262822866936,-0.07934263679764965,0.0,0.0,0.0
0,45,-0.05697147753703023,-0.0437262822866936,-0.07934263679764965,0.0,0.0,0.0
0,46,-0.05712449504223284,-0.04402619659689068,-0.07931815399681723,0.0,0.0,0.0
0,47,-0.057179581344105765,-0.0442159383033419,-0.07964867180805484,0.0,0.0,0.0
0,48,-0.057020443138695066,-0.0442159383033419,-0.07935487819806586,0.0,0.0,0.0
0,49,-0.056959236136614036,-0.04398335169543396,-0.07857754927163667,0.0,0.0,0.0
0,50,-0.0567450116293304,-0.044087403598971724,-0.07872444607663118,0.0,0.0,0.0
0,51,-0.05700820173827886,-0.04386093769127188,-0.07918961929244706,0.0,0.0,0.0
0,52,-0.05689802913453299,-0.04406904149834741,-0.0791222915901579,0.0,0.0,0.0
0,53,-0.05685518423307626,-0.0442159383033419,-0.07936711959848206,0.0,0.0,0.0
0,54,-0.05685518423307626,-0.0442159383033419,-0.07936711959848206,0.0,0.0,0.0
0,55,-0.056879667033908676,-0.04422817970375811,-0.07913453299057413,0.0,0.0,0.0
0,56,-0.05691639123515731,-0.044013955196474476,-0.07923858489411188,0.0,0.0,0.0
0,57,-0.057167339943689555,-0.04395274819439344,-0.07933039539723344,0.0,0.0,0.0
0,58,-0.056953115436405924,-0.04395274819439344,-0.07922022279348757,0.0,0.0,0.0
0,59,-0.05685518423307626,-0.043903782592728605,-0.07931203329660913,0.0,0.0,0.0
0,60,-0.056953115436405924,-0.04390990329293672,-0.07934263679764965,0.0,0.0,0.0
0,61,-0.05699596033786265,-0.04393438609376913,-0.07938548169910638,0.0,0.0,0.0
0,62,-0.05711837434202473,-0.04402007589668258,-0.07898763618557963,0.0,0.0,0.0
0,63,-0.05700820173827886,-0.043916023993144815,-0.07900599828620394,0.0,0.0,0.0
0,64,-0.056934753335781615,-0.044013955196474476,-0.07948953360264414,0.0,0.0,0.0
0,65,-0.05694087403598972,-0.04383645489043946,-0.07937936099889828,0.0,0.0,0.0
0,66,-0.05709389154119231,-0.04385481699106378,-0.07945893010160363,0.0,0.0,0.0
0,67,-0.05697147753703023,-0.04439343860937691,-0.07915289509119844,0.0,0.0,0.0
0,68,-0.057020443138695066,-0.04380585138939895,-0.07933039539723344,0.0,0.0,0.0
0,69,-0.05704492593952748,-0.043897661892520506,-0.07928755049577671,0.0,0.0,0.0
0,70,-0.05704492593952748,-0.043897661892520506,-0.07928755049577671,0.0,0.0,0.0
0,71,-0.0569286326355735,-0.04409352429917983,-0.07920186069286327,0.0,0.0,0.0
0,72,-0.05683682213245195,-0.044173093401885175,-0.07892030848329049,0.0,0.0,0.0
0,73,-0.05679397723099523,-0.04409352429917983,-0.07922022279348757,0.0,0.0,0.0
0,74,-0.05679397723099523,-0.04409352429917983,-0.07922022279348757,0.0,0.0,0.0
0,75,-0.05700208103807075,-0.04435671440812829,-0.07908556738890929,0.0,0.0,0.0
0,76,-0.05694087403598972,-0.0438915411923124,-0.07915289509119844,0.0,0.0,0.0
0,77,-0.056922511935365405,-0.04369567878565308,-0.0791039294895336,0.0,0.0,0.0
0,78,-0.05698371893744645,-0.043903782592728605,-0.07942220590035501,0.0,0.0,0.0
0,79,-0.05684294283266006,-0.04387317909168809,-0.07922634349369569,0.0,0.0,0.0
0,80,-0.05708165014077611,-0.04403231729709879,-0.07924470559431998,0.0,0.0,0.0
0,81,-0.05703880523931938,-0.04398947239564206,-0.07920186069286327,0.0,0.0,0.0
0,82,-0.056922511935365405,-0.04398947239564206,-0.0791039294895336,0.0,0.0,0.0
0,83,-0.05688578773411679,-0.04417921410209328,-0.07937936099889828,0.0,0.0,0.0
0,84,-0.05680621863141143,-0.044173093401885175,-0.07904272248745256,0.0,0.0,0.0
0,85,-0.05683070143224385,-0.04399559309585017,-0.07921410209327948,0.0,0.0,0.0
0,86,-0.05683682213245195,-0.04416697270167707,-0.07906720528828498,0.0,0.0,0.0
0,87,-0.05711225364181662,-0.0440506793977231,-0.07922634349369569,0.0,0.0,0.0
0,88,-0.057167339943689555,-0.044197576202717595,-0.07923246419390378,0.0,0.0,0.0
0,89,-0.057167339943689555,-0.044197576202717595,-0.07923246419390378,0.0,0.0,0.0
0,90,-0.057338719549516456,-0.044142489900844656,-0.07934263679764965,0.0,0.0,0.0
0,91,-0.05685518423307626,-0.043971110295017754,-0.0790916880891174,0.0,0.0,0.0
0,92,-0.05690414983474109,-0.04384869629085568,-0.07911005018974171,0.0,0.0,0.0
0,93,-0.05691639123515731,-0.04400783449626637,-0.07917125719182275,0.0,0.0,0.0
0,94,-0.05700820173827886,-0.043971110295017754,-0.07934875749785776,0.0,0.0,0.0
0,95,-0.05688578773411679,-0.04392214469335292,-0.07947729220222793,0.0,0.0,0.0
0,96,-0.05677561513037092,-0.044013955196474476,-0.07950789570326845,0.0,0.0,0.0
0,97,-0.05694699473619782,-0.04407516219855551,-0.0790978087893255,0.0,0.0,0.0
0,98,-0.056922511935365405,-0.04412412780022035,-0.07900599828620394,0.0,0.0,0.0
0,99,-0.05704492593952748,-0.04402007589668258,-0.07916513649161463,0.0,0.0,0.0
1,0,0.03286816011751744,-0.029942465418043823,-0.04059248378014445,35.0,0.0,0.0
1,1,0.03282531521606072,-0.030150569225119356,-0.040439466274941854,35.0,0.0,0.0
1,2,0.03282531521606072,-0.030150569225119356,-0.040439466274941854,35.0,0.0,0.0
1,3,0.032562125107112254,-0.0302240176276166,-0.040806708287428085,35.0,0.0,0.0
1,4,0.03282531521606072,-0.030058758721997796,-0.04041498347410944,35.0,0.0,0.0
1,5,0.03282531521606072,-0.030058758721997796,-0.04041498347410944,35.0,0.0,0.0
1,6,0.032604970008568976,-0.03017505202595177,-0.04053127677806341,35.0,0.0,0.0
1,7,0.03278247031460399,-0.029881258415962786,-0.04087403598971722,35.0,0.0,0.0
1,8,0.03278247031460399,-0.029881258415962786,-0.04087403598971722,35.0,0.0,0.0
1,9,0.03272126331252295,-0.030015913820541067,-0.040408862773901336,35.0,0.0,0.0
1,10,0.032672297710858125,-0.029973068919084345,-0.04048843187660668,35.0,0.0,0.0
1,11,0.03285591871710124,-0.030211776227200393,-0.040482311176398576,35.0,0.0,0.0
1,12,0.03285591871710124,-0.030211776227200393,-0.040482311176398576,35.0,0.0,0.0
1,13,0.03262333210919329,-0.029911861917003308,-0.04042110417431754,35.0,0.0,0.0
1,14,0.03284367731668503,-0.03013832782470315,-0.04064757008201738,35.0,0.0,0.0
1,15,0.03284367731668503,-0.03013832782470315,-0.04064757008201738,35.0,0.0,0.0
1,16,0.03275186681356347,-0.03005263802178969,-0.040580242379728244,35.0,0.0,0.0
1,17,0.03254988370669605,-0.030022034520749176,-0.04037825927286082,35.0,0.0,0.0
1,18,0.03254988370669605,-0.030022034520749176,-0.04037825927286082,35.0,0.0,0.0
1,19,0.032898763618557966,-0.03017505202595177,-0.040653690782225485,35.0,0.0,0.0
1,20,0.03256824580732036,-0.030297466030113844,-0.04044558697514995,35.0,0.0,0.0
1,21,0.03256824580732036,-0.030297466030113844,-0.04044558697514995,35.0,0.0,0.0
1,22,0.03270902191210674,-0.03013220712449504,-0.04047006977598237,35.0,0.0,0.0
1,23,0.03266617701065001,-0.030077120822622105,-0.04044558697514995,35.0,0.0,0.0
1,24,0.03266617701065001,-0.030071000122414003,-0.04031705227077978,35.0,0.0,0.0
1,25,0.03266617701065001,-0.030071000122414003,-0.04031705227077978,35.0,0.0,0.0
1,26,0.03265393561023381,-0.03037091443261109,-0.04056188027910393,35.0,0.0,0.0
1,27,0.03269678051169054,-0.030119965724078834,-0.04039050067327703,35.0,0.0,0.0
1,28,0.03269678051169054,-0.030119965724078834,-0.04039050067327703,35.0,0.0,0.0
1,29,0.032672297710858125,-0.030438242134900234,-0.04047619047619048,35.0,0.0,0.0
1,30,0.03282531521606072,-0.029911861917003308,-0.04086179458930102,35.0,0.0,0.0
1,31,0.03282531521606072,-0.029911861917003308,-0.04086179458930102,35.0,0.0,0.0
1,32,0.032629452809401396,-0.030162810625535563,-0.04075774268576325,35.0,0.0,0.0
1,33,0.033015056922511936,-0.030303586730321946,-0.040678173583057906,35.0,0.0,0.0
1,34,0.033015056922511936,-0.030303586730321946,-0.040678173583057906,35.0,0.0,0.0
1,35,0.032788591014812095,-0.029893499816378993,-0.0405129146774391,35.0,0.0,0.0
1,36,0.03282531521606072,-0.03005263802178969,-0.040580242379728244,35.0,0.0,0.0
1,37,0.03258048720773656,-0.029875137715754684,-0.040672052882849793,35.0,0.0,0.0
1,38,0.03258048720773656,-0.029875137715754684,-0.040672052882849793,35.0,0.0,0.0
1,39,0.032629452809401396,-0.030279103929489532,-0.04056188027910393,35.0,0.0,0.0
1,40,0.032819194515852614,-0.03018117272615987,-0.04037213857265271,35.0,0.0,0.0
1,41,0.032819194515852614,-0.03018117272615987,-0.04037213857265271,35.0,0.0,0.0
1,42,0.03284367731668503,-0.02994858611825193,-0.04054351817847962,35.0,0.0,0.0
1,43,0.03285591871710124,-0.029930224017627616,-0.04060472518056066,35.0,0.0,0.0
1,44,0.03285591871710124,-0.029930224017627616,-0.04060472518056066,35.0,0.0,0.0
1,45,0.03261109070877709,-0.029973068919084345,-0.04034153507161219,35.0,0.0,0.0
1,46,0.03265393561023381,-0.030107724323662627,-0.04047619047619048,35.0,0.0,0.0
1,47,0.032702901211898644,-0.030101603623454525,-0.04050679397723099,35.0,0.0,0.0
1,48,0.032788591014812095,-0.030168931325743664,-0.04058636307993634,35.0,0.0,0.0
1,49,0.03273350471293916,-0.03024237972824091,-0.040525156077855305,35.0,0.0,0.0
1,50,0.032757987513771576,-0.030028155220957274,-0.040525156077855305,35.0,0.0,0.0
1,51,0.03254988370669605,-0.03017505202595177,-0.04053127677806341,35.0,0.0,0.0
1,52,0.032660056310441915,-0.02999755171991676,-0.040439466274941854,35.0,0.0,0.0
1,53,0.03283755661647693,-0.03013832782470315,-0.04044558697514995,35.0,0.0,0.0
1,54,0.03283755661647693,-0.03013832782470315,-0.04072101848451463,35.0,0.0,0.0
1,55,0.03285591871710124,-0.030009793120332966,-0.04072101848451463,35.0,0.0,0.0
1,56,0.032819194515852614,-0.030162810625535563,-0.04055575957889583,35.0,0.0,0.0
1,57,0.03269678051169054,-0.02991798261721141,-0.04061696658097687,35.0,0.0,0.0
1,58,0.032647814910025705,-0.02970987881013588,-0.040684294283266004,35.0,0.0,0.0
1,59,0.03262333210919329,-0.030028155220957274,-0.0403476557718203,35.0,0.0,0.0
1,60,0.03266617701065001,-0.030040396621373484,-0.04034153507161219,35.0,0.0,0.0
1,61,0.03273962541314727,-0.030022034520749176,-0.04058636307993634,35.0,0.0,0.0
1,62,0.032788591014812095,-0.030199534826784186,-0.040580242379728244,35.0,0.0,0.0
1,63,0.03259272860815277,-0.029685396009303467,-0.04053127677806341,35.0,0.0,0.0
1,64,0.03286203941730934,-0.0303831558330273,-0.04050067327702289,35.0,0.0,0.0
1,65,0.03284979801689313,-0.030254621128657115,-0.04061696658097687,35.0,0.0,0.0
1,66,0.0328069531154364,-0.030040396621373484,-0.040672052882849793,35.0,0.0,0.0
1,67,0.0328069531154364,-0.030162810625535563,-0.04080058758721998,35.0,0.0,0.0
1,68,0.032702901211898644,-0.030199534826784186,-0.04037213857265271,35.0,0.0,0.0
1,69,0.03258660790794467,-0.03032194883094626,-0.04063532868160118,35.0,0.0,0.0
1,70,0.03281307381564451,-0.03014444852491125,-0.04044558697514995,35.0,0.0,0.0
1,71,0.03281307381564451,-0.03014444852491125,-0.04044558697514995,35.0,0.0,0.0
1,72,0.032562125107112254,-0.03024237972824091,-0.04074550128534704,35.0,0.0,0.0
1,73,0.03282531521606072,-0.02994858611825193,-0.04069041498347411,35.0,0.0,0.0
1,74,0.03277634961439589,-0.029832292814297955,-0.040665932182641695,35.0,0.0,0.0
1,75,0.03291100501897417,-0.030015913820541067,-0.040672052882849793,35.0,0.0,0.0
1,76,0.0326416942098176,-0.029789447912841226,-0.04055575957889583,35.0,0.0,0.0
1,77,0.03278247031460399,-0.030266862529073325,-0.040568000979312034,35.0,0.0,0.0
1,78,0.03272738401273106,-0.02996082751866814,-0.04043334557473375,35.0,0.0,0.0
1,79,0.03278247031460399,-0.030119965724078834,-0.04048843187660668,35.0,0.0,0.0
1,80,0.03273350471293916,-0.030162810625535563,-0.040482311176398576,35.0,0.0,0.0
1,81,0.03273350471293916,-0.030162810625535563,-0.04054963887868772,35.0,0.0,0.0
1,82,0.032917125719182275,-0.030083241522830213,-0.04054963887868772,35.0,0.0,0.0
1,83,0.03266617701065001,-0.030015913820541067,-0.04045782837556616,35.0,0.0,0.0
1,84,0.03277022891418778,-0.030101603623454525,-0.04047006977598237,35.0,0.0,0.0
1,85,0.032941608520014695,-0.030236259028032807,-0.040568000979312034,35.0,0.0,0.0
1,86,0.032617211408985186,-0.030156689925327457,-0.04072101848451463,35.0,0.0,0.0
1,87,0.03277022891418778,-0.02993634471783572,-0.04042110417431754,35.0,0.0,0.0
1,88,0.03286816011751744,-0.030309707430530054,-0.04064144938180928,35.0,0.0,0.0
1,89,0.03283755661647693,-0.030211776227200393,-0.040580242379728244,35.0,0.0,0.0
1,90,0.03277634961439589,-0.03008936222303831,-0.040408862773901336,35.0,0.0,0.0
1,91,0.032757987513771576,-0.03013832782470315,-0.04050679397723099,35.0,0.0,0.0
1,92,0.032788591014812095,-0.030107724323662627,-0.04047006977598237,35.0,0.0,0.0
1,93,0.032874280817725546,-0.030150569225119356,-0.04075774268576325,35.0,0.0,0.0
1,94,0.03297221202105521,-0.030101603623454525,-0.04043334557473375,35.0,0.0,0.0
1,95,0.03297221202105521,-0.030101603623454525,-0.04061696658097687,35.0,0.0,0.0
1,96,0.032715142612314854,-0.029942465418043823,-0.04061696658097687,35.0,0.0,0.0
1,97,0.032715142612314854,-0.029740482311176396,-0.04028644876973926,35.0,0.0,0.0
1,98,0.03294772922022279,-0.029985310319500552,-0.04045782837556616,35.0,0.0,0.0
1,99,0.03261109070877709,-0.03009548292324642,-0.04047619047619048,35.0,0.0,0.0
2,0,-0.03807075529440568,0.05404578283755662,-0.05044681111519158,0.0,35.0,0.0
2,1,-0.03818092789815155,0.05377035132819195,-0.050563104419145556,0.0,35.0,0.0
2,2,-0.038266617701065,0.05383767903048109,-0.05070388052393193,0.0,35.0,0.0
2,3,-0.038266617701065,0.05383767903048109,-0.05070388052393193,0.0,35.0,0.0
2,4,-0.038413514506059496,0.05403354143714041,-0.05050189741706451,0.0,35.0,0.0
2,5,-0.0382543763006488,0.05399069653568368,-0.05051413881748072,0.0,35.0,0.0
2,6,-0.03833394540335414,0.05393561023381075,-0.05060594932060227,0.0,35.0,0.0
2,7,-0.03833394540335414,0.05393561023381075,-0.05060594932060227,0.0,35.0,0.0
2,8,-0.038119720896070505,0.05389276533235402,-0.050569225119353654,0.0,35.0,0.0
2,9,-0.03829722120210552,0.053568368221324526,-0.050495776716856414,0.0,35.0,0.0
2,10,-0.03829722120210552,0.053568368221324526,-0.050495776716856414,0.0,35.0,0.0
2,11,-0.038389031705227075,0.05378259272860815,-0.050967070632880404,0.0,35.0,0.0
2,12,-0.03822377279960827,0.05388052393193782,-0.05089974293059126,0.0,35.0,0.0
2,13,-0.03822377279960827,0.05388052393193782,-0.05089974293059126,0.0,35.0,0.0
2,14,-0.03835230750397846,0.054015179336516096,-0.05055086301872934,0.0,35.0,0.0
2,15,-0.03837679030481087,0.053715265026319015,-0.050814053127677804,0.0,35.0,0.0
2,16,-0.03837679030481087,0.053715265026319015,-0.050814053127677804,0.0,35.0,0.0
2,17,-0.03836454890439466,0.05378871342881626,-0.05052025951768883,0.0,35.0,0.0
2,18,-0.03823601420002448,0.053813196229648676,-0.05054474231852124,0.0,35.0,0.0
2,19,-0.03823601420002448,0.053813196229648676,-0.05054474231852124,0.0,35.0,0.0
2,20,-0.03832782470314604,0.05391112743297834,-0.050630432121434685,0.0,35.0,0.0
2,21,-0.038358428204186557,0.053856041131105405,-0.05066103562247522,0.0,35.0,0.0
2,22,-0.038260497000856895,0.05380095482923246,-0.0506365528216428,0.0,35.0,0.0
2,23,-0.038260497000856895,0.05380095482923246,-0.0506365528216428,0.0,35.0,0.0
2,24,-0.03834006610356225,0.05377035132819195,-0.050648794222059,0.0,35.0,0.0
2,25,-0.038272738401273106,0.05379483412902436,-0.05058758721997797,0.0,35.0,0.0
2,26,-0.038272738401273106,0.05379483412902436,-0.05058758721997797,0.0,35.0,0.0
2,27,-0.038266617701065,0.05409474843922145,-0.05067939772309952,0.0,35.0,0.0
2,28,-0.03819316929856776,0.05373974782715143,-0.05057534581956176,0.0,35.0,0.0
2,29,-0.03819316929856776,0.05373974782715143,-0.05057534581956176,0.0,35.0,0.0
2,30,-0.03845023870730811,0.05373974782715143,-0.05050801811727261,0.0,35.0,0.0
2,31,-0.03821765209940017,0.0536969029256947,-0.050385604113110535,0.0,35.0,0.0
2,32,-0.03821765209940017,0.0536969029256947,-0.050385604113110535,0.0,35.0,0.0
2,33,-0.03811360019586241,0.05383767903048109,-0.05069163912351573,0.0,35.0,0.0
2,34,-0.038303341902313624,0.05411923124005387,-0.05048965601664831,0.0,35.0,0.0
2,35,-0.038303341902313624,0.05411923124005387,-0.05083853592851022,0.0,35.0,0.0
2,36,-0.038346186803770346,0.05374586852735953,-0.05083853592851022,0.0,35.0,0.0
2,37,-0.03819316929856776,0.05365405802423797,-0.05059982862039417,0.0,35.0,0.0
2,38,-0.038089117395029994,0.05394173093401885,-0.05053862161831314,0.0,35.0,0.0
2,39,-0.038089117395029994,0.05394173093401885,-0.05053862161831314,0.0,35.0,0.0
2,40,-0.03839515240543519,0.053874403231729706,-0.05061207002081038,0.0,35.0,0.0
2,41,-0.03805239319378137,0.05403966213734851,-0.05059982862039417,0.0,35.0,0.0
2,42,-0.03805239319378137,0.05403966213734851,-0.05059982862039417,0.0,35.0,0.0
2,43,-0.03838291100501897,0.05399069653568368,-0.05050801811727261,0.0,35.0,0.0
2,44,-0.038260497000856895,0.05364181662382177,-0.05086301872934264,0.0,35.0,0.0
2,45,-0.038260497000856895,0.05364181662382177,-0.05086301872934264,0.0,35.0,0.0
2,46,-0.03819316929856776,0.053703023625902804,-0.05077732892642919,0.0,35.0,0.0
2,47,-0.038168686497735346,0.05384992043089729,-0.050814053127677804,0.0,35.0,0.0
2,48,-0.038089117395029994,0.05382543763006488,-0.05039172481331864,0.0,35.0,0.0
2,49,-0.03845023870730811,0.05380095482923246,-0.05058758721997797,0.0,35.0,0.0
2,50,-0.03807075529440568,0.053819316929856774,-0.050483535316440196,0.0,35.0,0.0
2,51,-0.038272738401273106,0.05374586852735953,-0.050667156322683315,0.0,35.0,0.0
2,52,-0.03837066960460277,0.053660178724446075,-0.05083241522830212,0.0,35.0,0.0
2,53,-0.038431876606683804,0.05389276533235402,-0.050250948708532264,0.0,35.0,0.0
2,54,-0.03797282409107602,0.053886644632145916,-0.05044069041498347,0.0,35.0,0.0
2,55,-0.03829110050189742,0.05410698983963765,-0.05059982862039417,0.0,35.0,0.0
2,56,-0.03832782470314604,0.05372138572652711,-0.05066103562247522,0.0,35.0,0.0
2,57,-0.03821765209940017,0.05411311053984576,-0.05053250091810503,0.0,35.0,0.0
2,58,-0.0381074794956543,0.05399681723589178,-0.050526380217896925,0.0,35.0,0.0
2,59,-0.038187048598359655,0.053953972334435066,-0.0506426735218509,0.0,35.0,0.0
2,60,-0.038144203696902926,0.05372750642673522,-0.05054474231852124,0.0,35.0,0.0
2,61,-0.038144203696902926,0.0536969029256947,-0.05045905251560778,0.0,35.0,0.0
2,62,-0.03840739380585139,0.0536969029256947,-0.05057534581956176,0.0,35.0,0.0
2,63,-0.03829110050189742,0.05378871342881626,-0.05057534581956176,0.0,35.0,0.0
2,64,-0.038260497000856895,0.05390500673277023,-0.05058146651976986,0.0,35.0,0.0
2,65,-0.03808299669482189,0.05368466152527849,-0.05039172481331864,0.0,35.0,0.0
2,66,-0.03835230750397846,0.053874403231729706,-0.0506365528216428,0.0,35.0,0.0
2,67,-0.03829722120210552,0.05383767903048109,-0.05072224262455625,0.0,35.0,0.0
2,68,-0.03829110050189742,0.054070265638389035,-0.05058758721997797,0.0,35.0,0.0
2,69,-0.0382543763006488,0.05399069653568368,-0.05053862161831314,0.0,35.0,0.0
2,70,-0.038187048598359655,0.05383767903048109,-0.05058146651976986,0.0,35.0,0.0
2,71,-0.03829110050189742,0.05406414493818092,-0.0506426735218509,0.0,35.0,0.0
2,72,-0.03829110050189742,0.05406414493818092,-0.0506426735218509,0.0,35.0,0.0
2,73,-0.03829722120210552,0.05376423062798384,-0.05058758721997797,0.0,35.0,0.0
2,74,-0.03827885910148121,0.05408862773901334,-0.05054474231852124,0.0,35.0,0.0
2,75,-0.038168686497735346,0.05388052393193782,-0.05061819072101849,0.0,35.0,0.0
2,76,-0.03822377279960827,0.05391112743297834,-0.05058146651976986,0.0,35.0,0.0
2,77,-0.038156445097319136,0.05383155833027299,-0.05036112131227812,0.0,35.0,0.0
2,78,-0.0385848941118864,0.05377035132819195,-0.05039172481331864,0.0,35.0,0.0
2,79,-0.038358428204186557,0.05386828253152161,-0.050654914922267105,0.0,35.0,0.0
2,80,-0.03815032439711103,0.053917248133186435,-0.050569225119353654,0.0,35.0,0.0
2,81,-0.038260497000856895,0.054070265638389035,-0.05066103562247522,0.0,35.0,0.0
2,82,-0.03822377279960827,0.053856041131105405,-0.050355000612070024,0.0,35.0,0.0
2,83,-0.03805239319378137,0.054100869139429554,-0.050667156322683315,0.0,35.0,0.0
2,84,-0.03805239319378137,0.05374586852735953,-0.05025706940874036,0.0,35.0,0.0
2,85,-0.03819928999877586,0.05374586852735953,-0.05025706940874036,0.0,35.0,0.0
2,86,-0.037942220590035505,0.053819316929856774,-0.050416207614151054,0.0,35.0,0.0
2,87,-0.03834006610356225,0.05350716121924348,-0.05050801811727261,0.0,35.0,0.0
2,88,-0.038027910392948956,0.05375810992777573,-0.05068551842330763,0.0,35.0,0.0
2,89,-0.038260497000856895,0.05392336883339453,-0.05046517321581588,0.0,35.0,0.0
2,90,-0.038229893499816384,0.053856041131105405,-0.05070388052393193,0.0,35.0,0.0
2,91,-0.03839515240543519,0.05388052393193782,-0.0504774146162321,0.0,35.0,0.0
2,92,-0.03829110050189742,0.05400293793609989,-0.05058758721997797,0.0,35.0,0.0
2,93,-0.03846860080793243,0.054217162443383524,-0.050569225119353654,0.0,35.0,0.0
2,94,-0.03819928999877586,0.054070265638389035,-0.05051413881748072,0.0,35.0,0.0
2,95,-0.03822377279960827,0.05390500673277023,-0.050807932427469706,0.0,35.0,0.0
2,96,-0.038046272493573265,0.053733627126943316,-0.050177500306035,0.0,35.0,0.0
2,97,-0.03811360019586241,0.0538621618313135,-0.05061207002081038,0.0,35.0,0.0
2,98,-0.03819928999877586,0.05397845513526748,-0.05074672542538866,0.0,35.0,0.0
2,99,-0.0384257559064757,0.05378259272860815,-0.05068551842330763,0.0,35.0,0.0
3,0,0.03192557228546945,0.05725302974660301,-0.08362712694332232,35.0,35.0,0.0
3,1,0.03192557228546945,0.05725302974660301,-0.08362712694332232,35.0,35.0,0.0
3,2,0.03203574488921533,0.057210184845146284,-0.08355367854082507,35.0,35.0,0.0
3,3,0.03195617578650998,0.05730199534826784,-0.08357816134165749,35.0,35.0,0.0
3,4,0.03195617578650998,0.05730199534826784,-0.08357816134165749,35.0,35.0,0.0
3,5,0.03198065858734239,0.057308116048475945,-0.08354143714040886,35.0,35.0,0.0
3,6,0.03198677928755049,0.057559064757008206,-0.08363936834373852,35.0,35.0,0.0
3,7,0.03198677928755049,0.057559064757008206,-0.08363936834373852,35.0,35.0,0.0
3,8,0.031864365283388416,0.05746725425388664,-0.08335169543395764,35.0,35.0,0.0
3,9,0.03206634839025584,0.05751009915534337,-0.08350471293916024,35.0,35.0,0.0
3,10,0.03206634839025584,0.057063288040151795,-0.08358428204186559,35.0,35.0,0.0
3,11,0.03202962418900722,0.057063288040151795,-0.08358428204186559,35.0,35.0,0.0
3,12,0.031631778675480476,0.057424409352429914,-0.08352919573999265,35.0,35.0,0.0
3,13,0.03205410698983964,0.05731423674868404,-0.0835965234422818,35.0,35.0,0.0
3,14,0.03205410698983964,0.05731423674868404,-0.0835965234422818,35.0,35.0,0.0
3,15,0.03206634839025584,0.057179581344105765,-0.08358428204186559,35.0,35.0,0.0
3,16,0.03194393438609377,0.05713061574244094,-0.08375566164769249,35.0,35.0,0.0
3,17,0.03194393438609377,0.05713061574244094,-0.08375566164769249,35.0,35.0,0.0
3,18,0.03220100379483413,0.05721630554535438,-0.08363324764353042,35.0,35.0,0.0
3,19,0.032017382788591016,0.057308116048475945,-0.08383523075039785,35.0,35.0,0.0
3,20,0.032017382788591016,0.057308116048475945,-0.08383523075039785,35.0,35.0,0.0
3,21,0.03195617578650998,0.05751621985555148,-0.08345574733749542,35.0,35.0,0.0
3,22,0.031631778675480476,0.057265271147019216,-0.08378626514873302,35.0,35.0,0.0
3,23,0.031631778675480476,0.057277512547435426,-0.0837495409474844,35.0,35.0,0.0
3,24,0.03205410698983964,0.057277512547435426,-0.0837495409474844,35.0,35.0,0.0
3,25,0.03195005508630187,0.05730199534826784,-0.08367609254498715,35.0,35.0,0.0
3,26,0.03213979679275309,0.05751621985555148,-0.08339454033541437,35.0,35.0,0.0
3,27,0.03213979679275309,0.05751621985555148,-0.08339454033541437,35.0,35.0,0.0
3,28,0.031833761782347904,0.057448892153262335,-0.08373117884686007,35.0,35.0,0.0
3,29,0.03195617578650998,0.057491737054719064,-0.08370057534581957,35.0,35.0,0.0
3,30,0.03195617578650998,0.057491737054719064,-0.08370057534581957,35.0,35.0,0.0
3,31,0.031821520381931694,0.05758966825804872,-0.08370669604602766,35.0,35.0,0.0
3,32,0.03196841718692618,0.05765087526012976,-0.08373729954706818,35.0,35.0,0.0
3,33,0.03196841718692618,0.05765087526012976,-0.08373729954706818,35.0,35.0,0.0
3,34,0.03191333088505325,0.05711225364181662,-0.0834373852368711,35.0,35.0,0.0
3,35,0.03197453788713429,0.057222426245562494,-0.083608764842698,35.0,35.0,0.0
3,36,0.03197453788713429,0.0573938058513894,-0.08333945403354144,35.0,35.0,0.0
3,37,0.031619537275064266,0.0573938058513894,-0.08333945403354144,35.0,35.0,0.0
3,38,0.031888848084220836,0.05736932305055699,-0.08375566164769249,35.0,35.0,0.0
3,39,0.03210307259150447,0.05735708165014077,-0.08351695433957644,35.0,35.0,0.0
3,40,0.03210307259150447,0.05735708165014077,-0.08351695433957644,35.0,35.0,0.0
3,41,0.032145917492961196,0.05754070265638389,-0.08355367854082507,35.0,35.0,0.0
3,42,0.031919451585261355,0.057406047251805606,-0.08371893744644388,35.0,35.0,0.0
3,43,0.031919451585261355,0.057406047251805606,-0.08371893744644388,35.0,35.0,0.0
3,44,0.03208471049088016,0.05763251315950545,-0.08354755784061697,35.0,35.0,0.0
3,45,0.03192557228546945,0.05761415105888114,-0.08348635083853592,35.0,35.0,0.0
3,46,0.03199902068796671,0.05741216795201372,-0.08365160974415473,35.0,35.0,0.0
3,47,0.032017382788591016,0.05745501285347043,-0.08348023013832782,35.0,35.0,0.0
3,48,0.032017382788591016,0.05751621985555148,-0.08358428204186559,35.0,35.0,0.0
3,49,0.03185212388297221,0.05751621985555148,-0.08353531644020076,35.0,35.0,0.0
3,50,0.03192557228546945,0.057559064757008206,-0.0834435059370792,35.0,35.0,0.0
3,51,0.03185212388297221,0.05746725425388664,-0.0834435059370792,35.0,35.0,0.0
3,52,0.03180315828130738,0.057406047251805606,-0.08354755784061697,35.0,35.0,0.0
3,53,0.03203574488921533,0.0572285469457706,-0.08359040274207369,35.0,35.0,0.0
3,54,0.03206634839025584,0.05718570204431387,-0.08351695433957644,35.0,35.0,0.0
3,55,0.03184600318276411,0.057418288652221816,-0.08337617823479006,35.0,35.0,0.0
3,56,0.03205410698983964,0.057204064144938185,-0.08362100624311422,35.0,35.0,0.0
3,57,0.03220712449504223,0.05728363324764353,-0.08354143714040886,35.0,35.0,0.0
3,58,0.03198065858734239,0.057479495654302847,-0.083431264536663,35.0,35.0,0.0
3,59,0.03185824458318032,0.05712449504223284,-0.08357816134165749,35.0,35.0,0.0
3,60,0.03180315828130738,0.0572285469457706,-0.08355979924103317,35.0,35.0,0.0
3,61,0.03195617578650998,0.05763251315950545,-0.08382298934998164,35.0,35.0,0.0
3,62,0.03204186558942343,0.05760803035867303,-0.08327212633125229,35.0,35.0,0.0
3,63,0.031888848084220836,0.05709389154119231,-0.08354755784061697,35.0,35.0,0.0
3,64,0.03207246909046395,0.05757742685763251,-0.08365773044436284,35.0,35.0,0.0
3,65,0.031760313379850656,0.05749785775492716,-0.08369445464561145,35.0,35.0,0.0
3,66,0.031839882482556,0.05751621985555148,-0.08331497123270902,35.0,35.0,0.0
3,67,0.032017382788591016,0.05746725425388664,-0.08361488554290611,35.0,35.0,0.0
3,68,0.03190108948463704,0.057381564450973185,-0.08329660913208471,35.0,35.0,0.0
3,69,0.03190108948463704,0.057381564450973185,-0.08329660913208471,35.0,35.0,0.0
3,70,0.03208471049088016,0.057106132941608524,-0.08381074794956543,35.0,35.0,0.0
3,71,0.03198677928755049,0.05731423674868404,-0.08348635083853592,35.0,35.0,0.0
3,72,0.032047986289631535,0.05763863385971355,-0.08371893744644388,35.0,35.0,0.0
3,73,0.03205410698983964,0.05711837434202473,-0.08371893744644388,35.0,35.0,0.0
3,74,0.03205410698983964,0.05711837434202473,-0.08362712694332232,35.0,35.0,0.0
3,75,0.032017382788591016,0.0572346676459787,-0.08362712694332232,35.0,35.0,0.0
3,76,0.032047986289631535,0.05736932305055699,-0.08357816134165749,35.0,35.0,0.0
3,77,0.03185824458318032,0.05729587464805974,-0.08352919573999265,35.0,35.0,0.0
3,78,0.03164402007589669,0.05749785775492716,-0.083608764842698,35.0,35.0,0.0
3,79,0.03189496878442894,0.057448892153262335,-0.08355979924103317,35.0,35.0,0.0
3,80,0.031876606683804626,0.05759578895825682,-0.08346186803770352,35.0,35.0,0.0
3,81,0.03174195127922634,0.05705716733994369,-0.08349859223895215,35.0,35.0,0.0
3,82,0.03188272738401273,0.057338719549516456,-0.08371281674623578,35.0,35.0,0.0
3,83,0.03188272738401273,0.05714897784306525,-0.08371893744644388,35.0,35.0,0.0
3,84,0.032060227690047745,0.057210184845146284,-0.08354755784061697,35.0,35.0,0.0
3,85,0.03208471049088016,0.05765087526012976,-0.08371281674623578,35.0,35.0,0.0
3,86,0.03207246909046395,0.05728975394785163,-0.08335781613416575,35.0,35.0,0.0
3,87,0.031735830579018236,0.05728975394785163,-0.08366385114457095,35.0,35.0,0.0
3,88,0.03169910637776961,0.0573999265515975,-0.08365160974415473,35.0,35.0,0.0
3,89,0.03192557228546945,0.0573938058513894,-0.0837679030481087,35.0,35.0,0.0
3,90,0.031778675480474965,0.05694699473619782,-0.08350471293916024,35.0,35.0,0.0
3,91,0.03198677928755049,0.05751621985555148,-0.08358428204186559,35.0,35.0,0.0
3,92,0.03198677928755049,0.05751621985555148,-0.08358428204186559,35.0,35.0,0.0
3,93,0.03195005508630187,0.05725302974660301,-0.08348023013832782,35.0,35.0,0.0
3,94,0.03187048598359653,0.05768759946137838,-0.08368221324519524,35.0,35.0,0.0
3,95,0.03193781368588566,0.057565185457216304,-0.08352307503978455,35.0,35.0,0.0
3,96,0.03195617578650998,0.05741216795201372,-0.083608764842698,35.0,35.0,0.0
3,97,0.03203574488921533,0.05737544375076509,-0.08333945403354144,35.0,35.0,0.0
3,98,0.03181539968172359,0.057350960949932674,-0.08346798873791161,35.0,35.0,0.0
3,99,0.0319928999877586,0.05715509854327335,-0.08355979924103317,35.0,35.0,0.0
