values,,Magnetometer,Magnetometer,Magnetometer,position,position,position
axis,,x,y,z,x,y,z
Sensor,Sample,,,,,,
0,0,-0.0726833149712327,-0.04592973436161097,-0.09204921042967315,0.0,0.0,0.0
0,1,-0.0726833149712327,-0.046321459174929615,-0.09168808911739504,0.0,0.0,0.0
0,2,-0.07290978087893255,-0.046321459174929615,-0.09168808911739504,0.0,0.0,0.0
0,3,-0.07246296976374098,-0.046039906965356835,-0.09215938303341902,0.0,0.0,0.0
0,4,-0.07274452197331374,-0.04599094136369201,-0.09237972824091076,0.0,0.0,0.0
0,5,-0.07274452197331374,-0.04599094136369201,-0.09237972824091076,0.0,0.0,0.0
0,6,-0.07259150446811116,-0.046192924470559435,-0.09209205533112988,0.0,0.0,0.0
0,7,-0.07280572897539479,-0.04604602766556494,-0.09204308972946505,0.0,0.0,0.0
0,8,-0.07280572897539479,-0.04604602766556494,-0.09204308972946505,0.0,0.0,0.0
0,9,-0.07259150446811116,-0.046449993879299795,-0.0922695556371649,0.0,0.0,0.0
0,10,-0.07278124617456237,-0.0462969763740972,-0.09233688333945403,0.0,0.0,0.0
0,11,-0.07278124617456237,-0.0462969763740972,-0.09233688333945403,0.0,0.0,0.0
0,12,-0.07278124617456237,-0.04591749296119476,-0.09230015913820541,0.0,0.0,0.0
0,13,-0.07275676337372997,-0.04599706206390011,-0.09202472762884074,0.0,0.0,0.0
0,14,-0.07275676337372997,-0.04599706206390011,-0.09202472762884074,0.0,0.0,0.0
0,15,-0.07265271147019219,-0.04604602766556494,-0.09220222793487574,0.0,0.0,0.0
0,16,-0.07276900477414616,-0.04594809646223528,-0.0921287795323785,0.0,0.0,0.0
0,17,-0.07276900477414616,-0.04594809646223528,-0.0921287795323785,0.0,0.0,0.0
0,18,-0.07279348757497858,-0.046094993267229774,-0.09159627861427347,0.0,0.0,0.0
0,19,-0.07289141877830824,-0.046168441669727014,-0.09230627983841352,0.0,0.0,0.0
0,20,-0.07289141877830824,-0.04616232096951891,-0.09200636552821642,0.0,0.0,0.0
0,21,-0.07276288407393806,-0.04616232096951891,-0.09200636552821642,0.0,0.0,0.0
0,22,-0.07270167707185701,-0.0459786999632758,-0.09217774513404334,0.0,0.0,0.0
0,23,-0.0726771942710246,-0.0463030970743053,-0.09204308972946505,0.0,0.0,0.0
0,24,-0.0726771942710246,-0.0463030970743053,-0.09204308972946505,0.0,0.0,0.0
0,25,-0.07268943567144082,-0.0459848206634839,-0.09159015791406537,0.0,0.0,0.0
0,26,-0.0726833149712327,-0.04622964867180805,-0.09231240053862162,0.0,0.0,0.0
0,27,-0.0726833149712327,-0.04622964867180805,-0.09231240053862162,0.0,0.0,0.0
0,28,-0.07273840127310564,-0.04605826906598115,-0.09213490023258661,0.0,0.0,0.0
0,29,-0.07272003917248133,-0.046150079569102706,-0.09210429673154609,0.0,0.0,0.0
0,30,-0.07272003917248133,-0.046150079569102706,-0.09210429673154609,0.0,0.0,0.0
0,31,-0.07272615987268943,-0.04606438976618925,-0.09197576202717592,0.0,0.0,0.0
0,32,-0.07271391847227324,-0.046180683070143225,-0.09222059003550007,0.0,0.0,0.0
0,33,-0.07271391847227324,-0.046180683070143225,-0.09222059003550007,0.0,0.0,0.0
0,34,-0.07292814297955687,-0.045880768759946136,-0.09207981393071367,0.0,0.0,0.0
0,35,-0.07245684906353286,-0.046039906965356835,-0.09225731423674868,0.0,0.0,0.0
0,36,-0.07245684906353286,-0.046039906965356835,-0.09225731423674868,0.0,0.0,0.0
0,37,-0.07278736687477047,-0.046168441669727014,-0.0922634349369568,0.0,0.0,0.0
0,38,-0.07275676337372997,-0.046094993267229774,-0.09218386583425145,0.0,0.0,0.0
0,39,-0.07275676337372997,-0.046094993267229774,-0.09218386583425145,0.0,0.0,0.0
0,40,-0.07279348757497858,-0.04624189007222426,-0.09209205533112988,0.0,0.0,0.0
0,41,-0.07260374586852736,-0.045813441057656994,-0.09218998653445955,0.0,0.0,0.0
0,42,-0.07260374586852736,-0.04615620026931081,-0.09156567511323296,0.0,0.0,0.0
0,43,-0.07278124617456237,-0.04615620026931081,-0.09156567511323296,0.0,0.0,0.0
0,44,-0.07273840127310564,-0.046033786265148736,-0.09223895213612437,0.0,0.0,0.0
0,45,-0.0726833149712327,-0.0459786999632758,-0.09222059003550007,0.0,0.0,0.0
0,46,-0.0726833149712327,-0.0459786999632758,-0.09222059003550007,0.0,0.0,0.0
0,47,-0.07280572897539479,-0.04593585506181907,-0.09221446933529195,0.0,0.0,0.0
0,48,-0.07286081527726772,-0.046039906965356835,-0.09214102093279472,0.0,0.0,0.0
0,49,-0.07286081527726772,-0.046039906965356835,-0.09214102093279472,0.0,0.0,0.0
0,50,-0.07247521116415719,-0.0461439588688946,-0.09201860692863265,0.0,0.0,0.0
0,51,-0.07245684906353286,-0.04635818337617824,-0.09217162443383523,0.0,0.0,0.0
0,52,-0.07245684906353286,-0.04635818337617824,-0.09217162443383523,0.0,0.0,0.0
0,53,-0.07269555637164891,-0.04596033786265148,-0.09223895213612437,0.0,0.0,0.0
0,54,-0.07256090096707063,-0.045966458562859594,-0.09203084832904884,0.0,0.0,0.0
0,55,-0.07256090096707063,-0.045966458562859594,-0.09203084832904884,0.0,0.0,0.0
0,56,-0.07276288407393806,-0.04604602766556494,-0.0922634349369568,0.0,0.0,0.0
0,57,-0.0726771942710246,-0.04602766556494063,-0.09203696902925694,0.0,0.0,0.0
0,58,-0.0726771942710246,-0.04602766556494063,-0.09203696902925694,0.0,0.0,0.0
0,59,-0.07277512547435426,-0.046125596768270286,-0.09196352062675969,0.0,0.0,0.0
0,60,-0.07272615987268943,-0.04615620026931081,-0.09223283143591628,0.0,0.0,0.0
0,61,-0.07272615987268943,-0.04615620026931081,-0.09223283143591628,0.0,0.0,0.0
0,62,-0.07263434936956788,-0.04593585506181907,-0.09145550250948709,0.0,0.0,0.0
0,63,-0.07259150446811116,-0.046137838168686496,-0.0919696413269678,0.0,0.0,0.0
0,64,-0.07259150446811116,-0.046137838168686496,-0.0919696413269678,0.0,0.0,0.0
0,65,-0.07243236626270046,-0.04619904517076753,-0.0922879177377892,0.0,0.0,0.0
0,66,-0.0726833149712327,-0.04620516587097564,-0.09218386583425145,0.0,0.0,0.0
0,67,-0.07263434936956788,-0.046137838168686496,-0.09216550373362713,0.0,0.0,0.0
0,68,-0.07263434936956788,-0.046137838168686496,-0.09216550373362713,0.0,0.0,0.0
0,69,-0.07243236626270046,-0.046082751866813564,-0.09203084832904884,0.0,0.0,0.0
0,70,-0.07256090096707063,-0.046052148365773045,-0.09204308972946505,0.0,0.0,0.0
0,71,-0.07256090096707063,-0.046052148365773045,-0.09204308972946505,0.0,0.0,0.0
0,72,-0.07272003917248133,-0.04610723466764598,-0.09204921042967315,0.0,0.0,0.0
0,73,-0.0726833149712327,-0.04602766556494063,-0.09179826172114089,0.0,0.0,0.0
0,74,-0.0726833149712327,-0.04602766556494063,-0.09179826172114089,0.0,0.0,0.0
0,75,-0.07264047006977599,-0.04607051046639736,-0.09203696902925694,0.0,0.0,0.0
0,76,-0.07262822866935978,-0.04618680377035132,-0.09193291712571919,0.0,0.0,0.0
0,77,-0.07262822866935978,-0.04618680377035132,-0.09193291712571919,0.0,0.0,0.0
0,78,-0.07270167707185701,-0.04607051046639736,-0.09207981393071367,0.0,0.0,0.0
0,79,-0.07278124617456237,-0.0459786999632758,-0.09207981393071367,0.0,0.0,0.0
0,80,-0.07278124617456237,-0.0459786999632758,-0.09207981393071367,0.0,0.0,0.0
0,81,-0.07278736687477047,-0.045954217162443384,-0.09204308972946505,0.0,0.0,0.0
0,82,-0.07245684906353286,-0.04599706206390011,-0.09200636552821642,0.0,0.0,0.0
0,83,-0.07245684906353286,-0.04599706206390011,-0.09218386583425145,0.0,0.0,0.0
0,84,-0.07267107357081651,-0.045966458562859594,-0.09218386583425145,0.0,0.0,0.0
0,85,-0.07276900477414616,-0.046180683070143225,-0.09214714163300282,0.0,0.0,0.0
0,86,-0.07264659076998409,-0.04624189007222426,-0.09210429673154609,0.0,0.0,0.0
0,87,-0.07264659076998409,-0.04624189007222426,-0.09210429673154609,0.0,0.0,0.0
0,88,-0.07278124617456237,-0.04620516587097564,-0.09221446933529195,0.0,0.0,0.0
0,89,-0.07251805606561391,-0.04621740727139185,-0.09201860692863265,0.0,0.0,0.0
0,90,-0.07251805606561391,-0.04621740727139185,-0.09201860692863265,0.0,0.0,0.0
0,91,-0.07276900477414616,-0.04624189007222426,-0.09198188272738402,0.0,0.0,0.0
0,92,-0.07280572897539479,-0.04633982127555392,-0.09215938303341902,0.0,0.0,0.0
0,93,-0.07280572897539479,-0.04633982127555392,-0.09215938303341902,0.0,0.0,0.0
0,94,-0.07277512547435426,-0.04616232096951891,-0.09207369323050557,0.0,0.0,0.0
0,95,-0.07243848696290855,-0.04610111396743787,-0.09219610723466765,0.0,0.0,0.0
0,96,-0.07243848696290855,-0.04610111396743787,-0.09219610723466765,0.0,0.0,0.0
0,97,-0.07286693597747582,-0.04611335536785408,-0.0922634349369568,0.0,0.0,0.0
0,98,-0.0726833149712327,-0.046180683070143225,-0.09218386583425145,0.0,0.0,0.0
0,99,-0.0726833149712327,-0.046180683070143225,-0.09218386583425145,0.0,0.0,0.0
1,0,0.04891051536295753,-0.03511445709389154,-0.05807932427469703,35.0,0.0,0.0
1,1,0.049143101970865466,-0.035041008691394294,-0.05828130738156445,35.0,0.0,0.0
1,2,0.04909413636920064,-0.03493083608764842,-0.058342514383645495,35.0,0.0,0.0
1,3,0.04909413636920064,-0.03493083608764842,-0.058342514383645495,35.0,0.0,0.0
1,4,0.04900844656628718,-0.034924715387440325,-0.057963030970743054,35.0,0.0,0.0
1,5,0.049045170767535805,-0.035157301995348264,-0.058165014077610475,35.0,0.0,0.0
1,6,0.04909413636920064,-0.035224629697637413,-0.0580364793732403,35.0,0.0,0.0
1,7,0.04909413636920064,-0.035224629697637413,-0.0580364793732403,35.0,0.0,0.0
1,8,0.04912473987024116,-0.03494307748806463,-0.05824458318031582,35.0,0.0,0.0
1,9,0.04889215326233321,-0.03496143958868895,-0.05822010037948341,35.0,0.0,0.0
1,10,0.04889215326233321,-0.03496143958868895,-0.05822010037948341,35.0,0.0,0.0
1,11,0.04911249846982495,-0.03503488799118619,-0.05810992777573755,35.0,0.0,0.0
1,12,0.04902068796670339,-0.03523687109805362,-0.05807320357448892,35.0,0.0,0.0
1,13,0.04902068796670339,-0.03523687109805362,-0.05807320357448892,35.0,0.0,0.0
1,14,0.04933284367731668,-0.03494307748806463,-0.05795691027053494,35.0,0.0,0.0
1,15,0.04906965356836822,-0.034894111886399806,-0.05799363447178357,35.0,0.0,0.0
1,16,0.04906965356836822,-0.034894111886399806,-0.05799363447178357,35.0,0.0,0.0
1,17,0.04902068796670339,-0.03517566409597258,-0.05812828987636186,35.0,0.0,0.0
1,18,0.04911249846982495,-0.03473497368098911,-0.05815277267719428,35.0,0.0,0.0
1,19,0.04899620516587098,-0.03527971599951034,-0.05793242746970253,35.0,0.0,0.0
1,20,0.04899620516587098,-0.03527971599951034,-0.05793242746970253,35.0,0.0,0.0
1,21,0.0490390500673277,-0.034936956787856535,-0.05799975517199167,35.0,0.0,0.0
1,22,0.04911861917003305,-0.03513281919451585,-0.05837923858489411,35.0,0.0,0.0
1,23,0.04911861917003305,-0.03513281919451585,-0.05837923858489411,35.0,0.0,0.0
1,24,0.049057412167952015,-0.03528583669971845,-0.058158893377402376,35.0,0.0,0.0
1,25,0.04916146407148978,-0.03491859468723222,-0.05817113477781858,35.0,0.0,0.0
1,26,0.04916146407148978,-0.03491859468723222,-0.05817113477781858,35.0,0.0,0.0
1,27,0.04906353286816012,-0.03496143958868895,-0.05797527237115926,35.0,0.0,0.0
1,28,0.04894111886399804,-0.03512669849430775,-0.05807320357448892,35.0,0.0,0.0
1,29,0.04894111886399804,-0.03512669849430775,-0.05807320357448892,35.0,0.0,0.0
1,30,0.049198188272738405,-0.03513281919451585,-0.058342514383645495,35.0,0.0,0.0
1,31,0.04899620516587098,-0.0350532500918105,-0.05818337617823479,35.0,0.0,0.0
1,32,0.04899620516587098,-0.03474721508140531,-0.05810992777573755,35.0,0.0,0.0
1,33,0.049088015668992534,-0.03474721508140531,-0.05810992777573755,35.0,0.0,0.0
1,34,0.04891051536295753,-0.035169543395764474,-0.05824458318031582,35.0,0.0,0.0
1,35,0.04902680866691149,-0.03507161219243481,-0.05798139307136736,35.0,0.0,0.0
1,36,0.04902680866691149,-0.03507161219243481,-0.05798139307136736,35.0,0.0,0.0
1,37,0.049002325866079076,-0.03507773289264292,-0.05813441057656996,35.0,0.0,0.0
1,38,0.04936344717835721,-0.035169543395764474,-0.0580364793732403,35.0,0.0,0.0
1,39,0.04936344717835721,-0.035169543395764474,-0.0580364793732403,35.0,0.0,0.0
1,40,0.049057412167952015,-0.03499204308972946,-0.058409842085934624,35.0,0.0,0.0
1,41,0.048959480964622354,-0.03501652589056188,-0.05817113477781858,35.0,0.0,0.0
1,42,0.048959480964622354,-0.03501652589056188,-0.05817113477781858,35.0,0.0,0.0
1,43,0.04894111886399804,-0.035267474599094135,-0.05808544497490513,35.0,0.0,0.0
1,44,0.04892275676337373,-0.03496143958868895,-0.058232341779899624,35.0,0.0,0.0
1,45,0.04892275676337373,-0.034869629085567386,-0.05833027298322928,35.0,0.0,0.0
1,46,0.0490390500673277,-0.034869629085567386,-0.05833027298322928,35.0,0.0,0.0
1,47,0.04902068796670339,-0.03512669849430775,-0.05807932427469703,35.0,0.0,0.0
1,48,0.049014567266495286,-0.034912473987024115,-0.05828130738156445,35.0,0.0,0.0
1,49,0.049014567266495286,-0.034912473987024115,-0.05828130738156445,35.0,0.0,0.0
1,50,0.04900844656628718,-0.03509609499326723,-0.058434324886767045,35.0,0.0,0.0
1,51,0.04908189496878443,-0.03512669849430775,-0.058103807075529444,35.0,0.0,0.0
1,52,0.04908189496878443,-0.03512669849430775,-0.058103807075529444,35.0,0.0,0.0
1,53,0.049100257069408744,-0.03531644020075897,-0.05813441057656996,35.0,0.0,0.0
1,54,0.04919206757253029,-0.03496143958868895,-0.05832415228302118,35.0,0.0,0.0
1,55,0.04919206757253029,-0.03496143958868895,-0.05832415228302118,35.0,0.0,0.0
1,56,0.04906353286816012,-0.03514506059493206,-0.05827518668135635,35.0,0.0,0.0
1,57,0.04910637776961684,-0.03496756028889705,-0.058048720773656505,35.0,0.0,0.0
1,58,0.04910637776961684,-0.03496756028889705,-0.058048720773656505,35.0,0.0,0.0
1,59,0.04922879177377892,-0.03520014689680499,-0.05810992777573755,35.0,0.0,0.0
1,60,0.04906965356836822,-0.03533480230138328,-0.05824458318031582,35.0,0.0,0.0
1,61,0.049143101970865466,-0.03503488799118619,-0.058146651976986166,35.0,0.0,0.0
1,62,0.049143101970865466,-0.03503488799118619,-0.058146651976986166,35.0,0.0,0.0
1,63,0.04899008446566287,-0.035163422695556376,-0.058165014077610475,35.0,0.0,0.0
1,64,0.04930224017627617,-0.03490635328681601,-0.05823846248010772,35.0,0.0,0.0
1,65,0.04930224017627617,-0.03490635328681601,-0.05823846248010772,35.0,0.0,0.0
1,66,0.049014567266495286,-0.0350532500918105,-0.05827518668135635,35.0,0.0,0.0
1,67,0.04880034275921165,-0.03499204308972946,-0.05825070388052393,35.0,0.0,0.0
1,68,0.04880034275921165,-0.03499204308972946,-0.05825070388052393,35.0,0.0,0.0
1,69,0.04917982617211409,-0.03512669849430775,-0.057987513771575475,35.0,0.0,0.0
1,70,0.049014567266495286,-0.03490635328681601,-0.0580364793732403,35.0,0.0,0.0
1,71,0.049014567266495286,-0.03490635328681601,-0.05823846248010772,35.0,0.0,0.0
1,72,0.04911249846982495,-0.034924715387440325,-0.05823846248010772,35.0,0.0,0.0
1,73,0.048928877463581835,-0.035041008691394294,-0.05842208348635084,35.0,0.0,0.0
1,74,0.04916758477169788,-0.034912473987024115,-0.05791406536907823,35.0,0.0,0.0
1,75,0.04916758477169788,-0.034912473987024115,-0.05791406536907823,35.0,0.0,0.0
1,76,0.04909413636920064,-0.03486350838535929,-0.05819561757865099,35.0,0.0,0.0
1,77,0.04906965356836822,-0.03463704247765945,-0.058018117272615986,35.0,0.0,0.0
1,78,0.04906965356836822,-0.03463704247765945,-0.058018117272615986,35.0,0.0,0.0
1,79,0.04906965356836822,-0.03499816378993757,-0.058091565675113234,35.0,0.0,0.0
1,80,0.04899620516587098,-0.034955318888480844,-0.058158893377402376,35.0,0.0,0.0
1,81,0.04899620516587098,-0.034955318888480844,-0.058158893377402376,35.0,0.0,0.0
1,82,0.048904394662749415,-0.035010405190353776,-0.05817113477781858,35.0,0.0,0.0
1,83,0.04907577426857633,-0.03496756028889705,-0.05797527237115926,35.0,0.0,0.0
1,84,0.049198188272738405,-0.0348879911861917,-0.05823846248010772,35.0,0.0,0.0
1,85,0.049198188272738405,-0.0348879911861917,-0.05823846248010772,35.0,0.0,0.0
1,86,0.04933896437752479,-0.034936956787856535,-0.05807932427469703,35.0,0.0,0.0
1,87,0.048959480964622354,-0.035267474599094135,-0.058348635083853594,35.0,0.0,0.0
1,88,0.048959480964622354,-0.035267474599094135,-0.058348635083853594,35.0,0.0,0.0
1,89,0.04910637776961684,-0.03500428449014567,-0.05837923858489411,35.0,0.0,0.0
1,90,0.04902680866691149,-0.0348879911861917,-0.05807320357448892,35.0,0.0,0.0
1,91,0.04902680866691149,-0.0348879911861917,-0.05807320357448892,35.0,0.0,0.0
1,92,0.04898396376545477,-0.03524299179826172,-0.05824458318031582,35.0,0.0,0.0
1,93,0.04911249846982495,-0.034955318888480844,-0.058005875872199776,35.0,0.0,0.0
1,94,0.04911249846982495,-0.034955318888480844,-0.058005875872199776,35.0,0.0,0.0
1,95,0.04907577426857633,-0.035181784796180685,-0.05810992777573755,35.0,0.0,0.0
1,96,0.04911861917003305,-0.03496143958868895,-0.058293548781980654,35.0,0.0,0.0
1,97,0.04912473987024116,-0.035028767290978084,-0.05821397967927531,35.0,0.0,0.0
1,98,0.04912473987024116,-0.035028767290978084,-0.05821397967927531,35.0,0.0,0.0
1,99,0.04913698127065737,-0.03484514628473497,-0.05807932427469703,35.0,0.0,0.0
2,0,-0.03581833761782348,0.061311053984575835,-0.04185946872322194,0.0,35.0,0.0
2,1,-0.0356898029134533,0.06136614028644877,-0.04174929611947607,0.0,35.0,0.0
2,2,-0.03551842330762639,0.061237605582078594,-0.04151058881136002,0.0,35.0,0.0
2,3,-0.03551842330762639,0.061237605582078594,-0.04151058881136002,0.0,35.0,0.0
2,4,-0.03562859591137226,0.061494674990818954,-0.04173093401885176,0.0,35.0,0.0
2,5,-0.03547557840616967,0.06146407148977843,-0.04172481331864365,0.0,35.0,0.0
2,6,-0.03547557840616967,0.06146407148977843,-0.04172481331864365,0.0,35.0,0.0
2,7,-0.03570816501407761,0.06139674378748929,-0.04159627861427347,0.0,35.0,0.0
2,8,-0.035769372016158645,0.06145795078957032,-0.04144938180927898,0.0,35.0,0.0
2,9,-0.03581833761782348,0.06137838168686498,-0.04174317541926796,0.0,35.0,0.0
2,10,-0.03581833761782348,0.06137838168686498,-0.04174317541926796,0.0,35.0,0.0
2,11,-0.03561635451095606,0.0617395029991431,-0.04189619292447056,0.0,35.0,0.0
2,12,-0.035542906108458804,0.061451830089362225,-0.041975762027175914,0.0,35.0,0.0
2,13,-0.035542906108458804,0.061451830089362225,-0.041975762027175914,0.0,35.0,0.0
2,14,-0.035769372016158645,0.06150079569102705,-0.041865589423430036,0.0,35.0,0.0
2,15,-0.03573264781491002,0.061868037703513276,-0.041804382421349,0.0,35.0,0.0
2,16,-0.03573264781491002,0.061868037703513276,-0.041804382421349,0.0,35.0,0.0
2,17,-0.03558575100991553,0.0615803647937324,-0.041553433712816744,0.0,35.0,0.0
2,18,-0.035904027420736936,0.06167829599706206,-0.04152283021177623,0.0,35.0,0.0
2,19,-0.035904027420736936,0.06167829599706206,-0.04152283021177623,0.0,35.0,0.0
2,20,-0.03542049210429673,0.061513037091443255,-0.041779899620516585,0.0,35.0,0.0
2,21,-0.03574488921532623,0.06147019218998654,-0.04181662382176521,0.0,35.0,0.0
2,22,-0.03574488921532623,0.06111519157791652,-0.041620761415105886,0.0,35.0,0.0
2,23,-0.035769372016158645,0.06111519157791652,-0.041620761415105886,0.0,35.0,0.0
2,24,-0.035653078712204675,0.06167217529685396,-0.0414738646101114,0.0,35.0,0.0
2,25,-0.03578773411678296,0.06143346798873791,-0.041663606316562615,0.0,35.0,0.0
2,26,-0.03578773411678296,0.06143346798873791,-0.041663606316562615,0.0,35.0,0.0
2,27,-0.03570816501407761,0.06167217529685396,-0.041620761415105886,0.0,35.0,0.0
2,28,-0.035536785408250705,0.06153139919206757,-0.04160852001468968,0.0,35.0,0.0
2,29,-0.035536785408250705,0.06153139919206757,-0.04160852001468968,0.0,35.0,0.0
2,30,-0.03550618190721018,0.06144570938915413,-0.041639123515730195,0.0,35.0,0.0
2,31,-0.03564695801199657,0.061635451095605344,-0.04187171012363815,0.0,35.0,0.0
2,32,-0.03564695801199657,0.061635451095605344,-0.04187171012363815,0.0,35.0,0.0
2,33,-0.0356898029134533,0.06145795078957032,-0.04171257191822745,0.0,35.0,0.0
2,34,-0.03572652711470192,0.0612559676827029,-0.04171869261843555,0.0,35.0,0.0
2,35,-0.03572652711470192,0.0612559676827029,-0.04171869261843555,0.0,35.0,0.0
2,36,-0.03564695801199657,0.061549761292691886,-0.04185946872322194,0.0,35.0,0.0
2,37,-0.03554902680866691,0.061549761292691886,-0.04185946872322194,0.0,35.0,0.0
2,38,-0.035879544619904516,0.061494674990818954,-0.04172481331864365,0.0,35.0,0.0
2,39,-0.035879544619904516,0.061494674990818954,-0.04172481331864365,0.0,35.0,0.0
2,40,-0.035824458318031584,0.0617456236993512,-0.04181662382176521,0.0,35.0,0.0
2,41,-0.035579630309707434,0.061353898886032564,-0.04181050312155711,0.0,35.0,0.0
2,42,-0.035579630309707434,0.061353898886032564,-0.04181050312155711,0.0,35.0,0.0
2,43,-0.035634716611580367,0.06160484759456482,-0.04167584771697882,0.0,35.0,0.0
2,44,-0.03572652711470192,0.0615681233933162,-0.04176765822010038,0.0,35.0,0.0
2,45,-0.03572652711470192,0.0615681233933162,-0.04176765822010038,0.0,35.0,0.0
2,46,-0.035695923613661404,0.06167217529685396,-0.04154119231240054,0.0,35.0,0.0
2,47,-0.035683682213245194,0.061690537397478276,-0.0413147264047007,0.0,35.0,0.0
2,48,-0.035683682213245194,0.061690537397478276,-0.0413147264047007,0.0,35.0,0.0
2,49,-0.03558575100991553,0.06162320969518913,-0.04160239931448158,0.0,35.0,0.0
2,50,-0.03572652711470192,0.061513037091443255,-0.04164524421593831,0.0,35.0,0.0
2,51,-0.03572652711470192,0.061513037091443255,-0.04164524421593831,0.0,35.0,0.0
2,52,-0.03573876851511813,0.061592606194148615,-0.04162688211531399,0.0,35.0,0.0
2,53,-0.035396009303464315,0.061555881992899984,-0.04176765822010038,0.0,35.0,0.0
2,54,-0.03560411311053985,0.06167829599706206,-0.041492226710735707,0.0,35.0,0.0
2,55,-0.03560411311053985,0.06167829599706206,-0.041492226710735707,0.0,35.0,0.0
2,56,-0.0356898029134533,0.06128657118374342,-0.04160239931448158,0.0,35.0,0.0
2,57,-0.03557350960949933,0.061372260986656865,-0.041694209817603134,0.0,35.0,0.0
2,58,-0.03557350960949933,0.061372260986656865,-0.041694209817603134,0.0,35.0,0.0
2,59,-0.0356898029134533,0.06162933039539723,-0.04157179581344106,0.0,35.0,0.0
2,60,-0.0358550618190721,0.06167217529685396,-0.04177377892030849,0.0,35.0,0.0
2,61,-0.0358550618190721,0.06167217529685396,-0.04177377892030849,0.0,35.0,0.0
2,62,-0.035493940506793976,0.06170277879789447,-0.041865589423430036,0.0,35.0,0.0
2,63,-0.035763251315950546,0.06132941608520015,-0.04145550250948708,0.0,35.0,0.0
2,64,-0.035763251315950546,0.06132941608520015,-0.04145550250948708,0.0,35.0,0.0
2,65,-0.0358550618190721,0.06170277879789447,-0.041639123515730195,0.0,35.0,0.0
2,66,-0.03537764720284001,0.06139062308728118,-0.04184110662259762,0.0,35.0,0.0
2,67,-0.03537764720284001,0.06164769249602155,-0.04171869261843555,0.0,35.0,0.0
2,68,-0.035567388909291224,0.06164769249602155,-0.04171869261843555,0.0,35.0,0.0
2,69,-0.03592851022156935,0.06161708899498103,-0.04159627861427347,0.0,35.0,0.0
2,70,-0.035793854816991065,0.061372260986656865,-0.04158403721385727,0.0,35.0,0.0
2,71,-0.035793854816991065,0.061372260986656865,-0.04158403721385727,0.0,35.0,0.0
2,72,-0.03547557840616967,0.06154364059248378,-0.04160852001468968,0.0,35.0,0.0
2,73,-0.03558575100991553,0.06171502019831069,-0.04175541681968417,0.0,35.0,0.0
2,74,-0.03558575100991553,0.06171502019831069,-0.04175541681968417,0.0,35.0,0.0
2,75,-0.03575713061574244,0.06184355490268086,-0.041394295507406045,0.0,35.0,0.0
2,76,-0.03570204431386951,0.06145795078957032,-0.04158403721385727,0.0,35.0,0.0
2,77,-0.03570204431386951,0.06145795078957032,-0.04158403721385727,0.0,35.0,0.0
2,78,-0.03571428571428571,0.06142734728852981,-0.041547313012608646,0.0,35.0,0.0
2,79,-0.035995837923858486,0.06162320969518913,-0.041681968417186924,0.0,35.0,0.0
2,80,-0.035579630309707434,0.06167829599706206,-0.04137593340678174,0.0,35.0,0.0
2,81,-0.035579630309707434,0.06167829599706206,-0.04137593340678174,0.0,35.0,0.0
2,82,-0.03559187171012364,0.061868037703513276,-0.04161464071489778,0.0,35.0,0.0
2,83,-0.0355306647080426,0.06127432978332721,-0.041651364916146405,0.0,35.0,0.0
2,84,-0.0355306647080426,0.06127432978332721,-0.041651364916146405,0.0,35.0,0.0
2,85,-0.035542906108458804,0.0617456236993512,-0.04181662382176521,0.0,35.0,0.0
2,86,-0.03560411311053985,0.06148855429061084,-0.0417982617211409,0.0,35.0,0.0
2,87,-0.03560411311053985,0.06148855429061084,-0.0417982617211409,0.0,35.0,0.0
2,88,-0.03557350960949933,0.06145795078957032,-0.04152895091198433,0.0,35.0,0.0
2,89,-0.035763251315950546,0.061806830701432246,-0.042153262333210914,0.0,35.0,0.0
2,90,-0.035763251315950546,0.061806830701432246,-0.042153262333210914,0.0,35.0,0.0
2,91,-0.035683682213245194,0.06154364059248378,-0.04149834741094381,0.0,35.0,0.0
2,92,-0.035536785408250705,0.06132329538499204,-0.04159627861427347,0.0,35.0,0.0
2,93,-0.035536785408250705,0.06132329538499204,-0.04159627861427347,0.0,35.0,0.0
2,94,-0.03559187171012364,0.06167829599706206,-0.04157179581344106,0.0,35.0,0.0
2,95,-0.035610233810747946,0.061666054596645856,-0.0421165381319623,0.0,35.0,0.0
2,96,-0.0353654058024238,0.061494674990818954,-0.04160239931448158,0.0,35.0,0.0
2,97,-0.0353654058024238,0.061494674990818954,-0.04160239931448158,0.0,35.0,0.0
2,98,-0.035438854204921044,0.06126208838291101,-0.04160239931448158,0.0,35.0,0.0
2,99,-0.035524544007834495,0.061439588688946015,-0.04164524421593831,0.0,35.0,0.0
3,0,0.029116170889949812,0.0657546823356592,-0.07093891541192313,35.0,35.0,0.0
3,1,0.0289325498837067,0.06589545844044559,-0.07090831191088261,35.0,35.0,0.0
3,2,0.029061084588076873,0.06587709633982128,-0.07077977720651243,35.0,35.0,0.0
3,3,0.029061084588076873,0.06587709633982128,-0.07077977720651243,35.0,35.0,0.0
3,4,0.029146774390990327,0.06595054474231851,-0.07082262210796915,35.0,35.0,0.0
3,5,0.029140653690782226,0.06568735463337005,-0.07064512180193414,35.0,35.0,0.0
3,6,0.029152895091198432,0.06543028522462971,-0.07070020810380707,35.0,35.0,0.0
3,7,0.029152895091198432,0.06543028522462971,-0.07070020810380707,35.0,35.0,0.0
3,8,0.02901823968662015,0.06560166483045661,-0.07082874280817726,35.0,35.0,0.0
3,9,0.029048843187660666,0.065742440935243,-0.0709144326110907,35.0,35.0,0.0
3,10,0.029048843187660666,0.065742440935243,-0.0709144326110907,35.0,35.0,0.0
3,11,0.028883584282041862,0.06572407883461868,-0.07080426000734484,35.0,35.0,0.0
3,12,0.029048843187660666,0.06588321704002939,-0.07107357081650141,35.0,35.0,0.0
3,13,0.029048843187660666,0.06588321704002939,-0.07107357081650141,35.0,35.0,0.0
3,14,0.029079446688701188,0.06554657852858367,-0.07085934630921778,35.0,35.0,0.0
3,15,0.02912229159015791,0.0655894234300404,-0.07092667401150692,35.0,35.0,0.0
3,16,0.02912229159015791,0.0655894234300404,-0.07092667401150692,35.0,35.0,0.0
3,17,0.02921410209327947,0.06571183743420247,-0.07104296731546089,35.0,35.0,0.0
3,18,0.029232464193903785,0.06595666544252662,-0.07087770840984209,35.0,35.0,0.0
3,19,0.028944791284122907,0.06573019953482678,-0.07077977720651243,35.0,35.0,0.0
3,20,0.028944791284122907,0.06573019953482678,-0.07077977720651243,35.0,35.0,0.0
3,21,0.029116170889949812,0.06565063043212144,-0.07078589790672053,35.0,35.0,0.0
3,22,0.029030481087036358,0.06601175174439956,-0.07093279471171501,35.0,35.0,0.0
3,23,0.029030481087036358,0.06601175174439956,-0.07093279471171501,35.0,35.0,0.0
3,24,0.029140653690782226,0.06556494062920798,-0.07078589790672053,35.0,35.0,0.0
3,25,0.028767290978087896,0.06557106132941608,-0.07079813930713673,35.0,35.0,0.0
3,26,0.028767290978087896,0.06557106132941608,-0.07079813930713673,35.0,35.0,0.0
3,27,0.029140653690782226,0.06580976863753213,-0.07075529440568001,35.0,35.0,0.0
3,28,0.0292630676949443,0.06574856163545109,-0.0709144326110907,35.0,35.0,0.0
3,29,0.0292630676949443,0.06574856163545109,-0.0709144326110907,35.0,35.0,0.0
3,30,0.028736687477047374,0.06566287183253763,-0.0708960705104664,35.0,35.0,0.0
3,31,0.02889582568245807,0.0657608030358673,-0.07084710490880156,35.0,35.0,0.0
3,32,0.02917737789203085,0.06571795813441059,-0.07087158770963399,35.0,35.0,0.0
3,33,0.02917737789203085,0.06571795813441059,-0.07087158770963399,35.0,35.0,0.0
3,34,0.029054963887868775,0.06580976863753213,-0.07082874280817726,35.0,35.0,0.0
3,35,0.029048843187660666,0.06573019953482678,-0.07088994981025828,35.0,35.0,0.0
3,36,0.029048843187660666,0.06573019953482678,-0.07088994981025828,35.0,35.0,0.0
3,37,0.029171257191822748,0.06571795813441059,-0.07081038070755294,35.0,35.0,0.0
3,38,0.029146774390990327,0.06569347533357817,-0.07082874280817726,35.0,35.0,0.0
3,39,0.029146774390990327,0.06569347533357817,-0.07082874280817726,35.0,35.0,0.0
3,40,0.02908556738890929,0.06582813073815644,-0.07105520871587709,35.0,35.0,0.0
3,41,0.029189619292447056,0.0655955441302485,-0.07098788101358795,35.0,35.0,0.0
3,42,0.029189619292447056,0.0655955441302485,-0.07098788101358795,35.0,35.0,0.0
3,43,0.028999877585995835,0.06550985432733505,-0.07105520871587709,35.0,35.0,0.0
3,44,0.028975394785163422,0.06585261353898886,-0.07085322560900967,35.0,35.0,0.0
3,45,0.028975394785163422,0.06580364793732403,-0.0708960705104664,35.0,35.0,0.0
3,46,0.02892030848329049,0.06580364793732403,-0.0708960705104664,35.0,35.0,0.0
3,47,0.02906720528828498,0.0655955441302485,-0.07085934630921778,35.0,35.0,0.0
3,48,0.029140653690782226,0.06555881992899988,-0.07092667401150692,35.0,35.0,0.0
3,49,0.029140653690782226,0.06555881992899988,-0.07092667401150692,35.0,35.0,0.0
3,50,0.029030481087036358,0.06580976863753213,-0.07098176031337985,35.0,35.0,0.0
3,51,0.029091688089117395,0.06571795813441059,-0.07079813930713673,35.0,35.0,0.0
3,52,0.029091688089117395,0.06571795813441059,-0.07079813930713673,35.0,35.0,0.0
3,53,0.02913453299057412,0.0656200269310809,-0.07096951891296364,35.0,35.0,0.0
3,54,0.029110050189741703,0.06598114824335904,-0.07100624311421226,35.0,35.0,0.0
3,55,0.029110050189741703,0.06598114824335904,-0.07100624311421226,35.0,35.0,0.0
3,56,0.029012118986412046,0.06551597502754315,-0.07085322560900967,35.0,35.0,0.0
3,57,0.029110050189741703,0.06560778553066471,-0.07096339821275553,35.0,35.0,0.0
3,58,0.029110050189741703,0.06560778553066471,-0.07083486350838536,35.0,35.0,0.0
3,59,0.029201860692863263,0.06584037213857266,-0.07083486350838536,35.0,35.0,0.0
3,60,0.029079446688701188,0.0656200269310809,-0.07118986412045539,35.0,35.0,0.0
3,61,0.029024360386828253,0.06583425143836455,-0.0707491737054719,35.0,35.0,0.0
3,62,0.029024360386828253,0.06583425143836455,-0.0707491737054719,35.0,35.0,0.0
3,63,0.02884073938058514,0.06558330272983229,-0.07075529440568001,35.0,35.0,0.0
3,64,0.029054963887868775,0.06573632023503488,-0.07086546700942588,35.0,35.0,0.0
3,65,0.029054963887868775,0.06573632023503488,-0.07086546700942588,35.0,35.0,0.0
3,66,0.029116170889949812,0.06590157914065368,-0.07110417431754193,35.0,35.0,0.0
3,67,0.028804015179336517,0.06576692373607541,-0.07104296731546089,35.0,35.0,0.0
3,68,0.028804015179336517,0.06576692373607541,-0.07104296731546089,35.0,35.0,0.0
3,69,0.028822377279960825,0.06583425143836455,-0.07077977720651243,35.0,35.0,0.0
3,70,0.029030481087036358,0.06573632023503488,-0.07092055331129882,35.0,35.0,0.0
3,71,0.029030481087036358,0.06573632023503488,-0.07056555269922879,35.0,35.0,0.0
3,72,0.028957032684539113,0.06568123393316196,-0.07056555269922879,35.0,35.0,0.0
3,73,0.029116170889949812,0.06570571673399436,-0.07080426000734484,35.0,35.0,0.0
3,74,0.028901946382666178,0.06588321704002939,-0.07101848451462847,35.0,35.0,0.0
3,75,0.028901946382666178,0.06588321704002939,-0.07101848451462847,35.0,35.0,0.0
3,76,0.028761170277879788,0.06588321704002939,-0.07087158770963399,35.0,35.0,0.0
3,77,0.02889582568245807,0.06579140653690782,-0.07077977720651243,35.0,35.0,0.0
3,78,0.02889582568245807,0.06579140653690782,-0.07077977720651243,35.0,35.0,0.0
3,79,0.029110050189741703,0.06578528583669971,-0.07088994981025828,35.0,35.0,0.0
3,80,0.02921410209327947,0.0656139062308728,-0.07111029501775004,35.0,35.0,0.0
3,81,0.02921410209327947,0.0656139062308728,-0.07111029501775004,35.0,35.0,0.0
3,82,0.028963153384747215,0.06554657852858367,-0.07090831191088261,35.0,35.0,0.0
3,83,0.029232464193903785,0.06571183743420247,-0.07068184600318277,35.0,35.0,0.0
3,84,0.029171257191822748,0.06548537152650263,-0.07090831191088261,35.0,35.0,0.0
3,85,0.029171257191822748,0.06548537152650263,-0.07090831191088261,35.0,35.0,0.0
3,86,0.02898763618557963,0.06566899253274575,-0.07082874280817726,35.0,35.0,0.0
3,87,0.02903660178724446,0.0657608030358673,-0.07063288040151794,35.0,35.0,0.0
3,88,0.02903660178724446,0.0657608030358673,-0.07063288040151794,35.0,35.0,0.0
3,89,0.02898763618557963,0.06560778553066471,-0.07075529440568001,35.0,35.0,0.0
3,90,0.02881013587954462,0.06597502754315093,-0.07103684661525278,35.0,35.0,0.0
3,91,0.02881013587954462,0.06597502754315093,-0.07103684661525278,35.0,35.0,0.0
3,92,0.029171257191822748,0.06572407883461868,-0.0707369323050557,35.0,35.0,0.0
3,93,0.029097808789325497,0.0659260619414861,-0.07076141510588811,35.0,35.0,0.0
3,94,0.029097808789325497,0.0659260619414861,-0.07076141510588811,35.0,35.0,0.0
3,95,0.02917737789203085,0.06586485493940507,-0.07104908801566899,35.0,35.0,0.0
3,96,0.02874280817725548,0.06579752723711593,-0.07081650140776105,35.0,35.0,0.0
3,97,0.029201860692863263,0.06580364793732403,-0.07096339821275553,35.0,35.0,0.0
3,98,0.029201860692863263,0.06580364793732403,-0.07096339821275553,35.0,35.0,0.0
3,99,0.02912841229036602,0.06562614763128902,-0.07082262210796915,35.0,35.0,0.0
