values,,Magnetometer,Magnetometer,Magnetometer,position,position,position
axis,,x,y,z,x,y,z
Sensor,Sample,,,,,,
0,0,-0.05398457583547558,-0.04618680377035132,-0.07780634104541559,0.0,0.0,0.0
0,1,-0.05398457583547558,-0.04618680377035132,-0.07780634104541559,0.0,0.0,0.0
0,2,-0.05378871342881626,-0.046125596768270286,-0.07756763373729955,0.0,0.0,0.0
0,3,-0.05389888603256212,-0.046180683070143225,-0.07708409842085935,0.0,0.0,0.0
0,4,-0.05389888603256212,-0.046180683070143225,-0.07708409842085935,0.0,0.0,0.0
0,5,-0.05396621373485126,-0.046094993267229774,-0.07752478883584282,0.0,0.0,0.0
0,6,-0.05355612682090831,-0.04584404455869752,-0.07751866813563471,0.0,0.0,0.0
0,7,-0.054027420736932306,-0.04599094136369201,-0.0773350471293916,0.0,0.0,0.0
0,8,-0.054027420736932306,-0.04599094136369201,-0.0773350471293916,0.0,0.0,0.0
0,9,-0.05376423062798384,-0.046266372873056676,-0.07773289264291836,0.0,0.0,0.0
0,10,-0.05389888603256212,-0.04615620026931081,-0.07767780634104542,0.0,0.0,0.0
0,11,-0.05389888603256212,-0.04615620026931081,-0.07767780634104542,0.0,0.0,0.0
0,12,-0.05400905863630799,-0.04608887256702167,-0.07756151303709144,0.0,0.0,0.0
0,13,-0.053678540825070384,-0.04616232096951891,-0.0774941853348023,0.0,0.0,0.0
0,14,-0.053678540825070384,-0.04616232096951891,-0.0774941853348023,0.0,0.0,0.0
0,15,-0.05388052393193782,-0.04600318276410821,-0.07775737544375076,0.0,0.0,0.0
0,16,-0.053819316929856774,-0.04605826906598115,-0.0776655649406292,0.0,0.0,0.0
0,17,-0.053819316929856774,-0.04605826906598115,-0.0776655649406292,0.0,0.0,0.0
0,18,-0.054058024237972825,-0.046021544864732526,-0.07755539233688334,0.0,0.0,0.0
0,19,-0.05397233443505937,-0.04608887256702167,-0.07781858244583181,0.0,0.0,0.0
0,20,-0.05397233443505937,-0.04608887256702167,-0.07781858244583181,0.0,0.0,0.0
0,21,-0.053813196229648676,-0.046125596768270286,-0.0776472028400049,0.0,0.0,0.0
0,22,-0.053917248133186435,-0.0459848206634839,-0.07746358183376179,0.0,0.0,0.0
0,23,-0.053917248133186435,-0.0459848206634839,-0.07746358183376179,0.0,0.0,0.0
0,24,-0.053917248133186435,-0.04621128657118374,-0.07773901334312645,0.0,0.0,0.0
0,25,-0.05384379973068919,-0.0459786999632758,-0.07769616844166972,0.0,0.0,0.0
0,26,-0.053953972334435066,-0.0459725792630677,-0.07750642673521851,0.0,0.0,0.0
0,27,-0.053953972334435066,-0.0459725792630677,-0.07750642673521851,0.0,0.0,0.0
0,28,-0.05397845513526748,-0.04608887256702167,-0.07752478883584282,0.0,0.0,0.0
0,29,-0.05386828253152161,-0.045966458562859594,-0.07780634104541559,0.0,0.0,0.0
0,30,-0.05386828253152161,-0.045966458562859594,-0.07780634104541559,0.0,0.0,0.0
0,31,-0.05389276533235402,-0.046125596768270286,-0.07758599583792386,0.0,0.0,0.0
0,32,-0.05403966213734851,-0.046052148365773045,-0.07741461623209696,0.0,0.0,0.0
0,33,-0.05403966213734851,-0.046052148365773045,-0.07741461623209696,0.0,0.0,0.0
0,34,-0.05405190353776472,-0.045941975762027173,-0.07762272003917248,0.0,0.0,0.0
0,35,-0.05379483412902436,-0.046082751866813564,-0.07776961684416697,0.0,0.0,0.0
0,36,-0.05379483412902436,-0.046082751866813564,-0.07776961684416697,0.0,0.0,0.0
0,37,-0.05378871342881626,-0.04599094136369201,-0.07745746113355367,0.0,0.0,0.0
0,38,-0.053929489533602645,-0.04624189007222426,-0.07756151303709144,0.0,0.0,0.0
0,39,-0.053929489533602645,-0.04624189007222426,-0.07756151303709144,0.0,0.0,0.0
0,40,-0.05380707552944057,-0.04629085567388909,-0.07782470314603991,0.0,0.0,0.0
0,41,-0.05409474843922145,-0.04607051046639736,-0.07751866813563471,0.0,0.0,0.0
0,42,-0.05409474843922145,-0.04607051046639736,-0.07751866813563471,0.0,0.0,0.0
0,43,-0.054015179336516096,-0.04633370057534582,-0.07756151303709144,0.0,0.0,0.0
0,44,-0.05404578283755662,-0.04605826906598115,-0.07753090953605093,0.0,0.0,0.0
0,45,-0.05404578283755662,-0.04605826906598115,-0.07753090953605093,0.0,0.0,0.0
0,46,-0.05397233443505937,-0.04600318276410821,-0.07747582323417798,0.0,0.0,0.0
0,47,-0.05394173093401885,-0.046309217774513405,-0.07786754804749664,0.0,0.0,0.0
0,48,-0.05388052393193782,-0.046039906965356835,-0.07750642673521851,0.0,0.0,0.0
0,49,-0.05399069653568368,-0.04591749296119476,-0.0778124617456237,0.0,0.0,0.0
0,50,-0.05376423062798384,-0.04605826906598115,-0.0779777206512425,0.0,0.0,0.0
0,51,-0.05384992043089729,-0.04619904517076753,-0.07750642673521851,0.0,0.0,0.0
0,52,-0.05397233443505937,-0.046039906965356835,-0.07746970253396988,0.0,0.0,0.0
0,53,-0.05389276533235402,-0.046125596768270286,-0.07775737544375076,0.0,0.0,0.0
0,54,-0.05364793732402987,-0.046266372873056676,-0.0773350471293916,0.0,0.0,0.0
0,55,-0.05382543763006488,-0.0459786999632758,-0.07773289264291836,0.0,0.0,0.0
0,56,-0.05376423062798384,-0.04624801077243237,-0.07746970253396988,0.0,0.0,0.0
0,57,-0.05382543763006488,-0.046413269678051164,-0.07768392704125351,0.0,0.0,0.0
0,58,-0.05382543763006488,-0.046413269678051164,-0.07768392704125351,0.0,0.0,0.0
0,59,-0.05380707552944057,-0.046021544864732526,-0.07729220222793488,0.0,0.0,0.0
0,60,-0.053960093034643164,-0.046137838168686496,-0.07781858244583181,0.0,0.0,0.0
0,61,-0.05386828253152161,-0.04599706206390011,-0.07779409964499939,0.0,0.0,0.0
0,62,-0.05384379973068919,-0.046192924470559435,-0.0778124617456237,0.0,0.0,0.0
0,63,-0.05403354143714041,-0.046137838168686496,-0.0774880646345942,0.0,0.0,0.0
0,64,-0.05375810992777573,-0.046094993267229774,-0.0779777206512425,0.0,0.0,0.0
0,65,-0.05375198922756763,-0.046150079569102706,-0.07767780634104542,0.0,0.0,0.0
0,66,-0.053715265026319015,-0.04577059615620027,-0.07756151303709144,0.0,0.0,0.0
0,67,-0.05414983474109438,-0.0461439588688946,-0.07759823723834006,0.0,0.0,0.0
0,68,-0.05393561023381075,-0.04606438976618925,-0.07780634104541559,0.0,0.0,0.0
0,69,-0.05383767903048109,-0.04591749296119476,-0.07783082384624801,0.0,0.0,0.0
0,70,-0.05383767903048109,-0.04591749296119476,-0.07783082384624801,0.0,0.0,0.0
0,71,-0.05411923124005387,-0.0462969763740972,-0.07769004774146163,0.0,0.0,0.0
0,72,-0.05389276533235402,-0.0461317174684784,-0.07769004774146163,0.0,0.0,0.0
0,73,-0.05386828253152161,-0.046125596768270286,-0.07770228914187784,0.0,0.0,0.0
0,74,-0.05376423062798384,-0.046137838168686496,-0.07764108213979679,0.0,0.0,0.0
0,75,-0.05375810992777573,-0.046039906965356835,-0.07736565063043213,0.0,0.0,0.0
0,76,-0.05399681723589178,-0.04587464805973803,-0.07754315093646713,0.0,0.0,0.0
0,77,-0.05408250703880524,-0.045923613661402865,-0.07747582323417798,0.0,0.0,0.0
0,78,-0.05386828253152161,-0.04600930346431632,-0.07759211653813196,0.0,0.0,0.0
0,79,-0.053856041131105405,-0.046192924470559435,-0.07772065124250213,0.0,0.0,0.0
0,80,-0.05378259272860815,-0.04610111396743787,-0.07721875382543762,0.0,0.0,0.0
0,81,-0.054058024237972825,-0.04622964867180805,-0.07727384012731056,0.0,0.0,0.0
0,82,-0.0537091443261109,-0.04596033786265148,-0.07759211653813196,0.0,0.0,0.0
0,83,-0.05393561023381075,-0.04621128657118374,-0.07754315093646713,0.0,0.0,0.0
0,84,-0.053819316929856774,-0.046150079569102706,-0.07757987513771576,0.0,0.0,0.0
0,85,-0.053819316929856774,-0.046150079569102706,-0.07757987513771576,0.0,0.0,0.0
0,86,-0.05396621373485126,-0.045752234055575956,-0.0776472028400049,0.0,0.0,0.0
0,87,-0.05378871342881626,-0.04601542416452442,-0.07744521973313748,0.0,0.0,0.0
0,88,-0.05378871342881626,-0.04601542416452442,-0.07744521973313748,0.0,0.0,0.0
0,89,-0.05384992043089729,-0.04594809646223528,-0.0776655649406292,0.0,0.0,0.0
0,90,-0.05384992043089729,-0.045911372260986655,-0.07761047863875628,0.0,0.0,0.0
0,91,-0.05384992043089729,-0.045911372260986655,-0.07761047863875628,0.0,0.0,0.0
0,92,-0.05373974782715143,-0.04621128657118374,-0.07753703023625903,0.0,0.0,0.0
0,93,-0.053678540825070384,-0.0459725792630677,-0.07743297833272125,0.0,0.0,0.0
0,94,-0.053678540825070384,-0.0459725792630677,-0.07743297833272125,0.0,0.0,0.0
0,95,-0.05408250703880524,-0.04599094136369201,-0.07784306524666422,0.0,0.0,0.0
0,96,-0.05378871342881626,-0.04586240665932183,-0.07776349614395886,0.0,0.0,0.0
0,97,-0.05361121312278124,-0.046192924470559435,-0.07754927163667523,0.0,0.0,0.0
0,98,-0.05361121312278124,-0.046192924470559435,-0.07754927163667523,0.0,0.0,0.0
0,99,-0.053819316929856774,-0.04615620026931081,-0.07775737544375076,0.0,0.0,0.0
1,0,0.030817725547802672,-0.028204186558942346,-0.03406781735830579,35.0,0.0,0.0
1,1,0.03088505325009181,-0.028026686252907336,-0.03401885175664096,35.0,0.0,0.0
1,2,0.03088505325009181,-0.028026686252907336,-0.03401885175664096,35.0,0.0,0.0
1,3,0.030866691149467503,-0.02818582445831803,-0.03425755906475701,35.0,0.0,0.0
1,4,0.03068919084343249,-0.02818582445831803,-0.03437385236871098,35.0,0.0,0.0
1,5,0.03068919084343249,-0.02818582445831803,-0.03437385236871098,35.0,0.0,0.0
1,6,0.030842208348635086,-0.02865099767413392,-0.03406781735830579,35.0,0.0,0.0
1,7,0.03112376055820786,-0.028400048965601665,-0.03433100746725425,35.0,0.0,0.0
1,8,0.03112376055820786,-0.028400048965601665,-0.03433100746725425,35.0,0.0,0.0
1,9,0.031007467254253886,-0.02816746235769372,-0.03400661035622475,35.0,0.0,0.0
1,10,0.030934018851756638,-0.028534704370179947,-0.03423307626392459,35.0,0.0,0.0
1,11,0.030934018851756638,-0.028534704370179947,-0.03423307626392459,35.0,0.0,0.0
1,12,0.0310319500550863,-0.02811849675602889,-0.03417798996205166,35.0,0.0,0.0
1,13,0.030891173950299916,-0.028179703758109926,-0.034416697270167704,35.0,0.0,0.0
1,14,0.030762639245929736,-0.028216427959358553,-0.03394540335414371,35.0,0.0,0.0
1,15,0.030762639245929736,-0.028216427959358553,-0.03394540335414371,35.0,0.0,0.0
1,16,0.030940139551964747,-0.028467376667890808,-0.03423307626392459,35.0,0.0,0.0
1,17,0.030848329048843187,-0.028497980168931326,-0.0342391969641327,35.0,0.0,0.0
1,18,0.030848329048843187,-0.028497980168931326,-0.0342391969641327,35.0,0.0,0.0
1,19,0.030970743053005262,-0.028534704370179947,-0.0342391969641327,35.0,0.0,0.0
1,20,0.030756518545721628,-0.028308238462480106,-0.03397600685518423,35.0,0.0,0.0
1,21,0.030756518545721628,-0.028308238462480106,-0.03397600685518423,35.0,0.0,0.0
1,22,0.030774880646345943,-0.02800220345207492,-0.034269800465173215,35.0,0.0,0.0
1,23,0.031178846860080794,-0.02837556616476925,-0.03422083486350839,35.0,0.0,0.0
1,24,0.030683070143224384,-0.028222548659566655,-0.03412290366017872,35.0,0.0,0.0
1,25,0.030683070143224384,-0.028222548659566655,-0.03412290366017872,35.0,0.0,0.0
1,26,0.03078712204676215,-0.0284551352674746,-0.0342453176643408,35.0,0.0,0.0
1,27,0.031050312155710615,-0.02850410086913943,-0.03445954217162443,35.0,0.0,0.0
1,28,0.031050312155710615,-0.02850410086913943,-0.03445954217162443,35.0,0.0,0.0
1,29,0.03079324274697025,-0.028253152160607177,-0.03403721385726527,35.0,0.0,0.0
1,30,0.031117639857999757,-0.02827763496143959,-0.03426367976496511,35.0,0.0,0.0
1,31,0.031117639857999757,-0.02827763496143959,-0.03426367976496511,35.0,0.0,0.0
1,32,0.03094626025217285,-0.02839392826539356,-0.034282041865589426,35.0,0.0,0.0
1,33,0.030817725547802672,-0.0284551352674746,-0.03434324886767046,35.0,0.0,0.0
1,34,0.030817725547802672,-0.0284551352674746,-0.03434324886767046,35.0,0.0,0.0
1,35,0.03088505325009181,-0.02847349736809891,-0.034141265760803036,35.0,0.0,0.0
1,36,0.030891173950299916,-0.02850410086913943,-0.03419023136246786,35.0,0.0,0.0
1,37,0.03096462235279716,-0.02847349736809891,-0.03398824825560044,35.0,0.0,0.0
1,38,0.03096462235279716,-0.02847349736809891,-0.03398824825560044,35.0,0.0,0.0
1,39,0.030768759946137834,-0.02843677316685029,-0.03434936956787856,35.0,0.0,0.0
1,40,0.03065858734239197,-0.028173583057901824,-0.03403721385726527,35.0,0.0,0.0
1,41,0.03065858734239197,-0.028173583057901824,-0.03403721385726527,35.0,0.0,0.0
1,42,0.030634104541559553,-0.028442893867058394,-0.03417798996205166,35.0,0.0,0.0
1,43,0.031074794956543028,-0.028179703758109926,-0.03415962786142735,35.0,0.0,0.0
1,44,0.031074794956543028,-0.028179703758109926,-0.03415962786142735,35.0,0.0,0.0
1,45,0.03114212265883217,-0.02847349736809891,-0.034043334557473375,35.0,0.0,0.0
1,46,0.03064022524176766,-0.028540825070388055,-0.03416574856163545,35.0,0.0,0.0
1,47,0.03110539845758355,-0.028014444852491126,-0.03422083486350839,35.0,0.0,0.0
1,48,0.030799363447178357,-0.028308238462480106,-0.03413514506059494,35.0,0.0,0.0
1,49,0.030976863753213367,-0.028577549271636676,-0.03404945525768148,35.0,0.0,0.0
1,50,0.03065858734239197,-0.02810013465540458,-0.03437385236871098,35.0,0.0,0.0
1,51,0.030823846248010774,-0.02823479005998286,-0.03447790427224874,35.0,0.0,0.0
1,52,0.030891173950299916,-0.02822866935977476,-0.03412290366017872,35.0,0.0,0.0
1,53,0.030860570449259394,-0.028283755661647692,-0.0342391969641327,35.0,0.0,0.0
1,54,0.030866691149467503,-0.028461255967682703,-0.034196352062675975,35.0,0.0,0.0
1,55,0.030866691149467503,-0.02689435671440813,-0.03429428326600563,35.0,0.0,0.0
1,56,0.030854449749051292,-0.028130738156445095,-0.03429428326600563,35.0,0.0,0.0
1,57,0.030995225853837675,-0.028491859468723225,-0.03403721385726527,35.0,0.0,0.0
1,58,0.030823846248010774,-0.028075651854572163,-0.03422695556371649,35.0,0.0,0.0
1,59,0.030903415350716123,-0.028106255355612682,-0.03409230015913821,35.0,0.0,0.0
1,60,0.030756518545721628,-0.028418411066225974,-0.03421471416330028,35.0,0.0,0.0
1,61,0.030781001346554045,-0.02810013465540458,-0.03409842085934631,35.0,0.0,0.0
1,62,0.030774880646345943,-0.02814910025706941,-0.034141265760803036,35.0,0.0,0.0
1,63,0.031111519157791652,-0.028142979556861302,-0.0342453176643408,35.0,0.0,0.0
1,64,0.030995225853837675,-0.028259272860815275,-0.034288162565797524,35.0,0.0,0.0
1,65,0.030891173950299916,-0.028283755661647692,-0.034422817970375816,35.0,0.0,0.0
1,66,0.03092789815154854,-0.028638756273717713,-0.03438609376912719,35.0,0.0,0.0
1,67,0.03109927775737544,-0.027996082751866814,-0.03401885175664096,35.0,0.0,0.0
1,68,0.03094626025217285,-0.02811849675602889,-0.0342391969641327,35.0,0.0,0.0
1,69,0.03094626025217285,-0.02811849675602889,-0.03406169665809768,35.0,0.0,0.0
1,70,0.030909536050924225,-0.028106255355612682,-0.03406169665809768,35.0,0.0,0.0
1,71,0.0307014322438487,-0.028412290366017872,-0.03413514506059494,35.0,0.0,0.0
1,72,0.03098298445342147,-0.028240910760190967,-0.034171869261843554,35.0,0.0,0.0
1,73,0.030756518545721628,-0.028406169665809767,-0.03427592116538132,35.0,0.0,0.0
1,74,0.03082996694821888,-0.028106255355612682,-0.03412290366017872,35.0,0.0,0.0
1,75,0.030805484147386458,-0.028314359162688214,-0.034269800465173215,35.0,0.0,0.0
1,76,0.030768759946137834,-0.028289876361855797,-0.03427592116538132,35.0,0.0,0.0
1,77,0.030732035744889214,-0.02800832415228302,-0.03403721385726527,35.0,0.0,0.0
1,78,0.03092789815154854,-0.028320479862896313,-0.034288162565797524,35.0,0.0,0.0
1,79,0.030817725547802672,-0.027983841351450607,-0.03411678295997062,35.0,0.0,0.0
1,80,0.030811604847594563,-0.028332721263312523,-0.034171869261843554,35.0,0.0,0.0
1,81,0.030756518545721628,-0.028510221569347533,-0.03422695556371649,35.0,0.0,0.0
1,82,0.03094626025217285,-0.028142979556861302,-0.03411066225976252,35.0,0.0,0.0
1,83,0.03091565675113233,-0.02818582445831803,-0.03431876606683805,35.0,0.0,0.0
1,84,0.030719794344473007,-0.02843065246664218,-0.03419023136246786,35.0,0.0,0.0
1,85,0.030719794344473007,-0.02843065246664218,-0.03419023136246786,35.0,0.0,0.0
1,86,0.031001346554045784,-0.028204186558942346,-0.03429428326600563,35.0,0.0,0.0
1,87,0.030719794344473007,-0.028265393561023384,-0.03412290366017872,35.0,0.0,0.0
1,88,0.030603501040519038,-0.02827763496143959,-0.03400661035622475,35.0,0.0,0.0
1,89,0.030603501040519038,-0.02827763496143959,-0.03400661035622475,35.0,0.0,0.0
1,90,0.030934018851756638,-0.02832660056310442,-0.03449014567266495,35.0,0.0,0.0
1,91,0.03082996694821888,-0.02842453176643408,-0.03438609376912719,35.0,0.0,0.0
1,92,0.03082996694821888,-0.02842453176643408,-0.03438609376912719,35.0,0.0,0.0
1,93,0.031050312155710615,-0.028320479862896313,-0.03443505937079202,35.0,0.0,0.0
1,94,0.030940139551964747,-0.028412290366017872,-0.03422083486350839,35.0,0.0,0.0
1,95,0.030940139551964747,-0.028412290366017872,-0.03422083486350839,35.0,0.0,0.0
1,96,0.030732035744889214,-0.028198065858734238,-0.033957644754559924,35.0,0.0,0.0
1,97,0.031019708654670092,-0.0286203941730934,-0.034086179458930096,35.0,0.0,0.0
1,98,0.031019708654670092,-0.0286203941730934,-0.034086179458930096,35.0,0.0,0.0
1,99,0.030866691149467503,-0.02838168686497735,-0.034300403966213734,35.0,0.0,0.0
2,0,-0.04078222548659567,0.05426612804504836,-0.05752846125596768,0.0,35.0,0.0
2,1,-0.04073938058513894,0.0543395764475456,-0.05711225364181662,0.0,35.0,0.0
2,2,-0.040672052882849793,0.054260007344840246,-0.057210184845146284,0.0,35.0,0.0
2,3,-0.040672052882849793,0.054260007344840246,-0.057222426245562494,0.0,35.0,0.0
2,4,-0.04045782837556616,0.05446811115191578,-0.057222426245562494,0.0,35.0,0.0
2,5,-0.040825070388052394,0.05396621373485126,-0.057222426245562494,0.0,35.0,0.0
2,6,-0.040812828987636184,0.05429673154608887,-0.05730199534826784,0.0,35.0,0.0
2,7,-0.040812828987636184,0.05429673154608887,-0.05730199534826784,0.0,35.0,0.0
2,8,-0.0405129146774391,0.05443138695066716,-0.05761415105888114,0.0,35.0,0.0
2,9,-0.04065981148243359,0.05458440445586975,-0.057320357448892155,0.0,35.0,0.0
2,10,-0.04065981148243359,0.05458440445586975,-0.057320357448892155,0.0,35.0,0.0
2,11,-0.04054351817847962,0.054162076141510584,-0.05729587464805974,0.0,35.0,0.0
2,12,-0.04064757008201738,0.054217162443383524,-0.0572407883461868,0.0,35.0,0.0
2,13,-0.04064757008201738,0.054217162443383524,-0.0572407883461868,0.0,35.0,0.0
2,14,-0.04061696658097687,0.054455869751499575,-0.057699840861794596,0.0,35.0,0.0
2,15,-0.04073325988493083,0.054443628351083365,-0.05691639123515731,0.0,35.0,0.0
2,16,-0.04230015913820541,0.054217162443383524,-0.05719182274452197,0.0,35.0,0.0
2,17,-0.04106377769616844,0.054217162443383524,-0.05719182274452197,0.0,35.0,0.0
2,18,-0.04081894968784429,0.05400293793609989,-0.05773044436283511,0.0,35.0,0.0
2,19,-0.0410025706940874,0.054162076141510584,-0.05750397845513526,0.0,35.0,0.0
2,20,-0.0410025706940874,0.054162076141510584,-0.05750397845513526,0.0,35.0,0.0
2,21,-0.040812828987636184,0.05408250703880524,-0.05718570204431387,0.0,35.0,0.0
2,22,-0.040794466887011875,0.05427836944546456,-0.0573876851511813,0.0,35.0,0.0
2,23,-0.040794466887011875,0.05427836944546456,-0.0573876851511813,0.0,35.0,0.0
2,24,-0.04050067327702289,0.05423552454400783,-0.05772432366262701,0.0,35.0,0.0
2,25,-0.04080058758721998,0.05425388664463214,-0.05737544375076509,0.0,35.0,0.0
2,26,-0.04080058758721998,0.05425388664463214,-0.05737544375076509,0.0,35.0,0.0
2,27,-0.04074550128534704,0.05397233443505937,-0.05701432243848696,0.0,35.0,0.0
2,28,-0.040892398090341536,0.05430897294650509,-0.05725915044681111,0.0,35.0,0.0
2,29,-0.040892398090341536,0.05430897294650509,-0.05725915044681111,0.0,35.0,0.0
2,30,-0.040763863385971356,0.05424776594442404,-0.05705104663973558,0.0,35.0,0.0
2,31,-0.04069041498347411,0.05429061084588077,-0.05708165014077611,0.0,35.0,0.0
2,32,-0.04070877708409842,0.05440690414983475,-0.057222426245562494,0.0,35.0,0.0
2,33,-0.04070877708409842,0.05440690414983475,-0.057222426245562494,0.0,35.0,0.0
2,34,-0.040665932182641695,0.05428449014567267,-0.057246909046394914,0.0,35.0,0.0
2,35,-0.04059248378014445,0.05432733504712939,-0.05721630554535438,0.0,35.0,0.0
2,36,-0.04059248378014445,0.05432733504712939,-0.05721630554535438,0.0,35.0,0.0
2,37,-0.04074550128534704,0.054100869139429554,-0.05736932305055699,0.0,35.0,0.0
2,38,-0.04060472518056066,0.054315093646713185,-0.05727139184722733,0.0,35.0,0.0
2,39,-0.04060472518056066,0.054315093646713185,-0.05727139184722733,0.0,35.0,0.0
2,40,-0.04087403598971722,0.05422940384379973,-0.057179581344105765,0.0,35.0,0.0
2,41,-0.040812828987636184,0.05424776594442404,-0.05704492593952748,0.0,35.0,0.0
2,42,-0.040812828987636184,0.05424776594442404,-0.05704492593952748,0.0,35.0,0.0
2,43,-0.040525156077855305,0.054517076753580605,-0.05731423674868404,0.0,35.0,0.0
2,44,-0.040623087281184966,0.05448035255233199,-0.05688578773411679,0.0,35.0,0.0
2,45,-0.040623087281184966,0.05448035255233199,-0.057363202350348884,0.0,35.0,0.0
2,46,-0.04098420859346309,0.054272248745256456,-0.057363202350348884,0.0,35.0,0.0
2,47,-0.04065981148243359,0.054162076141510584,-0.05705104663973558,0.0,35.0,0.0
2,48,-0.040672052882849793,0.054174317541926795,-0.05717346064389767,0.0,35.0,0.0
2,49,-0.04086791528950912,0.05427836944546456,-0.057167339943689555,0.0,35.0,0.0
2,50,-0.040965846492838784,0.054302852246296975,-0.056879667033908676,0.0,35.0,0.0
2,51,-0.04070877708409842,0.05437017994858612,-0.05732647814910026,0.0,35.0,0.0
2,52,-0.040580242379728244,0.05426612804504836,-0.05725915044681111,0.0,35.0,0.0
2,53,-0.0408311910882605,0.05411311053984576,-0.057161219243481456,0.0,35.0,0.0
2,54,-0.04069041498347411,0.05424776594442404,-0.057210184845146284,0.0,35.0,0.0
2,55,-0.040892398090341536,0.05430897294650509,-0.05713061574244094,0.0,35.0,0.0
2,56,-0.04059248378014445,0.05407638633859714,-0.05691639123515731,0.0,35.0,0.0
2,57,-0.04074550128534704,0.05410698983963765,-0.05708165014077611,0.0,35.0,0.0
2,58,-0.04078222548659567,0.0541681968417187,-0.05734484024972457,0.0,35.0,0.0
2,59,-0.04062920798139307,0.05429061084588077,-0.057222426245562494,0.0,35.0,0.0
2,60,-0.040898518790549634,0.054474231852123876,-0.05749785775492716,0.0,35.0,0.0
2,61,-0.04060472518056066,0.054155955441302486,-0.05735708165014077,0.0,35.0,0.0
2,62,-0.04060472518056066,0.054155955441302486,-0.05735708165014077,0.0,35.0,0.0
2,63,-0.040763863385971356,0.05413759334067817,-0.05737544375076509,0.0,35.0,0.0
2,64,-0.04085567388909291,0.0543518178479618,-0.05714897784306525,0.0,35.0,0.0
2,65,-0.04075774268576325,0.05430897294650509,-0.057106132941608524,0.0,35.0,0.0
2,66,-0.041020932794711716,0.05426612804504836,-0.057308116048475945,0.0,35.0,0.0
2,67,-0.04084955318888481,0.05423552454400783,-0.05712449504223284,0.0,35.0,0.0
2,68,-0.04070265638389032,0.05410698983963765,-0.05715509854327335,0.0,35.0,0.0
2,69,-0.04075774268576325,0.054070265638389035,-0.05719794344473008,0.0,35.0,0.0
2,70,-0.040665932182641695,0.054131472640470066,-0.05703880523931938,0.0,35.0,0.0
2,71,-0.04076998408617946,0.053953972334435066,-0.057167339943689555,0.0,35.0,0.0
2,72,-0.040665932182641695,0.05439466274941853,-0.057246909046394914,0.0,35.0,0.0
2,73,-0.04070265638389032,0.0543518178479618,-0.057222426245562494,0.0,35.0,0.0
2,74,-0.040696535683682214,0.05403966213734851,-0.05698371893744645,0.0,35.0,0.0
2,75,-0.04050067327702289,0.05430897294650509,-0.05762639245929735,0.0,35.0,0.0
2,76,-0.04073325988493083,0.0543395764475456,-0.05713061574244094,0.0,35.0,0.0
2,77,-0.04084955318888481,0.054443628351083365,-0.05757130615742441,0.0,35.0,0.0
2,78,-0.040568000979312034,0.05428449014567267,-0.05733259884930836,0.0,35.0,0.0
2,79,-0.04073938058513894,0.05423552454400783,-0.05715509854327335,0.0,35.0,0.0
2,80,-0.04073938058513894,0.05423552454400783,-0.05715509854327335,0.0,35.0,0.0
2,81,-0.040904639490757747,0.0543518178479618,-0.05715509854327335,0.0,35.0,0.0
2,82,-0.04060472518056066,0.0543395764475456,-0.05709389154119231,0.0,35.0,0.0
2,83,-0.040794466887011875,0.05399069653568368,-0.05733259884930836,0.0,35.0,0.0
2,84,-0.04064144938180928,0.05436405924837802,-0.057063288040151795,0.0,35.0,0.0
2,85,-0.04045782837556616,0.05424776594442404,-0.05700820173827886,0.0,35.0,0.0
2,86,-0.04045782837556616,0.05424776594442404,-0.05700820173827886,0.0,35.0,0.0
2,87,-0.040794466887011875,0.054455869751499575,-0.0572285469457706,0.0,35.0,0.0
2,88,-0.04072101848451463,0.054596645856285965,-0.05709389154119231,0.0,35.0,0.0
2,89,-0.040812828987636184,0.0543518178479618,-0.05719794344473008,0.0,35.0,0.0
2,90,-0.040812828987636184,0.0543518178479618,-0.05719794344473008,0.0,35.0,0.0
2,91,-0.04104541559554413,0.054272248745256456,-0.05711225364181662,0.0,35.0,0.0
2,92,-0.04064757008201738,0.05424776594442404,-0.05718570204431387,0.0,35.0,0.0
2,93,-0.04064757008201738,0.05424776594442404,-0.05718570204431387,0.0,35.0,0.0
2,94,-0.04088627739013343,0.05420492104296731,-0.056965356836822134,0.0,35.0,0.0
2,95,-0.04091688089117395,0.054241645244215944,-0.057222426245562494,0.0,35.0,0.0
2,96,-0.04091688089117395,0.054241645244215944,-0.057222426245562494,0.0,35.0,0.0
2,97,-0.04088627739013343,0.054419145550250944,-0.05703880523931938,0.0,35.0,0.0
2,98,-0.04084955318888481,0.05426612804504836,-0.05689802913453299,0.0,35.0,0.0
2,99,-0.04084955318888481,0.05426612804504836,-0.05689802913453299,0.0,35.0,0.0
3,0,0.03602644142489901,0.053813196229648676,-0.08507161219243482,35.0,35.0,0.0
3,1,0.03579997551719917,0.0536907822254866,-0.08493695678785654,35.0,35.0,0.0
3,2,0.035897906720528824,0.05396621373485126,-0.08516342269555637,35.0,35.0,0.0
3,3,0.035897906720528824,0.05396621373485126,-0.08508997429305912,35.0,35.0,0.0
3,4,0.036050924225731425,0.05372750642673522,-0.08508997429305912,35.0,35.0,0.0
3,5,0.03593463092177745,0.05368466152527849,-0.08532256090096707,35.0,35.0,0.0
3,6,0.03591626882115314,0.05368466152527849,-0.08529807810013465,35.0,35.0,0.0
3,7,0.03591626882115314,0.05368466152527849,-0.08529807810013465,35.0,35.0,0.0
3,8,0.03573876851511813,0.0538621618313135,-0.08517566409597258,35.0,35.0,0.0
3,9,0.03614273472885298,0.05389276533235402,-0.08503488799118619,35.0,35.0,0.0
3,10,0.03614273472885298,0.05389276533235402,-0.08503488799118619,35.0,35.0,0.0
3,11,0.03613049332843678,0.0537091443261109,-0.08525523319867792,35.0,35.0,0.0
3,12,0.03624066593218264,0.05374586852735953,-0.08518178479618069,35.0,35.0,0.0
3,13,0.03624066593218264,0.05374586852735953,-0.08518178479618069,35.0,35.0,0.0
3,14,0.035910148120945035,0.05380095482923246,-0.08523075039784551,35.0,35.0,0.0
3,15,0.03605704492593953,0.05403354143714041,-0.08515730199534827,35.0,35.0,0.0
3,16,0.0361733382298935,0.0536907822254866,-0.08510221569347534,35.0,35.0,0.0
3,17,0.0361733382298935,0.0536907822254866,-0.08510221569347534,35.0,35.0,0.0
3,18,0.03616109682947729,0.05351328191945158,-0.08527359529930224,35.0,35.0,0.0
3,19,0.03606316562614763,0.05377035132819195,-0.08510221569347534,35.0,35.0,0.0
3,20,0.03606316562614763,0.05377035132819195,-0.08510221569347534,35.0,35.0,0.0
3,21,0.03614273472885298,0.05365405802423797,-0.08509609499326723,35.0,35.0,0.0
3,22,0.03597135512302607,0.05377035132819195,-0.08505937079201861,35.0,35.0,0.0
3,23,0.03597135512302607,0.05377035132819195,-0.08505937079201861,35.0,35.0,0.0
3,24,0.03595911372260986,0.05390500673277023,-0.08508997429305912,35.0,35.0,0.0
3,25,0.036020320724690906,0.0537091443261109,-0.08524911249846982,35.0,35.0,0.0
3,26,0.036020320724690906,0.0537091443261109,-0.08524911249846982,35.0,35.0,0.0
3,27,0.03610601052760436,0.05383155833027299,-0.08512057779409965,35.0,35.0,0.0
3,28,0.03606316562614763,0.05378871342881626,-0.08510221569347534,35.0,35.0,0.0
3,29,0.03598359652344228,0.05373974782715143,-0.08524299179826172,35.0,35.0,0.0
3,30,0.03598359652344228,0.05373974782715143,-0.08524299179826172,35.0,35.0,0.0
3,31,0.036020320724690906,0.05358060962174073,-0.08517566409597258,35.0,35.0,0.0
3,32,0.03606928632635574,0.053819316929856774,-0.0850532500918105,35.0,35.0,0.0
3,33,0.03606928632635574,0.053819316929856774,-0.0850532500918105,35.0,35.0,0.0
3,34,0.03597747582323418,0.05361733382298935,-0.0852185089974293,35.0,35.0,0.0
3,35,0.035922389521361245,0.053917248133186435,-0.08541437140408863,35.0,35.0,0.0
3,36,0.035922389521361245,0.053917248133186435,-0.08541437140408863,35.0,35.0,0.0
3,37,0.035922389521361245,0.05375810992777573,-0.08524299179826172,35.0,35.0,0.0
3,38,0.03625290733259885,0.053660178724446075,-0.08504100869139429,35.0,35.0,0.0
3,39,0.03625290733259885,0.053660178724446075,-0.08504100869139429,35.0,35.0,0.0
3,40,0.036008079324274696,0.0536969029256947,-0.08535316440200759,35.0,35.0,0.0
3,41,0.03607540702656384,0.05365405802423797,-0.08505937079201861,35.0,35.0,0.0
3,42,0.03613049332843678,0.053874403231729706,-0.08509609499326723,35.0,35.0,0.0
3,43,0.03613049332843678,0.053874403231729706,-0.08509609499326723,35.0,35.0,0.0
3,44,0.03604480352552332,0.05362957522340556,-0.08524299179826172,35.0,35.0,0.0
3,45,0.036050924225731425,0.05361733382298935,-0.08529807810013465,35.0,35.0,0.0
3,46,0.03621006243114212,0.053947851634226954,-0.08532256090096707,35.0,35.0,0.0
3,47,0.03597135512302607,0.05375198922756763,-0.08526747459909415,35.0,35.0,0.0
3,48,0.03753825437630065,0.05374586852735953,-0.08514506059493207,35.0,35.0,0.0
3,49,0.03606316562614763,0.053819316929856774,-0.08529807810013465,35.0,35.0,0.0
3,50,0.035952993022401764,0.053819316929856774,-0.08515118129514017,35.0,35.0,0.0
3,51,0.035952993022401764,0.05364181662382177,-0.08515118129514017,35.0,35.0,0.0
3,52,0.03614273472885298,0.05382543763006488,-0.08529195739992655,35.0,35.0,0.0
3,53,0.036032562125107116,0.0536969029256947,-0.0852185089974293,35.0,35.0,0.0
3,54,0.036020320724690906,0.053733627126943316,-0.08532868160117517,35.0,35.0,0.0
3,55,0.035910148120945035,0.05362345452319746,-0.08523075039784551,35.0,35.0,0.0
3,56,0.035910148120945035,0.05374586852735953,-0.08516954339576448,35.0,35.0,0.0
3,57,0.036124372628228665,0.053537764720284,-0.08499204308972946,35.0,35.0,0.0
3,58,0.03606928632635574,0.0535255233198678,-0.08508997429305912,35.0,35.0,0.0
3,59,0.036032562125107116,0.053819316929856774,-0.08530419880034276,35.0,35.0,0.0
3,60,0.036307993634471784,0.053953972334435066,-0.08510833639368344,35.0,35.0,0.0
3,61,0.03586118251928021,0.05378259272860815,-0.08508997429305912,35.0,35.0,0.0
3,62,0.036020320724690906,0.053947851634226954,-0.08515118129514017,35.0,35.0,0.0
3,63,0.0361855796303097,0.05372138572652711,-0.08539600930346432,35.0,35.0,0.0
3,64,0.03595911372260986,0.053776472028400045,-0.0850532500918105,35.0,35.0,0.0
3,65,0.03595911372260986,0.053776472028400045,-0.0850532500918105,35.0,35.0,0.0
3,66,0.035922389521361245,0.05383767903048109,-0.08530419880034276,35.0,35.0,0.0
3,67,0.035824458318031584,0.053856041131105405,-0.08521238829722119,35.0,35.0,0.0
3,68,0.0361733382298935,0.0537091443261109,-0.08515118129514017,35.0,35.0,0.0
3,69,0.03597135512302607,0.0535438854204921,-0.08532256090096707,35.0,35.0,0.0
3,70,0.03598359652344228,0.05361121312278124,-0.08515730199534827,35.0,35.0,0.0
3,71,0.036191700330517815,0.053813196229648676,-0.08513893989472396,35.0,35.0,0.0
3,72,0.03593463092177745,0.05399681723589178,-0.08527971599951034,35.0,35.0,0.0
3,73,0.03613049332843678,0.05383155833027299,-0.08521238829722119,35.0,35.0,0.0
3,74,0.03610601052760436,0.05361121312278124,-0.08532256090096707,35.0,35.0,0.0
3,75,0.035965234422817974,0.053733627126943316,-0.08517566409597258,35.0,35.0,0.0
3,76,0.0360142000244828,0.05400905863630799,-0.08512057779409965,35.0,35.0,0.0
3,77,0.03591626882115314,0.0536969029256947,-0.08499816378993756,35.0,35.0,0.0
3,78,0.03608152772677194,0.05390500673277023,-0.0851940261965969,35.0,35.0,0.0
3,79,0.03573264781491002,0.05376423062798384,-0.08510221569347534,35.0,35.0,0.0
3,80,0.036191700330517815,0.05374586852735953,-0.08502264659076998,35.0,35.0,0.0
3,81,0.036020320724690906,0.05374586852735953,-0.08511445709389154,35.0,35.0,0.0
3,82,0.036020320724690906,0.05372750642673522,-0.0853654058024238,35.0,35.0,0.0
3,83,0.036032562125107116,0.05374586852735953,-0.08540825070388053,35.0,35.0,0.0
3,84,0.036032562125107116,0.05374586852735953,-0.08540825070388053,35.0,35.0,0.0
3,85,0.03602644142489901,0.05375198922756763,-0.08504712939160239,35.0,35.0,0.0
3,86,0.03620394173093402,0.05373974782715143,-0.08521238829722119,35.0,35.0,0.0
3,87,0.03620394173093402,0.05373974782715143,-0.08521238829722119,35.0,35.0,0.0
3,88,0.0358550618190721,0.05388052393193782,-0.08578161341657485,35.0,35.0,0.0
3,89,0.036050924225731425,0.05358060962174073,-0.08512669849430775,35.0,35.0,0.0
3,90,0.036050924225731425,0.05358060962174073,-0.08489411188639981,35.0,35.0,0.0
3,91,0.035848941118864,0.05374586852735953,-0.08489411188639981,35.0,35.0,0.0
3,92,0.036148855429061086,0.05376423062798384,-0.08507773289264292,35.0,35.0,0.0
3,93,0.035995837923858486,0.053819316929856774,-0.0855367854082507,35.0,35.0,0.0
3,94,0.035995837923858486,0.053819316929856774,-0.0855367854082507,35.0,35.0,0.0
3,95,0.03606316562614763,0.053776472028400045,-0.08529807810013465,35.0,35.0,0.0
3,96,0.03625902803280696,0.05391112743297834,-0.08527971599951034,35.0,35.0,0.0
3,97,0.03625902803280696,0.05391112743297834,-0.08527971599951034,35.0,35.0,0.0
3,98,0.036265148733015055,0.053776472028400045,-0.08537764720284,35.0,35.0,0.0
3,99,0.03605704492593953,0.053929489533602645,-0.08518790549638879,35.0,35.0,0.0
