values,,Magnetometer,Magnetometer,Magnetometer,position,position,position
axis,,x,y,z,x,y,z
Sensor,Sample,,,,,,
0,0,-0.05759578895825682,-0.04934508507773289,-0.08188272738401273,0.0,0.0,0.0
0,1,-0.057810013465540454,-0.049198188272738405,-0.0819928999877586,0.0,0.0,0.0
0,2,-0.05775492716366752,-0.04939405067939772,-0.08217652099400172,0.0,0.0,0.0
0,3,-0.05763863385971355,-0.04936956787856531,-0.08205410698983964,0.0,0.0,0.0
0,4,-0.05779165136491614,-0.04925327457461133,-0.08195617578650997,0.0,0.0,0.0
0,5,-0.057705961562002694,-0.04960827518668136,-0.08188884808422084,0.0,0.0,0.0
0,6,-0.05764475455992165,-0.049283878075651856,-0.08211531399192068,0.0,0.0,0.0
0,7,-0.057522340555759575,-0.049198188272738405,-0.08202962418900722,0.0,0.0,0.0
0,8,-0.057846737666789085,-0.04921042967315461,-0.08181539968172359,0.0,0.0,0.0
0,9,-0.05754682335659199,-0.04945525768147876,-0.08192557228546946,0.0,0.0,0.0
0,10,-0.05775492716366752,-0.04944913698127066,-0.08130738156445097,0.0,0.0,0.0
0,11,-0.05762027175908924,-0.04906965356836822,-0.081839882482556,0.0,0.0,0.0
0,12,-0.05785897906720529,-0.04924103317419513,-0.08185212388297222,0.0,0.0,0.0
0,13,-0.057552944056800094,-0.04928999877585996,-0.08191333088505325,0.0,0.0,0.0
0,14,-0.05758354755784062,-0.049088015668992534,-0.0819928999877586,0.0,0.0,0.0
0,15,-0.05758354755784062,-0.049088015668992534,-0.0819928999877586,0.0,0.0,0.0
0,16,-0.05771208226221079,-0.04929611947606806,-0.08179091688089117,0.0,0.0,0.0
0,17,-0.05778553066470804,-0.0492043089729465,-0.08190108948463705,0.0,0.0,0.0
0,18,-0.05746725425388664,-0.04932060227690048,-0.08160117517443996,0.0,0.0,0.0
0,19,-0.05799975517199167,-0.04917982617211409,-0.08226833149712327,0.0,0.0,0.0
0,20,-0.05772432366262701,-0.049418533480230134,-0.08196229648671807,0.0,0.0,0.0
0,21,-0.05778553066470804,-0.04900844656628718,-0.08195005508630188,0.0,0.0,0.0
0,22,-0.05782837556616477,-0.049516464683559795,-0.08193169298567757,0.0,0.0,0.0
0,23,-0.057693720161586484,-0.04933284367731668,-0.081662382176521,0.0,0.0,0.0
0,24,-0.05771208226221079,-0.04928999877585996,-0.08209695189129637,0.0,0.0,0.0
0,25,-0.05751621985555148,-0.04943689558085445,-0.08177867548047497,0.0,0.0,0.0
0,26,-0.05777940996449994,-0.04916146407148978,-0.08193781368588567,0.0,0.0,0.0
0,27,-0.05750397845513526,-0.049314481576692375,-0.08196229648671807,0.0,0.0,0.0
0,28,-0.05759578895825682,-0.049283878075651856,-0.08179703758109927,0.0,0.0,0.0
0,29,-0.05791406536907823,-0.04925327457461133,-0.0818337617823479,0.0,0.0,0.0
0,30,-0.057601909658464935,-0.04936956787856531,-0.08220712449504222,0.0,0.0,0.0
0,31,-0.05764475455992165,-0.049443016281062555,-0.081839882482556,0.0,0.0,0.0
0,32,-0.05762639245929735,-0.04946137838168686,-0.0818276410821398,0.0,0.0,0.0
0,33,-0.05763863385971355,-0.04922879177377892,-0.08177255478026686,0.0,0.0,0.0
0,34,-0.05763863385971355,-0.04922879177377892,-0.08177255478026686,0.0,0.0,0.0
0,35,-0.05771208226221079,-0.049540947484392216,-0.08205410698983964,0.0,0.0,0.0
0,36,-0.05753458195617579,-0.04949198188272738,-0.08173583057901825,0.0,0.0,0.0
0,37,-0.057424409352429914,-0.04925939527481944,-0.0819745378871343,0.0,0.0,0.0
0,38,-0.05765699596033787,-0.04926551597502754,-0.08193169298567757,0.0,0.0,0.0
0,39,-0.057675358060962176,-0.04919206757253029,-0.0819806585873424,0.0,0.0,0.0
0,40,-0.057448892153262335,-0.049185946872322195,-0.08181539968172359,0.0,0.0,0.0
0,41,-0.05765087526012976,-0.04897784306524666,-0.08186436528338842,0.0,0.0,0.0
0,42,-0.05778553066470804,-0.04911249846982495,-0.08180315828130738,0.0,0.0,0.0
0,43,-0.05772432366262701,-0.049198188272738405,-0.08172358917860204,0.0,0.0,0.0
0,44,-0.057491737054719064,-0.049326722977108585,-0.08182152038193169,0.0,0.0,0.0
0,45,-0.05762027175908924,-0.04936344717835721,-0.08212143469212878,0.0,0.0,0.0
0,46,-0.05763251315950545,-0.04924715387440323,-0.0820051413881748,0.0,0.0,0.0
0,47,-0.05763251315950545,-0.04946749908189497,-0.08186436528338842,0.0,0.0,0.0
0,48,-0.05785285836699718,-0.04928999877585996,-0.08206634839025585,0.0,0.0,0.0
0,49,-0.05785285836699718,-0.04939405067939772,-0.08187048598359652,0.0,0.0,0.0
0,50,-0.05783449626637287,-0.04939405067939772,-0.08187048598359652,0.0,0.0,0.0
0,51,-0.05743665075284613,-0.04932060227690048,-0.08196229648671807,0.0,0.0,0.0
0,52,-0.05764475455992165,-0.04925939527481944,-0.08190721018484515,0.0,0.0,0.0
0,53,-0.057803892765332356,-0.04930224017627617,-0.08172970987881013,0.0,0.0,0.0
0,54,-0.057601909658464935,-0.049283878075651856,-0.08192557228546946,0.0,0.0,0.0
0,55,-0.05778553066470804,-0.04921042967315461,-0.0819990206879667,0.0,0.0,0.0
0,56,-0.05765087526012976,-0.049516464683559795,-0.08158281307381564,0.0,0.0,0.0
0,57,-0.05776104786387563,-0.04921042967315461,-0.08180927898151549,0.0,0.0,0.0
0,58,-0.05765087526012976,-0.04917982617211409,-0.08193781368588567,0.0,0.0,0.0
0,59,-0.05775492716366752,-0.04916758477169788,-0.08178479618068307,0.0,0.0,0.0
0,60,-0.05763863385971355,-0.049283878075651856,-0.08193169298567757,0.0,0.0,0.0
0,61,-0.057675358060962176,-0.04965112008813809,-0.081839882482556,0.0,0.0,0.0
0,62,-0.05775492716366752,-0.04936344717835721,-0.08206022769004774,0.0,0.0,0.0
0,63,-0.05775492716366752,-0.04949810258293549,-0.08178479618068307,0.0,0.0,0.0
0,64,-0.05781613416574856,-0.04949810258293549,-0.08178479618068307,0.0,0.0,0.0
0,65,-0.05765699596033787,-0.049443016281062555,-0.08161341657485617,0.0,0.0,0.0
0,66,-0.05773656506304321,-0.049400171379605826,-0.08163177867548047,0.0,0.0,0.0
0,67,-0.057699840861794596,-0.049443016281062555,-0.08182152038193169,0.0,0.0,0.0
0,68,-0.05768147876117028,-0.049271636675235646,-0.0818337617823479,0.0,0.0,0.0
0,69,-0.05774268576325131,-0.0496756028889705,-0.08180927898151549,0.0,0.0,0.0
0,70,-0.057663116660545966,-0.04940629207981393,-0.08195005508630188,0.0,0.0,0.0
0,71,-0.05762027175908924,-0.049130860570449256,-0.0816685028767291,0.0,0.0,0.0
0,72,-0.0577182029624189,-0.04925939527481944,-0.08220712449504222,0.0,0.0,0.0
0,73,-0.05751009915534337,-0.049283878075651856,-0.08181539968172359,0.0,0.0,0.0
0,74,-0.057877341167829596,-0.04950422328314359,-0.08159505447423185,0.0,0.0,0.0
0,75,-0.057705961562002694,-0.04947361978210307,-0.08171134777818582,0.0,0.0,0.0
0,76,-0.05753458195617579,-0.04930224017627617,-0.08171746847839392,0.0,0.0,0.0
0,77,-0.057693720161586484,-0.049283878075651856,-0.08204186558942343,0.0,0.0,0.0
0,78,-0.05775492716366752,-0.049559309585016524,-0.08194393438609376,0.0,0.0,0.0
0,79,-0.05779165136491614,-0.049412412780022036,-0.08198677928755049,0.0,0.0,0.0
0,80,-0.05779165136491614,-0.049412412780022036,-0.08198677928755049,0.0,0.0,0.0
0,81,-0.057675358060962176,-0.04924103317419513,-0.08185212388297222,0.0,0.0,0.0
0,82,-0.05772432366262701,-0.049216550373362714,-0.08177255478026686,0.0,0.0,0.0
0,83,-0.05782225486595667,-0.04925939527481944,-0.08201738278859103,0.0,0.0,0.0
0,84,-0.057565185457216304,-0.04957767168564084,-0.08194393438609376,0.0,0.0,0.0
0,85,-0.05765699596033787,-0.04911249846982495,-0.08171134777818582,0.0,0.0,0.0
0,86,-0.05752846125596768,-0.04948586118251928,-0.08155833027298323,0.0,0.0,0.0
0,87,-0.05777940996449994,-0.04925327457461133,-0.08188272738401273,0.0,0.0,0.0
0,88,-0.057944668870118746,-0.0493573264781491,-0.0821642795935855,0.0,0.0,0.0
0,89,-0.05777328926429184,-0.049424654180438246,-0.08196841718692618,0.0,0.0,0.0
0,90,-0.05758354755784062,-0.04928999877585996,-0.08182152038193169,0.0,0.0,0.0
0,91,-0.05761415105888114,-0.04930224017627617,-0.08187660668380463,0.0,0.0,0.0
0,92,-0.05757742685763251,-0.04952870608397601,-0.08188272738401273,0.0,0.0,0.0
0,93,-0.05746725425388664,-0.04958379238584894,-0.08192557228546946,0.0,0.0,0.0
0,94,-0.05771208226221079,-0.04952870608397601,-0.08184600318276411,0.0,0.0,0.0
0,95,-0.05771208226221079,-0.04952870608397601,-0.08184600318276411,0.0,0.0,0.0
0,96,-0.057693720161586484,-0.049657240788346185,-0.08179091688089117,0.0,0.0,0.0
0,97,-0.057663116660545966,-0.049326722977108585,-0.08202350348879912,0.0,0.0,0.0
0,98,-0.05789570326845391,-0.04924715387440323,-0.08182152038193169,0.0,0.0,0.0
0,99,-0.05753458195617579,-0.049283878075651856,-0.08177255478026686,0.0,0.0,0.0
1,0,0.03551230260741829,-0.029942465418043823,-0.036050924225731425,35.0,0.0,0.0
1,1,0.03527971599951034,-0.0295813441057657,-0.036148855429061086,35.0,0.0,0.0
1,2,0.03542049210429673,-0.02991798261721141,-0.03621006243114212,35.0,0.0,0.0
1,3,0.035481699106377766,-0.029807810013465542,-0.036179458930101605,35.0,0.0,0.0
1,4,0.035408250703880526,-0.030083241522830213,-0.03630187293426368,35.0,0.0,0.0
1,5,0.03544497490512914,-0.029795568613049335,-0.03597747582323418,35.0,0.0,0.0
1,6,0.03546333700575346,-0.029648671808054843,-0.03602644142489901,35.0,0.0,0.0
1,7,0.03537764720284001,-0.029783327212633125,-0.03624678663239074,35.0,0.0,0.0
1,8,0.03542049210429673,-0.029850654914922264,-0.03631411433467989,35.0,0.0,0.0
1,9,0.035396009303464315,-0.029734361610968298,-0.03608152772677194,35.0,0.0,0.0
1,10,0.035426612804504834,-0.029924103317419515,-0.036350838535928506,35.0,0.0,0.0
1,11,0.03535316440200759,-0.029703758109927775,-0.03611825192802057,35.0,0.0,0.0
1,12,0.03535316440200759,-0.029697637409719674,-0.03609988982739625,35.0,0.0,0.0
1,13,0.03544497490512914,-0.029697637409719674,-0.03609988982739625,35.0,0.0,0.0
1,14,0.035567388909291224,-0.02975884441180071,-0.03625902803280696,35.0,0.0,0.0
1,15,0.035536785408250705,-0.029875137715754684,-0.036093769127188154,35.0,0.0,0.0
1,16,0.03575713061574244,-0.029654792508262945,-0.036320235034887995,35.0,0.0,0.0
1,17,0.0353654058024238,-0.029807810013465542,-0.036265148733015055,35.0,0.0,0.0
1,18,0.03555514750887502,-0.02966703390867915,-0.03610601052760436,35.0,0.0,0.0
1,19,0.03558575100991553,-0.02961806830701432,-0.0363385971355123,35.0,0.0,0.0
1,20,0.03523687109805362,-0.029783327212633125,-0.03605704492593953,35.0,0.0,0.0
1,21,0.03560411311053985,-0.029856775615130372,-0.03620394173093402,35.0,0.0,0.0
1,22,0.03551230260741829,-0.029862896315338477,-0.03613049332843678,35.0,0.0,0.0
1,23,0.03546333700575346,-0.029734361610968298,-0.035995837923858486,35.0,0.0,0.0
1,24,0.03540213000367242,-0.02988737911617089,-0.03608764842698005,35.0,0.0,0.0
1,25,0.03557350960949933,-0.02969151670951157,-0.03636920063655282,35.0,0.0,0.0
1,26,0.03524299179826172,-0.02970987881013588,-0.0361733382298935,35.0,0.0,0.0
1,27,0.03559799241033174,-0.02972824091076019,-0.035904027420736936,35.0,0.0,0.0
1,28,0.035634716611580367,-0.030083241522830213,-0.03606316562614763,35.0,0.0,0.0
1,29,0.03567144081282898,-0.029856775615130372,-0.03610601052760436,35.0,0.0,0.0
1,30,0.03564083731178847,-0.02996082751866814,-0.03624678663239074,35.0,0.0,0.0
1,31,0.0353715265026319,-0.02988737911617089,-0.03609988982739625,35.0,0.0,0.0
1,32,0.03558575100991553,-0.029856775615130372,-0.036136614028644876,35.0,0.0,0.0
1,33,0.03560411311053985,-0.029979189619292447,-0.03609988982739625,35.0,0.0,0.0
1,34,0.035567388909291224,-0.030022034520749176,-0.035965234422817974,35.0,0.0,0.0
1,35,0.035567388909291224,-0.030022034520749176,-0.035965234422817974,35.0,0.0,0.0
1,36,0.03546945770596156,-0.029746603011384504,-0.036093769127188154,35.0,0.0,0.0
1,37,0.035481699106377766,-0.02962418900722243,-0.03591626882115314,35.0,0.0,0.0
1,38,0.03545721630554535,-0.029881258415962786,-0.03620394173093402,35.0,0.0,0.0
1,39,0.03558575100991553,-0.0299057412167952,-0.03610601052760436,35.0,0.0,0.0
1,40,0.035567388909291224,-0.030071000122414003,-0.036093769127188154,35.0,0.0,0.0
1,41,0.03542049210429673,-0.02975884441180071,-0.03591626882115314,35.0,0.0,0.0
1,42,0.035579630309707434,-0.029734361610968298,-0.03635695923613662,35.0,0.0,0.0
1,43,0.03523075039784551,-0.02959970620639001,-0.03611825192802057,35.0,0.0,0.0
1,44,0.03558575100991553,-0.029752723711592606,-0.036265148733015055,35.0,0.0,0.0
1,45,0.03557350960949933,-0.029722120210552087,-0.03622842453176643,35.0,0.0,0.0
1,46,0.035298078100134654,-0.02977720651242502,-0.03625290733259885,35.0,0.0,0.0
1,47,0.03545721630554535,-0.029722120210552087,-0.03597135512302607,35.0,0.0,0.0
1,48,0.035763251315950546,-0.029587464805973802,-0.03625290733259885,35.0,0.0,0.0
1,49,0.03527359529930224,-0.02986901701554658,-0.0361733382298935,35.0,0.0,0.0
1,50,0.03558575100991553,-0.029783327212633125,-0.03606316562614763,35.0,0.0,0.0
1,51,0.035383767903048105,-0.029636430407638636,-0.03607540702656384,35.0,0.0,0.0
1,52,0.03557350960949933,-0.029703758109927775,-0.03598359652344228,35.0,0.0,0.0
1,53,0.03557350960949933,-0.029740482311176396,-0.03625902803280696,35.0,0.0,0.0
1,54,0.03548781980658587,-0.029740482311176396,-0.03625902803280696,35.0,0.0,0.0
1,55,0.03543273350471294,-0.029893499816378993,-0.0360142000244828,35.0,0.0,0.0
1,56,0.035298078100134654,-0.030009793120332966,-0.03616109682947729,35.0,0.0,0.0
1,57,0.035481699106377766,-0.0299057412167952,-0.03616109682947729,35.0,0.0,0.0
1,58,0.03541437140408863,-0.030064879422205898,-0.036179458930101605,35.0,0.0,0.0
1,59,0.03523687109805362,-0.02977720651242502,-0.03624678663239074,35.0,0.0,0.0
1,60,0.03542049210429673,-0.0302301383278247,-0.03621006243114212,35.0,0.0,0.0
1,61,0.03538988860325622,-0.03000367242012486,-0.036020320724690906,35.0,0.0,0.0
1,62,0.035542906108458804,-0.02999755171991676,-0.03616109682947729,35.0,0.0,0.0
1,63,0.03559187171012364,-0.029832292814297955,-0.0358550618190721,35.0,0.0,0.0
1,64,0.035426612804504834,-0.02986901701554658,-0.036136614028644876,35.0,0.0,0.0
1,65,0.035451095605337254,-0.030119965724078834,-0.03614273472885298,35.0,0.0,0.0
1,66,0.0355306647080426,-0.029801689313257433,-0.035879544619904516,35.0,0.0,0.0
1,67,0.035536785408250705,-0.029654792508262945,-0.03627126943322316,35.0,0.0,0.0
1,68,0.0353715265026319,-0.0298996205165871,-0.035995837923858486,35.0,0.0,0.0
1,69,0.03542049210429673,-0.029832292814297955,-0.03629575223405558,35.0,0.0,0.0
1,70,0.035542906108458804,-0.029838413514506057,-0.03586730321948831,35.0,0.0,0.0
1,71,0.03532868160117518,-0.029942465418043823,-0.036050924225731425,35.0,0.0,0.0
1,72,0.03534704370179949,-0.02994858611825193,-0.036277390133431266,35.0,0.0,0.0
1,73,0.03537764720284001,-0.029746603011384504,-0.03627126943322316,35.0,0.0,0.0
1,74,0.03537764720284001,-0.029875137715754684,-0.03594075162198555,35.0,0.0,0.0
1,75,0.035536785408250705,-0.03000367242012486,-0.03629575223405558,35.0,0.0,0.0
1,76,0.03550006120700208,-0.03000367242012486,-0.03629575223405558,35.0,0.0,0.0
1,77,0.03540213000367242,-0.02967315460888726,-0.03611213122781246,35.0,0.0,0.0
1,78,0.03551842330762639,-0.029991431019708654,-0.03606928632635574,35.0,0.0,0.0
1,79,0.03562859591137226,-0.029569102705349494,-0.03594687232219366,35.0,0.0,0.0
1,80,0.035408250703880526,-0.030022034520749176,-0.03623454523197454,35.0,0.0,0.0
1,81,0.03550006120700208,-0.029703758109927775,-0.036148855429061086,35.0,0.0,0.0
1,82,0.035396009303464315,-0.029740482311176396,-0.03616109682947729,35.0,0.0,0.0
1,83,0.03551230260741829,-0.03013832782470315,-0.03609988982739625,35.0,0.0,0.0
1,84,0.03545721630554535,-0.02999755171991676,-0.036350838535928506,35.0,0.0,0.0
1,85,0.03550618190721018,-0.02995470681846003,-0.03622842453176643,35.0,0.0,0.0
1,86,0.03548781980658587,-0.03000367242012486,-0.03611213122781246,35.0,0.0,0.0
1,87,0.03535928510221569,-0.029881258415962786,-0.03600195862406659,35.0,0.0,0.0
1,88,0.035524544007834495,-0.029911861917003308,-0.036038682825315214,35.0,0.0,0.0
1,89,0.0353654058024238,-0.029850654914922264,-0.036191700330517815,35.0,0.0,0.0
1,90,0.03550618190721018,-0.029850654914922264,-0.03637532133676093,35.0,0.0,0.0
1,91,0.03545721630554535,-0.02966091320847105,-0.036032562125107116,35.0,0.0,0.0
1,92,0.035408250703880526,-0.029985310319500552,-0.03611825192802057,35.0,0.0,0.0
1,93,0.035408250703880526,-0.0298996205165871,-0.03611213122781246,35.0,0.0,0.0
1,94,0.035536785408250705,-0.0298996205165871,-0.03611213122781246,35.0,0.0,0.0
1,95,0.03542049210429673,-0.02966703390867915,-0.03610601052760436,35.0,0.0,0.0
1,96,0.03561635451095606,-0.03009548292324642,-0.036222303831558327,35.0,0.0,0.0
1,97,0.035610233810747946,-0.02988737911617089,-0.03615497612926919,35.0,0.0,0.0
1,98,0.03538988860325622,-0.02970987881013588,-0.03611825192802057,35.0,0.0,0.0
1,99,0.035536785408250705,-0.029838413514506057,-0.036032562125107116,35.0,0.0,0.0
2,0,-0.041418778308238466,0.05971967193046884,-0.05792630676949443,0.0,35.0,0.0
2,1,-0.04124127800220345,0.05962174072713918,-0.05819561757865099,0.0,35.0,0.0
2,2,-0.04133308850532501,0.05906475700820174,-0.05785897906720529,0.0,35.0,0.0
2,3,-0.041351450605949316,0.05960949932672298,-0.05791406536907823,0.0,35.0,0.0
2,4,-0.04136981270657363,0.059689068429428324,-0.057877341167829596,0.0,35.0,0.0
2,5,-0.041706451218019344,0.05924225731423675,-0.0580364793732403,0.0,35.0,0.0
2,6,-0.041265760803035866,0.059389154119231236,-0.05789570326845391,0.0,35.0,0.0
2,7,-0.04121679520137104,0.059572775125474355,-0.058018117272615986,0.0,35.0,0.0
2,8,-0.04138817480719794,0.05940751621985555,-0.05788958256824581,0.0,35.0,0.0
2,9,-0.04129024360386828,0.05945648182152038,-0.057920186069286325,0.0,35.0,0.0
2,10,-0.041394295507406045,0.05977475823234178,-0.05790182396866202,0.0,35.0,0.0
2,11,-0.0411617088994981,0.05987881013587955,-0.05810992777573755,0.0,35.0,0.0
2,12,-0.0411617088994981,0.0589974293059126,-0.05779777206512425,0.0,35.0,0.0
2,13,-0.0411617088994981,0.0589974293059126,-0.0577182029624189,0.0,35.0,0.0
2,14,-0.04143101970865467,0.059670706328804016,-0.0577182029624189,0.0,35.0,0.0
2,15,-0.04154119231240054,0.059542171624433836,-0.05785285836699718,0.0,35.0,0.0
2,16,-0.04135757130615743,0.05952380952380952,-0.057907944668870115,0.0,35.0,0.0
2,17,-0.04122291590157914,0.059297343616109686,-0.05798139307136736,0.0,35.0,0.0
2,18,-0.04125351940261966,0.059542171624433836,-0.058060962174072715,0.0,35.0,0.0
2,19,-0.04144326110907088,0.059511568123393324,-0.057846737666789085,0.0,35.0,0.0
2,20,-0.04114334679887379,0.05947484392214469,-0.057810013465540454,0.0,35.0,0.0
2,21,-0.041412657608030354,0.05952380952380952,-0.05799975517199167,0.0,35.0,0.0
2,22,-0.041394295507406045,0.05935855061819072,-0.05793854816991064,0.0,35.0,0.0
2,23,-0.04134532990574122,0.05923613661402864,-0.05801199657240789,0.0,35.0,0.0
2,24,-0.041180071000122415,0.05966458562859591,-0.057803892765332356,0.0,35.0,0.0
2,25,-0.04134532990574122,0.05948096462235279,-0.057920186069286325,0.0,35.0,0.0
2,26,-0.04137593340678174,0.05941363692006365,-0.05795691027053494,0.0,35.0,0.0
2,27,-0.04117395029991431,0.05947484392214469,-0.057877341167829596,0.0,35.0,0.0
2,28,-0.04136369200636553,0.05951768882360142,-0.05785285836699718,0.0,35.0,0.0
2,29,-0.04144326110907088,0.0593340678173583,-0.0578834618680377,0.0,35.0,0.0
2,30,-0.04164524421593831,0.059511568123393324,-0.058189496878442895,0.0,35.0,0.0
2,31,-0.04143101970865467,0.05959113722609867,-0.05789570326845391,0.0,35.0,0.0
2,32,-0.04154119231240054,0.059542171624433836,-0.05781613416574856,0.0,35.0,0.0
2,33,-0.04133308850532501,0.05946260252172848,-0.058005875872199776,0.0,35.0,0.0
2,34,-0.04133308850532501,0.05946260252172848,-0.058005875872199776,0.0,35.0,0.0
2,35,-0.041418778308238466,0.05934630921777452,-0.058005875872199776,0.0,35.0,0.0
2,36,-0.04151058881136002,0.059511568123393324,-0.05791406536907823,0.0,35.0,0.0
2,37,-0.04151670951156812,0.059572775125474355,-0.05778553066470804,0.0,35.0,0.0
2,38,-0.04157791651364916,0.059425878320479866,-0.05799363447178357,0.0,35.0,0.0
2,39,-0.041308605704492594,0.059444240421104175,-0.05791406536907823,0.0,35.0,0.0
2,40,-0.04144938180927898,0.05957889582568245,-0.05799975517199167,0.0,35.0,0.0
2,41,-0.041424899008446564,0.059511568123393324,-0.05799975517199167,0.0,35.0,0.0
2,42,-0.041394295507406045,0.059511568123393324,-0.05799975517199167,0.0,35.0,0.0
2,43,-0.04122903660178724,0.05930346431631779,-0.05813441057656996,0.0,35.0,0.0
2,44,-0.04136981270657363,0.05923613661402864,-0.05777328926429184,0.0,35.0,0.0
2,45,-0.041394295507406045,0.05953605092422574,-0.057693720161586484,0.0,35.0,0.0
2,46,-0.041278002203452076,0.059327947117150205,-0.058146651976986166,0.0,35.0,0.0
2,47,-0.04138817480719794,0.05939527481943935,-0.05793242746970253,0.0,35.0,0.0
2,48,-0.0414799853103195,0.059511568123393324,-0.05813441057656996,0.0,35.0,0.0
2,49,-0.04167584771697882,0.05935855061819072,-0.05799363447178357,0.0,35.0,0.0
2,50,-0.04152283021177623,0.05970743053005264,-0.05798139307136736,0.0,35.0,0.0
2,51,-0.04143101970865467,0.059670706328804016,-0.05808544497490513,0.0,35.0,0.0
2,52,-0.04143101970865467,0.059670706328804016,-0.05808544497490513,0.0,35.0,0.0
2,53,-0.041351450605949316,0.059389154119231236,-0.05773656506304321,0.0,35.0,0.0
2,54,-0.041308605704492594,0.05951768882360142,-0.058005875872199776,0.0,35.0,0.0
2,55,-0.041424899008446564,0.05947484392214469,-0.05799363447178357,0.0,35.0,0.0
2,56,-0.041406536907822256,0.05959113722609867,-0.057920186069286325,0.0,35.0,0.0
2,57,-0.041437140408862774,0.059585016525890565,-0.0580548414738646,0.0,35.0,0.0
2,58,-0.04110050189741706,0.0593340678173583,-0.05837311788468601,0.0,35.0,0.0
2,59,-0.041265760803035866,0.05949932672297711,-0.05793854816991064,0.0,35.0,0.0
2,60,-0.041308605704492594,0.05950544742318521,-0.058005875872199776,0.0,35.0,0.0
2,61,-0.04145550250948708,0.05973803403109316,-0.05790182396866202,0.0,35.0,0.0
2,62,-0.04146162320969519,0.059713551230260745,-0.058103807075529444,0.0,35.0,0.0
2,63,-0.04136369200636553,0.05953605092422574,-0.058342514383645495,0.0,35.0,0.0
2,64,-0.04140041620761415,0.059370792018606934,-0.058018117272615986,0.0,35.0,0.0
2,65,-0.04133308850532501,0.05941363692006365,-0.058207858979067204,0.0,35.0,0.0
2,66,-0.04129024360386828,0.05976251683192557,-0.057877341167829596,0.0,35.0,0.0
2,67,-0.04122291590157914,0.05954829232464194,-0.057944668870118746,0.0,35.0,0.0
2,68,-0.04134532990574122,0.05952380952380952,-0.05799975517199167,0.0,35.0,0.0
2,69,-0.04134532990574122,0.05952380952380952,-0.05799975517199167,0.0,35.0,0.0
2,70,-0.04154119231240054,0.05971967193046884,-0.05803035867303219,0.0,35.0,0.0
2,71,-0.04150446811115192,0.059542171624433836,-0.0580426000734484,0.0,35.0,0.0
2,72,-0.041418778308238466,0.05941363692006365,-0.0580364793732403,0.0,35.0,0.0
2,73,-0.04135757130615743,0.05957889582568245,-0.05828742808177255,0.0,35.0,0.0
2,74,-0.04138817480719794,0.05948096462235279,-0.05798139307136736,0.0,35.0,0.0
2,75,-0.04135757130615743,0.059958379238584894,-0.057846737666789085,0.0,35.0,0.0
2,76,-0.04157179581344106,0.059603378626514866,-0.058091565675113234,0.0,35.0,0.0
2,77,-0.04133308850532501,0.05951768882360142,-0.05802423797282409,0.0,35.0,0.0
2,78,-0.04122291590157914,0.059370792018606934,-0.05785897906720529,0.0,35.0,0.0
2,79,-0.041547313012608646,0.05975027543150937,-0.05798139307136736,0.0,35.0,0.0
2,80,-0.04129024360386828,0.059682947729220226,-0.0578712204676215,0.0,35.0,0.0
2,81,-0.04146774390990329,0.059529930224017626,-0.058060962174072715,0.0,35.0,0.0
2,82,-0.04145550250948708,0.05949320602276901,-0.05784061696658098,0.0,35.0,0.0
2,83,-0.04152283021177623,0.05954829232464194,-0.05779777206512425,0.0,35.0,0.0
2,84,-0.04133308850532501,0.05948096462235279,-0.05790182396866202,0.0,35.0,0.0
2,85,-0.04133920920553311,0.05936467131839882,-0.0578834618680377,0.0,35.0,0.0
2,86,-0.04133920920553311,0.05936467131839882,-0.0578834618680377,0.0,35.0,0.0
2,87,-0.0413147264047007,0.05948096462235279,-0.05772432366262701,0.0,35.0,0.0
2,88,-0.041553433712816744,0.05970743053005264,-0.057810013465540454,0.0,35.0,0.0
2,89,-0.04146162320969519,0.05969518912963643,-0.058005875872199776,0.0,35.0,0.0
2,90,-0.04173705471905986,0.05952380952380952,-0.05825682458073204,0.0,35.0,0.0
2,91,-0.04154119231240054,0.059744154731301256,-0.05827518668135635,0.0,35.0,0.0
2,92,-0.04134532990574122,0.05965846492838781,-0.05790182396866202,0.0,35.0,0.0
2,93,-0.04133308850532501,0.059401395519647446,-0.05778553066470804,0.0,35.0,0.0
2,94,-0.04144326110907088,0.059646223527971595,-0.05789570326845391,0.0,35.0,0.0
2,95,-0.041424899008446564,0.05952380952380952,-0.057693720161586484,0.0,35.0,0.0
2,96,-0.041547313012608646,0.05941363692006365,-0.05777328926429184,0.0,35.0,0.0
2,97,-0.04138817480719794,0.05923613661402864,-0.05782837556616477,0.0,35.0,0.0
2,98,-0.04144326110907088,0.05948096462235279,-0.0580548414738646,0.0,35.0,0.0
2,99,-0.041394295507406045,0.05952380952380952,-0.05777328926429184,0.0,35.0,0.0
3,0,0.03750765087526013,0.056640959725792625,-0.08127677806341045,35.0,35.0,0.0
3,1,0.03780756518545721,0.0565919941241278,-0.08124005386216183,35.0,35.0,0.0
3,2,0.037801444485249115,0.05670216672787367,-0.08170522707797771,35.0,35.0,0.0
3,3,0.03763618557963031,0.05645733871954952,-0.08135634716611581,35.0,35.0,0.0
3,4,0.037746358183376176,0.05668992532745746,-0.08146651976986166,35.0,35.0,0.0
3,5,0.03763618557963031,0.05654302852246297,-0.08111763985799976,35.0,35.0,0.0
3,6,0.03744032317297098,0.05651854572163055,-0.08159505447423185,35.0,35.0,0.0
3,7,0.03744032317297098,0.05651854572163055,-0.08159505447423185,35.0,35.0,0.0
3,8,0.03764230627983841,0.05671440812828987,-0.08158281307381564,35.0,35.0,0.0
3,9,0.037691271881503244,0.05667156322683316,-0.08153996817235892,35.0,35.0,0.0
3,10,0.0376117027787979,0.05661647692496021,-0.08138082996694822,35.0,35.0,0.0
3,11,0.03792385848941119,0.056506304321214354,-0.08152772677194271,35.0,35.0,0.0
3,12,0.037789203084832905,0.05684294283266006,-0.08148488187048598,35.0,35.0,0.0
3,13,0.03758721997796548,0.05663483902558453,-0.08150324397111029,35.0,35.0,0.0
3,14,0.037746358183376176,0.056781735830579015,-0.08136858856653201,35.0,35.0,0.0
3,15,0.037574978577549274,0.056579752723711595,-0.08168686497735342,35.0,35.0,0.0
3,16,0.03775247888358428,0.05662259762516832,-0.08141143346798874,35.0,35.0,0.0
3,17,0.037801444485249115,0.05663483902558453,-0.08112988125841596,35.0,35.0,0.0
3,18,0.037789203084832905,0.05650018362100624,-0.08153996817235892,35.0,35.0,0.0
3,19,0.03755049577671686,0.05651242502142245,-0.08153996817235892,35.0,35.0,0.0
3,20,0.03768515118129514,0.05651242502142245,-0.08087893254988371,35.0,35.0,0.0
3,21,0.03775247888358428,0.05684294283266006,-0.08142367486840495,35.0,35.0,0.0
3,22,0.037532133676092545,0.05654302852246297,-0.08176031337985065,35.0,35.0,0.0
3,23,0.037672909780878935,0.05651854572163055,-0.08152772677194271,35.0,35.0,0.0
3,24,0.037672909780878935,0.05661647692496021,-0.08142367486840495,35.0,35.0,0.0
3,25,0.03744032317297098,0.05661647692496021,-0.08142367486840495,35.0,35.0,0.0
3,26,0.03763618557963031,0.05631044191455502,-0.08142367486840495,35.0,35.0,0.0
3,27,0.037403598971722365,0.05654302852246297,-0.08136858856653201,35.0,35.0,0.0
3,28,0.03768515118129514,0.056481821520381933,-0.08172970987881013,35.0,35.0,0.0
3,29,0.03767903048108704,0.05670216672787367,-0.08163177867548047,35.0,35.0,0.0
3,30,0.03772187538254376,0.056708287428081774,-0.08170522707797771,35.0,35.0,0.0
3,31,0.03792385848941119,0.056396131717468476,-0.08165014077610479,35.0,35.0,0.0
3,32,0.03777084098420859,0.0569102705349492,-0.08130738156445097,35.0,35.0,0.0
3,33,0.037789203084832905,0.05673277022891419,-0.08163177867548047,35.0,35.0,0.0
3,34,0.037648426980046515,0.0565919941241278,-0.08144203696902926,35.0,35.0,0.0
3,35,0.037672909780878935,0.05634104541559555,-0.08141755416819683,35.0,35.0,0.0
3,36,0.037758599583792386,0.05649406292079814,-0.08141143346798874,35.0,35.0,0.0
3,37,0.03752601297588444,0.0567633737299547,-0.08138082996694822,35.0,35.0,0.0
3,38,0.03777084098420859,0.056818460031827646,-0.08144815766923737,35.0,35.0,0.0
3,39,0.03752601297588444,0.056665442526625046,-0.08133186436528339,35.0,35.0,0.0
3,40,0.03773411678295997,0.056818460031827646,-0.08184600318276411,35.0,35.0,0.0
3,41,0.03753825437630065,0.05647570082017382,-0.08143591626882116,35.0,35.0,0.0
3,42,0.03753825437630065,0.05647570082017382,-0.08127065736320235,35.0,35.0,0.0
3,43,0.03752601297588444,0.05647570082017382,-0.08127065736320235,35.0,35.0,0.0
3,44,0.03764230627983841,0.05669604602766557,-0.08147264047006977,35.0,35.0,0.0
3,45,0.03759334067817358,0.0565858734239197,-0.08155833027298323,35.0,35.0,0.0
3,46,0.037715754682335664,0.05661647692496021,-0.08148488187048598,35.0,35.0,0.0
3,47,0.03797282409107602,0.056683804627249354,-0.08171134777818582,35.0,35.0,0.0
3,48,0.0377830823846248,0.05688578773411679,-0.08130126086424287,35.0,35.0,0.0
3,49,0.03747704737421961,0.05654914922267107,-0.08162565797527237,35.0,35.0,0.0
3,50,0.03785653078712205,0.05644509731913331,-0.08140531276778064,35.0,35.0,0.0
3,51,0.03769739258171135,0.056934753335781615,-0.08146039906965356,35.0,35.0,0.0
3,52,0.03768515118129514,0.056396131717468476,-0.08147876117027789,35.0,35.0,0.0
3,53,0.03786877218753825,0.056579752723711595,-0.08152772677194271,35.0,35.0,0.0
3,54,0.03783816868649774,0.05650018362100624,-0.08171134777818582,35.0,35.0,0.0
3,55,0.037703513281919454,0.056812339331619534,-0.08147264047006977,35.0,35.0,0.0
3,56,0.037801444485249115,0.056463459419757625,-0.08144815766923737,35.0,35.0,0.0
3,57,0.03777084098420859,0.05660423552454401,-0.08144815766923737,35.0,35.0,0.0
3,58,0.03775247888358428,0.05665932182641694,-0.08140531276778064,35.0,35.0,0.0
3,59,0.03758109927775737,0.056738890929122286,-0.08163789937568858,35.0,35.0,0.0
3,60,0.03773411678295997,0.05662259762516832,-0.0815154853715265,35.0,35.0,0.0
3,61,0.03786265148733015,0.05654914922267107,-0.08148488187048598,35.0,35.0,0.0
3,62,0.03782592728608153,0.056665442526625046,-0.08165626147631289,35.0,35.0,0.0
3,63,0.03736687477047374,0.056738890929122286,-0.08161341657485617,35.0,35.0,0.0
3,64,0.037703513281919454,0.05655526992287918,-0.08136858856653201,35.0,35.0,0.0
3,65,0.037703513281919454,0.05655526992287918,-0.08142367486840495,35.0,35.0,0.0
3,66,0.03726894356714408,0.056665442526625046,-0.08142367486840495,35.0,35.0,0.0
3,67,0.03751377157546824,0.056481821520381933,-0.08130126086424287,35.0,35.0,0.0
3,68,0.03775247888358428,0.05654914922267107,-0.08152160607173461,35.0,35.0,0.0
3,69,0.037703513281919454,0.05651854572163055,-0.08133186436528339,35.0,35.0,0.0
3,70,0.03772799608275187,0.05683070143224385,-0.08142979556861304,35.0,35.0,0.0
3,71,0.037660668380462725,0.05690414983474109,-0.08144815766923737,35.0,35.0,0.0
3,72,0.03776472028400049,0.05680009793120333,-0.08163789937568858,35.0,35.0,0.0
3,73,0.03767903048108704,0.05650018362100624,-0.0813502264659077,35.0,35.0,0.0
3,74,0.03770963398212755,0.056677683927041256,-0.08146039906965356,35.0,35.0,0.0
3,75,0.0376239441792141,0.056438976618925205,-0.08165014077610479,35.0,35.0,0.0
3,76,0.03765454768025462,0.05667156322683316,-0.08177867548047497,35.0,35.0,0.0
3,77,0.03767903048108704,0.05649406292079814,-0.08130126086424287,35.0,35.0,0.0
3,78,0.03750765087526013,0.05671440812828987,-0.08160729587464806,35.0,35.0,0.0
3,79,0.03770963398212755,0.05656139062308728,-0.0816746235769372,35.0,35.0,0.0
3,80,0.03758721997796548,0.056640959725792625,-0.08131962296486718,35.0,35.0,0.0
3,81,0.0376239441792141,0.05663483902558453,-0.08164402007589669,35.0,35.0,0.0
3,82,0.03780756518545721,0.05651854572163055,-0.08150324397111029,35.0,35.0,0.0
3,83,0.03780756518545721,0.05651854572163055,-0.08153384747215081,35.0,35.0,0.0
3,84,0.03780756518545721,0.056738890929122286,-0.08153384747215081,35.0,35.0,0.0
3,85,0.037715754682335664,0.05647570082017382,-0.08160117517443996,35.0,35.0,0.0
3,86,0.037715754682335664,0.05655526992287918,-0.08177255478026686,35.0,35.0,0.0
3,87,0.037630064879422206,0.05672664952870608,-0.08157057167339944,35.0,35.0,0.0
3,88,0.037630064879422206,0.056567511323295384,-0.08136246786632391,35.0,35.0,0.0
3,89,0.0377830823846248,0.05654302852246297,-0.08155220957277512,35.0,35.0,0.0
3,90,0.037574978577549274,0.05645121801934141,-0.08175419267964255,35.0,35.0,0.0
3,91,0.037715754682335664,0.056567511323295384,-0.08140531276778064,35.0,35.0,0.0
3,92,0.037691271881503244,0.05680621863141143,-0.08135634716611581,35.0,35.0,0.0
3,93,0.03748316807442771,0.05646958011996572,-0.08172970987881013,35.0,35.0,0.0
3,94,0.03739747827151426,0.05661035622475211,-0.08130738156445097,35.0,35.0,0.0
3,95,0.037630064879422206,0.05655526992287918,-0.08150324397111029,35.0,35.0,0.0
3,96,0.037574978577549274,0.056818460031827646,-0.08137470926674012,35.0,35.0,0.0
3,97,0.03779532378504101,0.05651242502142245,-0.08133798506549149,35.0,35.0,0.0
3,98,0.037715754682335664,0.05655526992287918,-0.08172970987881013,35.0,35.0,0.0
3,99,0.037672909780878935,0.056481821520381933,-0.08144203696902926,35.0,35.0,0.0
