values,,Magnetometer,Magnetometer,Magnetometer,position,position,position
axis,,x,y,z,x,y,z
Sensor,Sample,,,,,,
0,0,-0.06275553923368833,-0.047006977598237236,-0.09151670951156812,0.0,0.0,0.0
0,1,-0.06271269433223162,-0.04698249479740482,-0.0916574856163545,0.0,0.0,0.0
0,2,-0.06271269433223162,-0.04698249479740482,-0.0916574856163545,0.0,0.0,0.0
0,3,-0.06282898763618558,-0.04701309829844534,-0.09155343371281674,0.0,0.0,0.0
0,4,-0.0627065736320235,-0.04689680499449137,-0.09144938180927899,0.0,0.0,0.0
0,5,-0.0627065736320235,-0.04689680499449137,-0.09144938180927899,0.0,0.0,0.0
0,6,-0.06265760803035866,-0.04690292569469947,-0.09154119231240054,0.0,0.0,0.0
0,7,-0.06253519402619659,-0.04704370179948586,-0.09151670951156812,0.0,0.0,0.0
0,8,-0.06253519402619659,-0.04704370179948586,-0.09151670951156812,0.0,0.0,0.0
0,9,-0.06281062553556127,-0.0469396498959481,-0.09124127800220345,0.0,0.0,0.0
0,10,-0.06299424654180438,-0.04674990818949688,-0.09059860448035255,0.0,0.0,0.0
0,11,-0.06299424654180438,-0.04674990818949688,-0.09059860448035255,0.0,0.0,0.0
0,12,-0.06280450483535317,-0.046878442893867056,-0.0913147264047007,0.0,0.0,0.0
0,13,-0.06279226343493696,-0.046951891296364304,-0.09149222671073572,0.0,0.0,0.0
0,14,-0.06290243603868283,-0.04692740849553189,-0.09086179458930102,0.0,0.0,0.0
0,15,-0.06290243603868283,-0.04692740849553189,-0.09086179458930102,0.0,0.0,0.0
0,16,-0.06290855673889093,-0.047178357204064145,-0.09154119231240054,0.0,0.0,0.0
0,17,-0.06265148733015057,-0.047049822499693965,-0.09179826172114089,0.0,0.0,0.0
0,18,-0.06265148733015057,-0.047049822499693965,-0.09179826172114089,0.0,0.0,0.0
0,19,-0.06279226343493696,-0.046964132696780514,-0.09155343371281674,0.0,0.0,0.0
0,20,-0.0630064879422206,-0.04686008079324275,-0.09153507161219243,0.0,0.0,0.0
0,21,-0.0630064879422206,-0.04686008079324275,-0.09153507161219243,0.0,0.0,0.0
0,22,-0.06282898763618558,-0.04697025339698861,-0.09151670951156812,0.0,0.0,0.0
0,23,-0.06289631533847471,-0.04695801199657241,-0.0917798996205166,0.0,0.0,0.0
0,24,-0.06289631533847471,-0.04695801199657241,-0.0917798996205166,0.0,0.0,0.0
0,25,-0.062853470437018,-0.04685396009303464,-0.09161464071489779,0.0,0.0,0.0
0,26,-0.06264536662994247,-0.04701309829844534,-0.09168808911739504,0.0,0.0,0.0
0,27,-0.06264536662994247,-0.04701309829844534,-0.09168808911739504,0.0,0.0,0.0
0,28,-0.06291467743909904,-0.046651976986167215,-0.09154119231240054,0.0,0.0,0.0
0,29,-0.06295140164034765,-0.046878442893867056,-0.09167584771697881,0.0,0.0,0.0
0,30,-0.06295140164034765,-0.046878442893867056,-0.09167584771697881,0.0,0.0,0.0
0,31,-0.06292691883951525,-0.0471049088015669,-0.09116782959970621,0.0,0.0,0.0
0,32,-0.06284734973680989,-0.046823356591994124,-0.0916391235157302,0.0,0.0,0.0
0,33,-0.06258415962786143,-0.046835597992410334,-0.09138817480719794,0.0,0.0,0.0
0,34,-0.06258415962786143,-0.046835597992410334,-0.09138817480719794,0.0,0.0,0.0
0,35,-0.06264536662994247,-0.04688456359407516,-0.0913208471049088,0.0,0.0,0.0
0,36,-0.06271881503243971,-0.04681723589178602,-0.09158403721385726,0.0,0.0,0.0
0,37,-0.06271881503243971,-0.04681723589178602,-0.09158403721385726,0.0,0.0,0.0
0,38,-0.06270045293181539,-0.04673154608887257,-0.09130860570449259,0.0,0.0,0.0
0,39,-0.06261476312890195,-0.04704370179948586,-0.0914738646101114,0.0,0.0,0.0
0,40,-0.06261476312890195,-0.04704370179948586,-0.0914738646101114,0.0,0.0,0.0
0,41,-0.0628657118374342,-0.04679887379116171,-0.09169420981760314,0.0,0.0,0.0
0,42,-0.06268209083119108,-0.04714163300281552,-0.09125351940261966,0.0,0.0,0.0
0,43,-0.06268209083119108,-0.04714163300281552,-0.09125351940261966,0.0,0.0,0.0
0,44,-0.06274329783327212,-0.04680499449136981,-0.09173093401885177,0.0,0.0,0.0
0,45,-0.06255355612682091,-0.04689680499449137,-0.0914861060105276,0.0,0.0,0.0
0,46,-0.06255355612682091,-0.04689680499449137,-0.0914861060105276,0.0,0.0,0.0
0,47,-0.06253519402619659,-0.04704370179948586,-0.09157179581344106,0.0,0.0,0.0
0,48,-0.06293303953972335,-0.04695801199657241,-0.09128412290366018,0.0,0.0,0.0
0,49,-0.06293303953972335,-0.04695801199657241,-0.09128412290366018,0.0,0.0,0.0
0,50,-0.06297588444118007,-0.04681111519157792,-0.09142489900844657,0.0,0.0,0.0
0,51,-0.06265148733015057,-0.04681111519157792,-0.09136981270657363,0.0,0.0,0.0
0,52,-0.06265148733015057,-0.04681111519157792,-0.09136981270657363,0.0,0.0,0.0
0,53,-0.06284122903660179,-0.047006977598237236,-0.09090463949075775,0.0,0.0,0.0
0,54,-0.06272493573264781,-0.04698861549761293,-0.09146162320969518,0.0,0.0,0.0
0,55,-0.06279226343493696,-0.04704370179948586,-0.09125351940261966,0.0,0.0,0.0
0,56,-0.06279226343493696,-0.04704370179948586,-0.09125351940261966,0.0,0.0,0.0
0,57,-0.06271269433223162,-0.04700085689802914,-0.09143101970865466,0.0,0.0,0.0
0,58,-0.0627065736320235,-0.046878442893867056,-0.09173705471905987,0.0,0.0,0.0
0,59,-0.0627065736320235,-0.046878442893867056,-0.09173705471905987,0.0,0.0,0.0
0,60,-0.06274941853348023,-0.046707063288040154,-0.0913208471049088,0.0,0.0,0.0
0,61,-0.0626882115313992,-0.04692740849553189,-0.09139429550740605,0.0,0.0,0.0
0,62,-0.0626882115313992,-0.04692740849553189,-0.09139429550740605,0.0,0.0,0.0
0,63,-0.06289019463826662,-0.046688701187415846,-0.09160852001468968,0.0,0.0,0.0
0,64,-0.06266984943077489,-0.04716611580364794,-0.09154731301260864,0.0,0.0,0.0
0,65,-0.06266984943077489,-0.04716611580364794,-0.09154731301260864,0.0,0.0,0.0
0,66,-0.06313502264659077,-0.04689680499449137,-0.09119843310074673,0.0,0.0,0.0
0,67,-0.06274941853348023,-0.04706818460031827,-0.09184110662259762,0.0,0.0,0.0
0,68,-0.06274941853348023,-0.04706818460031827,-0.09184110662259762,0.0,0.0,0.0
0,69,-0.06273105643285591,-0.04689680499449137,-0.09129636430407638,0.0,0.0,0.0
0,70,-0.06275553923368833,-0.0469396498959481,-0.0913208471049088,0.0,0.0,0.0
0,71,-0.06275553923368833,-0.0469396498959481,-0.0913208471049088,0.0,0.0,0.0
0,72,-0.06287795323785042,-0.046921287795323785,-0.09151670951156812,0.0,0.0,0.0
0,73,-0.06273105643285591,-0.04704370179948586,-0.09155955441302485,0.0,0.0,0.0
0,74,-0.06273105643285591,-0.04704370179948586,-0.09155955441302485,0.0,0.0,0.0
0,75,-0.06314114334679888,-0.047049822499693965,-0.09103929489533603,0.0,0.0,0.0
0,76,-0.06267597013098299,-0.04682947729220223,-0.0913208471049088,0.0,0.0,0.0
0,77,-0.06278614273472885,-0.0469396498959481,-0.09151670951156812,0.0,0.0,0.0
0,78,-0.06278614273472885,-0.0469396498959481,-0.09151670951156812,0.0,0.0,0.0
0,79,-0.0628657118374342,-0.04695801199657241,-0.0916391235157302,0.0,0.0,0.0
0,80,-0.06266984943077489,-0.04690292569469947,-0.09138205410698984,0.0,0.0,0.0
0,81,-0.06266984943077489,-0.04690292569469947,-0.09138205410698984,0.0,0.0,0.0
0,82,-0.06271269433223162,-0.04675602888970498,-0.09166360631656262,0.0,0.0,0.0
0,83,-0.062853470437018,-0.046823356591994124,-0.09160239931448158,0.0,0.0,0.0
0,84,-0.062853470437018,-0.046823356591994124,-0.09160239931448158,0.0,0.0,0.0
0,85,-0.06289019463826662,-0.04711715020198311,-0.0914861060105276,0.0,0.0,0.0
0,86,-0.06295140164034765,-0.047147753703023626,-0.09080670828742808,0.0,0.0,0.0
0,87,-0.06295140164034765,-0.047147753703023626,-0.09080670828742808,0.0,0.0,0.0
0,88,-0.06287183253764231,-0.046933529195739995,-0.09182886522218142,0.0,0.0,0.0
0,89,-0.06287795323785042,-0.04692740849553189,-0.09167584771697881,0.0,0.0,0.0
0,90,-0.06287795323785042,-0.04692740849553189,-0.09167584771697881,0.0,0.0,0.0
0,91,-0.0626882115313992,-0.046964132696780514,-0.09150446811115191,0.0,0.0,0.0
0,92,-0.06275553923368833,-0.046682580487207734,-0.09142489900844657,0.0,0.0,0.0
0,93,-0.06275553923368833,-0.046682580487207734,-0.09142489900844657,0.0,0.0,0.0
0,94,-0.06270045293181539,-0.04699473619782103,-0.09165136491614641,0.0,0.0,0.0
0,95,-0.0627065736320235,-0.046921287795323785,-0.09151058881136001,0.0,0.0,0.0
0,96,-0.0627065736320235,-0.046921287795323785,-0.09151058881136001,0.0,0.0,0.0
0,97,-0.06287795323785042,-0.046835597992410334,-0.09162076141510589,0.0,0.0,0.0
0,98,-0.06292691883951525,-0.04704370179948586,-0.0914738646101114,0.0,0.0,0.0
0,99,-0.06275553923368833,-0.046866201493450846,-0.09178602032072469,0.0,0.0,0.0
1,0,0.0411617088994981,-0.026006855184233076,-0.044197576202717595,35.0,0.0,0.0
1,1,0.0411617088994981,-0.026006855184233076,-0.044197576202717595,35.0,0.0,0.0
1,2,0.04093524299179826,-0.026276165993389645,-0.044099644999387934,35.0,0.0,0.0
1,3,0.04129636430407639,-0.026282286693597744,-0.04433223160729587,35.0,0.0,0.0
1,4,0.04129636430407639,-0.026282286693597744,-0.04433223160729587,35.0,0.0,0.0
1,5,0.04108826049700086,-0.026496511200881378,-0.044528094013955195,35.0,0.0,0.0
1,6,0.04087403598971722,-0.02625780389276533,-0.04443628351083364,35.0,0.0,0.0
1,7,0.04087403598971722,-0.02625780389276533,-0.04443628351083364,35.0,0.0,0.0
1,8,0.04110662259762517,-0.02625780389276533,-0.044130248500428446,35.0,0.0,0.0
1,9,0.04092912229159016,-0.02625780389276533,-0.04430774880646346,35.0,0.0,0.0
1,10,0.041124984698249475,-0.02601297588444118,-0.04422817970375811,35.0,0.0,0.0
1,11,0.041124984698249475,-0.02601297588444118,-0.04422817970375811,35.0,0.0,0.0
1,12,0.04100869139429551,-0.026037458685273594,-0.04446076631166605,35.0,0.0,0.0
1,13,0.041094381197208964,-0.026227200391724815,-0.044289386705839144,35.0,0.0,0.0
1,14,0.041094381197208964,-0.026227200391724815,-0.044289386705839144,35.0,0.0,0.0
1,15,0.04102705349491982,-0.026086424286938425,-0.04413636920063656,35.0,0.0,0.0
1,16,0.0408311910882605,-0.026447545599216547,-0.044326110907087775,35.0,0.0,0.0
1,17,0.0408311910882605,-0.026447545599216547,-0.044326110907087775,35.0,0.0,0.0
1,18,0.041033174195127926,-0.026343493695678788,-0.044301628106255354,35.0,0.0,0.0
1,19,0.04094748439221447,-0.026227200391724815,-0.044442404211041744,35.0,0.0,0.0
1,20,0.04094748439221447,-0.026227200391724815,-0.044442404211041744,35.0,0.0,0.0
1,21,0.0411617088994981,-0.026202717590892398,-0.04414861060105276,35.0,0.0,0.0
1,22,0.040965846492838784,-0.026337372995470683,-0.04450973191333089,35.0,0.0,0.0
1,23,0.040904639490757747,-0.026245562492349123,-0.04424654180438242,35.0,0.0,0.0
1,24,0.040904639490757747,-0.026245562492349123,-0.04424654180438242,35.0,0.0,0.0
1,25,0.04104541559554413,-0.02614151058881136,-0.04424042110417432,35.0,0.0,0.0
1,26,0.040910760190965845,-0.026214958991308608,-0.04426490390500673,35.0,0.0,0.0
1,27,0.040910760190965845,-0.026214958991308608,-0.04426490390500673,35.0,0.0,0.0
1,28,0.040880156689925326,-0.025933406781735828,-0.044301628106255354,35.0,0.0,0.0
1,29,0.040923001591382055,-0.026117027787978947,-0.04416085200146897,35.0,0.0,0.0
1,30,0.040923001591382055,-0.026117027787978947,-0.04416085200146897,35.0,0.0,0.0
1,31,0.041235157301995354,-0.026080303586730323,-0.04446076631166605,35.0,0.0,0.0
1,32,0.04122291590157914,-0.026410821397967927,-0.04425878320479863,35.0,0.0,0.0
1,33,0.0409964499938793,-0.02606194148610601,-0.044570938915411924,35.0,0.0,0.0
1,34,0.0409964499938793,-0.02606194148610601,-0.044570938915411924,35.0,0.0,0.0
1,35,0.04088627739013343,-0.02639857999755172,-0.04410576569959603,35.0,0.0,0.0
1,36,0.041033174195127926,-0.026410821397967927,-0.04419145550250948,35.0,0.0,0.0
1,37,0.041033174195127926,-0.026410821397967927,-0.04419145550250948,35.0,0.0,0.0
1,38,0.04101481209450361,-0.026202717590892398,-0.04450973191333089,35.0,0.0,0.0
1,39,0.04108213979679275,-0.026227200391724815,-0.044528094013955195,35.0,0.0,0.0
1,40,0.04108213979679275,-0.026227200391724815,-0.044528094013955195,35.0,0.0,0.0
1,41,0.04108213979679275,-0.02630064879422206,-0.044430162810625534,35.0,0.0,0.0
1,42,0.04101481209450361,-0.02644142489900845,-0.044154731301260866,35.0,0.0,0.0
1,43,0.04101481209450361,-0.02644142489900845,-0.044154731301260866,35.0,0.0,0.0
1,44,0.04091688089117395,-0.02642918349859224,-0.044442404211041744,35.0,0.0,0.0
1,45,0.04106377769616844,-0.02614151058881136,-0.04406904149834741,35.0,0.0,0.0
1,46,0.04106377769616844,-0.026306769494430164,-0.0443689558085445,35.0,0.0,0.0
1,47,0.04097808789325499,-0.026306769494430164,-0.0443689558085445,35.0,0.0,0.0
1,48,0.04108213979679275,-0.02610478638756274,-0.04433835230750398,35.0,0.0,0.0
1,49,0.04086791528950912,-0.026306769494430164,-0.044283266005631046,35.0,0.0,0.0
1,50,0.04086791528950912,-0.026306769494430164,-0.044283266005631046,35.0,0.0,0.0
1,51,0.04105765699596034,-0.02639857999755172,-0.04433835230750398,35.0,0.0,0.0
1,52,0.04111274329783327,-0.02615375198922757,-0.04427714530542294,35.0,0.0,0.0
1,53,0.04111274329783327,-0.02615375198922757,-0.04427714530542294,35.0,0.0,0.0
1,54,0.04110662259762517,-0.026288407393805852,-0.04435671440812829,35.0,0.0,0.0
1,55,0.04127188150324397,-0.026196596890684293,-0.04420369690292569,35.0,0.0,0.0
1,56,0.04127188150324397,-0.026196596890684293,-0.04420369690292569,35.0,0.0,0.0
1,57,0.04093524299179826,-0.02617211408985188,-0.04408128289876362,35.0,0.0,0.0
1,58,0.04122903660178724,-0.026380217896927412,-0.04425266250459052,35.0,0.0,0.0
1,59,0.04122903660178724,-0.026147631289019462,-0.0442098176031338,35.0,0.0,0.0
1,60,0.04095972579263067,-0.026147631289019462,-0.0442098176031338,35.0,0.0,0.0
1,61,0.041180071000122415,-0.025945648182152038,-0.04427714530542294,35.0,0.0,0.0
1,62,0.040965846492838784,-0.02614151058881136,-0.04433835230750398,35.0,0.0,0.0
1,63,0.040965846492838784,-0.02614151058881136,-0.04433835230750398,35.0,0.0,0.0
1,64,0.04094136369200636,-0.02630064879422206,-0.04440568000979312,35.0,0.0,0.0
1,65,0.04094136369200636,-0.0262088382911005,-0.04426490390500673,35.0,0.0,0.0
1,66,0.04094136369200636,-0.0262088382911005,-0.04426490390500673,35.0,0.0,0.0
1,67,0.04113110539845759,-0.02644142489900845,-0.0445342147141633,35.0,0.0,0.0
1,68,0.041020932794711716,-0.026325131595054473,-0.044142489900844656,35.0,0.0,0.0
1,69,0.041020932794711716,-0.026325131595054473,-0.044142489900844656,35.0,0.0,0.0
1,70,0.04080058758721998,-0.02656995960337863,-0.04413636920063656,35.0,0.0,0.0
1,71,0.040923001591382055,-0.026472028400048964,-0.04422817970375811,35.0,0.0,0.0
1,72,0.040923001591382055,-0.026227200391724815,-0.04412412780022035,35.0,0.0,0.0
1,73,0.0409964499938793,-0.026227200391724815,-0.04412412780022035,35.0,0.0,0.0
1,74,0.041039294895336025,-0.026294528094013954,-0.04452197331374709,35.0,0.0,0.0
1,75,0.040751621985555146,-0.026306769494430164,-0.04422817970375811,35.0,0.0,0.0
1,76,0.040751621985555146,-0.026306769494430164,-0.04422817970375811,35.0,0.0,0.0
1,77,0.041094381197208964,-0.026202717590892398,-0.04416085200146897,35.0,0.0,0.0
1,78,0.04110662259762517,-0.026465907699840863,-0.04422205900355001,35.0,0.0,0.0
1,79,0.04110662259762517,-0.026465907699840863,-0.04422205900355001,35.0,0.0,0.0
1,80,0.04121679520137104,-0.0263679764965112,-0.044411800710001226,35.0,0.0,0.0
1,81,0.04108213979679275,-0.02639245929734362,-0.0442159383033419,35.0,0.0,0.0
1,82,0.04108213979679275,-0.02639245929734362,-0.0442159383033419,35.0,0.0,0.0
1,83,0.04088627739013343,-0.026380217896927412,-0.044289386705839144,35.0,0.0,0.0
1,84,0.041235157301995354,-0.026447545599216547,-0.0443750765087526,35.0,0.0,0.0
1,85,0.041235157301995354,-0.026447545599216547,-0.044197576202717595,35.0,0.0,0.0
1,86,0.04104541559554413,-0.026276165993389645,-0.044197576202717595,35.0,0.0,0.0
1,87,0.041124984698249475,-0.026282286693597744,-0.04429550740604725,35.0,0.0,0.0
1,88,0.04094748439221447,-0.026410821397967927,-0.04445464561145795,35.0,0.0,0.0
1,89,0.04094748439221447,-0.026410821397967927,-0.04445464561145795,35.0,0.0,0.0
1,90,0.04085567388909291,-0.026361855796303096,-0.04429550740604725,35.0,0.0,0.0
1,91,0.04091688089117395,-0.026147631289019462,-0.04433835230750398,35.0,0.0,0.0
1,92,0.04091688089117395,-0.026147631289019462,-0.04433835230750398,35.0,0.0,0.0
1,93,0.04084343248867671,-0.0262088382911005,-0.044197576202717595,35.0,0.0,0.0
1,94,0.040953605092422574,-0.026447545599216547,-0.04435671440812829,35.0,0.0,0.0
1,95,0.040953605092422574,-0.026447545599216547,-0.04435671440812829,35.0,0.0,0.0
1,96,0.04094748439221447,-0.026465907699840863,-0.0445403354143714,35.0,0.0,0.0
1,97,0.040880156689925326,-0.026306769494430164,-0.04431999020687967,35.0,0.0,0.0
1,98,0.040880156689925326,-0.026306769494430164,-0.04425878320479863,35.0,0.0,0.0
1,99,0.04091688089117395,-0.026404700697759825,-0.04425878320479863,35.0,0.0,0.0
2,0,-0.03338229893499816,0.060698983963765454,-0.049326722977108585,0.0,35.0,0.0
2,1,-0.03313747092667401,0.060172603745868525,-0.05006120700208104,0.0,35.0,0.0
2,2,-0.033131350226465905,0.06055208715877096,-0.04940629207981393,0.0,35.0,0.0
2,3,-0.033131350226465905,0.06055208715877096,-0.04940629207981393,0.0,35.0,0.0
2,4,-0.033455747337495415,0.060172603745868525,-0.04953482678418411,0.0,35.0,0.0
2,5,-0.03333945403354144,0.06020320724690905,-0.04936956787856531,0.0,35.0,0.0
2,6,-0.03309462602521728,0.06048475945648182,-0.04933284367731668,0.0,35.0,0.0
2,7,-0.03309462602521728,0.06048475945648182,-0.04933284367731668,0.0,35.0,0.0
2,8,-0.03319255722854695,0.060527604357938546,-0.04965112008813809,0.0,35.0,0.0
2,9,-0.03306402252417677,0.06025829354878198,-0.049424654180438246,0.0,35.0,0.0
2,10,-0.03306402252417677,0.06025829354878198,-0.049424654180438246,0.0,35.0,0.0
2,11,-0.03305790182396866,0.06054596645856286,-0.04933896437752479,0.0,35.0,0.0
2,12,-0.03322316072958746,0.06043579385481699,-0.04943689558085445,0.0,35.0,0.0
2,13,-0.03322316072958746,0.06043579385481699,-0.04943689558085445,0.0,35.0,0.0
2,14,-0.0332843677316685,0.060613294160852,-0.04961439588688946,0.0,35.0,0.0
2,15,-0.03316807442771453,0.06060105276043579,-0.0496756028889705,0.0,35.0,0.0
2,16,-0.03316807442771453,0.06060105276043579,-0.0496756028889705,0.0,35.0,0.0
2,17,-0.03321091932917126,0.06065001836210062,-0.049644999387929975,0.0,35.0,0.0
2,18,-0.03333333333333333,0.06050924225731423,-0.04946749908189497,0.0,35.0,0.0
2,19,-0.03333333333333333,0.06050924225731423,-0.04946749908189497,0.0,35.0,0.0
2,20,-0.033119108826049695,0.06052148365773045,-0.04926551597502754,0.0,35.0,0.0
2,21,-0.03319867792875505,0.06036234545231974,-0.04921042967315461,0.0,35.0,0.0
2,22,-0.03329660913208471,0.06033786265148733,-0.04937568857877341,0.0,35.0,0.0
2,23,-0.03329660913208471,0.06033786265148733,-0.04937568857877341,0.0,35.0,0.0
2,24,-0.033229281429795574,0.06058269065981148,-0.04952870608397601,0.0,35.0,0.0
2,25,-0.03318031582813074,0.06072346676459787,-0.04946749908189497,0.0,35.0,0.0
2,26,-0.03318031582813074,0.06072346676459787,-0.04946749908189497,0.0,35.0,0.0
2,27,-0.03324764353041988,0.06055208715877096,-0.04981025829354878,0.0,35.0,0.0
2,28,-0.0334373852368711,0.060570449259395275,-0.04934508507773289,0.0,35.0,0.0
2,29,-0.0334373852368711,0.060570449259395275,-0.04934508507773289,0.0,35.0,0.0
2,30,-0.03324764353041988,0.060411311053984576,-0.04947361978210307,0.0,35.0,0.0
2,31,-0.03336393683437385,0.0604602766556494,-0.049559309585016524,0.0,35.0,0.0
2,32,-0.03336393683437385,0.0604602766556494,-0.049559309585016524,0.0,35.0,0.0
2,33,-0.03324152283021178,0.06079079446688701,-0.04971844779042722,0.0,35.0,0.0
2,34,-0.03321091932917126,0.06055208715877096,-0.04981025829354878,0.0,35.0,0.0
2,35,-0.032874280817725546,0.06059493206022769,-0.04946137838168686,0.0,35.0,0.0
2,36,-0.032874280817725546,0.06059493206022769,-0.04946137838168686,0.0,35.0,0.0
2,37,-0.0332843677316685,0.060466397355857515,-0.049216550373362714,0.0,35.0,0.0
2,38,-0.03332109193291712,0.06069286326355735,-0.04925939527481944,0.0,35.0,0.0
2,39,-0.03332109193291712,0.06069286326355735,-0.04925939527481944,0.0,35.0,0.0
2,40,-0.033302729832292814,0.060870363569592356,-0.04970620639001101,0.0,35.0,0.0
2,41,-0.03314971232709022,0.060466397355857515,-0.04911249846982495,0.0,35.0,0.0
2,42,-0.03314971232709022,0.060466397355857515,-0.04911249846982495,0.0,35.0,0.0
2,43,-0.033388419635206265,0.06050924225731423,-0.049424654180438246,0.0,35.0,0.0
2,44,-0.033174195127922634,0.060386828253152156,-0.049571550985432734,0.0,35.0,0.0
2,45,-0.033174195127922634,0.060386828253152156,-0.049571550985432734,0.0,35.0,0.0
2,46,-0.033388419635206265,0.06058881136001959,-0.04937568857877341,0.0,35.0,0.0
2,47,-0.03339454033541437,0.06066225976251684,-0.04949810258293549,0.0,35.0,0.0
2,48,-0.03298445342147142,0.06064389766189252,-0.04932060227690048,0.0,35.0,0.0
2,49,-0.03298445342147142,0.06064389766189252,-0.04932060227690048,0.0,35.0,0.0
2,50,-0.033272126331252296,0.0604602766556494,-0.04914922267107357,0.0,35.0,0.0
2,51,-0.033302729832292814,0.060227690047741464,-0.04930836087648427,0.0,35.0,0.0
2,52,-0.033302729832292814,0.060227690047741464,-0.04930836087648427,0.0,35.0,0.0
2,53,-0.0332843677316685,0.06077855306647081,-0.04925327457461133,0.0,35.0,0.0
2,54,-0.03322316072958746,0.06071734606438976,-0.04960827518668136,0.0,35.0,0.0
2,55,-0.03322316072958746,0.06071734606438976,-0.04960827518668136,0.0,35.0,0.0
2,56,-0.033161953727506424,0.06039294895336026,-0.0495225853837679,0.0,35.0,0.0
2,57,-0.03351695433957645,0.060356224752111644,-0.04930224017627617,0.0,35.0,0.0
2,58,-0.03351695433957645,0.060356224752111644,-0.04930224017627617,0.0,35.0,0.0
2,59,-0.033259884930836085,0.0604419145550251,-0.04946749908189497,0.0,35.0,0.0
2,60,-0.033033419023136244,0.06072958746480598,-0.049283878075651856,0.0,35.0,0.0
2,61,-0.033033419023136244,0.06072958746480598,-0.049283878075651856,0.0,35.0,0.0
2,62,-0.033174195127922634,0.060313379850654915,-0.049669482188762396,0.0,35.0,0.0
2,63,-0.033443505937079204,0.06054596645856286,-0.049540947484392216,0.0,35.0,0.0
2,64,-0.03313747092667401,0.060429673154608884,-0.04908189496878443,0.0,35.0,0.0
2,65,-0.03313747092667401,0.060429673154608884,-0.04908189496878443,0.0,35.0,0.0
2,66,-0.03308238462480108,0.060356224752111644,-0.04913698127065737,0.0,35.0,0.0
2,67,-0.033131350226465905,0.06030113845023871,-0.04960827518668136,0.0,35.0,0.0
2,68,-0.033131350226465905,0.06030113845023871,-0.04960827518668136,0.0,35.0,0.0
2,69,-0.03312522952625781,0.06066225976251684,-0.04993267229771085,0.0,35.0,0.0
2,70,-0.03313747092667401,0.060668380462724936,-0.049412412780022036,0.0,35.0,0.0
2,71,-0.03313747092667401,0.060668380462724936,-0.049412412780022036,0.0,35.0,0.0
2,72,-0.03322316072958746,0.06064389766189252,-0.04949198188272738,0.0,35.0,0.0
2,73,-0.03300281552209573,0.06054596645856286,-0.049712327090219124,0.0,35.0,0.0
2,74,-0.03300281552209573,0.06054596645856286,-0.049712327090219124,0.0,35.0,0.0
2,75,-0.033229281429795574,0.06034398335169543,-0.049173705471905985,0.0,35.0,0.0
2,76,-0.03312522952625781,0.06047251805606561,-0.04929611947606806,0.0,35.0,0.0
2,77,-0.03312522952625781,0.060570449259395275,-0.04930836087648427,0.0,35.0,0.0
2,78,-0.033272126331252296,0.060570449259395275,-0.04930836087648427,0.0,35.0,0.0
2,79,-0.0332843677316685,0.060466397355857515,-0.049198188272738405,0.0,35.0,0.0
2,80,-0.03320479862896315,0.06055208715877096,-0.0492043089729465,0.0,35.0,0.0
2,81,-0.03320479862896315,0.06055208715877096,-0.0492043089729465,0.0,35.0,0.0
2,82,-0.03325376423062799,0.060466397355857515,-0.04936344717835721,0.0,35.0,0.0
2,83,-0.03323540213000367,0.060570449259395275,-0.04936344717835721,0.0,35.0,0.0
2,84,-0.03323540213000367,0.060570449259395275,-0.04936344717835721,0.0,35.0,0.0
2,85,-0.03326600563104419,0.060184845146284735,-0.049271636675235646,0.0,35.0,0.0
2,86,-0.03321091932917126,0.060497000856898034,-0.04925327457461133,0.0,35.0,0.0
2,87,-0.03321091932917126,0.060497000856898034,-0.04925327457461133,0.0,35.0,0.0
2,88,-0.033357816134165746,0.060429673154608884,-0.049400171379605826,0.0,35.0,0.0
2,89,-0.03326600563104419,0.06047251805606561,-0.04936956787856531,0.0,35.0,0.0
2,90,-0.03326600563104419,0.06047251805606561,-0.04936956787856531,0.0,35.0,0.0
2,91,-0.03337005753458196,0.06039906965356837,-0.049057412167952015,0.0,35.0,0.0
2,92,-0.03305178112376056,0.06050924225731423,-0.049443016281062555,0.0,35.0,0.0
2,93,-0.03305178112376056,0.060613294160852,-0.04946749908189497,0.0,35.0,0.0
2,94,-0.03305178112376056,0.060613294160852,-0.04946749908189497,0.0,35.0,0.0
2,95,-0.033345574733749536,0.06073570816501408,-0.04938180927898152,0.0,35.0,0.0
2,96,-0.03332109193291712,0.060313379850654915,-0.049185946872322195,0.0,35.0,0.0
2,97,-0.03332109193291712,0.060313379850654915,-0.049185946872322195,0.0,35.0,0.0
2,98,-0.03313747092667401,0.06057656995960338,-0.04958379238584894,0.0,35.0,0.0
2,99,-0.03313747092667401,0.06072346676459787,-0.04971844779042722,0.0,35.0,0.0
3,0,0.0292630676949443,0.05609621740727139,-0.06888848084220835,35.0,35.0,0.0
3,1,0.0292630676949443,0.05609621740727139,-0.06888848084220835,35.0,35.0,0.0
3,2,0.02906720528828498,0.056071734606438974,-0.0691455502509487,35.0,35.0,0.0
3,3,0.02912229159015791,0.05588811360019587,-0.06939649895948097,35.0,35.0,0.0
3,4,0.02912229159015791,0.05588811360019587,-0.06939649895948097,35.0,35.0,0.0
3,5,0.029232464193903785,0.056224752111641574,-0.06923124005386216,35.0,35.0,0.0
3,6,0.029238584894111887,0.0562675970130983,-0.06907822254865956,35.0,35.0,0.0
3,7,0.02919573999265516,0.056212510711225364,-0.06905373974782715,35.0,35.0,0.0
3,8,0.02919573999265516,0.056212510711225364,-0.06905373974782715,35.0,35.0,0.0
3,9,0.029226343493695676,0.05613294160852002,-0.06913330885053251,35.0,35.0,0.0
3,10,0.029373240298690168,0.05618802791039294,-0.06895580854449748,35.0,35.0,0.0
3,11,0.029373240298690168,0.05618802791039294,-0.06895580854449748,35.0,35.0,0.0
3,12,0.02912229159015791,0.055943199902068794,-0.06898641204553801,35.0,35.0,0.0
3,13,0.029201860692863263,0.05620026931080916,-0.06919451585261353,35.0,35.0,0.0
3,14,0.029201860692863263,0.05620026931080916,-0.06919451585261353,35.0,35.0,0.0
3,15,0.029379360998898273,0.05616354510956053,-0.06904149834741094,35.0,35.0,0.0
3,16,0.029336516097441544,0.05624311421226589,-0.0689619292447056,35.0,35.0,0.0
3,17,0.029336516097441544,0.05624311421226589,-0.0689619292447056,35.0,35.0,0.0
3,18,0.029575223405557592,0.05620026931080916,-0.06922511935365407,35.0,35.0,0.0
3,19,0.029330395397233443,0.056212510711225364,-0.06895580854449748,35.0,35.0,0.0
3,20,0.02944668870118742,0.05612682090831191,-0.06904761904761905,35.0,35.0,0.0
3,21,0.02944668870118742,0.05612682090831191,-0.06904761904761905,35.0,35.0,0.0
3,22,0.029238584894111887,0.056151303709144326,-0.0689680499449137,35.0,35.0,0.0
3,23,0.02921410209327947,0.05632880401517933,-0.06937813685885666,35.0,35.0,0.0
3,24,0.02921410209327947,0.05632880401517933,-0.06937813685885666,35.0,35.0,0.0
3,25,0.029379360998898273,0.056224752111641574,-0.06915779165136492,35.0,35.0,0.0
3,26,0.029342636797649653,0.056181907210184845,-0.06895580854449748,35.0,35.0,0.0
3,27,0.029342636797649653,0.056181907210184845,-0.06895580854449748,35.0,35.0,0.0
3,28,0.029575223405557592,0.056145183008936214,-0.0691516709511568,35.0,35.0,0.0
3,29,0.02917737789203085,0.05602276900477414,-0.06905373974782715,35.0,35.0,0.0
3,30,0.02919573999265516,0.056292079813930716,-0.06931692985677561,35.0,35.0,0.0
3,31,0.02919573999265516,0.056292079813930716,-0.06931692985677561,35.0,35.0,0.0
3,32,0.029471171502019833,0.05616354510956053,-0.06913330885053251,35.0,35.0,0.0
3,33,0.029385481699106382,0.05635940751621985,-0.06900477414616232,35.0,35.0,0.0
3,34,0.029385481699106382,0.05635940751621985,-0.06900477414616232,35.0,35.0,0.0
3,35,0.029226343493695676,0.05615742440935243,-0.06909046394907578,35.0,35.0,0.0
3,36,0.029244705594319992,0.05625535561268209,-0.06890684294283266,35.0,35.0,0.0
3,37,0.029244705594319992,0.05625535561268209,-0.06890684294283266,35.0,35.0,0.0
3,38,0.029183498592238954,0.05637164891663606,-0.069457705961562,35.0,35.0,0.0
3,39,0.02955074060472518,0.05606561390623087,-0.06909046394907578,35.0,35.0,0.0
3,40,0.02955074060472518,0.05606561390623087,-0.06909046394907578,35.0,35.0,0.0
3,41,0.029110050189741703,0.05651242502142245,-0.06918227445219734,35.0,35.0,0.0
3,42,0.029373240298690168,0.05600440690414984,-0.06911494674990819,35.0,35.0,0.0
3,43,0.02921410209327947,0.056396131717468476,-0.06938425755906476,35.0,35.0,0.0
3,44,0.02921410209327947,0.056396131717468476,-0.06938425755906476,35.0,35.0,0.0
3,45,0.029422205900355002,0.05645733871954952,-0.06910270534949198,35.0,35.0,0.0
3,46,0.029232464193903785,0.05603501040519036,-0.06925572285469458,35.0,35.0,0.0
3,47,0.029232464193903785,0.05603501040519036,-0.06925572285469458,35.0,35.0,0.0
3,48,0.029140653690782226,0.05626147631289019,-0.06923736075407026,35.0,35.0,0.0
3,49,0.029318153996817236,0.05618802791039294,-0.06889460154241646,35.0,35.0,0.0
3,50,0.029318153996817236,0.05618802791039294,-0.06889460154241646,35.0,35.0,0.0
3,51,0.0292630676949443,0.05602276900477414,-0.06936589545844044,35.0,35.0,0.0
3,52,0.029385481699106382,0.0561145795078957,-0.0691271881503244,35.0,35.0,0.0
3,53,0.029385481699106382,0.0561145795078957,-0.0691271881503244,35.0,35.0,0.0
3,54,0.029275309095360507,0.05597380340310931,-0.0689802913453299,35.0,35.0,0.0
3,55,0.029336516097441544,0.056181907210184845,-0.06913942955074061,35.0,35.0,0.0
3,56,0.029250826294528093,0.055979924103317424,-0.06901089484637044,35.0,35.0,0.0
3,57,0.029250826294528093,0.055979924103317424,-0.06901089484637044,35.0,35.0,0.0
3,58,0.02930591259640103,0.055967682702901214,-0.06916391235157301,35.0,35.0,0.0
3,59,0.029514016403476555,0.05602276900477414,-0.0694393438609377,35.0,35.0,0.0
3,60,0.029514016403476555,0.05602276900477414,-0.0694393438609377,35.0,35.0,0.0
3,61,0.029458930101603626,0.05604725180560656,-0.0694454645611458,35.0,35.0,0.0
3,62,0.02955074060472518,0.05603501040519036,-0.0692740849553189,35.0,35.0,0.0
3,63,0.02955074060472518,0.05603501040519036,-0.0692740849553189,35.0,35.0,0.0
3,64,0.029183498592238954,0.056145183008936214,-0.0691455502509487,35.0,35.0,0.0
3,65,0.02912229159015791,0.056396131717468476,-0.06929856775615131,35.0,35.0,0.0
3,66,0.02912229159015791,0.056396131717468476,-0.06929856775615131,35.0,35.0,0.0
3,67,0.029275309095360507,0.055979924103317424,-0.06921899865344595,35.0,35.0,0.0
3,68,0.029250826294528093,0.05612682090831191,-0.06913330885053251,35.0,35.0,0.0
3,69,0.029409964499938795,0.056224752111641574,-0.06907822254865956,35.0,35.0,0.0
3,70,0.029409964499938795,0.056224752111641574,-0.06907822254865956,35.0,35.0,0.0
3,71,0.029428326600563104,0.05605337250581467,-0.06901701554657853,35.0,35.0,0.0
3,72,0.029275309095360507,0.0561207002081038,-0.06874770473742196,35.0,35.0,0.0
3,73,0.029275309095360507,0.0561207002081038,-0.06874770473742196,35.0,35.0,0.0
3,74,0.029471171502019833,0.05631044191455502,-0.06870485983596523,35.0,35.0,0.0
3,75,0.02939772309952259,0.05629820051413882,-0.06921899865344595,35.0,35.0,0.0
3,76,0.02939772309952259,0.05629820051413882,-0.06921899865344595,35.0,35.0,0.0
3,77,0.029244705594319992,0.056041131105398455,-0.06905986044803526,35.0,35.0,0.0
3,78,0.029293671195984822,0.05605337250581467,-0.06907210184845146,35.0,35.0,0.0
3,79,0.029293671195984822,0.05605337250581467,-0.06907210184845146,35.0,35.0,0.0
3,80,0.029232464193903785,0.056420614518300896,-0.06934753335781614,35.0,35.0,0.0
3,81,0.029189619292447056,0.056212510711225364,-0.06900477414616232,35.0,35.0,0.0
3,82,0.029495654302852246,0.056151303709144326,-0.06894968784428938,35.0,35.0,0.0
3,83,0.029495654302852246,0.056151303709144326,-0.06894968784428938,35.0,35.0,0.0
3,84,0.029514016403476555,0.05624923491247399,-0.06924348145427836,35.0,35.0,0.0
3,85,0.029061084588076873,0.0561145795078957,-0.06904149834741094,35.0,35.0,0.0
3,86,0.029061084588076873,0.0561145795078957,-0.06904149834741094,35.0,35.0,0.0
3,87,0.029324274697025338,0.05640225241767658,-0.06905986044803526,35.0,35.0,0.0
3,88,0.02936099889827396,0.05637776961684417,-0.06877218753825438,35.0,35.0,0.0
3,89,0.02936099889827396,0.05637776961684417,-0.06877218753825438,35.0,35.0,0.0
3,90,0.029146774390990327,0.056432855918717106,-0.06934141265760803,35.0,35.0,0.0
3,91,0.02944668870118742,0.056139062308728116,-0.06906598114824336,35.0,35.0,0.0
3,92,0.02944668870118742,0.056139062308728116,-0.06906598114824336,35.0,35.0,0.0
3,93,0.02930591259640103,0.05599216550373363,-0.06923736075407026,35.0,35.0,0.0
3,94,0.02934875749785775,0.05631044191455502,-0.06915779165136492,35.0,35.0,0.0
3,95,0.029428326600563104,0.05617578650997675,-0.0689619292447056,35.0,35.0,0.0
3,96,0.029428326600563104,0.05617578650997675,-0.0689619292447056,35.0,35.0,0.0
3,97,0.029318153996817236,0.056285959113722604,-0.06885787734116783,35.0,35.0,0.0
3,98,0.029416085200146897,0.056181907210184845,-0.06903537764720284,35.0,35.0,0.0
3,99,0.029416085200146897,0.056181907210184845,-0.06903537764720284,35.0,35.0,0.0
