values,,Magnetometer,Magnetometer,Magnetometer,position,position,position
axis,,x,y,z,x,y,z
Sensor,Sample,,,,,,
0,0,-0.06008079324274697,-0.0472701677071857,-0.09157179581344106,0.0,0.0,0.0
0,1,-0.06008079324274697,-0.0472701677071857,-0.09157179581344106,0.0,0.0,0.0
0,2,-0.059927775737544375,-0.0475884441180071,-0.09170033051781123,0.0,0.0,0.0
0,3,-0.05994613783816869,-0.0475884441180071,-0.09157791651364916,0.0,0.0,0.0
0,4,-0.05994613783816869,-0.0475884441180071,-0.09157791651364916,0.0,0.0,0.0
0,5,-0.0598053617333823,-0.0475884441180071,-0.09159627861427347,0.0,0.0,0.0
0,6,-0.059915534337128165,-0.047417064512180196,-0.09176765822010038,0.0,0.0,0.0
0,7,-0.059915534337128165,-0.047417064512180196,-0.09176765822010038,0.0,0.0,0.0
0,8,-0.060074672542538864,-0.047649651120088135,-0.0916574856163545,0.0,0.0,0.0
0,9,-0.060025706940874037,-0.04730077120822622,-0.09154731301260864,0.0,0.0,0.0
0,10,-0.060025706940874037,-0.04730077120822622,-0.09154731301260864,0.0,0.0,0.0
0,11,-0.05994613783816869,-0.04776594442404211,-0.09189619292447056,0.0,0.0,0.0
0,12,-0.06016036234545232,-0.04737421961072347,-0.09151670951156812,0.0,0.0,0.0
0,13,-0.06016036234545232,-0.04737421961072347,-0.09151670951156812,0.0,0.0,0.0
0,14,-0.05998286203941731,-0.04752723711592606,-0.09151670951156812,0.0,0.0,0.0
0,15,-0.0599767413392092,-0.04763128901946383,-0.09166360631656262,0.0,0.0,0.0
0,16,-0.05999510343983352,-0.04731301260864243,-0.0916391235157302,0.0,0.0,0.0
0,17,-0.05999510343983352,-0.04731301260864243,-0.0916391235157302,0.0,0.0,0.0
0,18,-0.05984820663483903,-0.0477414616232097,-0.09162076141510589,0.0,0.0,0.0
0,19,-0.059829844534214714,-0.047533357816134165,-0.09104541559554413,0.0,0.0,0.0
0,20,-0.059829844534214714,-0.047533357816134165,-0.09104541559554413,0.0,0.0,0.0
0,21,-0.05990329293671196,-0.04731913330885053,-0.09149834741094381,0.0,0.0,0.0
0,22,-0.0599767413392092,-0.04751499571550986,-0.09161464071489779,0.0,0.0,0.0
0,23,-0.0599767413392092,-0.04751499571550986,-0.09161464071489779,0.0,0.0,0.0
0,24,-0.060184845146284735,-0.04734973680989105,-0.09149222671073572,0.0,0.0,0.0
0,25,-0.06010527604357938,-0.0475884441180071,-0.09153507161219243,0.0,0.0,0.0
0,26,-0.06010527604357938,-0.0475884441180071,-0.09153507161219243,0.0,0.0,0.0
0,27,-0.06009915534337128,-0.0475884441180071,-0.09152283021177623,0.0,0.0,0.0
0,28,-0.05976251683192557,-0.04739870241155588,-0.09159015791406537,0.0,0.0,0.0
0,29,-0.05976251683192557,-0.04739870241155588,-0.09152283021177623,0.0,0.0,0.0
0,30,-0.05994613783816869,-0.047576202717590894,-0.09152283021177623,0.0,0.0,0.0
0,31,-0.05985432733504713,-0.04747215081405313,-0.09146774390990328,0.0,0.0,0.0
0,32,-0.05990941363692006,-0.047521116415717955,-0.09152283021177623,0.0,0.0,0.0
0,33,-0.05990941363692006,-0.047521116415717955,-0.09152283021177623,0.0,0.0,0.0
0,34,-0.060025706940874037,-0.0475945648182152,-0.09150446811115191,0.0,0.0,0.0
0,35,-0.0599767413392092,-0.04763740971967193,-0.09160239931448158,0.0,0.0,0.0
0,36,-0.0599767413392092,-0.04763740971967193,-0.09160239931448158,0.0,0.0,0.0
0,37,-0.06023381074794957,-0.047490512914677444,-0.0914738646101114,0.0,0.0,0.0
0,38,-0.0598053617333823,-0.0475945648182152,-0.09145550250948709,0.0,0.0,0.0
0,39,-0.0598053617333823,-0.0475945648182152,-0.09145550250948709,0.0,0.0,0.0
0,40,-0.05977475823234178,-0.04745990941363692,-0.09153507161219243,0.0,0.0,0.0
0,41,-0.060142000244828006,-0.04757008201738279,-0.09146774390990328,0.0,0.0,0.0
0,42,-0.060142000244828006,-0.04757008201738279,-0.09146774390990328,0.0,0.0,0.0
0,43,-0.06010527604357938,-0.047606806218631406,-0.09154119231240054,0.0,0.0,0.0
0,44,-0.059915534337128165,-0.047417064512180196,-0.09154731301260864,0.0,0.0,0.0
0,45,-0.059915534337128165,-0.047417064512180196,-0.09154731301260864,0.0,0.0,0.0
0,46,-0.059615620026931083,-0.047429305912596406,-0.09167584771697881,0.0,0.0,0.0
0,47,-0.06001346554045783,-0.04731301260864243,-0.09149222671073572,0.0,0.0,0.0
0,48,-0.06001346554045783,-0.04731301260864243,-0.09149222671073572,0.0,0.0,0.0
0,49,-0.05986656873546333,-0.04760068551842331,-0.09152895091198433,0.0,0.0,0.0
0,50,-0.05984208593463092,-0.047380340310931565,-0.09145550250948709,0.0,0.0,0.0
0,51,-0.06009915534337128,-0.047178357204064145,-0.09188395152405435,0.0,0.0,0.0
0,52,-0.06009915534337128,-0.047178357204064145,-0.09188395152405435,0.0,0.0,0.0
0,53,-0.06001346554045783,-0.047447668013220715,-0.09142489900844657,0.0,0.0,0.0
0,54,-0.05987881013587955,-0.04764353041988004,-0.09110050189741706,0.0,0.0,0.0
0,55,-0.05987881013587955,-0.04764353041988004,-0.09110050189741706,0.0,0.0,0.0
0,56,-0.059891051536295745,-0.047563961317174684,-0.09160239931448158,0.0,0.0,0.0
0,57,-0.0598114824335904,-0.047576202717590894,-0.09153507161219243,0.0,0.0,0.0
0,58,-0.0598114824335904,-0.047576202717590894,-0.09153507161219243,0.0,0.0,0.0
0,59,-0.059958379238584894,-0.047294650508018114,-0.09168808911739504,0.0,0.0,0.0
0,60,-0.05999510343983352,-0.04747827151426123,-0.09157791651364916,0.0,0.0,0.0
0,61,-0.05999510343983352,-0.04747827151426123,-0.09157791651364916,0.0,0.0,0.0
0,62,-0.06005631044191455,-0.04745990941363692,-0.09153507161219243,0.0,0.0,0.0
0,63,-0.05965846492838781,-0.04712327090219121,-0.09133920920553311,0.0,0.0,0.0
0,64,-0.05965846492838781,-0.04712327090219121,-0.09133920920553311,0.0,0.0,0.0
0,65,-0.05994001713796058,-0.04714163300281552,-0.09168808911739504,0.0,0.0,0.0
0,66,-0.05998898273962542,-0.04755784061696658,-0.09169420981760314,0.0,0.0,0.0
0,67,-0.05998898273962542,-0.04755784061696658,-0.09169420981760314,0.0,0.0,0.0
0,68,-0.05983596523442282,-0.04734361610968295,-0.09155955441302485,0.0,0.0,0.0
0,69,-0.06009915534337128,-0.04749663361488554,-0.09168196841718693,0.0,0.0,0.0
0,70,-0.06009915534337128,-0.04749663361488554,-0.09168196841718693,0.0,0.0,0.0
0,71,-0.060068551842330765,-0.047490512914677444,-0.09159015791406537,0.0,0.0,0.0
0,72,-0.059603378626514866,-0.04728240910760191,-0.09144938180927899,0.0,0.0,0.0
0,73,-0.05999510343983352,-0.04736809891051536,-0.09171257191822745,0.0,0.0,0.0
0,74,-0.05999510343983352,-0.04736809891051536,-0.09171257191822745,0.0,0.0,0.0
0,75,-0.059933896437752474,-0.04725792630676949,-0.09136981270657363,0.0,0.0,0.0
0,76,-0.05999510343983352,-0.04739870241155588,-0.09156567511323296,0.0,0.0,0.0
0,77,-0.05999510343983352,-0.04739870241155588,-0.09156567511323296,0.0,0.0,0.0
0,78,-0.060129758844411796,-0.04741094381197209,-0.09170033051781123,0.0,0.0,0.0
0,79,-0.059964499938793006,-0.047661892520504345,-0.09146162320969518,0.0,0.0,0.0
0,80,-0.059964499938793006,-0.047661892520504345,-0.09146162320969518,0.0,0.0,0.0
0,81,-0.06001958624066593,-0.047380340310931565,-0.09151670951156812,0.0,0.0,0.0
0,82,-0.06003794834129025,-0.04772922022279349,-0.09151058881136001,0.0,0.0,0.0
0,83,-0.06003794834129025,-0.04772922022279349,-0.09151058881136001,0.0,0.0,0.0
0,84,-0.060068551842330765,-0.04735585751009915,-0.09151058881136001,0.0,0.0,0.0
0,85,-0.059891051536295745,-0.04732525400905864,-0.09171869261843554,0.0,0.0,0.0
0,86,-0.059891051536295745,-0.04732525400905864,-0.09171869261843554,0.0,0.0,0.0
0,87,-0.06003794834129025,-0.04750887501530175,-0.09157791651364916,0.0,0.0,0.0
0,88,-0.06030725915044681,-0.04730077120822622,-0.09149222671073572,0.0,0.0,0.0
0,89,-0.06030725915044681,-0.04730077120822622,-0.09149222671073572,0.0,0.0,0.0
0,90,-0.060282776349614396,-0.047661892520504345,-0.09138817480719794,0.0,0.0,0.0
0,91,-0.06001346554045783,-0.0475884441180071,-0.09154731301260864,0.0,0.0,0.0
0,92,-0.059964499938793006,-0.04745990941363692,-0.09155343371281674,0.0,0.0,0.0
0,93,-0.059964499938793006,-0.04745990941363692,-0.09155343371281674,0.0,0.0,0.0
0,94,-0.06005631044191455,-0.04749663361488554,-0.09154731301260864,0.0,0.0,0.0
0,95,-0.059927775737544375,-0.047521116415717955,-0.09153507161219243,0.0,0.0,0.0
0,96,-0.059927775737544375,-0.047521116415717955,-0.09153507161219243,0.0,0.0,0.0
0,97,-0.060074672542538864,-0.047435426612804504,-0.0911494674990819,0.0,0.0,0.0
0,98,-0.05984820663483903,-0.04705594319990207,-0.09164524421593831,0.0,0.0,0.0
0,99,-0.05984820663483903,-0.04705594319990207,-0.09164524421593831,0.0,0.0,0.0
1,0,0.039129636430407636,-0.023895213612437263,-0.04061696658097687,35.0,0.0,0.0
1,1,0.0390745501285347,-0.02365038560411311,-0.040525156077855305,35.0,0.0,0.0
1,2,0.0390745501285347,-0.02365038560411311,-0.040525156077855305,35.0,0.0,0.0
1,3,0.03893377402374832,-0.023772799608275184,-0.0403598971722365,35.0,0.0,0.0
1,4,0.03911127432978333,-0.023846248010772432,-0.04013343126453666,35.0,0.0,0.0
1,5,0.03911127432978333,-0.023846248010772432,-0.04013343126453666,35.0,0.0,0.0
1,6,0.03897661892520504,-0.023644264903905008,-0.04041498347410944,35.0,0.0,0.0
1,7,0.03908067082874281,-0.02387073081160485,-0.040696535683682214,35.0,0.0,0.0
1,8,0.03908067082874281,-0.02387073081160485,-0.040696535683682214,35.0,0.0,0.0
1,9,0.03920308483290488,-0.02388909291222916,-0.040580242379728244,35.0,0.0,0.0
1,10,0.039056188027910395,-0.02398702411555882,-0.0403537764720284,35.0,0.0,0.0
1,11,0.039056188027910395,-0.02398702411555882,-0.0403537764720284,35.0,0.0,0.0
1,12,0.039141877830823846,-0.02391969641326968,-0.04046394907577427,35.0,0.0,0.0
1,13,0.03917860203207247,-0.023601420002448283,-0.04050067327702289,35.0,0.0,0.0
1,14,0.03911739502999143,-0.02369935120577794,-0.04041498347410944,35.0,0.0,0.0
1,15,0.03911739502999143,-0.02369935120577794,-0.04041498347410944,35.0,0.0,0.0
1,16,0.039043946627494185,-0.0239502999143102,-0.04041498347410944,35.0,0.0,0.0
1,17,0.03880523931937814,-0.023760558207858978,-0.04063532868160118,35.0,0.0,0.0
1,18,0.03880523931937814,-0.023760558207858978,-0.04063532868160118,35.0,0.0,0.0
1,19,0.0390745501285347,-0.02374831680744277,-0.04047006977598237,35.0,0.0,0.0
1,20,0.03923980903415351,-0.023803403109315703,-0.04032929367119599,35.0,0.0,0.0
1,21,0.03923980903415351,-0.023803403109315703,-0.04032929367119599,35.0,0.0,0.0
1,22,0.03902558452686987,-0.02361366140286449,-0.040580242379728244,35.0,0.0,0.0
1,23,0.03909903292936712,-0.02390745501285347,-0.0403537764720284,35.0,0.0,0.0
1,24,0.039129636430407636,-0.023644264903905008,-0.04032929367119599,35.0,0.0,0.0
1,25,0.039129636430407636,-0.023644264903905008,-0.04032929367119599,35.0,0.0,0.0
1,26,0.038903170522707795,-0.023882972212021056,-0.04045782837556616,35.0,0.0,0.0
1,27,0.0392275676337373,-0.024054351817847965,-0.04058636307993634,35.0,0.0,0.0
1,28,0.0392275676337373,-0.024054351817847965,-0.04058636307993634,35.0,0.0,0.0
1,29,0.0392214469335292,-0.023754437507650876,-0.04049455257681479,35.0,0.0,0.0
1,30,0.03913575713061575,-0.024011506916391236,-0.04050067327702289,35.0,0.0,0.0
1,31,0.03913575713061575,-0.024011506916391236,-0.04050067327702289,35.0,0.0,0.0
1,32,0.03912351573019954,-0.023882972212021056,-0.04040274207369323,35.0,0.0,0.0
1,33,0.03901946382666177,-0.023803403109315703,-0.04042110417431754,35.0,0.0,0.0
1,34,0.03901946382666177,-0.023803403109315703,-0.04042110417431754,35.0,0.0,0.0
1,35,0.038970498224996944,-0.02388909291222916,-0.0402007589668258,35.0,0.0,0.0
1,36,0.038958256824580734,-0.023754437507650876,-0.04047006977598237,35.0,0.0,0.0
1,37,0.0390745501285347,-0.024091076019096585,-0.04055575957889583,35.0,0.0,0.0
1,38,0.0390745501285347,-0.024091076019096585,-0.04055575957889583,35.0,0.0,0.0
1,39,0.03914799853103195,-0.02387073081160485,-0.04044558697514995,35.0,0.0,0.0
1,40,0.0390745501285347,-0.023760558207858978,-0.04046394907577427,35.0,0.0,0.0
1,41,0.0390745501285347,-0.023760558207858978,-0.04046394907577427,35.0,0.0,0.0
1,42,0.039056188027910395,-0.02372995470681846,-0.0405190353776472,35.0,0.0,0.0
1,43,0.0392336883339454,-0.023723834006610357,-0.040653690782225485,35.0,0.0,0.0
1,44,0.0392336883339454,-0.023723834006610357,-0.040653690782225485,35.0,0.0,0.0
1,45,0.03902558452686987,-0.023742196107234666,-0.040396621373485125,35.0,0.0,0.0
1,46,0.03911739502999143,-0.02409719671930469,-0.040384379973068915,35.0,0.0,0.0
1,47,0.03911739502999143,-0.02409719671930469,-0.040384379973068915,35.0,0.0,0.0
1,48,0.03899498102582936,-0.023595299302240177,-0.04058636307993634,35.0,0.0,0.0
1,49,0.03916023993144816,-0.02369935120577794,-0.04048843187660668,35.0,0.0,0.0
1,50,0.03916636063165626,-0.02366262700452932,-0.040525156077855305,35.0,0.0,0.0
1,51,0.03916636063165626,-0.02366262700452932,-0.040525156077855305,35.0,0.0,0.0
1,52,0.03911739502999143,-0.023834006610356225,-0.04059248378014445,35.0,0.0,0.0
1,53,0.03908067082874281,-0.023717713306402252,-0.04031705227077978,35.0,0.0,0.0
1,54,0.03908067082874281,-0.023717713306402252,-0.04031705227077978,35.0,0.0,0.0
1,55,0.03906230872811849,-0.023546333700575343,-0.04034153507161219,35.0,0.0,0.0
1,56,0.03921532623332109,-0.023901334312645368,-0.040568000979312034,35.0,0.0,0.0
1,57,0.03921532623332109,-0.023901334312645368,-0.040568000979312034,35.0,0.0,0.0
1,58,0.03903782592728608,-0.02392581711347778,-0.04044558697514995,35.0,0.0,0.0
1,59,0.039154119231240056,-0.024091076019096585,-0.04046394907577427,35.0,0.0,0.0
1,60,0.039154119231240056,-0.024091076019096585,-0.04046394907577427,35.0,0.0,0.0
1,61,0.038970498224996944,-0.0237972824091076,-0.0402007589668258,35.0,0.0,0.0
1,62,0.03906230872811849,-0.02382176520994002,-0.04059860448035255,35.0,0.0,0.0
1,63,0.03898273962541315,-0.02369935120577794,-0.04053127677806341,35.0,0.0,0.0
1,64,0.03898273962541315,-0.02369935120577794,-0.04053127677806341,35.0,0.0,0.0
1,65,0.03896437752478883,-0.023601420002448283,-0.04064144938180928,35.0,0.0,0.0
1,66,0.0390745501285347,-0.023711592606194147,-0.04024972456849064,35.0,0.0,0.0
1,67,0.0390745501285347,-0.023711592606194147,-0.04024972456849064,35.0,0.0,0.0
1,68,0.03894601542416452,-0.023754437507650876,-0.04056188027910393,35.0,0.0,0.0
1,69,0.03900722242624556,-0.023766678908067083,-0.040427224874525644,35.0,0.0,0.0
1,70,0.03900722242624556,-0.023766678908067083,-0.040427224874525644,35.0,0.0,0.0
1,71,0.0392275676337373,-0.023791161708899496,-0.04077610478638756,35.0,0.0,0.0
1,72,0.038817480719794344,-0.023809523809523808,-0.040482311176398576,35.0,0.0,0.0
1,73,0.038817480719794344,-0.023809523809523808,-0.040482311176398576,35.0,0.0,0.0
1,74,0.03909903292936712,-0.02384012731056433,-0.04026196596890684,35.0,0.0,0.0
1,75,0.03908067082874281,-0.023772799608275184,-0.0401946382666177,35.0,0.0,0.0
1,76,0.03908067082874281,-0.02374831680744277,-0.04057412167952014,35.0,0.0,0.0
1,77,0.03908067082874281,-0.02374831680744277,-0.04057412167952014,35.0,0.0,0.0
1,78,0.03903170522707798,-0.023827885910148124,-0.04031705227077978,35.0,0.0,0.0
1,79,0.03905006732770229,-0.024084955318888483,-0.04054963887868772,35.0,0.0,0.0
1,80,0.03905006732770229,-0.024084955318888483,-0.04054963887868772,35.0,0.0,0.0
1,81,0.03914799853103195,-0.023717713306402252,-0.04069041498347411,35.0,0.0,0.0
1,82,0.03917860203207247,-0.02368098910515363,-0.04060472518056066,35.0,0.0,0.0
1,83,0.03917860203207247,-0.02368098910515363,-0.04060472518056066,35.0,0.0,0.0
1,84,0.03903782592728608,-0.023846248010772432,-0.04046394907577427,35.0,0.0,0.0
1,85,0.03893989472395642,-0.023901334312645368,-0.0403598971722365,35.0,0.0,0.0
1,86,0.03893989472395642,-0.023901334312645368,-0.0403598971722365,35.0,0.0,0.0
1,87,0.03898273962541315,-0.023564695801199655,-0.04028032806953115,35.0,0.0,0.0
1,88,0.03905006732770229,-0.023564695801199655,-0.04056188027910393,35.0,0.0,0.0
1,89,0.03902558452686987,-0.023772799608275184,-0.04047619047619048,35.0,0.0,0.0
1,90,0.03902558452686987,-0.023772799608275184,-0.04047619047619048,35.0,0.0,0.0
1,91,0.0392214469335292,-0.023742196107234666,-0.04044558697514995,35.0,0.0,0.0
1,92,0.0392214469335292,-0.023736075407026564,-0.04014567266495287,35.0,0.0,0.0
1,93,0.0392214469335292,-0.023736075407026564,-0.04014567266495287,35.0,0.0,0.0
1,94,0.039196964132696785,-0.023754437507650876,-0.04050067327702289,35.0,0.0,0.0
1,95,0.038958256824580734,-0.024054351817847965,-0.04037213857265271,35.0,0.0,0.0
1,96,0.038958256824580734,-0.024054351817847965,-0.04037213857265271,35.0,0.0,0.0
1,97,0.039056188027910395,-0.02366262700452932,-0.040525156077855305,35.0,0.0,0.0
1,98,0.03909903292936712,-0.023962541314726405,-0.04043334557473375,35.0,0.0,0.0
1,99,0.03910515362957522,-0.02406659321826417,-0.040665932182641695,35.0,0.0,0.0
2,0,-0.03224384869629086,0.0604602766556494,-0.052417676582201,0.0,35.0,0.0
2,1,-0.03224384869629086,0.0604602766556494,-0.052417676582201,0.0,35.0,0.0
2,2,-0.032378504100869135,0.06063777696168442,-0.05206879667033909,0.0,35.0,0.0
2,3,-0.03218876239441792,0.06015424164524421,-0.05230750397845514,0.0,35.0,0.0
2,4,-0.03218876239441792,0.06015424164524421,-0.05230750397845514,0.0,35.0,0.0
2,5,-0.03245195250336638,0.06050924225731423,-0.052405435181784796,0.0,35.0,0.0
2,6,-0.03224996939649896,0.060558207858979064,-0.05228302117762272,0.0,35.0,0.0
2,7,-0.03224996939649896,0.060558207858979064,-0.05228302117762272,0.0,35.0,0.0
2,8,-0.03240910760190966,0.06058269065981148,-0.05221569347533358,0.0,35.0,0.0
2,9,-0.0323172970987881,0.060411311053984576,-0.05252784918594687,0.0,35.0,0.0
2,10,-0.03241522830211776,0.060564328559187176,-0.0523993144815767,0.0,35.0,0.0
2,11,-0.03241522830211776,0.060564328559187176,-0.0523993144815767,0.0,35.0,0.0
2,12,-0.03245807320357449,0.06054596645856286,-0.05233810747949565,0.0,35.0,0.0
2,13,-0.0326355735096095,0.060270534949198186,-0.052289141877830826,0.0,35.0,0.0
2,14,-0.0326355735096095,0.060270534949198186,-0.052289141877830826,0.0,35.0,0.0
2,15,-0.03237238340066104,0.060698983963765454,-0.052289141877830826,0.0,35.0,0.0
2,16,-0.032402986901701555,0.06055208715877096,-0.05230750397845514,0.0,35.0,0.0
2,17,-0.032402986901701555,0.06055208715877096,-0.05230750397845514,0.0,35.0,0.0
2,18,-0.0324764353041988,0.06058269065981148,-0.05274207369323051,0.0,35.0,0.0
2,19,-0.03243971110295017,0.06058269065981148,-0.052178969274084955,0.0,35.0,0.0
2,20,-0.0323172970987881,0.06073570816501408,-0.052417676582201,0.0,35.0,0.0
2,21,-0.0323172970987881,0.06073570816501408,-0.052417676582201,0.0,35.0,0.0
2,22,-0.03252540090586363,0.060209327947117156,-0.05220345207491737,0.0,35.0,0.0
2,23,-0.03232341779899621,0.060631656261476305,-0.05246664218386583,0.0,35.0,0.0
2,24,-0.03232341779899621,0.060631656261476305,-0.05246664218386583,0.0,35.0,0.0
2,25,-0.03233565919941241,0.060497000856898034,-0.052295262578038924,0.0,35.0,0.0
2,26,-0.03242746970253397,0.0604480352552332,-0.05232586607907944,0.0,35.0,0.0
2,27,-0.03242746970253397,0.0604480352552332,-0.05232586607907944,0.0,35.0,0.0
2,28,-0.03246419390378259,0.06023993144815767,-0.05221569347533358,0.0,35.0,0.0
2,29,-0.03249479740482311,0.060423552454400786,-0.05251560778553066,0.0,35.0,0.0
2,30,-0.03249479740482311,0.060423552454400786,-0.05251560778553066,0.0,35.0,0.0
2,31,-0.03236626270045293,0.06047863875627372,-0.05231362467866324,0.0,35.0,0.0
2,32,-0.03235402130003672,0.060423552454400786,-0.05250948708532256,0.0,35.0,0.0
2,33,-0.03235402130003672,0.060423552454400786,-0.05235034887991186,0.0,35.0,0.0
2,34,-0.03226221079691517,0.060527604357938546,-0.05235034887991186,0.0,35.0,0.0
2,35,-0.03224384869629086,0.06048475945648182,-0.05246052148365773,0.0,35.0,0.0
2,36,-0.03239686620149345,0.06058881136001959,-0.052081038070755294,0.0,35.0,0.0
2,37,-0.03239686620149345,0.06058881136001959,-0.052081038070755294,0.0,35.0,0.0
2,38,-0.03236626270045293,0.06054596645856286,-0.052393193781368586,0.0,35.0,0.0
2,39,-0.0324703146039907,0.060356224752111644,-0.05247888358428204,0.0,35.0,0.0
2,40,-0.0324703146039907,0.060356224752111644,-0.05247888358428204,0.0,35.0,0.0
2,41,-0.032402986901701555,0.06051536295752234,-0.05250336638511446,0.0,35.0,0.0
2,42,-0.032292814297955684,0.060613294160852,-0.052429917982617216,0.0,35.0,0.0
2,43,-0.032292814297955684,0.060613294160852,-0.052429917982617216,0.0,35.0,0.0
2,44,-0.03251315950544743,0.06054596645856286,-0.05199534826784184,0.0,35.0,0.0
2,45,-0.03233565919941241,0.06036846615252785,-0.05285836699718448,0.0,35.0,0.0
2,46,-0.03233565919941241,0.06036846615252785,-0.05285836699718448,0.0,35.0,0.0
2,47,-0.032390745501285345,0.060417431754192674,-0.05227690047741461,0.0,35.0,0.0
2,48,-0.03250091810503122,0.060411311053984576,-0.05214224507283634,0.0,35.0,0.0
2,49,-0.03210919329171257,0.060411311053984576,-0.052393193781368586,0.0,35.0,0.0
2,50,-0.03210919329171257,0.060411311053984576,-0.052393193781368586,0.0,35.0,0.0
2,51,-0.03248867670461501,0.06055208715877096,-0.05282776349614395,0.0,35.0,0.0
2,52,-0.03231117639858,0.06062553556126821,-0.052417676582201,0.0,35.0,0.0
2,53,-0.03231117639858,0.06062553556126821,-0.052417676582201,0.0,35.0,0.0
2,54,-0.032292814297955684,0.060925449871465295,-0.052289141877830826,0.0,35.0,0.0
2,55,-0.03252540090586363,0.06036846615252785,-0.052448280083241525,0.0,35.0,0.0
2,56,-0.03252540090586363,0.06036846615252785,-0.052448280083241525,0.0,35.0,0.0
2,57,-0.032445831803158284,0.06066225976251684,-0.05212388297221202,0.0,35.0,0.0
2,58,-0.03224384869629086,0.06052148365773045,-0.052191210674501165,0.0,35.0,0.0
2,59,-0.03224384869629086,0.06052148365773045,-0.052191210674501165,0.0,35.0,0.0
2,60,-0.032274452197331376,0.06055208715877096,-0.05249112498469825,0.0,35.0,0.0
2,61,-0.03212755539233688,0.060564328559187176,-0.052234055575957894,0.0,35.0,0.0
2,62,-0.03212755539233688,0.06051536295752234,-0.052081038070755294,0.0,35.0,0.0
2,63,-0.03234177989962052,0.06051536295752234,-0.052081038070755294,0.0,35.0,0.0
2,64,-0.032672297710858125,0.06030113845023871,-0.05213612437262823,0.0,35.0,0.0
2,65,-0.03231117639858,0.060564328559187176,-0.052295262578038924,0.0,35.0,0.0
2,66,-0.03231117639858,0.060564328559187176,-0.052295262578038924,0.0,35.0,0.0
2,67,-0.03229893499816379,0.06033174195127923,-0.05238095238095238,0.0,35.0,0.0
2,68,-0.03254988370669605,0.06051536295752234,-0.05242379728240911,0.0,35.0,0.0
2,69,-0.03254988370669605,0.06051536295752234,-0.05242379728240911,0.0,35.0,0.0
2,70,-0.03249479740482311,0.060386828253152156,-0.05269922879177378,0.0,35.0,0.0
2,71,-0.032274452197331376,0.060564328559187176,-0.05211776227200392,0.0,35.0,0.0
2,72,-0.032274452197331376,0.060564328559187176,-0.05211776227200392,0.0,35.0,0.0
2,73,-0.03262333210919329,0.0604419145550251,-0.05245440078344963,0.0,35.0,0.0
2,74,-0.0323172970987881,0.06060105276043579,-0.05245440078344963,0.0,35.0,0.0
2,75,-0.0323172970987881,0.06060105276043579,-0.05245440078344963,0.0,35.0,0.0
2,76,-0.03246419390378259,0.060417431754192674,-0.05233810747949565,0.0,35.0,0.0
2,77,-0.032360142000244826,0.06058269065981148,-0.05205655526992288,0.0,35.0,0.0
2,78,-0.03236626270045293,0.06038070755294406,-0.052289141877830826,0.0,35.0,0.0
2,79,-0.03236626270045293,0.06038070755294406,-0.052289141877830826,0.0,35.0,0.0
2,80,-0.03238462480107725,0.060423552454400786,-0.0527359529930224,0.0,35.0,0.0
2,81,-0.03248867670461501,0.060429673154608884,-0.05228302117762272,0.0,35.0,0.0
2,82,-0.03248867670461501,0.060429673154608884,-0.05228302117762272,0.0,35.0,0.0
2,83,-0.03248867670461501,0.060497000856898034,-0.052937936099889824,0.0,35.0,0.0
2,84,-0.032274452197331376,0.060386828253152156,-0.05298690170155466,0.0,35.0,0.0
2,85,-0.032274452197331376,0.060386828253152156,-0.05298690170155466,0.0,35.0,0.0
2,86,-0.03250091810503122,0.060466397355857515,-0.052717590892398095,0.0,35.0,0.0
2,87,-0.03256824580732036,0.06051536295752234,-0.052289141877830826,0.0,35.0,0.0
2,88,-0.03256824580732036,0.06051536295752234,-0.052289141877830826,0.0,35.0,0.0
2,89,-0.03225609009670706,0.06063777696168442,-0.052374831680744284,0.0,35.0,0.0
2,90,-0.03235402130003672,0.060423552454400786,-0.05274207369323051,0.0,35.0,0.0
2,91,-0.03232341779899621,0.06048475945648182,-0.052393193781368586,0.0,35.0,0.0
2,92,-0.03232341779899621,0.06048475945648182,-0.052393193781368586,0.0,35.0,0.0
2,93,-0.03219488309462602,0.060417431754192674,-0.052295262578038924,0.0,35.0,0.0
2,94,-0.03252540090586363,0.06050924225731423,-0.05234422817970376,0.0,35.0,0.0
2,95,-0.03252540090586363,0.06050924225731423,-0.05234422817970376,0.0,35.0,0.0
2,96,-0.032562125107112254,0.0604480352552332,-0.05250336638511446,0.0,35.0,0.0
2,97,-0.0324764353041988,0.060570449259395275,-0.05236871098053617,0.0,35.0,0.0
2,98,-0.0324764353041988,0.060570449259395275,-0.05236871098053617,0.0,35.0,0.0
2,99,-0.03236626270045293,0.060282776349614396,-0.05252784918594687,0.0,35.0,0.0
3,0,0.02959970620639001,0.053286816011751746,-0.06821520381931692,35.0,35.0,0.0
3,1,0.02959970620639001,0.053286816011751746,-0.06821520381931692,35.0,35.0,0.0
3,2,0.029575223405557592,0.05355612682090831,-0.06810503121557107,35.0,35.0,0.0
3,3,0.029611947606806216,0.05310931570571673,-0.06797037581099277,35.0,35.0,0.0
3,4,0.029611947606806216,0.05310931570571673,-0.06797037581099277,35.0,35.0,0.0
3,5,0.02961806830701432,0.05340923001591382,-0.06810503121557107,35.0,35.0,0.0
3,6,0.029569102705349494,0.053219488309462604,-0.06798261721140898,35.0,35.0,0.0
3,7,0.029569102705349494,0.05478638756273718,-0.06824580732035744,35.0,35.0,0.0
3,8,0.029416085200146897,0.053433712816746234,-0.06824580732035744,35.0,35.0,0.0
3,9,0.029587464805973802,0.053078712204676214,-0.06809278981515485,35.0,35.0,0.0
3,10,0.029575223405557592,0.05365405802423797,-0.06809278981515485,35.0,35.0,0.0
3,11,0.029575223405557592,0.05365405802423797,-0.06809278981515485,35.0,35.0,0.0
3,12,0.029373240298690168,0.05343983351695434,-0.06838046272493573,35.0,35.0,0.0
3,13,0.029520137103684663,0.05326233321091933,-0.06822132451952503,35.0,35.0,0.0
3,14,0.029520137103684663,0.05326233321091933,-0.06822132451952503,35.0,35.0,0.0
3,15,0.029544619904517077,0.05348879911861917,-0.06834373852368711,35.0,35.0,0.0
3,16,0.029575223405557592,0.053360264414248994,-0.06811727261598727,35.0,35.0,0.0
3,17,0.029575223405557592,0.053360264414248994,-0.06811727261598727,35.0,35.0,0.0
3,18,0.029569102705349494,0.05350716121924348,-0.06827641082139797,35.0,35.0,0.0
3,19,0.029611947606806216,0.053458195617578655,-0.06803770351328192,35.0,35.0,0.0
3,20,0.02955074060472518,0.05326845391112743,-0.06809278981515485,35.0,35.0,0.0
3,21,0.02955074060472518,0.05326845391112743,-0.06809278981515485,35.0,35.0,0.0
3,22,0.02972824091076019,0.05316440200758967,-0.06808666911494675,35.0,35.0,0.0
3,23,0.02934875749785775,0.053280695311543634,-0.06818460031827642,35.0,35.0,0.0
3,24,0.02934875749785775,0.053280695311543634,-0.06818460031827642,35.0,35.0,0.0
3,25,0.02943444730077121,0.053390867915289505,-0.0678479618068307,35.0,35.0,0.0
3,26,0.029373240298690168,0.05330517811237605,-0.06787856530787122,35.0,35.0,0.0
3,27,0.029373240298690168,0.05330517811237605,-0.06787856530787122,35.0,35.0,0.0
3,28,0.029611947606806216,0.05347655771820296,-0.06822744521973315,35.0,35.0,0.0
3,29,0.029746603011384504,0.05325009181050312,-0.06804994491369812,35.0,35.0,0.0
3,30,0.029746603011384504,0.0548169910637777,-0.06783572040641449,35.0,35.0,0.0
3,31,0.029269188395152405,0.053458195617578655,-0.06783572040641449,35.0,35.0,0.0
3,32,0.029520137103684663,0.053329660913208475,-0.06813563471661158,35.0,35.0,0.0
3,33,0.02934875749785775,0.05334802301383278,-0.06809278981515485,35.0,35.0,0.0
3,34,0.02934875749785775,0.05334802301383278,-0.06809278981515485,35.0,35.0,0.0
3,35,0.02939772309952259,0.05340923001591382,-0.06814175541681969,35.0,35.0,0.0
3,36,0.029458930101603626,0.0533725058146652,-0.06803158281307382,35.0,35.0,0.0
3,37,0.029458930101603626,0.0533725058146652,-0.06803158281307382,35.0,35.0,0.0
3,38,0.029526257803892765,0.05358060962174073,-0.06803770351328192,35.0,35.0,0.0
3,39,0.029648671808054843,0.053286816011751746,-0.06804382421349002,35.0,35.0,0.0
3,40,0.029648671808054843,0.053286816011751746,-0.06804382421349002,35.0,35.0,0.0
3,41,0.02969151670951157,0.053213367609254505,-0.06814787611702779,35.0,35.0,0.0
3,42,0.02966703390867915,0.053274574611335536,-0.06809891051536296,35.0,35.0,0.0
3,43,0.02966703390867915,0.05309707430530053,-0.06811727261598727,35.0,35.0,0.0
3,44,0.02955074060472518,0.05309707430530053,-0.06811727261598727,35.0,35.0,0.0
3,45,0.02944056800097931,0.05331129881258416,-0.06819072101848452,35.0,35.0,0.0
3,46,0.02977720651242502,0.053390867915289505,-0.06800710001224139,35.0,35.0,0.0
3,47,0.02977720651242502,0.053390867915289505,-0.06800710001224139,35.0,35.0,0.0
3,48,0.029458930101603626,0.053213367609254505,-0.06790916880891174,35.0,35.0,0.0
3,49,0.02962418900722243,0.05330517811237605,-0.06811115191577917,35.0,35.0,0.0
3,50,0.02962418900722243,0.05330517811237605,-0.06811115191577917,35.0,35.0,0.0
3,51,0.029409964499938795,0.05312767780634105,-0.06800097931203329,35.0,35.0,0.0
3,52,0.029875137715754684,0.053274574611335536,-0.0681539968172359,35.0,35.0,0.0
3,53,0.029875137715754684,0.053274574611335536,-0.0681539968172359,35.0,35.0,0.0
3,54,0.029452809401395517,0.053274574611335536,-0.06798261721140898,35.0,35.0,0.0
3,55,0.029495654302852246,0.053415350716121926,-0.06803158281307382,35.0,35.0,0.0
3,56,0.029514016403476555,0.053329660913208475,-0.06811727261598727,35.0,35.0,0.0
3,57,0.029514016403476555,0.053329660913208475,-0.06811727261598727,35.0,35.0,0.0
3,58,0.0295813441057657,0.05334190231362468,-0.06820296241890073,35.0,35.0,0.0
3,59,0.029587464805973802,0.053427592116538136,-0.06779899620516587,35.0,35.0,0.0
3,60,0.029587464805973802,0.053427592116538136,-0.06779899620516587,35.0,35.0,0.0
3,61,0.029722120210552087,0.05329293671195985,-0.06800710001224139,35.0,35.0,0.0
3,62,0.02970987881013588,0.05326845391112743,-0.068160117517444,35.0,35.0,0.0
3,63,0.02970987881013588,0.05326845391112743,-0.068160117517444,35.0,35.0,0.0
3,64,0.029538499204308972,0.05346431631778675,-0.068337617823479,35.0,35.0,0.0
3,65,0.02966091320847105,0.053219488309462604,-0.06785408250703881,35.0,35.0,0.0
3,66,0.02966091320847105,0.053219488309462604,-0.06785408250703881,35.0,35.0,0.0
3,67,0.029514016403476555,0.05326845391112743,-0.06819072101848452,35.0,35.0,0.0
3,68,0.02944668870118742,0.05336638511445709,-0.0679887379116171,35.0,35.0,0.0
3,69,0.02944668870118742,0.05313991920675726,-0.06821520381931692,35.0,35.0,0.0
3,70,0.029416085200146897,0.05313991920675726,-0.06821520381931692,35.0,35.0,0.0
3,71,0.029507895703268457,0.053433712816746234,-0.06808054841473865,35.0,35.0,0.0
3,72,0.02944056800097931,0.05326845391112743,-0.06787244460766312,35.0,35.0,0.0
3,73,0.02944056800097931,0.05326845391112743,-0.06787244460766312,35.0,35.0,0.0
3,74,0.029465050801811728,0.05312767780634105,-0.06817235891786019,35.0,35.0,0.0
3,75,0.029611947606806216,0.053329660913208475,-0.06825192802056555,35.0,35.0,0.0
3,76,0.029611947606806216,0.053329660913208475,-0.06825192802056555,35.0,35.0,0.0
3,77,0.029385481699106382,0.05333578161341658,-0.06804994491369812,35.0,35.0,0.0
3,78,0.029801689313257433,0.053146039906965356,-0.0681784796180683,35.0,35.0,0.0
3,79,0.029801689313257433,0.053146039906965356,-0.0681784796180683,35.0,35.0,0.0
3,80,0.029299791896192924,0.05338474721508141,-0.0683192557228547,35.0,35.0,0.0
3,81,0.029318153996817236,0.05312155710613294,-0.0681662382176521,35.0,35.0,0.0
3,82,0.029318153996817236,0.053072591504468115,-0.06818460031827642,35.0,35.0,0.0
3,83,0.02953237850410087,0.053072591504468115,-0.06818460031827642,35.0,35.0,0.0
3,84,0.029514016403476555,0.05359897172236504,-0.06825804872077365,35.0,35.0,0.0
3,85,0.029495654302852246,0.053188884808422085,-0.06790916880891174,35.0,35.0,0.0
3,86,0.029495654302852246,0.053188884808422085,-0.06790916880891174,35.0,35.0,0.0
3,87,0.029458930101603626,0.0535255233198678,-0.06793365160974416,35.0,35.0,0.0
3,88,0.029685396009303467,0.05344595421716244,-0.06782959970620639,35.0,35.0,0.0
3,89,0.029685396009303467,0.05344595421716244,-0.06782959970620639,35.0,35.0,0.0
3,90,0.029575223405557592,0.05334190231362468,-0.06819684171869261,35.0,35.0,0.0
3,91,0.02962418900722243,0.053433712816746234,-0.06797649651120088,35.0,35.0,0.0
3,92,0.02962418900722243,0.053433712816746234,-0.06797649651120088,35.0,35.0,0.0
3,93,0.029575223405557592,0.053317419512792265,-0.06798261721140898,35.0,35.0,0.0
3,94,0.029556861304933284,0.05338474721508141,-0.06793365160974416,35.0,35.0,0.0
3,95,0.02962418900722243,0.0533725058146652,-0.06792141020932795,35.0,35.0,0.0
3,96,0.02962418900722243,0.0533725058146652,-0.06792141020932795,35.0,35.0,0.0
3,97,0.02936099889827396,0.053635695923613655,-0.06839270412535195,35.0,35.0,0.0
3,98,0.02948953360264414,0.053458195617578655,-0.06823356591994124,35.0,35.0,0.0
3,99,0.02948953360264414,0.053458195617578655,-0.06823356591994124,35.0,35.0,0.0
