values,,Magnetometer,Magnetometer,Magnetometer,position,position,position
axis,,x,y,z,x,y,z
Sensor,Sample,,,,,,
0,0,-0.06885787734116783,-0.051162933039539726,-0.09812094503611213,0.0,0.0,0.0
0,1,-0.06907210184845146,-0.05148120945036112,-0.09818215203819317,0.0,0.0,0.0
0,2,-0.06887623944179214,-0.0512853470437018,-0.09829232464193903,0.0,0.0,0.0
0,3,-0.06894356714408129,-0.051297588444118004,-0.09751499571550985,0.0,0.0,0.0
0,4,-0.06894356714408129,-0.051297588444118004,-0.09751499571550985,0.0,0.0,0.0
0,5,-0.06886399804137593,-0.05125474354266128,-0.09830456604235524,0.0,0.0,0.0
0,6,-0.06888236014200025,-0.05149957155098543,-0.0979005998286204,0.0,0.0,0.0
0,7,-0.06888236014200025,-0.05149957155098543,-0.0979005998286204,0.0,0.0,0.0
0,8,-0.06918227445219734,-0.05144448524911251,-0.09795568613049332,0.0,0.0,0.0
0,9,-0.06890684294283266,-0.051511812951401635,-0.09810870363569593,0.0,0.0,0.0
0,10,-0.06890684294283266,-0.051511812951401635,-0.09810870363569593,0.0,0.0,0.0
0,11,-0.06903537764720284,-0.05157301995348268,-0.09845146284734974,0.0,0.0,0.0
0,12,-0.06890072224262456,-0.051407761047863876,-0.09843310074672543,0.0,0.0,0.0
0,13,-0.06890072224262456,-0.051407761047863876,-0.09843310074672543,0.0,0.0,0.0
0,14,-0.06893132574366508,-0.05138939894723956,-0.09765577182029625,0.0,0.0,0.0
0,15,-0.06869261843554902,-0.05138939894723956,-0.0982249969396499,0.0,0.0,0.0
0,16,-0.06869261843554902,-0.05138939894723956,-0.0982249969396499,0.0,0.0,0.0
0,17,-0.06888236014200025,-0.05142000244828008,-0.09821887623944178,0.0,0.0,0.0
0,18,-0.06882115313991921,-0.05124862284245317,-0.09794344473007713,0.0,0.0,0.0
0,19,-0.06882115313991921,-0.05124862284245317,-0.09794344473007713,0.0,0.0,0.0
0,20,-0.06905373974782715,-0.051205777940996455,-0.09825560044069041,0.0,0.0,0.0
0,21,-0.06894356714408129,-0.05142000244828008,-0.09811482433590403,0.0,0.0,0.0
0,22,-0.06893132574366508,-0.05143224384869629,-0.09787611702778798,0.0,0.0,0.0
0,23,-0.06893132574366508,-0.05143224384869629,-0.09787611702778798,0.0,0.0,0.0
0,24,-0.06877218753825438,-0.0514567266495287,-0.09783939282653935,0.0,0.0,0.0
0,25,-0.06863141143346799,-0.05153017505202595,-0.09826784184110662,0.0,0.0,0.0
0,26,-0.06863141143346799,-0.05153017505202595,-0.09826784184110662,0.0,0.0,0.0
0,27,-0.06902925694699473,-0.051621985555147507,-0.09827396254131474,0.0,0.0,0.0
0,28,-0.06882727384012731,-0.051591382054106995,-0.09834741094381197,0.0,0.0,0.0
0,29,-0.06882727384012731,-0.051591382054106995,-0.09834741094381197,0.0,0.0,0.0
0,30,-0.06901701554657853,-0.05148120945036112,-0.09778430652466642,0.0,0.0,0.0
0,31,-0.06888848084220835,-0.05144448524911251,-0.09837189374464439,0.0,0.0,0.0
0,32,-0.06888848084220835,-0.05144448524911251,-0.09837189374464439,0.0,0.0,0.0
0,33,-0.06893744644387317,-0.05125474354266128,-0.09818215203819317,0.0,0.0,0.0
0,34,-0.06861917003305178,-0.05134043334557473,-0.09805361733382298,0.0,0.0,0.0
0,35,-0.06861917003305178,-0.05134043334557473,-0.09805361733382298,0.0,0.0,0.0
0,36,-0.06899253274574611,-0.05149957155098543,-0.0980658587342392,0.0,0.0,0.0
0,37,-0.06877830823846248,-0.05137715754682336,-0.09818215203819317,0.0,0.0,0.0
0,38,-0.06877830823846248,-0.05137715754682336,-0.09818215203819317,0.0,0.0,0.0
0,39,-0.0689741706451218,-0.05162810625535561,-0.09837801444485249,0.0,0.0,0.0
0,40,-0.06879054963887868,-0.05118741584037214,-0.09819439343860938,0.0,0.0,0.0
0,41,-0.06879054963887868,-0.05118741584037214,-0.09819439343860938,0.0,0.0,0.0
0,42,-0.06898641204553801,-0.05119965724078834,-0.09804137593340678,0.0,0.0,0.0
0,43,-0.06887623944179214,-0.05143224384869629,-0.09830456604235524,0.0,0.0,0.0
0,44,-0.0688027910392949,-0.051407761047863876,-0.09798628963153386,0.0,0.0,0.0
0,45,-0.0688027910392949,-0.051407761047863876,-0.09798628963153386,0.0,0.0,0.0
0,46,-0.06891908434324887,-0.051493450850777334,-0.0982372383400661,0.0,0.0,0.0
0,47,-0.06865589423430041,-0.051169053739747825,-0.0979005998286204,0.0,0.0,0.0
0,48,-0.06865589423430041,-0.051169053739747825,-0.0979005998286204,0.0,0.0,0.0
0,49,-0.06887623944179214,-0.05164034765577182,-0.09844534214714164,0.0,0.0,0.0
0,50,-0.06872322193658956,-0.05157301995348268,-0.09815766923736076,0.0,0.0,0.0
0,51,-0.06872322193658956,-0.05157301995348268,-0.09815766923736076,0.0,0.0,0.0
0,52,-0.06892520504345698,-0.051303709144326116,-0.09820051413881749,0.0,0.0,0.0
0,53,-0.06873546333700575,-0.051297588444118004,-0.09820663483902559,0.0,0.0,0.0
0,54,-0.06890684294283266,-0.051493450850777334,-0.09827396254131474,0.0,0.0,0.0
0,55,-0.06862529073325987,-0.05122414004162076,-0.09783939282653935,0.0,0.0,0.0
0,56,-0.06887623944179214,-0.0512853470437018,-0.09815154853715266,0.0,0.0,0.0
0,57,-0.06899253274574611,-0.051395519647447666,-0.09802913453299057,0.0,0.0,0.0
0,58,-0.06874770473742196,-0.05146896804994492,-0.09805973803403109,0.0,0.0,0.0
0,59,-0.06882727384012731,-0.05142000244828008,-0.09846982494797404,0.0,0.0,0.0
0,60,-0.06885175664095973,-0.05150569225119354,-0.09778430652466642,0.0,0.0,0.0
0,61,-0.06877218753825438,-0.051236381442036974,-0.09834129024360387,0.0,0.0,0.0
0,62,-0.068808911739503,-0.05121801934141266,-0.09832904884318766,0.0,0.0,0.0
0,63,-0.068808911739503,-0.05121801934141266,-0.09831680744277145,0.0,0.0,0.0
0,64,-0.06891908434324887,-0.05138327824703146,-0.09831680744277145,0.0,0.0,0.0
0,65,-0.06899865344595421,-0.05136491614640715,-0.09815154853715266,0.0,0.0,0.0
0,66,-0.06882115313991921,-0.05134655404578283,-0.09838413514506059,0.0,0.0,0.0
0,67,-0.06862529073325987,-0.05123026074182887,-0.09815154853715266,0.0,0.0,0.0
0,68,-0.06875994613783817,-0.05124862284245317,-0.09811482433590403,0.0,0.0,0.0
0,69,-0.0686681356347166,-0.0514567266495287,-0.09816991063777696,0.0,0.0,0.0
0,70,-0.06885175664095973,-0.051438364548904394,-0.09824947974048232,0.0,0.0,0.0
0,71,-0.06890684294283266,-0.051120088138083,-0.09817603133798507,0.0,0.0,0.0
0,72,-0.0689680499449137,-0.05134655404578283,-0.0983902558452687,0.0,0.0,0.0
0,73,-0.06895580854449748,-0.05136491614640715,-0.09835965234422818,0.0,0.0,0.0
0,74,-0.06876606683804627,-0.051548537152650266,-0.09815766923736076,0.0,0.0,0.0
0,75,-0.06903537764720284,-0.05157914065369078,-0.09801689313257436,0.0,0.0,0.0
0,76,-0.06879667033908679,-0.051371036846615245,-0.0983902558452687,0.0,0.0,0.0
0,77,-0.06879667033908679,-0.05143224384869629,-0.09821887623944178,0.0,0.0,0.0
0,78,-0.06902313624678663,-0.05143224384869629,-0.09821887623944178,0.0,0.0,0.0
0,79,-0.06877830823846248,-0.051695433957644754,-0.09817603133798507,0.0,0.0,0.0
0,80,-0.06872934263679766,-0.051297588444118004,-0.09825560044069041,0.0,0.0,0.0
0,81,-0.06879667033908679,-0.051548537152650266,-0.09848818704859837,0.0,0.0,0.0
0,82,-0.06893744644387317,-0.05153017505202595,-0.09830456604235524,0.0,0.0,0.0
0,83,-0.0689680499449137,-0.05172603745868527,-0.09849430774880646,0.0,0.0,0.0
0,84,-0.06908434324886767,-0.051407761047863876,-0.09802913453299057,0.0,0.0,0.0
0,85,-0.06882727384012731,-0.051371036846615245,-0.09831068674256335,0.0,0.0,0.0
0,86,-0.06861304933284368,-0.05127310564328559,-0.09802913453299057,0.0,0.0,0.0
0,87,-0.06885175664095973,-0.051205777940996455,-0.098231117639858,0.0,0.0,0.0
0,88,-0.0689680499449137,-0.05138939894723956,-0.09811482433590403,0.0,0.0,0.0
0,89,-0.06867425633492472,-0.0514567266495287,-0.09832904884318766,0.0,0.0,0.0
0,90,-0.0688150324397111,-0.05123026074182887,-0.0980658587342392,0.0,0.0,0.0
0,91,-0.0688150324397111,-0.051266984943077486,-0.0982433590402742,0.0,0.0,0.0
0,92,-0.06882727384012731,-0.05131595054474232,-0.09828620394173093,0.0,0.0,0.0
0,93,-0.06882727384012731,-0.05124862284245317,-0.0979312033296609,0.0,0.0,0.0
0,94,-0.06909046394907578,-0.05124862284245317,-0.0979312033296609,0.0,0.0,0.0
0,95,-0.0691516709511568,-0.051548537152650266,-0.09794344473007713,0.0,0.0,0.0
0,96,-0.06874158403721385,-0.05148733015056922,-0.09842085934630922,0.0,0.0,0.0
0,97,-0.06875382543763006,-0.051352674745990944,-0.09833516954339576,0.0,0.0,0.0
0,98,-0.06879054963887868,-0.05127310564328559,-0.09850654914922266,0.0,0.0,0.0
0,99,-0.06899253274574611,-0.05135879544619905,-0.0982249969396499,0.0,0.0,0.0
1,0,0.047606806218631406,-0.028020565552699227,-0.04636430407638634,35.0,0.0,0.0
1,1,0.04777818582445832,-0.02810013465540458,-0.04624189007222426,35.0,0.0,0.0
1,2,0.04748439221446933,-0.028222548659566655,-0.04611947606806219,35.0,0.0,0.0
1,3,0.04748439221446933,-0.028222548659566655,-0.04611947606806219,35.0,0.0,0.0
1,4,0.04753947851634227,-0.028216427959358553,-0.046437752478883584,35.0,0.0,0.0
1,5,0.047521116415717955,-0.028179703758109926,-0.04628473497368099,35.0,0.0,0.0
1,6,0.047521116415717955,-0.028179703758109926,-0.0459848206634839,35.0,0.0,0.0
1,7,0.04752723711592606,-0.028179703758109926,-0.0459848206634839,35.0,0.0,0.0
1,8,0.04795568613049333,-0.02816746235769372,-0.046309217774513405,35.0,0.0,0.0
1,9,0.04755171991675848,-0.028400048965601665,-0.046321459174929615,35.0,0.0,0.0
1,10,0.04755171991675848,-0.028400048965601665,-0.046321459174929615,35.0,0.0,0.0
1,11,0.04769861672175297,-0.028087893254988373,-0.04632757987513771,35.0,0.0,0.0
1,12,0.04755171991675848,-0.0281368588566532,-0.046437752478883584,35.0,0.0,0.0
1,13,0.04755171991675848,-0.0281368588566532,-0.046437752478883584,35.0,0.0,0.0
1,14,0.04755171991675848,-0.02800220345207492,-0.04628473497368099,35.0,0.0,0.0
1,15,0.04764353041988004,-0.02800832415228302,-0.04625413147264047,35.0,0.0,0.0
1,16,0.04764353041988004,-0.02800832415228302,-0.04625413147264047,35.0,0.0,0.0
1,17,0.04772922022279349,-0.028130738156445095,-0.04622964867180805,35.0,0.0,0.0
1,18,0.04762516831925572,-0.028240910760190967,-0.04652956298200514,35.0,0.0,0.0
1,19,0.04762516831925572,-0.028240910760190967,-0.04627249357326478,35.0,0.0,0.0
1,20,0.04785775492716367,-0.028406169665809767,-0.04627249357326478,35.0,0.0,0.0
1,21,0.04763128901946383,-0.028130738156445095,-0.04636430407638634,35.0,0.0,0.0
1,22,0.04748439221446933,-0.02818582445831803,-0.04620516587097564,35.0,0.0,0.0
1,23,0.04748439221446933,-0.02818582445831803,-0.04620516587097564,35.0,0.0,0.0
1,24,0.047759823723834006,-0.02834496266372873,-0.04625413147264047,35.0,0.0,0.0
1,25,0.0477414616232097,-0.028418411066225974,-0.04670094258783205,35.0,0.0,0.0
1,26,0.0477414616232097,-0.028418411066225974,-0.04670094258783205,35.0,0.0,0.0
1,27,0.0477414616232097,-0.028369445464561143,-0.04629085567388909,35.0,0.0,0.0
1,28,0.04751499571550986,-0.028173583057901824,-0.046437752478883584,35.0,0.0,0.0
1,29,0.04751499571550986,-0.028173583057901824,-0.046437752478883584,35.0,0.0,0.0
1,30,0.04772309952258538,-0.02805728975394785,-0.04634594197576203,35.0,0.0,0.0
1,31,0.04771085812216917,-0.02822866935977476,-0.046535683682213246,35.0,0.0,0.0
1,32,0.0479005998286204,-0.02810013465540458,-0.046437752478883584,35.0,0.0,0.0
1,33,0.0479005998286204,-0.02810013465540458,-0.046437752478883584,35.0,0.0,0.0
1,34,0.047533357816134165,-0.027947117150201983,-0.046462235279716005,35.0,0.0,0.0
1,35,0.04760068551842331,-0.028106255355612682,-0.0459848206634839,35.0,0.0,0.0
1,36,0.04760068551842331,-0.028106255355612682,-0.0459848206634839,35.0,0.0,0.0
1,37,0.04766801322071245,-0.028112376055820787,-0.04637654547680255,35.0,0.0,0.0
1,38,0.047674133920920556,-0.02824703146039907,-0.04634594197576203,35.0,0.0,0.0
1,39,0.047674133920920556,-0.02824703146039907,-0.04634594197576203,35.0,0.0,0.0
1,40,0.04754559921655037,-0.028289876361855797,-0.0461439588688946,35.0,0.0,0.0
1,41,0.047747582323417796,-0.028461255967682703,-0.04652344228179704,35.0,0.0,0.0
1,42,0.047747582323417796,-0.028461255967682703,-0.04652344228179704,35.0,0.0,0.0
1,43,0.0475884441180071,-0.028075651854572163,-0.046462235279716005,35.0,0.0,0.0
1,44,0.04763740971967193,-0.028014444852491126,-0.0464683559799241,35.0,0.0,0.0
1,45,0.047649651120088135,-0.027977720651242505,-0.04602766556494063,35.0,0.0,0.0
1,46,0.047649651120088135,-0.027977720651242505,-0.04602766556494063,35.0,0.0,0.0
1,47,0.04750275431509365,-0.027947117150201983,-0.0467743909903293,35.0,0.0,0.0
1,48,0.04762516831925572,-0.02822866935977476,-0.04618680377035132,35.0,0.0,0.0
1,49,0.04762516831925572,-0.02822866935977476,-0.04618680377035132,35.0,0.0,0.0
1,50,0.04757008201738279,-0.0281368588566532,-0.04648671808054842,35.0,0.0,0.0
1,51,0.04760068551842331,-0.028191945158526133,-0.046449993879299795,35.0,0.0,0.0
1,52,0.047821030725915044,-0.028442893867058394,-0.046413269678051164,35.0,0.0,0.0
1,53,0.04777818582445832,-0.028142979556861302,-0.04628473497368099,35.0,0.0,0.0
1,54,0.04777818582445832,-0.028124617456236994,-0.04620516587097564,35.0,0.0,0.0
1,55,0.04757008201738279,-0.028210307259150448,-0.04644387317909169,35.0,0.0,0.0
1,56,0.04765577182029625,-0.028332721263312523,-0.04617456236993512,35.0,0.0,0.0
1,57,0.04752723711592606,-0.028369445464561143,-0.046266372873056676,35.0,0.0,0.0
1,58,0.04752723711592606,-0.028369445464561143,-0.046321459174929615,35.0,0.0,0.0
1,59,0.04765577182029625,-0.02800220345207492,-0.046321459174929615,35.0,0.0,0.0
1,60,0.047417064512180196,-0.028038927653323543,-0.046425511078467374,35.0,0.0,0.0
1,61,0.047619047619047616,-0.028240910760190967,-0.04652344228179704,35.0,0.0,0.0
1,62,0.04784551352674746,-0.0282959970620639,-0.04622964867180805,35.0,0.0,0.0
1,63,0.04758232341779899,-0.028210307259150448,-0.04638266617701065,35.0,0.0,0.0
1,64,0.04769861672175297,-0.028253152160607177,-0.046554045782837554,35.0,0.0,0.0
1,65,0.04750275431509365,-0.028130738156445095,-0.046425511078467374,35.0,0.0,0.0
1,66,0.04755784061696658,-0.028210307259150448,-0.04617456236993512,35.0,0.0,0.0
1,67,0.0479005998286204,-0.028130738156445095,-0.046407148977843066,35.0,0.0,0.0
1,68,0.04772309952258538,-0.028271514261231485,-0.04652344228179704,35.0,0.0,0.0
1,69,0.0475884441180071,-0.02800220345207492,-0.04638266617701065,35.0,0.0,0.0
1,70,0.047619047619047616,-0.028142979556861302,-0.0462969763740972,35.0,0.0,0.0
1,71,0.047692496021544864,-0.02818582445831803,-0.0466274941853348,35.0,0.0,0.0
1,72,0.047692496021544864,-0.02818582445831803,-0.04638878687721875,35.0,0.0,0.0
1,73,0.04772309952258538,-0.028032806953115434,-0.04638878687721875,35.0,0.0,0.0
1,74,0.047619047619047616,-0.02805728975394785,-0.04657852858366997,35.0,0.0,0.0
1,75,0.047661892520504345,-0.027996082751866814,-0.04649283878075652,35.0,0.0,0.0
1,76,0.04761292691883952,-0.028216427959358553,-0.04652956298200514,35.0,0.0,0.0
1,77,0.0475945648182152,-0.028087893254988373,-0.04625413147264047,35.0,0.0,0.0
1,78,0.04778430652466642,-0.027953237850410085,-0.04634594197576203,35.0,0.0,0.0
1,79,0.047759823723834006,-0.028081772554780265,-0.04618680377035132,35.0,0.0,0.0
1,80,0.04763740971967193,-0.02823479005998286,-0.04661525278491859,35.0,0.0,0.0
1,81,0.04766801322071245,-0.028198065858734238,-0.046407148977843066,35.0,0.0,0.0
1,82,0.047790427224874525,-0.0279654792508263,-0.04635818337617824,35.0,0.0,0.0
1,83,0.04746603011384502,-0.0282959970620639,-0.04652344228179704,35.0,0.0,0.0
1,84,0.047704737421961074,-0.028191945158526133,-0.046449993879299795,35.0,0.0,0.0
1,85,0.04760068551842331,-0.028032806953115434,-0.04633982127555392,35.0,0.0,0.0
1,86,0.047649651120088135,-0.028161341657485617,-0.046554045782837554,35.0,0.0,0.0
1,87,0.04741094381197209,-0.028112376055820787,-0.04633370057534582,35.0,0.0,0.0
1,88,0.047563961317174684,-0.027720651242502142,-0.04619904517076753,35.0,0.0,0.0
1,89,0.04753947851634227,-0.028351083363936835,-0.04625413147264047,35.0,0.0,0.0
1,90,0.04755784061696658,-0.02824703146039907,-0.04631533847472151,35.0,0.0,0.0
1,91,0.04762516831925572,-0.02805728975394785,-0.04607663116660546,35.0,0.0,0.0
1,92,0.047661892520504345,-0.028161341657485617,-0.04611947606806219,35.0,0.0,0.0
1,93,0.04736197821030726,-0.02852246296976374,-0.04637042477659444,35.0,0.0,0.0
1,94,0.047563961317174684,-0.02805728975394785,-0.04647447668013221,35.0,0.0,0.0
1,95,0.047563961317174684,-0.028020565552699227,-0.046425511078467374,35.0,0.0,0.0
1,96,0.047576202717590894,-0.028020565552699227,-0.046425511078467374,35.0,0.0,0.0
1,97,0.047606806218631406,-0.028320479862896313,-0.04633370057534582,35.0,0.0,0.0
1,98,0.04765577182029625,-0.028351083363936835,-0.046547925082629456,35.0,0.0,0.0
1,99,0.04785163422695556,-0.02834496266372873,-0.04619904517076753,35.0,0.0,0.0
2,0,-0.034086179458930096,0.06629330395397234,-0.04997551719916758,0.0,35.0,0.0
2,1,-0.034086179458930096,0.06629330395397234,-0.04997551719916758,0.0,35.0,0.0
2,2,-0.03461255967682703,0.06612804504835354,-0.0496756028889705,0.0,35.0,0.0
2,3,-0.034398335169543395,0.06636675235646958,-0.04962051658709756,0.0,35.0,0.0
2,4,-0.034398335169543395,0.06636675235646958,-0.04962051658709756,0.0,35.0,0.0
2,5,-0.03439221446933529,0.06616476924960216,-0.049712327090219124,0.0,35.0,0.0
2,6,-0.0344044558697515,0.06641571795813442,-0.05005508630187293,0.0,35.0,0.0
2,7,-0.03431264536662994,0.06623209695189129,-0.049571550985432734,0.0,35.0,0.0
2,8,-0.03431264536662994,0.06623209695189129,-0.049571550985432734,0.0,35.0,0.0
2,9,-0.0342514383645489,0.06619537275064268,-0.04976129269188395,0.0,35.0,0.0
2,10,-0.0344044558697515,0.06626270045293181,-0.04974905129146774,0.0,35.0,0.0
2,11,-0.0344044558697515,0.06626270045293181,-0.04974905129146774,0.0,35.0,0.0
2,12,-0.034269800465173215,0.06625657975272371,-0.04973068919084343,0.0,35.0,0.0
2,13,-0.03439221446933529,0.06604847594564818,-0.049742930591259636,0.0,35.0,0.0
2,14,-0.03439221446933529,0.06604847594564818,-0.049742930591259636,0.0,35.0,0.0
2,15,-0.034422817970375816,0.06625045905251561,-0.049883706696046026,0.0,35.0,0.0
2,16,-0.03432488676704615,0.06606683804627249,-0.04992043089729465,0.0,35.0,0.0
2,17,-0.03432488676704615,0.06606683804627249,-0.04992043089729465,0.0,35.0,0.0
2,18,-0.034398335169543395,0.06601175174439956,-0.049712327090219124,0.0,35.0,0.0
2,19,-0.034514628473497365,0.06618313135022647,-0.04977965479250827,0.0,35.0,0.0
2,20,-0.034514628473497365,0.06618313135022647,-0.0498347410943812,0.0,35.0,0.0
2,21,-0.03450850777328927,0.06631778675480475,-0.0498347410943812,0.0,35.0,0.0
2,22,-0.03444730077120823,0.06584037213857266,-0.049871465295629816,0.0,35.0,0.0
2,23,-0.0342391969641327,0.06636675235646958,-0.04986534459542172,0.0,35.0,0.0
2,24,-0.0342391969641327,0.06636675235646958,-0.04986534459542172,0.0,35.0,0.0
2,25,-0.034410576569959606,0.06613416574856164,-0.04985310319500551,0.0,35.0,0.0
2,26,-0.03425755906475701,0.06605459664585629,-0.04998163789937569,0.0,35.0,0.0
2,27,-0.03425755906475701,0.06605459664585629,-0.04998163789937569,0.0,35.0,0.0
2,28,-0.03425755906475701,0.0660790794466887,-0.049938792997918965,0.0,35.0,0.0
2,29,-0.034129024360386825,0.0664095972579263,-0.04963887868772188,0.0,35.0,0.0
2,30,-0.034129024360386825,0.0664095972579263,-0.04963887868772188,0.0,35.0,0.0
2,31,-0.03444730077120823,0.06614640714897785,-0.050024482800832416,0.0,35.0,0.0
2,32,-0.034428938670583914,0.06593830334190232,-0.04974905129146774,0.0,35.0,0.0
2,33,-0.034428938670583914,0.06593830334190232,-0.04997551719916758,0.0,35.0,0.0
2,34,-0.03446566287183254,0.06615864854939404,-0.04997551719916758,0.0,35.0,0.0
2,35,-0.034526869873913575,0.06615252784918595,-0.04995103439833517,0.0,35.0,0.0
2,36,-0.03431876606683805,0.06623821765209939,-0.04990206879667034,0.0,35.0,0.0
2,37,-0.03431876606683805,0.06623821765209939,-0.04990206879667034,0.0,35.0,0.0
2,38,-0.034269800465173215,0.0662443383523075,-0.04976741339209206,0.0,35.0,0.0
2,39,-0.03431876606683805,0.06595054474231851,-0.04996939649895948,0.0,35.0,0.0
2,40,-0.03431876606683805,0.06595054474231851,-0.04996939649895948,0.0,35.0,0.0
2,41,-0.0345758354755784,0.06616476924960216,-0.049798016893132575,0.0,35.0,0.0
2,42,-0.0344044558697515,0.06615864854939404,-0.0498347410943812,0.0,35.0,0.0
2,43,-0.0344044558697515,0.06615864854939404,-0.0498347410943812,0.0,35.0,0.0
2,44,-0.03449014567266495,0.06614640714897785,-0.049755171991675846,0.0,35.0,0.0
2,45,-0.03434324886767046,0.06579140653690782,-0.0498469824947974,0.0,35.0,0.0
2,46,-0.03434324886767046,0.06579140653690782,-0.0498469824947974,0.0,35.0,0.0
2,47,-0.03447178357204064,0.06607295874648059,-0.04957767168564084,0.0,35.0,0.0
2,48,-0.03439221446933529,0.0664034765577182,-0.049669482188762396,0.0,35.0,0.0
2,49,-0.034526869873913575,0.06631166605459664,-0.04979189619292447,0.0,35.0,0.0
2,50,-0.034526869873913575,0.06631166605459664,-0.04979189619292447,0.0,35.0,0.0
2,51,-0.03448402497245685,0.06633002815522096,-0.049742930591259636,0.0,35.0,0.0
2,52,-0.03433712816746236,0.06633002815522096,-0.05003672420124863,0.0,35.0,0.0
2,53,-0.034300403966213734,0.06633002815522096,-0.05009181050312156,0.0,35.0,0.0
2,54,-0.03434324886767046,0.06604847594564818,-0.049895948096462236,0.0,35.0,0.0
2,55,-0.034416697270167704,0.0662443383523075,-0.04972456849063533,0.0,35.0,0.0
2,56,-0.03443505937079202,0.06625657975272371,-0.04990206879667034,0.0,35.0,0.0
2,57,-0.034422817970375816,0.06625045905251561,-0.0498347410943812,0.0,35.0,0.0
2,58,-0.03445342147141633,0.06636675235646958,-0.04986534459542172,0.0,35.0,0.0
2,59,-0.034496266372873056,0.06636063165626148,-0.04981025829354878,0.0,35.0,0.0
2,60,-0.03431876606683805,0.06615864854939404,-0.04959603378626515,0.0,35.0,0.0
2,61,-0.03431876606683805,0.06606683804627249,-0.0498469824947974,0.0,35.0,0.0
2,62,-0.03444730077120823,0.06606683804627249,-0.0498469824947974,0.0,35.0,0.0
2,63,-0.034300403966213734,0.06599951034398335,-0.04974905129146774,0.0,35.0,0.0
2,64,-0.03437385236871098,0.06623821765209939,-0.04988982739625413,0.0,35.0,0.0
2,65,-0.03452074917370547,0.06609132084710491,-0.049871465295629816,0.0,35.0,0.0
2,66,-0.03426367976496511,0.06613416574856164,-0.049798016893132575,0.0,35.0,0.0
2,67,-0.034441180071000124,0.06633002815522096,-0.05004896560166483,0.0,35.0,0.0
2,68,-0.034080058758722,0.06610356224752112,-0.04976741339209206,0.0,35.0,0.0
2,69,-0.03453299057412168,0.06633614885542906,-0.04976741339209206,0.0,35.0,0.0
2,70,-0.03431264536662994,0.06618313135022647,-0.049700085689802914,0.0,35.0,0.0
2,71,-0.03431264536662994,0.06633614885542906,-0.04990818949687844,0.0,35.0,0.0
2,72,-0.034496266372873056,0.06615864854939404,-0.04990206879667034,0.0,35.0,0.0
2,73,-0.03458807687599461,0.0662198555514751,-0.049669482188762396,0.0,35.0,0.0
2,74,-0.034416697270167704,0.06593218264169422,-0.04974905129146774,0.0,35.0,0.0
2,75,-0.03429428326600563,0.06584649283878076,-0.04977353409230016,0.0,35.0,0.0
2,76,-0.03446566287183254,0.06612804504835354,-0.049644999387929975,0.0,35.0,0.0
2,77,-0.03436161096829478,0.0657608030358673,-0.0496817235891786,0.0,35.0,0.0
2,78,-0.03436161096829478,0.06732770228914188,-0.049687844289386704,0.0,35.0,0.0
2,79,-0.03458807687599461,0.06617701065001837,-0.049687844289386704,0.0,35.0,0.0
2,80,-0.03443505937079202,0.06626882115313992,-0.049669482188762396,0.0,35.0,0.0
2,81,-0.03416574856163545,0.06620149345085077,-0.049516464683559795,0.0,35.0,0.0
2,82,-0.034282041865589426,0.06631166605459664,-0.049700085689802914,0.0,35.0,0.0
2,83,-0.03453911127432978,0.06615864854939404,-0.04963887868772188,0.0,35.0,0.0
2,84,-0.034086179458930096,0.06610968294772922,-0.049657240788346185,0.0,35.0,0.0
2,85,-0.034514628473497365,0.06603623454523197,-0.04970620639001101,0.0,35.0,0.0
2,86,-0.03422083486350839,0.06627494185334802,-0.049798016893132575,0.0,35.0,0.0
2,87,-0.03425755906475701,0.06620761415105889,-0.04960827518668136,0.0,35.0,0.0
2,88,-0.03407393805851389,0.06614028644876974,-0.04973068919084343,0.0,35.0,0.0
2,89,-0.034428938670583914,0.06628718325376423,-0.04979189619292447,0.0,35.0,0.0
2,90,-0.03433100746725425,0.06629942465418044,-0.04962051658709756,0.0,35.0,0.0
2,91,-0.03436161096829478,0.06631166605459664,-0.05007344840249724,0.0,35.0,0.0
2,92,-0.03420859346309218,0.06606071734606439,-0.049712327090219124,0.0,35.0,0.0
2,93,-0.03445954217162443,0.06595666544252662,-0.04963275798751377,0.0,35.0,0.0
2,94,-0.03433712816746236,0.06610356224752112,-0.04987758599583793,0.0,35.0,0.0
2,95,-0.03429428326600563,0.06613416574856164,-0.0496817235891786,0.0,35.0,0.0
2,96,-0.034496266372873056,0.06612804504835354,-0.04963887868772188,0.0,35.0,0.0
2,97,-0.034496266372873056,0.06612804504835354,-0.04963887868772188,0.0,35.0,0.0
2,98,-0.034514628473497365,0.0664095972579263,-0.04965112008813809,0.0,35.0,0.0
2,99,-0.03449014567266495,0.06610968294772922,-0.049755171991675846,0.0,35.0,0.0
3,0,0.0315032439711103,0.05861794589301016,-0.06583425143836455,35.0,35.0,0.0
3,1,0.03128901946382666,0.05873423919696413,-0.06563838903170523,35.0,35.0,0.0
3,2,0.031491002570694086,0.05862406659321826,-0.06585873423919696,35.0,35.0,0.0
3,3,0.031491002570694086,0.05862406659321826,-0.06585873423919696,35.0,35.0,0.0
3,4,0.03133186436528339,0.05882604970008569,-0.06603011384502387,35.0,35.0,0.0
3,5,0.03133186436528339,0.05860570449259396,-0.0659138205410699,35.0,35.0,0.0
3,6,0.03133186436528339,0.05860570449259396,-0.0659138205410699,35.0,35.0,0.0
3,7,0.03142979556861305,0.05889949810258294,-0.06601787244460766,35.0,35.0,0.0
3,8,0.03142979556861305,0.05866691149467499,-0.06571183743420247,35.0,35.0,0.0
3,9,0.03142979556861305,0.05875260129758845,-0.06580364793732403,35.0,35.0,0.0
3,10,0.031533847472150815,0.05875260129758845,-0.06580364793732403,35.0,35.0,0.0
3,11,0.031148243359040272,0.058403721385726526,-0.06572407883461868,35.0,35.0,0.0
3,12,0.031405312767780635,0.05857510099155343,-0.06595054474231851,35.0,35.0,0.0
3,13,0.031405312767780635,0.05857510099155343,-0.06595054474231851,35.0,35.0,0.0
3,14,0.03120945036112131,0.05859346309217774,-0.06580976863753213,35.0,35.0,0.0
3,15,0.031491002570694086,0.05862406659321826,-0.06588321704002939,35.0,35.0,0.0
3,16,0.031491002570694086,0.05862406659321826,-0.06588321704002939,35.0,35.0,0.0
3,17,0.031197208960705103,0.05862406659321826,-0.06582201003794834,35.0,35.0,0.0
3,18,0.031423674868404944,0.05879544619904518,-0.06568735463337005,35.0,35.0,0.0
3,19,0.031423674868404944,0.05879544619904518,-0.06568735463337005,35.0,35.0,0.0
3,20,0.03135634716611581,0.058587342391969645,-0.06584037213857266,35.0,35.0,0.0
3,21,0.03149712327090219,0.05879544619904518,-0.06574856163545109,35.0,35.0,0.0
3,22,0.031405312767780635,0.058930101603623455,-0.06546088872567021,35.0,35.0,0.0
3,23,0.031405312767780635,0.058930101603623455,-0.06546088872567021,35.0,35.0,0.0
3,24,0.031319622964867185,0.0585261353898886,-0.06578528583669971,35.0,35.0,0.0
3,25,0.03130126086424287,0.05870975639613172,-0.06571183743420247,35.0,35.0,0.0
3,26,0.03130126086424287,0.05870975639613172,-0.06571183743420247,35.0,35.0,0.0
3,27,0.03120945036112131,0.05870975639613172,-0.06558330272983229,35.0,35.0,0.0
3,28,0.03146651976986167,0.058544497490512916,-0.06569347533357817,35.0,35.0,0.0
3,29,0.03146651976986167,0.058544497490512916,-0.06569347533357817,35.0,35.0,0.0
3,30,0.031631778675480476,0.05864242869384258,-0.06586485493940507,35.0,35.0,0.0
3,31,0.03147876117027788,0.05863630799363447,-0.0659260619414861,35.0,35.0,0.0
3,32,0.03147876117027788,0.05863630799363447,-0.0659260619414861,35.0,35.0,0.0
3,33,0.031264536662994245,0.05877708409842086,-0.06579140653690782,35.0,35.0,0.0
3,34,0.03125841596278614,0.05845880768759946,-0.06555881992899988,35.0,35.0,0.0
3,35,0.03144815766923736,0.05871587709633982,-0.06571795813441059,35.0,35.0,0.0
3,36,0.03144815766923736,0.05871587709633982,-0.06571795813441059,35.0,35.0,0.0
3,37,0.03131350226465908,0.058728118496756035,-0.06570571673399436,35.0,35.0,0.0
3,38,0.031491002570694086,0.05849553188884808,-0.06569347533357817,35.0,35.0,0.0
3,39,0.031491002570694086,0.05849553188884808,-0.06569347533357817,35.0,35.0,0.0
3,40,0.03142979556861305,0.0585200146896805,-0.06593830334190232,35.0,35.0,0.0
3,41,0.03133798506549149,0.05870975639613172,-0.06591994124127801,35.0,35.0,0.0
3,42,0.03133798506549149,0.05870975639613172,-0.06591994124127801,35.0,35.0,0.0
3,43,0.03155833027298323,0.058789325498837065,-0.06571183743420247,35.0,35.0,0.0
3,44,0.03117272615987269,0.058489411188639984,-0.0656200269310809,35.0,35.0,0.0
3,45,0.03117272615987269,0.058489411188639984,-0.0656200269310809,35.0,35.0,0.0
3,46,0.03129514016403477,0.05860570449259396,-0.06588321704002939,35.0,35.0,0.0
3,47,0.031148243359040272,0.05863630799363447,-0.06569959603378626,35.0,35.0,0.0
3,48,0.031276778063410456,0.058660790794466885,-0.06573019953482678,35.0,35.0,0.0
3,49,0.031276778063410456,0.058660790794466885,-0.06573019953482678,35.0,35.0,0.0
3,50,0.031405312767780635,0.058728118496756035,-0.0659076998408618,35.0,35.0,0.0
3,51,0.03139919206757253,0.05875872199779655,-0.06571795813441059,35.0,35.0,0.0
3,52,0.031166605459664588,0.058770963398212764,-0.06580976863753213,35.0,35.0,0.0
3,53,0.03127065736320235,0.058630187293426374,-0.06562614763128902,35.0,35.0,0.0
3,54,0.03133798506549149,0.058630187293426374,-0.06584649283878076,35.0,35.0,0.0
3,55,0.03138082996694822,0.058930101603623455,-0.06568735463337005,35.0,35.0,0.0
3,56,0.03146039906965357,0.05858122169176154,-0.06587097563961317,35.0,35.0,0.0
3,57,0.03138695066715632,0.05876484269800465,-0.06585873423919696,35.0,35.0,0.0
3,58,0.03117272615987269,0.058703635695923614,-0.06588321704002939,35.0,35.0,0.0
3,59,0.03117272615987269,0.058703635695923614,-0.06431631778675481,35.0,35.0,0.0
3,60,0.031117639857999757,0.058746480597380336,-0.06580364793732403,35.0,35.0,0.0
3,61,0.031790916880891175,0.05889337740237484,-0.06591994124127801,35.0,35.0,0.0
3,62,0.031411433467988734,0.05873423919696413,-0.06593830334190232,35.0,35.0,0.0
3,63,0.0310319500550863,0.05886889460154242,-0.06579140653690782,35.0,35.0,0.0
3,64,0.031362467866323906,0.0585261353898886,-0.06568123393316196,35.0,35.0,0.0
3,65,0.031221691761537516,0.05875872199779655,-0.06573019953482678,35.0,35.0,0.0
3,66,0.0315032439711103,0.05862406659321826,-0.06569347533357817,35.0,35.0,0.0
3,67,0.031264536662994245,0.05848329048843187,-0.06579140653690782,35.0,35.0,0.0
3,68,0.031393071367364425,0.058630187293426374,-0.06576692373607541,35.0,35.0,0.0
3,69,0.03146651976986167,0.058789325498837065,-0.06583425143836455,35.0,35.0,0.0
3,70,0.03114212265883217,0.05881380829966948,-0.06589545844044559,35.0,35.0,0.0
3,71,0.031227812461745625,0.058789325498837065,-0.0656139062308728,35.0,35.0,0.0
3,72,0.03136858856653201,0.05856898029134533,-0.06576692373607541,35.0,35.0,0.0
3,73,0.03136858856653201,0.05873423919696413,-0.06588933774023749,35.0,35.0,0.0
3,74,0.03133186436528339,0.05873423919696413,-0.06580976863753213,35.0,35.0,0.0
3,75,0.03136858856653201,0.059046394907577425,-0.06580976863753213,35.0,35.0,0.0
3,76,0.031136001958624065,0.058789325498837065,-0.06579140653690782,35.0,35.0,0.0
3,77,0.031435916268821154,0.05885053250091811,-0.06563226833149713,35.0,35.0,0.0
3,78,0.031362467866323906,0.05853837679030481,-0.06580364793732403,35.0,35.0,0.0
3,79,0.03128901946382666,0.05861794589301016,-0.06571183743420247,35.0,35.0,0.0
3,80,0.031546088872567025,0.0586975149957155,-0.06570571673399436,35.0,35.0,0.0
3,81,0.031246174562369933,0.05901579140653691,-0.06565063043212144,35.0,35.0,0.0
3,82,0.03135634716611581,0.05878320479862896,-0.06580976863753213,35.0,35.0,0.0
3,83,0.031405312767780635,0.058728118496756035,-0.06600563104419147,35.0,35.0,0.0
3,84,0.03138695066715632,0.05847716978822377,-0.06573632023503488,35.0,35.0,0.0
3,85,0.03137470926674012,0.058648549394050675,-0.06576692373607541,35.0,35.0,0.0
3,86,0.03128289876361856,0.05878320479862896,-0.06560778553066471,35.0,35.0,0.0
3,87,0.031411433467988734,0.05859346309217774,-0.06584037213857266,35.0,35.0,0.0
3,88,0.031203329660913208,0.058691394295507404,-0.06590157914065368,35.0,35.0,0.0
3,89,0.03125841596278614,0.058691394295507404,-0.06577304443628351,35.0,35.0,0.0
3,90,0.031393071367364425,0.0586791528950912,-0.06568123393316196,35.0,35.0,0.0
3,91,0.03153996817235892,0.05861794589301016,-0.06573632023503488,35.0,35.0,0.0
3,92,0.031411433467988734,0.05881992899987759,-0.0656139062308728,35.0,35.0,0.0
3,93,0.031203329660913208,0.05859958379238585,-0.06600563104419147,35.0,35.0,0.0
3,94,0.03145427836944546,0.05873423919696413,-0.06572407883461868,35.0,35.0,0.0
3,95,0.03125841596278614,0.05862406659321826,-0.06566287183253763,35.0,35.0,0.0
3,96,0.03125841596278614,0.05862406659321826,-0.065742440935243,35.0,35.0,0.0
3,97,0.03131350226465908,0.05850165258905619,-0.065742440935243,35.0,35.0,0.0
3,98,0.031197208960705103,0.058887256702166726,-0.06570571673399436,35.0,35.0,0.0
3,99,0.03133186436528339,0.05857510099155343,-0.06573019953482678,35.0,35.0,0.0
