values,,Magnetometer,Magnetometer,Magnetometer,position,position,position
axis,,x,y,z,x,y,z
Sensor,Sample,,,,,,
0,0,-0.07907332598849308,-0.05966458562859591,-0.1038437997306892,0.0,0.0,0.0
0,1,-0.07888358428204187,-0.05966458562859591,-0.1038437997306892,0.0,0.0,0.0
0,2,-0.07889582568245808,-0.05936467131839882,-0.10373362712694331,0.0,0.0,0.0
0,3,-0.07913453299057413,-0.05926674011506916,-0.10315216060717347,0.0,0.0,0.0
0,4,-0.07913453299057413,-0.05926674011506916,-0.10315216060717347,0.0,0.0,0.0
0,5,-0.07899987758599583,-0.05935242991798262,-0.10362957522340557,0.0,0.0,0.0
0,6,-0.07887746358183376,-0.05940751621985555,-0.10370914432611092,0.0,0.0,0.0
0,7,-0.07887746358183376,-0.05940751621985555,-0.10370914432611092,0.0,0.0,0.0
0,8,-0.07887746358183376,-0.05949320602276901,-0.10405802423797283,0.0,0.0,0.0
0,9,-0.0789264291834986,-0.05949932672297711,-0.10395397233443507,0.0,0.0,0.0
0,10,-0.0789264291834986,-0.05949932672297711,-0.10395397233443507,0.0,0.0,0.0
0,11,-0.07887746358183376,-0.05948096462235279,-0.103715265026319,0.0,0.0,0.0
0,12,-0.07882237727996083,-0.059327947117150205,-0.10411311053984576,0.0,0.0,0.0
0,13,-0.07882237727996083,-0.059327947117150205,-0.10411311053984576,0.0,0.0,0.0
0,14,-0.07890194638266618,-0.059511568123393324,-0.10396621373485126,0.0,0.0,0.0
0,15,-0.07904884318766067,-0.05930958501652589,-0.10388664463214592,0.0,0.0,0.0
0,16,-0.07904884318766067,-0.05930958501652589,-0.10388664463214592,0.0,0.0,0.0
0,17,-0.07905496388786877,-0.059285102215693476,-0.1036785408250704,0.0,0.0,0.0
0,18,-0.0787856530787122,-0.05959113722609867,-0.10381319622964866,0.0,0.0,0.0
0,19,-0.0787856530787122,-0.05959113722609867,-0.10381319622964866,0.0,0.0,0.0
0,20,-0.07898151548537152,-0.05956665442526625,-0.10396621373485126,0.0,0.0,0.0
0,21,-0.07897539478516342,-0.05920553311298813,-0.10383155833027298,0.0,0.0,0.0
0,22,-0.078950911984331,-0.05954829232464194,-0.10407026563838903,0.0,0.0,0.0
0,23,-0.078950911984331,-0.05954829232464194,-0.10407026563838903,0.0,0.0,0.0
0,24,-0.07916513649161463,-0.05957889582568245,-0.10393561023381075,0.0,0.0,0.0
0,25,-0.0791222915901579,-0.05949320602276901,-0.10424164524421593,0.0,0.0,0.0
0,26,-0.0791222915901579,-0.05949320602276901,-0.10424164524421593,0.0,0.0,0.0
0,27,-0.07887746358183376,-0.05926061941486106,-0.10364793732402985,0.0,0.0,0.0
0,28,-0.07918961929244706,-0.05937691271881503,-0.10390500673277023,0.0,0.0,0.0
0,29,-0.07918961929244706,-0.05937691271881503,-0.10390500673277023,0.0,0.0,0.0
0,30,-0.07903660178724446,-0.05956665442526625,-0.10393561023381075,0.0,0.0,0.0
0,31,-0.07903660178724446,-0.05950544742318521,-0.10395397233443507,0.0,0.0,0.0
0,32,-0.07903660178724446,-0.05950544742318521,-0.10395397233443507,0.0,0.0,0.0
0,33,-0.07903048108703635,-0.05945036112131228,-0.10403966213734853,0.0,0.0,0.0
0,34,-0.07907944668870118,-0.059646223527971595,-0.1040213000367242,0.0,0.0,0.0
0,35,-0.07907944668870118,-0.059646223527971595,-0.1040213000367242,0.0,0.0,0.0
0,36,-0.07911617088994981,-0.059670706328804016,-0.10389276533235403,0.0,0.0,0.0
0,37,-0.07886522218141755,-0.05951768882360142,-0.10403966213734853,0.0,0.0,0.0
0,38,-0.07886522218141755,-0.05962174072713918,-0.10392336883339455,0.0,0.0,0.0
0,39,-0.07892030848329049,-0.05962174072713918,-0.10392336883339455,0.0,0.0,0.0
0,40,-0.07891418778308239,-0.05956053372505815,-0.10375198922756763,0.0,0.0,0.0
0,41,-0.07899375688578773,-0.05952380952380952,-0.10388664463214592,0.0,0.0,0.0
0,42,-0.07899375688578773,-0.05952380952380952,-0.10388664463214592,0.0,0.0,0.0
0,43,-0.07888358428204187,-0.059468723221936595,-0.10377647202840005,0.0,0.0,0.0
0,44,-0.0789570326845391,-0.059468723221936595,-0.10379483412902438,0.0,0.0,0.0
0,45,-0.0789570326845391,-0.059468723221936595,-0.10379483412902438,0.0,0.0,0.0
0,46,-0.07903048108703635,-0.05941363692006365,-0.10370302362590281,0.0,0.0,0.0
0,47,-0.07906720528828498,-0.05934018851756641,-0.10389276533235403,0.0,0.0,0.0
0,48,-0.07907944668870118,-0.05966458562859591,-0.10399069653568369,0.0,0.0,0.0
0,49,-0.07907944668870118,-0.059511568123393324,-0.10380707552944057,0.0,0.0,0.0
0,50,-0.07921410209327948,-0.059511568123393324,-0.10380707552944057,0.0,0.0,0.0
0,51,-0.07921410209327948,-0.05947484392214469,-0.10355612682090831,0.0,0.0,0.0
0,52,-0.07893867058391481,-0.059487085322560904,-0.10393561023381075,0.0,0.0,0.0
0,53,-0.07886522218141755,-0.05965846492838781,-0.10400905863630798,0.0,0.0,0.0
0,54,-0.0789570326845391,-0.059285102215693476,-0.10394785163422696,0.0,0.0,0.0
0,55,-0.0789570326845391,-0.05948096462235279,-0.10372750642673523,0.0,0.0,0.0
0,56,-0.07876729097808789,-0.059431999020687964,-0.10394785163422696,0.0,0.0,0.0
0,57,-0.07890194638266618,-0.05945036112131228,-0.1038437997306892,0.0,0.0,0.0
0,58,-0.07915901579140654,-0.05956053372505815,-0.10397845513526746,0.0,0.0,0.0
0,59,-0.07903048108703635,-0.05949932672297711,-0.10391724813318644,0.0,0.0,0.0
0,60,-0.07890806708287428,-0.059542171624433836,-0.10407026563838903,0.0,0.0,0.0
0,61,-0.07888358428204187,-0.059585016525890565,-0.10407638633859713,0.0,0.0,0.0
0,62,-0.0789447912841229,-0.05931570571673399,-0.10367242012486229,0.0,0.0,0.0
0,63,-0.0789447912841229,-0.05941975762027176,-0.10391112743297833,0.0,0.0,0.0
0,64,-0.0787611702778798,-0.05941975762027176,-0.10391112743297833,0.0,0.0,0.0
0,65,-0.07883461868037703,-0.05949320602276901,-0.10392336883339455,0.0,0.0,0.0
0,66,-0.0789570326845391,-0.05956665442526625,-0.10377035132819194,0.0,0.0,0.0
0,67,-0.0789570326845391,-0.05935242991798262,-0.10375198922756763,0.0,0.0,0.0
0,68,-0.07887134288162566,-0.0596339821275554,-0.10394173093401886,0.0,0.0,0.0
0,69,-0.07905496388786877,-0.05955441302485004,-0.10378871342881626,0.0,0.0,0.0
0,70,-0.07866935977475822,-0.059487085322560904,-0.10359897172236503,0.0,0.0,0.0
0,71,-0.07884073938058514,-0.05956053372505815,-0.10380095482923246,0.0,0.0,0.0
0,72,-0.07903660178724446,-0.05966458562859591,-0.10359285102215694,0.0,0.0,0.0
0,73,-0.0787856530787122,-0.059285102215693476,-0.1036785408250704,0.0,0.0,0.0
0,74,-0.07904884318766067,-0.05950544742318521,-0.10375810992777575,0.0,0.0,0.0
0,75,-0.07882237727996083,-0.05927898151548537,-0.10361733382298935,0.0,0.0,0.0
0,76,-0.07906108458807688,-0.0593340678173583,-0.10368466152527848,0.0,0.0,0.0
0,77,-0.0789325498837067,-0.05962174072713918,-0.10389888603256212,0.0,0.0,0.0
0,78,-0.07892030848329049,-0.05959113722609867,-0.10345207491737055,0.0,0.0,0.0
0,79,-0.07912841229036602,-0.059511568123393324,-0.10347655771820297,0.0,0.0,0.0
0,80,-0.07871220467621495,-0.05959725792630677,-0.10362957522340557,0.0,0.0,0.0
0,81,-0.07906108458807688,-0.05960949932672298,-0.10373974782715142,0.0,0.0,0.0
0,82,-0.07906108458807688,-0.05960949932672298,-0.10373974782715142,0.0,0.0,0.0
0,83,-0.07899987758599583,-0.05941975762027176,-0.10391112743297833,0.0,0.0,0.0
0,84,-0.0789570326845391,-0.059572775125474355,-0.10373362712694331,0.0,0.0,0.0
0,85,-0.07903660178724446,-0.059542171624433836,-0.10373362712694331,0.0,0.0,0.0
0,86,-0.07888358428204187,-0.05935242991798262,-0.10380095482923246,0.0,0.0,0.0
0,87,-0.07911005018974171,-0.05954829232464194,-0.10386828253152161,0.0,0.0,0.0
0,88,-0.07905496388786877,-0.05946260252172848,-0.10355612682090831,0.0,0.0,0.0
0,89,-0.07896315338474721,-0.05937691271881503,-0.10378871342881626,0.0,0.0,0.0
0,90,-0.07897539478516342,-0.05935242991798262,-0.10390500673277023,0.0,0.0,0.0
0,91,-0.07872444607663118,-0.05907087770840984,-0.10375198922756763,0.0,0.0,0.0
0,92,-0.078950911984331,-0.05965846492838781,-0.10379483412902438,0.0,0.0,0.0
0,93,-0.0789325498837067,-0.05950544742318521,-0.1040274207369323,0.0,0.0,0.0
0,94,-0.0789325498837067,-0.06107234667645979,-0.1036969029256947,0.0,0.0,0.0
0,95,-0.07904884318766067,-0.05960949932672298,-0.1036969029256947,0.0,0.0,0.0
0,96,-0.0789264291834986,-0.05925449871465296,-0.10383155833027298,0.0,0.0,0.0
0,97,-0.07898763618557963,-0.059542171624433836,-0.10348879911861916,0.0,0.0,0.0
0,98,-0.07922022279348757,-0.059511568123393324,-0.10410086913942955,0.0,0.0,0.0
0,99,-0.07908556738890929,-0.059487085322560904,-0.10392336883339455,0.0,0.0,0.0
1,0,0.057565185457216304,-0.03483290488431877,-0.049173705471905985,35.0,0.0,0.0
1,1,0.057675358060962176,-0.03498592238952136,-0.04916758477169788,35.0,0.0,0.0
1,2,0.057675358060962176,-0.03498592238952136,-0.04916758477169788,35.0,0.0,0.0
1,3,0.05768147876117028,-0.03514506059493206,-0.04906965356836822,35.0,0.0,0.0
1,4,0.05789570326845391,-0.034912473987024115,-0.049155343371281676,35.0,0.0,0.0
1,5,0.05789570326845391,-0.034912473987024115,-0.049155343371281676,35.0,0.0,0.0
1,6,0.05782837556616477,-0.03493083608764842,-0.0490329293671196,35.0,0.0,0.0
1,7,0.05801199657240789,-0.03484514628473497,-0.04908189496878443,35.0,0.0,0.0
1,8,0.05801199657240789,-0.03484514628473497,-0.04908189496878443,35.0,0.0,0.0
1,9,0.05798139307136736,-0.03508385359285102,-0.049143101970865466,35.0,0.0,0.0
1,10,0.058091565675113234,-0.035010405190353776,-0.04924715387440323,35.0,0.0,0.0
1,11,0.058091565675113234,-0.035010405190353776,-0.04924715387440323,35.0,0.0,0.0
1,12,0.05781613416574856,-0.034839025584526874,-0.04930224017627617,35.0,0.0,0.0
1,13,0.05763863385971355,-0.03482678418411066,-0.049271636675235646,35.0,0.0,0.0
1,14,0.057803892765332356,-0.03480230138327824,-0.04925327457461133,35.0,0.0,0.0
1,15,0.057803892765332356,-0.03480230138327824,-0.04925327457461133,35.0,0.0,0.0
1,16,0.0580364793732403,-0.03496143958868895,-0.04902680866691149,35.0,0.0,0.0
1,17,0.05796915167095116,-0.034936956787856535,-0.049283878075651856,35.0,0.0,0.0
1,18,0.05796915167095116,-0.034936956787856535,-0.049283878075651856,35.0,0.0,0.0
1,19,0.05793854816991064,-0.034936956787856535,-0.04923491247398702,35.0,0.0,0.0
1,20,0.05795691027053494,-0.03507773289264292,-0.04924715387440323,35.0,0.0,0.0
1,21,0.05795691027053494,-0.03507773289264292,-0.04924715387440323,35.0,0.0,0.0
1,22,0.05789570326845391,-0.03480842208348635,-0.0490390500673277,35.0,0.0,0.0
1,23,0.05788958256824581,-0.0348757497857755,-0.048775859958379235,35.0,0.0,0.0
1,24,0.05788958256824581,-0.0348757497857755,-0.048775859958379235,35.0,0.0,0.0
1,25,0.05796915167095116,-0.035010405190353776,-0.049198188272738405,35.0,0.0,0.0
1,26,0.057663116660545966,-0.035163422695556376,-0.04905129146774391,35.0,0.0,0.0
1,27,0.05779777206512425,-0.034869629085567386,-0.04946137838168686,35.0,0.0,0.0
1,28,0.05779777206512425,-0.034869629085567386,-0.04946137838168686,35.0,0.0,0.0
1,29,0.05777328926429184,-0.03458807687599461,-0.04939405067939772,35.0,0.0,0.0
1,30,0.057810013465540454,-0.03469212877953238,-0.04908189496878443,35.0,0.0,0.0
1,31,0.057810013465540454,-0.03469212877953238,-0.04908189496878443,35.0,0.0,0.0
1,32,0.05782225486595667,-0.03510833639368344,-0.04907577426857633,35.0,0.0,0.0
1,33,0.05806708287428082,-0.03493083608764842,-0.049216550373362714,35.0,0.0,0.0
1,34,0.05806708287428082,-0.03493083608764842,-0.049216550373362714,35.0,0.0,0.0
1,35,0.057920186069286325,-0.03494919818827274,-0.049155343371281676,35.0,0.0,0.0
1,36,0.05789570326845391,-0.03474721508140531,-0.049100257069408744,35.0,0.0,0.0
1,37,0.057663116660545966,-0.03477169788223773,-0.049185946872322195,35.0,0.0,0.0
1,38,0.057663116660545966,-0.03477169788223773,-0.049185946872322195,35.0,0.0,0.0
1,39,0.05796915167095116,-0.035022646590769986,-0.04898396376545477,35.0,0.0,0.0
1,40,0.05811604847594565,-0.0350471293916024,-0.048898273962541317,35.0,0.0,0.0
1,41,0.05811604847594565,-0.0350471293916024,-0.048898273962541317,35.0,0.0,0.0
1,42,0.05781613416574856,-0.034783939282653935,-0.04912473987024116,35.0,0.0,0.0
1,43,0.058048720773656505,-0.03527359529930224,-0.049143101970865466,35.0,0.0,0.0
1,44,0.058048720773656505,-0.03527359529930224,-0.049143101970865466,35.0,0.0,0.0
1,45,0.05797527237115926,-0.03467988737911617,-0.04910637776961684,35.0,0.0,0.0
1,46,0.057803892765332356,-0.034881870485983596,-0.04899620516587098,35.0,0.0,0.0
1,47,0.057803892765332356,-0.034881870485983596,-0.04899620516587098,35.0,0.0,0.0
1,48,0.05788958256824581,-0.03486350838535929,-0.04902680866691149,35.0,0.0,0.0
1,49,0.05792630676949443,-0.035041008691394294,-0.049198188272738405,35.0,0.0,0.0
1,50,0.05774880646345942,-0.035157301995348264,-0.04927775737544375,35.0,0.0,0.0
1,51,0.05785897906720529,-0.03477781858244583,-0.04930836087648427,35.0,0.0,0.0
1,52,0.05778553066470804,-0.03494307748806463,-0.049045170767535805,35.0,0.0,0.0
1,53,0.05785285836699718,-0.03490635328681601,-0.04894111886399804,35.0,0.0,0.0
1,54,0.057950789570326844,-0.034924715387440325,-0.049185946872322195,35.0,0.0,0.0
1,55,0.05791406536907823,-0.03499816378993757,-0.04898396376545477,35.0,0.0,0.0
1,56,0.05775492716366752,-0.03482678418411066,-0.04932060227690048,35.0,0.0,0.0
1,57,0.057920186069286325,-0.0352123882972212,-0.048916636063165625,35.0,0.0,0.0
1,58,0.05784061696658098,-0.03508997429305913,-0.049130860570449256,35.0,0.0,0.0
1,59,0.057522340555759575,-0.03461255967682703,-0.04905129146774391,35.0,0.0,0.0
1,60,0.05765087526012976,-0.03496756028889705,-0.04910637776961684,35.0,0.0,0.0
1,61,0.058060962174072715,-0.03494307748806463,-0.04912473987024116,35.0,0.0,0.0
1,62,0.05799975517199167,-0.03493083608764842,-0.04927775737544375,35.0,0.0,0.0
1,63,0.05779777206512425,-0.035138939894723956,-0.04906353286816012,35.0,0.0,0.0
1,64,0.05779777206512425,-0.034955318888480844,-0.04912473987024116,35.0,0.0,0.0
1,65,0.057705961562002694,-0.034955318888480844,-0.04912473987024116,35.0,0.0,0.0
1,66,0.05785897906720529,-0.03480230138327824,-0.04906353286816012,35.0,0.0,0.0
1,67,0.05774880646345942,-0.03497368098910515,-0.049130860570449256,35.0,0.0,0.0
1,68,0.05781613416574856,-0.03493083608764842,-0.04906353286816012,35.0,0.0,0.0
1,69,0.057877341167829596,-0.03485738768515118,-0.048947239564206144,35.0,0.0,0.0
1,70,0.05776104786387563,-0.0350471293916024,-0.04914922267107357,35.0,0.0,0.0
1,71,0.05781613416574856,-0.03497368098910515,-0.049130860570449256,35.0,0.0,0.0
1,72,0.05773656506304321,-0.03484514628473497,-0.04911249846982495,35.0,0.0,0.0
1,73,0.057810013465540454,-0.03476557718202962,-0.04899008446566287,35.0,0.0,0.0
1,74,0.057907944668870115,-0.03507161219243481,-0.04906965356836822,35.0,0.0,0.0
1,75,0.05771208226221079,-0.03512057779409965,-0.04914922267107357,35.0,0.0,0.0
1,76,0.0580364793732403,-0.034710490880156694,-0.049100257069408744,35.0,0.0,0.0
1,77,0.05789570326845391,-0.03499816378993757,-0.049143101970865466,35.0,0.0,0.0
1,78,0.05772432366262701,-0.035028767290978084,-0.04930224017627617,35.0,0.0,0.0
1,79,0.058018117272615986,-0.0350532500918105,-0.04895336026441425,35.0,0.0,0.0
1,80,0.05789570326845391,-0.03490635328681601,-0.049326722977108585,35.0,0.0,0.0
1,81,0.05798139307136736,-0.034869629085567386,-0.049271636675235646,35.0,0.0,0.0
1,82,0.05783449626637287,-0.03510833639368344,-0.049326722977108585,35.0,0.0,0.0
1,83,0.05802423797282409,-0.03467376667890807,-0.049155343371281676,35.0,0.0,0.0
1,84,0.057669237360754064,-0.035022646590769986,-0.04913698127065737,35.0,0.0,0.0
1,85,0.057699840861794596,-0.034881870485983596,-0.049130860570449256,35.0,0.0,0.0
1,86,0.057699840861794596,-0.034881870485983596,-0.04926551597502754,35.0,0.0,0.0
1,87,0.05802423797282409,-0.034796180683070145,-0.04926551597502754,35.0,0.0,0.0
1,88,0.05793854816991064,-0.03499204308972946,-0.049045170767535805,35.0,0.0,0.0
1,89,0.05777328926429184,-0.03503488799118619,-0.048959480964622354,35.0,0.0,0.0
1,90,0.057663116660545966,-0.034936956787856535,-0.04924715387440323,35.0,0.0,0.0
1,91,0.057877341167829596,-0.03466152527849186,-0.04898396376545477,35.0,0.0,0.0
1,92,0.05771208226221079,-0.034667645978699965,-0.04900844656628718,35.0,0.0,0.0
1,93,0.0580364793732403,-0.03497368098910515,-0.04916146407148978,35.0,0.0,0.0
1,94,0.0578712204676215,-0.03496143958868895,-0.04909413636920064,35.0,0.0,0.0
1,95,0.057699840861794596,-0.03476557718202962,-0.049057412167952015,35.0,0.0,0.0
1,96,0.05774880646345942,-0.03485126698494308,-0.04895336026441425,35.0,0.0,0.0
1,97,0.057699840861794596,-0.03482678418411066,-0.04921042967315461,35.0,0.0,0.0
1,98,0.05779165136491614,-0.03497368098910515,-0.04923491247398702,35.0,0.0,0.0
1,99,0.05817113477781858,-0.03482066348390256,-0.049130860570449256,35.0,0.0,0.0
2,0,-0.03931937813685886,0.0747398702411556,-0.0498347410943812,0.0,35.0,0.0
2,1,-0.03931937813685886,0.0747398702411556,-0.0498347410943812,0.0,35.0,0.0
2,2,-0.03876239441792141,0.07458685273595299,-0.05020198310686742,0.0,35.0,0.0
2,3,-0.03924592973436161,0.07473374954094748,-0.05033663851144571,0.0,35.0,0.0
2,4,-0.03924592973436161,0.07473374954094748,-0.05033663851144571,0.0,35.0,0.0
2,5,-0.039141877830823846,0.07486228424531767,-0.050171379605826905,0.0,35.0,0.0
2,6,-0.03912351573019954,0.07494185334802302,-0.050208103807075535,0.0,35.0,0.0
2,7,-0.03912351573019954,0.07494185334802302,-0.05024482800832415,0.0,35.0,0.0
2,8,-0.039154119231240056,0.07458073203574489,-0.05024482800832415,0.0,35.0,0.0
2,9,-0.0393928265393561,0.07469702533969887,-0.05031827641082139,0.0,35.0,0.0
2,10,-0.039172481331864364,0.0747398702411556,-0.04999387929979189,0.0,35.0,0.0
2,11,-0.039172481331864364,0.0747398702411556,-0.04999387929979189,0.0,35.0,0.0
2,12,-0.03920920553311299,0.07479495654302852,-0.05055086301872934,0.0,35.0,0.0
2,13,-0.039184722732280575,0.0744460766311666,-0.050165258905618806,0.0,35.0,0.0
2,14,-0.039184722732280575,0.0744460766311666,-0.050165258905618806,0.0,35.0,0.0
2,15,-0.03931325743665075,0.07455012853470437,-0.05023870730811605,0.0,35.0,0.0
2,16,-0.03940506793977231,0.07471538744032317,-0.05010405190353776,0.0,35.0,0.0
2,17,-0.03940506793977231,0.07471538744032317,-0.05010405190353776,0.0,35.0,0.0
2,18,-0.03903170522707798,0.07471538744032317,-0.05053250091810503,0.0,35.0,0.0
2,19,-0.039270412535194026,0.0749234912473987,-0.05027543150936468,0.0,35.0,0.0
2,20,-0.039270412535194026,0.0749234912473987,-0.05027543150936468,0.0,35.0,0.0
2,21,-0.03936222303831559,0.07494797404823111,-0.05004896560166483,0.0,35.0,0.0
2,22,-0.03892153262333211,0.07481331864365284,-0.050250948708532264,0.0,35.0,0.0
2,23,-0.0392214469335292,0.07503978455135267,-0.050667156322683315,0.0,35.0,0.0
2,24,-0.0392214469335292,0.07503978455135267,-0.050667156322683315,0.0,35.0,0.0
2,25,-0.039301016036234544,0.07484392214469335,-0.050140776104786386,0.0,35.0,0.0
2,26,-0.03927653323540213,0.07503978455135267,-0.05005508630187293,0.0,35.0,0.0
2,27,-0.03927653323540213,0.07503978455135267,-0.05005508630187293,0.0,35.0,0.0
2,28,-0.03929489533602644,0.07483780144448525,-0.05045905251560778,0.0,35.0,0.0
2,29,-0.03912351573019954,0.07455012853470437,-0.05,0.0,35.0,0.0
2,30,-0.03912351573019954,0.07455012853470437,-0.05,0.0,35.0,0.0
2,31,-0.03908679152895091,0.07479495654302852,-0.0501591382054107,0.0,35.0,0.0
2,32,-0.03926429183498592,0.07498469824947974,-0.05053250091810503,0.0,35.0,0.0
2,33,-0.03926429183498592,0.07498469824947974,-0.05053250091810503,0.0,35.0,0.0
2,34,-0.03946627494185335,0.07481331864365284,-0.05051413881748072,0.0,35.0,0.0
2,35,-0.03921532623332109,0.07487452564573387,-0.05020198310686742,0.0,35.0,0.0
2,36,-0.03900722242624556,0.0747459909413637,-0.05033051781123761,0.0,35.0,0.0
2,37,-0.03900722242624556,0.0747459909413637,-0.05033051781123761,0.0,35.0,0.0
2,38,-0.03934386093769127,0.07480107724323662,-0.050710001224140044,0.0,35.0,0.0
2,39,-0.03910515362957522,0.0749296119476068,-0.050177500306035,0.0,35.0,0.0
2,40,-0.03910515362957522,0.0749296119476068,-0.050177500306035,0.0,35.0,0.0
2,41,-0.03905006732770229,0.07505814665197699,-0.05023258660790795,0.0,35.0,0.0
2,42,-0.03886644632145918,0.07462357693720162,-0.05037336271269434,0.0,35.0,0.0
2,43,-0.03886644632145918,0.07462357693720162,-0.05037336271269434,0.0,35.0,0.0
2,44,-0.03929489533602644,0.07469702533969887,-0.050495776716856414,0.0,35.0,0.0
2,45,-0.03958868894601543,0.07477047374219611,-0.050140776104786386,0.0,35.0,0.0
2,46,-0.03958868894601543,0.07477047374219611,-0.050140776104786386,0.0,35.0,0.0
2,47,-0.03933774023748317,0.07489900844656629,-0.05013465540457829,0.0,35.0,0.0
2,48,-0.03933161953727506,0.0749051291467744,-0.05045905251560778,0.0,35.0,0.0
2,49,-0.039056188027910395,0.07488064634594196,-0.05029991431019709,0.0,35.0,0.0
2,50,-0.03909903292936712,0.07509487085322561,-0.05022034520749173,0.0,35.0,0.0
2,51,-0.038958256824580734,0.07477659444240421,-0.05011629330395397,0.0,35.0,0.0
2,52,-0.03927653323540213,0.07504590525156077,-0.0501591382054107,0.0,35.0,0.0
2,53,-0.03912351573019954,0.07478271514261231,-0.05011629330395397,0.0,35.0,0.0
2,54,-0.039196964132696785,0.07477659444240421,-0.050355000612070024,0.0,35.0,0.0
2,55,-0.039154119231240056,0.07477659444240421,-0.05020198310686742,0.0,35.0,0.0
2,56,-0.039172481331864364,0.07496021544864732,-0.04996939649895948,0.0,35.0,0.0
2,57,-0.038884808422083486,0.07496021544864732,-0.050171379605826905,0.0,35.0,0.0
2,58,-0.03901946382666177,0.07498469824947974,-0.050342759211653806,0.0,35.0,0.0
2,59,-0.03931937813685886,0.07480719794344473,-0.050208103807075535,0.0,35.0,0.0
2,60,-0.03775247888358428,0.07483780144448525,-0.05009793120332966,0.0,35.0,0.0
2,61,-0.03914799853103195,0.07483780144448525,-0.05009793120332966,0.0,35.0,0.0
2,62,-0.03910515362957522,0.07470926674011506,-0.05029379360998898,0.0,35.0,0.0
2,63,-0.03910515362957522,0.07506426735218509,-0.050324397111029505,0.0,35.0,0.0
2,64,-0.03932549883706696,0.07481943934386094,-0.05058758721997797,0.0,35.0,0.0
2,65,-0.0392214469335292,0.07449504223283143,-0.05060594932060227,0.0,35.0,0.0
2,66,-0.03921532623332109,0.0749234912473987,-0.050171379605826905,0.0,35.0,0.0
2,67,-0.03916023993144816,0.0750887501530175,-0.05026319010894846,0.0,35.0,0.0
2,68,-0.0392336883339454,0.07502142245072836,-0.05053250091810503,0.0,35.0,0.0
2,69,-0.039043946627494185,0.07482556004406904,-0.050428449014567264,0.0,35.0,0.0
2,70,-0.03901946382666177,0.07494185334802302,-0.05047129391602399,0.0,35.0,0.0
2,71,-0.03936222303831559,0.07479495654302852,-0.050526380217896925,0.0,35.0,0.0
2,72,-0.03880523931937814,0.07462969763740972,-0.05019586240665932,0.0,35.0,0.0
2,73,-0.03902558452686987,0.0749234912473987,-0.05012241400416208,0.0,35.0,0.0
2,74,-0.0390745501285347,0.07471538744032317,-0.04996327579875138,0.0,35.0,0.0
2,75,-0.03909903292936712,0.07471538744032317,-0.050281552209572776,0.0,35.0,0.0
2,76,-0.03890929122291591,0.07477047374219611,-0.05033663851144571,0.0,35.0,0.0
2,77,-0.03932549883706696,0.07483780144448525,-0.05022646590769984,0.0,35.0,0.0
2,78,-0.039270412535194026,0.07481943934386094,-0.050281552209572776,0.0,35.0,0.0
2,79,-0.039196964132696785,0.07489900844656629,-0.05059982862039417,0.0,35.0,0.0
2,80,-0.038915411923124005,0.07499081894968784,-0.05039172481331864,0.0,35.0,0.0
2,81,-0.038915411923124005,0.07499081894968784,-0.05001224140041621,0.0,35.0,0.0
2,82,-0.0390745501285347,0.07482556004406904,-0.05001224140041621,0.0,35.0,0.0
2,83,-0.03927653323540213,0.07516219855551474,-0.05026319010894846,0.0,35.0,0.0
2,84,-0.03910515362957522,0.07484392214469335,-0.05004896560166483,0.0,35.0,0.0
2,85,-0.03933161953727506,0.07495409474843923,-0.05004284490145673,0.0,35.0,0.0
2,86,-0.03908679152895091,0.07466030113845024,-0.05031827641082139,0.0,35.0,0.0
2,87,-0.03905006732770229,0.0749234912473987,-0.05026319010894846,0.0,35.0,0.0
2,88,-0.03914799853103195,0.07465418043824214,-0.050452931815399685,0.0,35.0,0.0
2,89,-0.03934998163789938,0.07498469824947974,-0.05061207002081038,0.0,35.0,0.0
2,90,-0.039154119231240056,0.07470926674011506,-0.0501591382054107,0.0,35.0,0.0
2,91,-0.039301016036234544,0.07469090463949077,-0.050422328314359166,0.0,35.0,0.0
2,92,-0.03920308483290488,0.0745990941363692,-0.05028767290978088,0.0,35.0,0.0
2,93,-0.03947239564206145,0.0747459909413637,-0.05020198310686742,0.0,35.0,0.0
2,94,-0.03920920553311299,0.07505814665197699,-0.05033663851144571,0.0,35.0,0.0
2,95,-0.03920920553311299,0.07505814665197699,-0.05029991431019709,0.0,35.0,0.0
2,96,-0.03924592973436161,0.07473374954094748,-0.05029991431019709,0.0,35.0,0.0
2,97,-0.03919084343248867,0.07481943934386094,-0.05039784551352675,0.0,35.0,0.0
2,98,-0.03923980903415351,0.07462357693720162,-0.050416207614151054,0.0,35.0,0.0
2,99,-0.0390745501285347,0.07497245684906353,-0.05053250091810503,0.0,35.0,0.0
3,0,0.03718325376423063,0.06521606071734606,-0.06459174929611947,35.0,35.0,0.0
3,1,0.037048598359652345,0.06513649161464072,-0.06451218019341412,35.0,35.0,0.0
3,2,0.037146529562982006,0.06524054351817848,-0.0649345085077733,35.0,35.0,0.0
3,3,0.037146529562982006,0.06524054351817848,-0.0649345085077733,35.0,35.0,0.0
3,4,0.03695678785653079,0.06536907822254866,-0.06461623209695189,35.0,35.0,0.0
3,5,0.0369812706573632,0.0652650263190109,-0.06453054229403844,35.0,35.0,0.0
3,6,0.0369812706573632,0.0652650263190109,-0.06453054229403844,35.0,35.0,0.0
3,7,0.03709144326110907,0.06538744032317298,-0.0646345941975762,35.0,35.0,0.0
3,8,0.03720161586485494,0.0652650263190109,-0.06454890439466275,35.0,35.0,0.0
3,9,0.03720161586485494,0.0652650263190109,-0.06461623209695189,35.0,35.0,0.0
3,10,0.0368160117517444,0.06509364671318399,-0.06461623209695189,35.0,35.0,0.0
3,11,0.036907822254865955,0.06519769861672176,-0.06471416330028155,35.0,35.0,0.0
3,12,0.03711592606194149,0.06513649161464072,-0.06472640470069776,35.0,35.0,0.0
3,13,0.03711592606194149,0.06513649161464072,-0.06472640470069776,35.0,35.0,0.0
3,14,0.036791528950911985,0.0649528706083976,-0.06459786999632758,35.0,35.0,0.0
3,15,0.03685273595299302,0.06539968172358918,-0.06459786999632758,35.0,35.0,0.0
3,16,0.03685273595299302,0.06539968172358918,-0.06459786999632758,35.0,35.0,0.0
3,17,0.03731178846860081,0.06516097441547312,-0.0647692496021545,35.0,35.0,0.0
3,18,0.0368160117517444,0.06534459542171625,-0.0647876117027788,35.0,35.0,0.0
3,19,0.0368160117517444,0.06534459542171625,-0.0647876117027788,35.0,35.0,0.0
3,20,0.037177133064022524,0.06524054351817848,-0.06480597380340311,35.0,35.0,0.0
3,21,0.03696290855673889,0.06502631901089485,-0.06440200758966826,35.0,35.0,0.0
3,22,0.03696290855673889,0.06502631901089485,-0.06440200758966826,35.0,35.0,0.0
3,23,0.03692618435549026,0.06550985432733505,-0.06451830089362223,35.0,35.0,0.0
3,24,0.03692618435549026,0.06519769861672176,-0.06461011139674379,35.0,35.0,0.0
3,25,0.03691394295507406,0.06532011262088383,-0.0644632145917493,35.0,35.0,0.0
3,26,0.03691394295507406,0.06532011262088383,-0.0644632145917493,35.0,35.0,0.0
3,27,0.037152650263190104,0.06502631901089485,-0.06448157669237362,35.0,35.0,0.0
3,28,0.03723834006610356,0.06516097441547312,-0.06452442159383034,35.0,35.0,0.0
3,29,0.03723834006610356,0.06516097441547312,-0.06452442159383034,35.0,35.0,0.0
3,30,0.037005753458195616,0.06530787122046762,-0.06456114579507896,35.0,35.0,0.0
3,31,0.037005753458195616,0.06522830211776227,-0.0646284734973681,35.0,35.0,0.0
3,32,0.037005753458195616,0.06522830211776227,-0.0646284734973681,35.0,35.0,0.0
3,33,0.03726282286693598,0.06501407761047864,-0.0644754559921655,35.0,35.0,0.0
3,34,0.037005753458195616,0.06532623332109193,-0.06454890439466275,35.0,35.0,0.0
3,35,0.03682825315216061,0.06538744032317298,-0.06456726649528706,35.0,35.0,0.0
3,36,0.03682825315216061,0.06538744032317298,-0.06456726649528706,35.0,35.0,0.0
3,37,0.03695678785653079,0.06558330272983229,-0.0644570938915412,35.0,35.0,0.0
3,38,0.03720161586485494,0.06518545721630555,-0.06434080058758722,35.0,35.0,0.0
3,39,0.03720161586485494,0.06518545721630555,-0.06434080058758722,35.0,35.0,0.0
3,40,0.03712816746235769,0.06548537152650263,-0.06459786999632758,35.0,35.0,0.0
3,41,0.037146529562982006,0.06497735340923003,-0.06475088750153017,35.0,35.0,0.0
3,42,0.037146529562982006,0.06497735340923003,-0.06475088750153017,35.0,35.0,0.0
3,43,0.03712204676214959,0.06524054351817848,-0.06466519769861671,35.0,35.0,0.0
3,44,0.037152650263190104,0.06546700942587833,-0.06469580119965725,35.0,35.0,0.0
3,45,0.037152650263190104,0.06546700942587833,-0.06469580119965725,35.0,35.0,0.0
3,46,0.03695678785653079,0.06536295752234056,-0.06456726649528706,35.0,35.0,0.0
3,47,0.03679764965112009,0.06528950911984331,-0.06481209450361122,35.0,35.0,0.0
3,48,0.037146529562982006,0.0649528706083976,-0.06467743909903292,35.0,35.0,0.0
3,49,0.03720161586485494,0.06525278491859468,-0.06427347288529808,35.0,35.0,0.0
3,50,0.03712204676214959,0.06534459542171625,-0.0644754559921655,35.0,35.0,0.0
3,51,0.03696290855673889,0.06507528461255968,-0.06473864610111398,35.0,35.0,0.0
3,52,0.03673644264903905,0.0652650263190109,-0.06438976618925205,35.0,35.0,0.0
3,53,0.03723834006610356,0.0651120088138083,-0.06464683559799242,35.0,35.0,0.0
3,54,0.03722609866568736,0.06531399192067573,-0.06451830089362223,35.0,35.0,0.0
3,55,0.03696902925694699,0.06535071612192435,-0.06469580119965725,35.0,35.0,0.0
3,56,0.03703023625902803,0.06549761292691883,-0.06459786999632758,35.0,35.0,0.0
3,57,0.03689558085444975,0.06515485371526503,-0.06448769739258171,35.0,35.0,0.0
3,58,0.03689558085444975,0.06515485371526503,-0.06448769739258171,35.0,35.0,0.0
3,59,0.037158770963398216,0.06500795691027053,-0.06444485249112498,35.0,35.0,0.0
3,60,0.037048598359652345,0.06513649161464072,-0.06473864610111398,35.0,35.0,0.0
3,61,0.037164891663606314,0.06538131962296487,-0.06460399069653569,35.0,35.0,0.0
3,62,0.03712816746235769,0.06522830211776227,-0.06469580119965725,35.0,35.0,0.0
3,63,0.036920063655282165,0.06535683682213245,-0.06436528338841964,35.0,35.0,0.0
3,64,0.03699351205777941,0.06514873301505693,-0.06437752478883584,35.0,35.0,0.0
3,65,0.03690170155465785,0.06515485371526503,-0.06440812828987637,35.0,35.0,0.0
3,66,0.03725058146651977,0.0652772677194271,-0.06467131839882483,35.0,35.0,0.0
3,67,0.03706696046027665,0.06524666421838658,-0.06478149100257069,35.0,35.0,0.0
3,68,0.03699963275798752,0.0652833884196352,-0.06504468111151915,35.0,35.0,0.0
3,69,0.037146529562982006,0.06505692251193537,-0.06439588688946016,35.0,35.0,0.0
3,70,0.03684049455257681,0.065271147019219,-0.06449993879299792,35.0,35.0,0.0
3,71,0.03717101236381442,0.065271147019219,-0.06476312890194638,35.0,35.0,0.0
3,72,0.03703635695923614,0.06550373362712694,-0.06470192189986534,35.0,35.0,0.0
3,73,0.036920063655282165,0.06514873301505693,-0.06481821520381932,35.0,35.0,0.0
3,74,0.03696902925694699,0.0652772677194271,-0.06472640470069776,35.0,35.0,0.0
3,75,0.03678540825070388,0.06524054351817848,-0.06474476680132207,35.0,35.0,0.0
3,76,0.03699351205777941,0.06523442281797037,-0.06475088750153017,35.0,35.0,0.0
3,77,0.036975149957155104,0.06517321581588933,-0.06466519769861671,35.0,35.0,0.0
3,78,0.03699351205777941,0.0652833884196352,-0.06460399069653569,35.0,35.0,0.0
3,79,0.0369812706573632,0.06518545721630555,-0.06483657730444363,35.0,35.0,0.0
3,80,0.0369812706573632,0.06518545721630555,-0.06483657730444363,35.0,35.0,0.0
3,81,0.03704247765944424,0.06530175052025952,-0.06461623209695189,35.0,35.0,0.0
3,82,0.03699963275798752,0.06521606071734606,-0.06454278369445464,35.0,35.0,0.0
3,83,0.036920063655282165,0.06519769861672176,-0.06446933529195739,35.0,35.0,0.0
3,84,0.03710368466152528,0.06525278491859468,-0.06462235279716,35.0,35.0,0.0
3,85,0.03717101236381442,0.06540580242379729,-0.06457338719549517,35.0,35.0,0.0
3,86,0.03690170155465785,0.06516709511568124,-0.06466519769861671,35.0,35.0,0.0
3,87,0.03692618435549026,0.06506304321214347,-0.06449381809278981,35.0,35.0,0.0
3,88,0.0369812706573632,0.06548537152650263,-0.06426123148488187,35.0,35.0,0.0
3,89,0.03720773656506304,0.06533847472150814,-0.06438364548904395,35.0,35.0,0.0
3,90,0.03711592606194149,0.0651181295140164,-0.06486718080548415,35.0,35.0,0.0
3,91,0.037017994858611826,0.06523442281797037,-0.06464071489778431,35.0,35.0,0.0
3,92,0.03707308116048476,0.06520381931692985,-0.06444485249112498,35.0,35.0,0.0
3,93,0.03709144326110907,0.06547313012608642,-0.06462235279716,35.0,35.0,0.0
3,94,0.03709144326110907,0.06547313012608642,-0.06467743909903292,35.0,35.0,0.0
3,95,0.03708532256090097,0.06535683682213245,-0.06467743909903292,35.0,35.0,0.0
3,96,0.03703023625902803,0.06528950911984331,-0.06457950789570327,35.0,35.0,0.0
3,97,0.03724446076631167,0.06517321581588933,-0.06497735340923003,35.0,35.0,0.0
3,98,0.03701187415840372,0.06520381931692985,-0.06480597380340311,35.0,35.0,0.0
3,99,0.03698739135757131,0.06521606071734606,-0.06481209450361122,35.0,35.0,0.0
