values,,Magnetometer,Magnetometer,Magnetometer,position,position,position
axis,,x,y,z,x,y,z
Sensor,Sample,,,,,,
0,0,-0.05560044069041499,-0.054131472640470066,-0.08302117762272004,0.0,0.0,0.0
0,1,-0.055435181784796186,-0.05425388664463214,-0.08318643652833885,0.0,0.0,0.0
0,2,-0.055435181784796186,-0.05425388664463214,-0.08318643652833885,0.0,0.0,0.0
0,3,-0.05559431999020688,-0.0541681968417187,-0.08323540213000367,0.0,0.0,0.0
0,4,-0.05566164769249602,-0.05427836944546456,-0.08312522952625781,0.0,0.0,0.0
0,5,-0.05566164769249602,-0.05427836944546456,-0.08312522952625781,0.0,0.0,0.0
0,6,-0.05552699228791774,-0.054241645244215944,-0.08301505692251193,0.0,0.0,0.0
0,7,-0.05558819928999877,-0.05403354143714041,-0.08336393683437385,0.0,0.0,0.0
0,8,-0.05558819928999877,-0.05403354143714041,-0.08336393683437385,0.0,0.0,0.0
0,9,-0.05570449259395275,-0.0541804382421349,-0.08312522952625781,0.0,0.0,0.0
0,10,-0.05541681968417187,-0.05422940384379973,-0.08338841963520627,0.0,0.0,0.0
0,11,-0.05541681968417187,-0.05422940384379973,-0.08338841963520627,0.0,0.0,0.0
0,12,-0.05572897539478516,-0.05408250703880524,-0.083137470926674,0.0,0.0,0.0
0,13,-0.05542294038437997,-0.0543518178479618,-0.08334557473374954,0.0,0.0,0.0
0,14,-0.05542294038437997,-0.0543518178479618,-0.08334557473374954,0.0,0.0,0.0
0,15,-0.05550250948708533,-0.05398457583547558,-0.08330272983229281,0.0,0.0,0.0
0,16,-0.055655526992287915,-0.054174317541926795,-0.08337005753458196,0.0,0.0,0.0
0,17,-0.055655526992287915,-0.054174317541926795,-0.08337005753458196,0.0,0.0,0.0
0,18,-0.05566164769249602,-0.05414371404088628,-0.0834373852368711,0.0,0.0,0.0
0,19,-0.05538621618313135,-0.05421104174317541,-0.08298445342147141,0.0,0.0,0.0
0,20,-0.05551475088750153,-0.05414983474109438,-0.08345574733749542,0.0,0.0,0.0
0,21,-0.05551475088750153,-0.05414983474109438,-0.08345574733749542,0.0,0.0,0.0
0,22,-0.055655526992287915,-0.05407638633859714,-0.08333945403354144,0.0,0.0,0.0
0,23,-0.055551475088750156,-0.05423552454400783,-0.08315583302729831,0.0,0.0,0.0
0,24,-0.055551475088750156,-0.05423552454400783,-0.08315583302729831,0.0,0.0,0.0
0,25,-0.055478026686252915,-0.05420492104296731,-0.08340678173583058,0.0,0.0,0.0
0,26,-0.05556371648916636,-0.05448035255233199,-0.08256824580732036,0.0,0.0,0.0
0,27,-0.05556371648916636,-0.05448035255233199,-0.08256824580732036,0.0,0.0,0.0
0,28,-0.055478026686252915,-0.05406414493818092,-0.08280695311543641,0.0,0.0,0.0
0,29,-0.055478026686252915,-0.05400905863630799,-0.08318031582813074,0.0,0.0,0.0
0,30,-0.055478026686252915,-0.05400905863630799,-0.08318031582813074,0.0,0.0,0.0
0,31,-0.05551475088750153,-0.05408862773901334,-0.08316195372750643,0.0,0.0,0.0
0,32,-0.05541681968417187,-0.05410698983963765,-0.08333333333333334,0.0,0.0,0.0
0,33,-0.05541681968417187,-0.05410698983963765,-0.08333333333333334,0.0,0.0,0.0
0,34,-0.05516587097563961,-0.0541681968417187,-0.08330885053250092,0.0,0.0,0.0
0,35,-0.0554719059860448,-0.05396621373485126,-0.08321704002937937,0.0,0.0,0.0
0,36,-0.0554719059860448,-0.05396621373485126,-0.08321704002937937,0.0,0.0,0.0
0,37,-0.05539233688333946,-0.05420492104296731,-0.08316807442771454,0.0,0.0,0.0
0,38,-0.055643285591871705,-0.054198800342759215,-0.08305790182396866,0.0,0.0,0.0
0,39,-0.055643285591871705,-0.054198800342759215,-0.08305790182396866,0.0,0.0,0.0
0,40,-0.05573509609499326,-0.054241645244215944,-0.08340678173583058,0.0,0.0,0.0
0,41,-0.05551475088750153,-0.054100869139429554,-0.0834496266372873,0.0,0.0,0.0
0,42,-0.05550863018729343,-0.054198800342759215,-0.08299057412167951,0.0,0.0,0.0
0,43,-0.05550863018729343,-0.054198800342759215,-0.08299057412167951,0.0,0.0,0.0
0,44,-0.05572897539478516,-0.054217162443383524,-0.08346798873791161,0.0,0.0,0.0
0,45,-0.05549638878687722,-0.05422940384379973,-0.08288652221814176,0.0,0.0,0.0
0,46,-0.05549638878687722,-0.05422940384379973,-0.08288652221814176,0.0,0.0,0.0
0,47,-0.05564940629207982,-0.05426612804504836,-0.08287428081772555,0.0,0.0,0.0
0,48,-0.05560044069041499,-0.05411923124005387,-0.08329048843187661,0.0,0.0,0.0
0,49,-0.05560044069041499,-0.05411923124005387,-0.08329048843187661,0.0,0.0,0.0
0,50,-0.055478026686252915,-0.054162076141510584,-0.08322928142979556,0.0,0.0,0.0
0,51,-0.05541681968417187,-0.05411311053984576,-0.08338229893499817,0.0,0.0,0.0
0,52,-0.05549638878687722,-0.05430897294650509,-0.08339454033541437,0.0,0.0,0.0
0,53,-0.055410698983963766,-0.054070265638389035,-0.08337617823479006,0.0,0.0,0.0
0,54,-0.05535561268209083,-0.054015179336516096,-0.08325376423062798,0.0,0.0,0.0
0,55,-0.05566164769249602,-0.05400905863630799,-0.08314359162688212,0.0,0.0,0.0
0,56,-0.055545354388542044,-0.05424776594442404,-0.08301505692251193,0.0,0.0,0.0
0,57,-0.055410698983963766,-0.054186558942343,-0.0834435059370792,0.0,0.0,0.0
0,58,-0.05549026808666911,-0.054015179336516096,-0.08314971232709022,0.0,0.0,0.0
0,59,-0.055686130493328434,-0.054155955441302486,-0.08322928142979556,0.0,0.0,0.0
0,60,-0.055686130493328434,-0.054155955441302486,-0.08322928142979556,0.0,0.0,0.0
0,61,-0.05536173338229894,-0.054174317541926795,-0.08330272983229281,0.0,0.0,0.0
0,62,-0.055539233688333946,-0.05400905863630799,-0.08331497123270902,0.0,0.0,0.0
0,63,-0.05552087158770963,-0.054174317541926795,-0.08346186803770352,0.0,0.0,0.0
0,64,-0.055337250581466525,-0.05436405924837802,-0.08312522952625781,0.0,0.0,0.0
0,65,-0.0554657852858367,-0.05398457583547558,-0.08309462602521729,0.0,0.0,0.0
0,66,-0.05538621618313135,-0.05408250703880524,-0.08327212633125229,0.0,0.0,0.0
0,67,-0.05538009548292324,-0.05438242134900233,-0.08335169543395764,0.0,0.0,0.0
0,68,-0.05526380217896928,-0.054198800342759215,-0.08346798873791161,0.0,0.0,0.0
0,69,-0.05532500918105031,-0.054021300036724194,-0.08309462602521729,0.0,0.0,0.0
0,70,-0.0556310441914555,-0.05400293793609989,-0.08347410943811973,0.0,0.0,0.0
0,71,-0.0556310441914555,-0.054217162443383524,-0.0831191088260497,0.0,0.0,0.0
0,72,-0.055551475088750156,-0.054217162443383524,-0.0831191088260497,0.0,0.0,0.0
0,73,-0.05549638878687722,-0.05428449014567267,-0.08273350471293917,0.0,0.0,0.0
0,74,-0.0554719059860448,-0.05426612804504836,-0.08338841963520627,0.0,0.0,0.0
0,75,-0.05538621618313135,-0.05414371404088628,-0.08336393683437385,0.0,0.0,0.0
0,76,-0.05561880279103929,-0.054131472640470066,-0.08320479862896316,0.0,0.0,0.0
0,77,-0.05549638878687722,-0.05407638633859714,-0.08324764353041988,0.0,0.0,0.0
0,78,-0.055551475088750156,-0.0541804382421349,-0.08307014322438487,0.0,0.0,0.0
0,79,-0.055680009793120336,-0.05392336883339453,-0.08318643652833885,0.0,0.0,0.0
0,80,-0.05536785408250704,-0.05408862773901334,-0.08341290243603869,0.0,0.0,0.0
0,81,-0.05538009548292324,-0.05399681723589178,-0.0834435059370792,0.0,0.0,0.0
0,82,-0.055551475088750156,-0.05430897294650509,-0.08331497123270902,0.0,0.0,0.0
0,83,-0.05550863018729343,-0.05420492104296731,-0.08351083363936834,0.0,0.0,0.0
0,84,-0.055441302485004285,-0.05421104174317541,-0.08321704002937937,0.0,0.0,0.0
0,85,-0.05539233688333946,-0.05411311053984576,-0.08308238462480108,0.0,0.0,0.0
0,86,-0.055582078589790675,-0.054070265638389035,-0.0836026441424899,0.0,0.0,0.0
0,87,-0.055582078589790675,-0.054070265638389035,-0.0836026441424899,0.0,0.0,0.0
0,88,-0.05555759578895826,-0.05428449014567267,-0.08302117762272004,0.0,0.0,0.0
0,89,-0.05522095727751255,-0.05408862773901334,-0.0832598849308361,0.0,0.0,0.0
0,90,-0.055435181784796186,-0.0543334557473375,-0.08346798873791161,0.0,0.0,0.0
0,91,-0.055612682090831186,-0.0543334557473375,-0.08325376423062798,0.0,0.0,0.0
0,92,-0.05536173338229894,-0.05423552454400783,-0.08338229893499817,0.0,0.0,0.0
0,93,-0.055435181784796186,-0.054241645244215944,-0.08321704002937937,0.0,0.0,0.0
0,94,-0.055551475088750156,-0.054070265638389035,-0.08313135022646591,0.0,0.0,0.0
0,95,-0.05566776839270412,-0.05400905863630799,-0.08330885053250092,0.0,0.0,0.0
0,96,-0.05534949198188273,-0.05408250703880524,-0.083137470926674,0.0,0.0,0.0
0,97,-0.055624923491247404,-0.054345697147753703,-0.083137470926674,0.0,0.0,0.0
0,98,-0.055582078589790675,-0.05437017994858612,-0.08330272983229281,0.0,0.0,0.0
0,99,-0.05566776839270412,-0.0541681968417187,-0.0832660056310442,0.0,0.0,0.0
1,0,0.035653078712204675,-0.02702289141877831,-0.03008936222303831,35.0,0.0,0.0
1,1,0.035383767903048105,-0.02713918472273228,-0.029746603011384504,35.0,0.0,0.0
1,2,0.035383767903048105,-0.02713918472273228,-0.029746603011384504,35.0,0.0,0.0
1,3,0.03541437140408863,-0.02707185702044314,-0.029789447912841226,35.0,0.0,0.0
1,4,0.035383767903048105,-0.02721875382543763,-0.03004651732158159,35.0,0.0,0.0
1,5,0.035383767903048105,-0.02721875382543763,-0.03004651732158159,35.0,0.0,0.0
1,6,0.03544497490512914,-0.02708409842085935,-0.029930224017627616,35.0,0.0,0.0
1,7,0.03548781980658587,-0.027188150324397108,-0.02994858611825193,35.0,0.0,0.0
1,8,0.0353715265026319,-0.027212633125229525,-0.029844534214714162,35.0,0.0,0.0
1,9,0.0353715265026319,-0.027212633125229525,-0.029844534214714162,35.0,0.0,0.0
1,10,0.035408250703880526,-0.027206512425021423,-0.029746603011384504,35.0,0.0,0.0
1,11,0.035677561513037095,-0.027096339821275555,-0.029991431019708654,35.0,0.0,0.0
1,12,0.035677561513037095,-0.027096339821275555,-0.029991431019708654,35.0,0.0,0.0
1,13,0.0353654058024238,-0.027163667523564694,-0.02982617211408985,35.0,0.0,0.0
1,14,0.03554902680866691,-0.027249357326478145,-0.029893499816378993,35.0,0.0,0.0
1,15,0.03554902680866691,-0.027249357326478145,-0.029893499816378993,35.0,0.0,0.0
1,16,0.0356898029134533,-0.027157546823356592,-0.02967315460888726,35.0,0.0,0.0
1,17,0.035396009303464315,-0.027047374219610724,-0.029924103317419515,35.0,0.0,0.0
1,18,0.035396009303464315,-0.027047374219610724,-0.029924103317419515,35.0,0.0,0.0
1,19,0.035542906108458804,-0.02709021912106745,-0.02969151670951157,35.0,0.0,0.0
1,20,0.035383767903048105,-0.02731056432855919,-0.02966091320847105,35.0,0.0,0.0
1,21,0.035298078100134654,-0.02707185702044314,-0.029746603011384504,35.0,0.0,0.0
1,22,0.035298078100134654,-0.02707185702044314,-0.029746603011384504,35.0,0.0,0.0
1,23,0.03526135389888603,-0.027145305422940386,-0.02982005141388175,35.0,0.0,0.0
1,24,0.035383767903048105,-0.0271759089239809,-0.029556861304933284,35.0,0.0,0.0
1,25,0.035383767903048105,-0.0271759089239809,-0.029556861304933284,35.0,0.0,0.0
1,26,0.03570204431386951,-0.027102460521483657,-0.02988737911617089,35.0,0.0,0.0
1,27,0.035677561513037095,-0.027163667523564694,-0.029991431019708654,35.0,0.0,0.0
1,28,0.035677561513037095,-0.027163667523564694,-0.029991431019708654,35.0,0.0,0.0
1,29,0.0353715265026319,-0.027163667523564694,-0.029813930713673643,35.0,0.0,0.0
1,30,0.035451095605337254,-0.02726159872689436,-0.029771085812216918,35.0,0.0,0.0
1,31,0.035451095605337254,-0.02726159872689436,-0.029771085812216918,35.0,0.0,0.0
1,32,0.03538988860325622,-0.02731668502876729,-0.029844534214714162,35.0,0.0,0.0
1,33,0.03554902680866691,-0.026986167217529684,-0.02993634471783572,35.0,0.0,0.0
1,34,0.03554902680866691,-0.027249357326478145,-0.02995470681846003,35.0,0.0,0.0
1,35,0.03554902680866691,-0.027249357326478145,-0.02995470681846003,35.0,0.0,0.0
1,36,0.03535316440200759,-0.02708409842085935,-0.02982005141388175,35.0,0.0,0.0
1,37,0.03548781980658587,-0.02731056432855919,-0.02970987881013588,35.0,0.0,0.0
1,38,0.03548781980658587,-0.02731056432855919,-0.02970987881013588,35.0,0.0,0.0
1,39,0.03533480230138328,-0.02726159872689436,-0.029881258415962786,35.0,0.0,0.0
1,40,0.03560411311053985,-0.02731668502876729,-0.029752723711592606,35.0,0.0,0.0
1,41,0.03560411311053985,-0.02731668502876729,-0.029752723711592606,35.0,0.0,0.0
1,42,0.03534704370179949,-0.027120822622107972,-0.029881258415962786,35.0,0.0,0.0
1,43,0.03550618190721018,-0.027200391724813318,-0.030150569225119356,35.0,0.0,0.0
1,44,0.03550618190721018,-0.027200391724813318,-0.030150569225119356,35.0,0.0,0.0
1,45,0.035493940506793976,-0.027243236626270047,-0.02966091320847105,35.0,0.0,0.0
1,46,0.03540213000367242,-0.02740849553188885,-0.029789447912841226,35.0,0.0,0.0
1,47,0.035493940506793976,-0.02731056432855919,-0.02966703390867915,35.0,0.0,0.0
1,48,0.035493940506793976,-0.02731056432855919,-0.02966703390867915,35.0,0.0,0.0
1,49,0.0355306647080426,-0.027096339821275555,-0.030126086424286942,35.0,0.0,0.0
1,50,0.035408250703880526,-0.02689435671440813,-0.02967927530909536,35.0,0.0,0.0
1,51,0.03544497490512914,-0.027279960827518667,-0.029703758109927775,35.0,0.0,0.0
1,52,0.03544497490512914,-0.027157546823356592,-0.029752723711592606,35.0,0.0,0.0
1,53,0.03546333700575346,-0.027212633125229525,-0.02988737911617089,35.0,0.0,0.0
1,54,0.035536785408250705,-0.02709021912106745,-0.0298996205165871,35.0,0.0,0.0
1,55,0.03559799241033174,-0.027145305422940386,-0.029722120210552087,35.0,0.0,0.0
1,56,0.03532868160117518,-0.027298322928142982,-0.029838413514506057,35.0,0.0,0.0
1,57,0.03532868160117518,-0.027298322928142982,-0.030015913820541067,35.0,0.0,0.0
1,58,0.03540213000367242,-0.02726159872689436,-0.030015913820541067,35.0,0.0,0.0
1,59,0.035524544007834495,-0.027230995225853837,-0.029746603011384504,35.0,0.0,0.0
1,60,0.035493940506793976,-0.027145305422940386,-0.029593585506181908,35.0,0.0,0.0
1,61,0.035408250703880526,-0.027120822622107972,-0.02986901701554658,35.0,0.0,0.0
1,62,0.03558575100991553,-0.027114701921899863,-0.02999755171991676,35.0,0.0,0.0
1,63,0.035383767903048105,-0.027096339821275555,-0.029813930713673643,35.0,0.0,0.0
1,64,0.03546333700575346,-0.0271759089239809,-0.030077120822622105,35.0,0.0,0.0
1,65,0.03558575100991553,-0.027237115926061938,-0.029813930713673643,35.0,0.0,0.0
1,66,0.03532868160117518,-0.02736565063043212,-0.029697637409719674,35.0,0.0,0.0
1,67,0.03559187171012364,-0.02740849553188885,-0.029930224017627616,35.0,0.0,0.0
1,68,0.035567388909291224,-0.0271759089239809,-0.02975884441180071,35.0,0.0,0.0
1,69,0.035683682213245194,-0.027384012731056433,-0.02966703390867915,35.0,0.0,0.0
1,70,0.03548781980658587,-0.027200391724813318,-0.02977720651242502,35.0,0.0,0.0
1,71,0.03548781980658587,-0.027200391724813318,-0.028210307259150448,35.0,0.0,0.0
1,72,0.03570204431386951,-0.02726159872689436,-0.02961806830701432,35.0,0.0,0.0
1,73,0.0353654058024238,-0.027402374831680742,-0.029685396009303467,35.0,0.0,0.0
1,74,0.0355306647080426,-0.0271759089239809,-0.029881258415962786,35.0,0.0,0.0
1,75,0.03550618190721018,-0.027065736320235033,-0.029930224017627616,35.0,0.0,0.0
1,76,0.035579630309707434,-0.026918839515240545,-0.029801689313257433,35.0,0.0,0.0
1,77,0.0356898029134533,-0.02712694332231607,-0.029752723711592606,35.0,0.0,0.0
1,78,0.03567144081282898,-0.02702289141877831,-0.03009548292324642,35.0,0.0,0.0
1,79,0.03532868160117518,-0.027298322928142982,-0.02986901701554658,35.0,0.0,0.0
1,80,0.03540213000367242,-0.027286081527726776,-0.030077120822622105,35.0,0.0,0.0
1,81,0.03554902680866691,-0.02709021912106745,-0.02953237850410087,35.0,0.0,0.0
1,82,0.03559187171012364,-0.02735952993022402,-0.029783327212633125,35.0,0.0,0.0
1,83,0.03530419880034276,-0.02740849553188885,-0.029856775615130372,35.0,0.0,0.0
1,84,0.03557350960949933,-0.027029012118986413,-0.030022034520749176,35.0,0.0,0.0
1,85,0.03548781980658587,-0.027194271024605216,-0.030040396621373484,35.0,0.0,0.0
1,86,0.03550006120700208,-0.027035132819194518,-0.02996082751866814,35.0,0.0,0.0
1,87,0.03527971599951034,-0.027108581221691762,-0.029807810013465542,35.0,0.0,0.0
1,88,0.035653078712204675,-0.027481943934386095,-0.029979189619292447,35.0,0.0,0.0
1,89,0.035653078712204675,-0.027481943934386095,-0.02982617211408985,35.0,0.0,0.0
1,90,0.03542049210429673,-0.027328926429183498,-0.02982617211408985,35.0,0.0,0.0
1,91,0.03531644020075897,-0.027561513037091444,-0.03014444852491125,35.0,0.0,0.0
1,92,0.035524544007834495,-0.027457461133553678,-0.029844534214714162,35.0,0.0,0.0
1,93,0.035751009915534336,-0.027439099032929366,-0.02982617211408985,35.0,0.0,0.0
1,94,0.03559799241033174,-0.02726159872689436,-0.029740482311176396,35.0,0.0,0.0
1,95,0.03561635451095606,-0.027200391724813318,-0.02966091320847105,35.0,0.0,0.0
1,96,0.03547557840616967,-0.027279960827518667,-0.029789447912841226,35.0,0.0,0.0
1,97,0.03545721630554535,-0.02670461500795691,-0.0299057412167952,35.0,0.0,0.0
1,98,0.035426612804504834,-0.027102460521483657,-0.029642551107846738,35.0,0.0,0.0
1,99,0.035683682213245194,-0.027322805728975396,-0.02969151670951157,35.0,0.0,0.0
2,0,-0.04363447178357204,0.06396131717468478,-0.06877218753825438,0.0,35.0,0.0
2,1,-0.04363447178357204,0.06396131717468478,-0.06877218753825438,0.0,35.0,0.0
2,2,-0.043530419880034275,0.06429795568613049,-0.06887011874158404,0.0,35.0,0.0
2,3,-0.043683437385236876,0.06407761047863876,-0.06877830823846248,0.0,35.0,0.0
2,4,-0.043683437385236876,0.06407761047863876,-0.06877830823846248,0.0,35.0,0.0
2,5,-0.04363447178357204,0.06418166238217651,-0.06893132574366508,0.0,35.0,0.0
2,6,-0.043548781980658584,0.06405312767780634,-0.06869261843554902,0.0,35.0,0.0
2,7,-0.043548781980658584,0.06405312767780634,-0.06869261843554902,0.0,35.0,0.0
2,8,-0.043401885175664096,0.06427347288529808,-0.0688027910392949,0.0,35.0,0.0
2,9,-0.04347533357816134,0.06402252417676582,-0.06887623944179214,0.0,35.0,0.0
2,10,-0.04347533357816134,0.06402252417676582,-0.06887623944179214,0.0,35.0,0.0
2,11,-0.04346309217774513,0.06438364548904395,-0.06879054963887868,0.0,35.0,0.0
2,12,-0.04353654058024238,0.06418778308238463,-0.0691455502509487,0.0,35.0,0.0
2,13,-0.04353654058024238,0.06390011017260375,-0.06874770473742196,0.0,35.0,0.0
2,14,-0.04343860937691272,0.06390011017260375,-0.06874770473742196,0.0,35.0,0.0
2,15,-0.043897661892520506,0.06421838658342514,-0.06879667033908679,0.0,35.0,0.0
2,16,-0.043444730077120824,0.0641449381809279,-0.06888848084220835,0.0,35.0,0.0
2,17,-0.043444730077120824,0.0641449381809279,-0.06888848084220835,0.0,35.0,0.0
2,18,-0.043573264781491,0.06372873056677683,-0.06889460154241646,0.0,35.0,0.0
2,19,-0.04349981637899376,0.06418778308238463,-0.06885175664095973,0.0,35.0,0.0
2,20,-0.04349981637899376,0.06418778308238463,-0.06885175664095973,0.0,35.0,0.0
2,21,-0.04349981637899376,0.06426123148488187,-0.06905986044803526,0.0,35.0,0.0
2,22,-0.04359774758232342,0.06418778308238463,-0.06892520504345698,0.0,35.0,0.0
2,23,-0.04359774758232342,0.06418778308238463,-0.06892520504345698,0.0,35.0,0.0
2,24,-0.04366507528461256,0.06393071367364427,-0.06869261843554902,0.0,35.0,0.0
2,25,-0.04346921287795324,0.06406536907822255,-0.06886399804137593,0.0,35.0,0.0
2,26,-0.04346921287795324,0.06406536907822255,-0.06886399804137593,0.0,35.0,0.0
2,27,-0.04326722977108581,0.06410209327947117,-0.06890684294283266,0.0,35.0,0.0
2,28,-0.043561023381074794,0.06429795568613049,-0.06900477414616232,0.0,35.0,0.0
2,29,-0.043230505569837194,0.06404700697759824,-0.06909658464928388,0.0,35.0,0.0
2,30,-0.043230505569837194,0.06404700697759824,-0.06909658464928388,0.0,35.0,0.0
2,31,-0.04351205777940996,0.06426123148488187,-0.06877218753825438,0.0,35.0,0.0
2,32,-0.04349369567878565,0.0639919206757253,-0.06888848084220835,0.0,35.0,0.0
2,33,-0.04349369567878565,0.0639919206757253,-0.06888848084220835,0.0,35.0,0.0
2,34,-0.04350593707920186,0.06429183498592239,-0.06891296364304075,0.0,35.0,0.0
2,35,-0.04342636797649651,0.06405924837801444,-0.06870485983596523,0.0,35.0,0.0
2,36,-0.04342636797649651,0.06405924837801444,-0.06870485983596523,0.0,35.0,0.0
2,37,-0.04335904027420737,0.06427959358550618,-0.06875994613783817,0.0,35.0,0.0
2,38,-0.04363447178357204,0.06408373117884686,-0.0691271881503244,0.0,35.0,0.0
2,39,-0.04363447178357204,0.06408373117884686,-0.0691271881503244,0.0,35.0,0.0
2,40,-0.043389643775247885,0.06403476557718203,-0.06883339454033541,0.0,35.0,0.0
2,41,-0.04348145427836945,0.06413881748071978,-0.06869261843554902,0.0,35.0,0.0
2,42,-0.04348145427836945,0.06413881748071978,-0.06869261843554902,0.0,35.0,0.0
2,43,-0.04357938548169911,0.06418778308238463,-0.06858856653201126,0.0,35.0,0.0
2,44,-0.04375076508752601,0.06405312767780634,-0.06890684294283266,0.0,35.0,0.0
2,45,-0.04333455747337495,0.06393071367364427,-0.0686497735340923,0.0,35.0,0.0
2,46,-0.04333455747337495,0.06393071367364427,-0.0686497735340923,0.0,35.0,0.0
2,47,-0.04343860937691272,0.06410209327947117,-0.06891296364304075,0.0,35.0,0.0
2,48,-0.04364059248378015,0.06412045538009549,-0.0691455502509487,0.0,35.0,0.0
2,49,-0.04364059248378015,0.06412045538009549,-0.0691455502509487,0.0,35.0,0.0
2,50,-0.04334067817358306,0.06405924837801444,-0.06863141143346799,0.0,35.0,0.0
2,51,-0.04346921287795324,0.06426123148488187,-0.06889460154241646,0.0,35.0,0.0
2,52,-0.043616109682947726,0.06415105888113601,-0.06888236014200025,0.0,35.0,0.0
2,53,-0.04328559187171012,0.06407761047863876,-0.06882115313991921,0.0,35.0,0.0
2,54,-0.04351205777940996,0.06426123148488187,-0.0689619292447056,0.0,35.0,0.0
2,55,-0.043530419880034275,0.06391847227322806,-0.06882727384012731,0.0,35.0,0.0
2,56,-0.04372016158648549,0.06388786877218754,-0.06901701554657853,0.0,35.0,0.0
2,57,-0.04348145427836945,0.06408373117884686,-0.06877218753825438,0.0,35.0,0.0
2,58,-0.04376300648794222,0.06412657608030359,-0.06902925694699473,0.0,35.0,0.0
2,59,-0.04364059248378015,0.06413269678051169,-0.0686620149345085,0.0,35.0,0.0
2,60,-0.04338352307503979,0.06426123148488187,-0.06879054963887868,0.0,35.0,0.0
2,61,-0.04376912718815033,0.06421226588321703,-0.06904761904761905,0.0,35.0,0.0
2,62,-0.04384257559064757,0.06385726527114702,-0.06885175664095973,0.0,35.0,0.0
2,63,-0.04384257559064757,0.06385726527114702,-0.06885175664095973,0.0,35.0,0.0
2,64,-0.043573264781491,0.06405312767780634,-0.06885175664095973,0.0,35.0,0.0
2,65,-0.043775247888358425,0.06371648916636063,-0.06885787734116783,0.0,35.0,0.0
2,66,-0.0435671440812829,0.0641449381809279,-0.06887623944179214,0.0,35.0,0.0
2,67,-0.0435671440812829,0.06385726527114702,-0.06874770473742196,0.0,35.0,0.0
2,68,-0.04365283388419635,0.06416942098176032,-0.0688150324397111,0.0,35.0,0.0
2,69,-0.04379360998898274,0.0643101970865467,-0.06888236014200025,0.0,35.0,0.0
2,70,-0.04342636797649651,0.06411433467988738,-0.06885787734116783,0.0,35.0,0.0
2,71,-0.04359774758232342,0.06412657608030359,-0.06913330885053251,0.0,35.0,0.0
2,72,-0.043671195984820665,0.06409597257926307,-0.06870485983596523,0.0,35.0,0.0
2,73,-0.043701799485861184,0.06431631778675481,-0.06902925694699473,0.0,35.0,0.0
2,74,-0.043616109682947726,0.06405924837801444,-0.06902313624678663,0.0,35.0,0.0
2,75,-0.04364671318398825,0.06429183498592239,-0.06890684294283266,0.0,35.0,0.0
2,76,-0.04383645489043946,0.06416942098176032,-0.06883339454033541,0.0,35.0,0.0
2,77,-0.04332231607295874,0.06409597257926307,-0.06872322193658956,0.0,35.0,0.0
2,78,-0.04359162688211531,0.06405924837801444,-0.06859468723221937,0.0,35.0,0.0
2,79,-0.04342024727628841,0.06410821397967928,-0.0689741706451218,0.0,35.0,0.0
2,80,-0.04342024727628841,0.06410821397967928,-0.06891908434324887,0.0,35.0,0.0
2,81,-0.04380585138939895,0.06410821397967928,-0.06891908434324887,0.0,35.0,0.0
2,82,-0.043628351083363937,0.06408373117884686,-0.06891908434324887,0.0,35.0,0.0
2,83,-0.043756885787734116,0.0641633002815522,-0.06877830823846248,0.0,35.0,0.0
2,84,-0.0435671440812829,0.06407761047863876,-0.06887623944179214,0.0,35.0,0.0
2,85,-0.043677316685028764,0.06406536907822255,-0.06895580854449748,0.0,35.0,0.0
2,86,-0.04360386828253152,0.06400416207614151,-0.06863141143346799,0.0,35.0,0.0
2,87,-0.04338352307503979,0.06418778308238463,-0.06875382543763006,0.0,35.0,0.0
2,88,-0.043658954584404455,0.06404700697759824,-0.06879054963887868,0.0,35.0,0.0
2,89,-0.043701799485861184,0.06407761047863876,-0.06892520504345698,0.0,35.0,0.0
2,90,-0.043444730077120824,0.06404700697759824,-0.06888848084220835,0.0,35.0,0.0
2,91,-0.04372016158648549,0.0643101970865467,-0.06867425633492472,0.0,35.0,0.0
2,92,-0.043401885175664096,0.06410821397967928,-0.06905986044803526,0.0,35.0,0.0
2,93,-0.043401885175664096,0.06567511323295386,-0.06876606683804627,0.0,35.0,0.0
2,94,-0.043658954584404455,0.06440200758966826,-0.06876606683804627,0.0,35.0,0.0
2,95,-0.04337740237483168,0.06424899008446566,-0.06872322193658956,0.0,35.0,0.0
2,96,-0.04351817847961807,0.06425511078467376,-0.06869261843554902,0.0,35.0,0.0
2,97,-0.043487574978577546,0.06408373117884686,-0.06894968784428938,0.0,35.0,0.0
2,98,-0.04343860937691272,0.06407148977843066,-0.06887623944179214,0.0,35.0,0.0
2,99,-0.04358550618190721,0.0641571795813441,-0.0689741706451218,0.0,35.0,0.0
3,0,0.04220834863508385,0.05291345329905741,-0.07841229036601786,35.0,35.0,0.0
3,1,0.04220834863508385,0.05291345329905741,-0.07841229036601786,35.0,35.0,0.0
3,2,0.04238584894111887,0.05285836699718448,-0.07868772187538255,35.0,35.0,0.0
3,3,0.04234300403966214,0.05287060839760068,-0.07891418778308239,35.0,35.0,0.0
3,4,0.04234300403966214,0.05296853960093034,-0.0781368588566532,35.0,35.0,0.0
3,5,0.042447055943199904,0.05296853960093034,-0.0781368588566532,35.0,35.0,0.0
3,6,0.04250214224507284,0.0527359529930224,-0.07851634226955564,35.0,35.0,0.0
3,7,0.04248378014444852,0.05292569469947363,-0.07838780756518546,35.0,35.0,0.0
3,8,0.04248378014444852,0.05292569469947363,-0.07838780756518546,35.0,35.0,0.0
3,9,0.0426000734484025,0.05294405680009793,-0.07849798016893132,35.0,35.0,0.0
3,10,0.042606194148610596,0.052895091198433095,-0.07864487697392582,35.0,35.0,0.0
3,11,0.042606194148610596,0.052895091198433095,-0.07864487697392582,35.0,35.0,0.0
3,12,0.04247765944424042,0.0528828497980169,-0.07836332476435304,35.0,35.0,0.0
3,13,0.0426000734484025,0.05260129758844412,-0.07869384257559064,35.0,35.0,0.0
3,14,0.0426000734484025,0.05260129758844412,-0.07869384257559064,35.0,35.0,0.0
3,15,0.04234300403966214,0.05276655649406292,-0.07847961806830701,35.0,35.0,0.0
3,16,0.04225731423674868,0.052760435793854824,-0.07810013465540458,35.0,35.0,0.0
3,17,0.04225731423674868,0.052760435793854824,-0.07818582445831804,35.0,35.0,0.0
3,18,0.04231240053862162,0.05260129758844412,-0.07818582445831804,35.0,35.0,0.0
3,19,0.042520504345697145,0.052888970498224996,-0.07881013587954462,35.0,35.0,0.0
3,20,0.04235524544007834,0.052974660301138454,-0.0786203941730934,35.0,35.0,0.0
3,21,0.04235524544007834,0.052974660301138454,-0.0786203941730934,35.0,35.0,0.0
3,22,0.042287917737789206,0.05309095360509243,-0.0786142734728853,35.0,35.0,0.0
3,23,0.04230015913820541,0.05295629820051414,-0.0786203941730934,35.0,35.0,0.0
3,24,0.04230015913820541,0.05295629820051414,-0.0786203941730934,35.0,35.0,0.0
3,25,0.042379728240910755,0.05290121189864121,-0.07847349736809892,35.0,35.0,0.0
3,26,0.042379728240910755,0.05272371159260619,-0.07847961806830701,35.0,35.0,0.0
3,27,0.042379728240910755,0.05272371159260619,-0.07847961806830701,35.0,35.0,0.0
3,28,0.042447055943199904,0.05300526380217897,-0.07858979067205288,35.0,35.0,0.0
3,29,0.04238584894111887,0.05287672909780879,-0.07841841106622598,35.0,35.0,0.0
3,30,0.04238584894111887,0.05287672909780879,-0.07841841106622598,35.0,35.0,0.0
3,31,0.04233076263924593,0.05295017750030604,-0.07849798016893132,35.0,35.0,0.0
3,32,0.042434814542783694,0.052821642795935854,-0.0784673766678908,35.0,35.0,0.0
3,33,0.04239809034153507,0.0528828497980169,-0.07871220467621495,35.0,35.0,0.0
3,34,0.04239809034153507,0.0528828497980169,-0.07871220467621495,35.0,35.0,0.0
3,35,0.04234300403966214,0.05295017750030604,-0.07816134165748562,35.0,35.0,0.0
3,36,0.042434814542783694,0.052919573999265515,-0.07888970498224997,35.0,35.0,0.0
3,37,0.042434814542783694,0.052919573999265515,-0.07888970498224997,35.0,35.0,0.0
3,38,0.04250826294528094,0.05313991920675726,-0.07850410086913942,35.0,35.0,0.0
3,39,0.04265515975027544,0.052919573999265515,-0.07840616966580977,35.0,35.0,0.0
3,40,0.04265515975027544,0.052919573999265515,-0.07840616966580977,35.0,35.0,0.0
3,41,0.04236748684049455,0.052821642795935854,-0.07840616966580977,35.0,35.0,0.0
3,42,0.04236748684049455,0.052650263190108945,-0.07865099767413392,35.0,35.0,0.0
3,43,0.04236748684049455,0.052650263190108945,-0.07865099767413392,35.0,35.0,0.0
3,44,0.04247153874403232,0.05301750520259517,-0.0784428938670584,35.0,35.0,0.0
3,45,0.04221446933529196,0.05308483290488432,-0.07840004896560167,35.0,35.0,0.0
3,46,0.04253886644632146,0.05277267719427102,-0.07875504957767168,35.0,35.0,0.0
3,47,0.04253886644632146,0.05277267719427102,-0.07875504957767168,35.0,35.0,0.0
3,48,0.04251438364548905,0.052760435793854824,-0.07867548047496634,35.0,35.0,0.0
3,49,0.04247765944424042,0.05300526380217897,-0.07837556616476925,35.0,35.0,0.0
3,50,0.04247765944424042,0.05300526380217897,-0.07853470437017995,35.0,35.0,0.0
3,51,0.0437385236871098,0.05290733259884931,-0.07837556616476925,35.0,35.0,0.0
3,52,0.04234300403966214,0.05287060839760068,-0.07831435916268821,35.0,35.0,0.0
3,53,0.04249602154486473,0.05295017750030604,-0.07840616966580977,35.0,35.0,0.0
3,54,0.042159383033419026,0.05295017750030604,-0.0784673766678908,35.0,35.0,0.0
3,55,0.04247153874403232,0.05300526380217897,-0.0784673766678908,35.0,35.0,0.0
3,56,0.04231852123882972,0.052962418900722244,-0.0782715142612315,35.0,35.0,0.0
3,57,0.04236748684049455,0.052888970498224996,-0.0786081527726772,35.0,35.0,0.0
3,58,0.042673521850899745,0.05286448769739258,-0.07834496266372873,35.0,35.0,0.0
3,59,0.04223283143591627,0.05298078100134655,-0.07812461745623699,35.0,35.0,0.0
3,60,0.04247765944424042,0.052974660301138454,-0.07838780756518546,35.0,35.0,0.0
3,61,0.042520504345697145,0.05301750520259517,-0.07864487697392582,35.0,35.0,0.0
3,62,0.04254498714652956,0.05284612559676827,-0.07855306647080426,35.0,35.0,0.0
3,63,0.04241033174195128,0.05285836699718448,-0.07857754927163667,35.0,35.0,0.0
3,64,0.04246541804382421,0.05320112620883829,-0.07848573876851513,35.0,35.0,0.0
3,65,0.04239809034153507,0.052888970498224996,-0.07833272126331252,35.0,35.0,0.0
3,66,0.04254498714652956,0.05290733259884931,-0.0784612559676827,35.0,35.0,0.0
3,67,0.04248990084465663,0.05296853960093034,-0.07837556616476925,35.0,35.0,0.0
3,68,0.042428693842575596,0.052791039294895335,-0.07851022156934753,35.0,35.0,0.0
3,69,0.042428693842575596,0.052791039294895335,-0.07851022156934753,35.0,35.0,0.0
3,70,0.04258171134777818,0.05290121189864121,-0.07839392826539357,35.0,35.0,0.0
3,71,0.04255722854694577,0.05272983229281429,-0.07828375566164769,35.0,35.0,0.0
3,72,0.04241033174195128,0.052833884196352064,-0.07841841106622598,35.0,35.0,0.0
3,73,0.04247153874403232,0.053115436405924844,-0.07840616966580977,35.0,35.0,0.0
3,74,0.042447055943199904,0.05285224629697638,-0.07849798016893132,35.0,35.0,0.0
3,75,0.04252662504590525,0.05287060839760068,-0.0786142734728853,35.0,35.0,0.0
3,76,0.04251438364548905,0.05295017750030604,-0.07850410086913942,35.0,35.0,0.0
3,77,0.042379728240910755,0.052993022401762756,-0.07858979067205288,35.0,35.0,0.0
3,78,0.042422573142367484,0.05287060839760068,-0.07840004896560167,35.0,35.0,0.0
3,79,0.04252662504590525,0.05299914310197087,-0.0784673766678908,35.0,35.0,0.0
3,80,0.04252662504590525,0.05292569469947363,-0.07864487697392582,35.0,35.0,0.0
3,81,0.042606194148610596,0.05284000489656017,-0.07872444607663118,35.0,35.0,0.0
3,82,0.04252662504590525,0.05299914310197087,-0.0786203941730934,35.0,35.0,0.0
3,83,0.042606194148610596,0.05310319500550863,-0.07850410086913942,35.0,35.0,0.0
3,84,0.04236136614028645,0.05284000489656017,-0.07850410086913942,35.0,35.0,0.0
3,85,0.042306279838413514,0.05287672909780879,-0.0784673766678908,35.0,35.0,0.0
3,86,0.04263067694944302,0.05285836699718448,-0.07836944546456115,35.0,35.0,0.0
3,87,0.04263067694944302,0.05285836699718448,-0.07836944546456115,35.0,35.0,0.0
3,88,0.042447055943199904,0.05298690170155466,-0.0784551352674746,35.0,35.0,0.0
3,89,0.042379728240910755,0.05290733259884931,-0.07850410086913942,35.0,35.0,0.0
3,90,0.042673521850899745,0.053029746603011386,-0.07836332476435304,35.0,35.0,0.0
3,91,0.042447055943199904,0.05294405680009793,-0.07826539356102338,35.0,35.0,0.0
3,92,0.04245929734361611,0.052693108091565674,-0.07857142857142857,35.0,35.0,0.0
3,93,0.04250214224507284,0.0530481087036357,-0.07833884196352062,35.0,35.0,0.0
3,94,0.042447055943199904,0.05284612559676827,-0.0786265148733015,35.0,35.0,0.0
3,95,0.04234300403966214,0.05290121189864121,-0.07840616966580977,35.0,35.0,0.0
3,96,0.042618435549026806,0.052760435793854824,-0.07821642795935854,35.0,35.0,0.0
3,97,0.042716366752356474,0.05306647080426,-0.07841841106622598,35.0,35.0,0.0
3,98,0.04266740115069164,0.05282776349614395,-0.07826539356102338,35.0,35.0,0.0
3,99,0.04247765944424042,0.05279715999510344,-0.07831435916268821,35.0,35.0,0.0
