values,,Magnetometer,Magnetometer,Magnetometer,position,position,position
axis,,x,y,z,x,y,z
Sensor,Sample,,,,,,
0,0,-0.05517199167584772,-0.0533725058146652,-0.08475945648182151,0.0,0.0,0.0
0,1,-0.05517199167584772,-0.0533725058146652,-0.08475945648182151,0.0,0.0,0.0
0,2,-0.055643285591871705,-0.053188884808422085,-0.08496143958868894,0.0,0.0,0.0
0,3,-0.05553311298812584,-0.05315216060717346,-0.08490023258660791,0.0,0.0,0.0
0,4,-0.05552087158770963,-0.05295629820051414,-0.08490023258660791,0.0,0.0,0.0
0,5,-0.05552087158770963,-0.05295629820051414,-0.08490023258660791,0.0,0.0,0.0
0,6,-0.05527604357938548,-0.05335414371404089,-0.08482678418411066,0.0,0.0,0.0
0,7,-0.055410698983963766,-0.0530542294038438,-0.08484514628473497,0.0,0.0,0.0
0,8,-0.055410698983963766,-0.0530542294038438,-0.08484514628473497,0.0,0.0,0.0
0,9,-0.05537397478271514,-0.053072591504468115,-0.08475333578161341,0.0,0.0,0.0
0,10,-0.05533112988125841,-0.05309707430530053,-0.08464316317786755,0.0,0.0,0.0
0,11,-0.05533112988125841,-0.05309707430530053,-0.08464316317786755,0.0,0.0,0.0
0,12,-0.05533112988125841,-0.05317052270779778,-0.08496756028889704,0.0,0.0,0.0
0,13,-0.0554596645856286,-0.053286816011751746,-0.08499204308972946,0.0,0.0,0.0
0,14,-0.0554596645856286,-0.053286816011751746,-0.08499204308972946,0.0,0.0,0.0
0,15,-0.055410698983963766,-0.053213367609254505,-0.08493695678785654,0.0,0.0,0.0
0,16,-0.05527604357938548,-0.053219488309462604,-0.08435549026808667,0.0,0.0,0.0
0,17,-0.05527604357938548,-0.053219488309462604,-0.08435549026808667,0.0,0.0,0.0
0,18,-0.05537397478271514,-0.05318276410821397,-0.0847349736809891,0.0,0.0,0.0
0,19,-0.05535561268209083,-0.053360264414248994,-0.08490023258660791,0.0,0.0,0.0
0,20,-0.05535561268209083,-0.053360264414248994,-0.08490023258660791,0.0,0.0,0.0
0,21,-0.055410698983963766,-0.053390867915289505,-0.08492471538744031,0.0,0.0,0.0
0,22,-0.05534337128167462,-0.05309095360509243,-0.08478393928265393,0.0,0.0,0.0
0,23,-0.05534337128167462,-0.05309095360509243,-0.08478393928265393,0.0,0.0,0.0
0,24,-0.05537397478271514,-0.0530481087036357,-0.0850532500918105,0.0,0.0,0.0
0,25,-0.05527604357938548,-0.05315216060717346,-0.08483902558452687,0.0,0.0,0.0
0,26,-0.05517811237605582,-0.05331129881258416,-0.08492471538744031,0.0,0.0,0.0
0,27,-0.05517811237605582,-0.05331129881258416,-0.08492471538744031,0.0,0.0,0.0
0,28,-0.055429061084588074,-0.05306647080426,-0.08464316317786755,0.0,0.0,0.0
0,29,-0.05534337128167462,-0.053146039906965356,-0.08480842208348635,0.0,0.0,0.0
0,30,-0.05534337128167462,-0.053146039906965356,-0.08480842208348635,0.0,0.0,0.0
0,31,-0.055441302485004285,-0.05337862651487331,-0.08489411188639981,0.0,0.0,0.0
0,32,-0.05534337128167462,-0.05313991920675726,-0.08485738768515119,0.0,0.0,0.0
0,33,-0.05534337128167462,-0.05313991920675726,-0.08485738768515119,0.0,0.0,0.0
0,34,-0.05535561268209083,-0.05339698861549761,-0.08469824947974049,0.0,0.0,0.0
0,35,-0.055306647080426,-0.053146039906965356,-0.08492471538744031,0.0,0.0,0.0
0,36,-0.055306647080426,-0.053146039906965356,-0.08492471538744031,0.0,0.0,0.0
0,37,-0.055196474476680135,-0.053280695311543634,-0.08505937079201861,0.0,0.0,0.0
0,38,-0.05514750887501531,-0.05329293671195985,-0.08431264536662994,0.0,0.0,0.0
0,39,-0.05514750887501531,-0.05329293671195985,-0.08431264536662994,0.0,0.0,0.0
0,40,-0.05527604357938548,-0.05315216060717346,-0.08474721508140531,0.0,0.0,0.0
0,41,-0.05506181907210185,-0.05309707430530053,-0.08496756028889704,0.0,0.0,0.0
0,42,-0.05506181907210185,-0.05309707430530053,-0.08496756028889704,0.0,0.0,0.0
0,43,-0.055545354388542044,-0.05282776349614395,-0.08460031827641082,0.0,0.0,0.0
0,44,-0.05541681968417187,-0.05316440200758967,-0.0847166115803648,0.0,0.0,0.0
0,45,-0.055300526380217895,-0.053188884808422085,-0.08466152527849186,0.0,0.0,0.0
0,46,-0.055300526380217895,-0.053188884808422085,-0.08466152527849186,0.0,0.0,0.0
0,47,-0.05556983718937446,-0.053213367609254505,-0.08480842208348635,0.0,0.0,0.0
0,48,-0.055404578283755654,-0.05320112620883829,-0.08510221569347534,0.0,0.0,0.0
0,49,-0.055404578283755654,-0.05320112620883829,-0.08510221569347534,0.0,0.0,0.0
0,50,-0.05541681968417187,-0.0532256090096707,-0.08480230138327824,0.0,0.0,0.0
0,51,-0.05517199167584772,-0.05326233321091933,-0.08469212877953239,0.0,0.0,0.0
0,52,-0.05517199167584772,-0.05326233321091933,-0.08469212877953239,0.0,0.0,0.0
0,53,-0.055435181784796186,-0.05301750520259517,-0.0848818704859836,0.0,0.0,0.0
0,54,-0.05535561268209083,-0.05325009181050312,-0.084728852980781,0.0,0.0,0.0
0,55,-0.05535561268209083,-0.05325009181050312,-0.084728852980781,0.0,0.0,0.0
0,56,-0.05523319867792875,-0.05326233321091933,-0.084728852980781,0.0,0.0,0.0
0,57,-0.055398457583547556,-0.05310931570571673,-0.08502264659076998,0.0,0.0,0.0
0,58,-0.055398457583547556,-0.05310931570571673,-0.08502264659076998,0.0,0.0,0.0
0,59,-0.055055698371893745,-0.053146039906965356,-0.08452074917370547,0.0,0.0,0.0
0,60,-0.055582078589790675,-0.05329905741216795,-0.0847166115803648,0.0,0.0,0.0
0,61,-0.055582078589790675,-0.05329905741216795,-0.0847166115803648,0.0,0.0,0.0
0,62,-0.05550863018729343,-0.053280695311543634,-0.08477781858244583,0.0,0.0,0.0
0,63,-0.05537397478271514,-0.05344595421716244,-0.08494307748806464,0.0,0.0,0.0
0,64,-0.055398457583547556,-0.053078712204676214,-0.08494307748806464,0.0,0.0,0.0
0,65,-0.055398457583547556,-0.053078712204676214,-0.08494307748806464,0.0,0.0,0.0
0,66,-0.05521483657730445,-0.05313991920675726,-0.0848818704859836,0.0,0.0,0.0
0,67,-0.05526992287917738,-0.05315828130738156,-0.0847166115803648,0.0,0.0,0.0
0,68,-0.05526992287917738,-0.05315828130738156,-0.0847166115803648,0.0,0.0,0.0
0,69,-0.0554596645856286,-0.05316440200758967,-0.0848879911861917,0.0,0.0,0.0
0,70,-0.05534949198188273,-0.0530481087036357,-0.08487574978577549,0.0,0.0,0.0
0,71,-0.05534949198188273,-0.0530481087036357,-0.08487574978577549,0.0,0.0,0.0
0,72,-0.055404578283755654,-0.053176643408005875,-0.08504712939160239,0.0,0.0,0.0
0,73,-0.05520871587709634,-0.0533725058146652,-0.08485126698494308,0.0,0.0,0.0
0,74,-0.05520871587709634,-0.0533725058146652,-0.08485126698494308,0.0,0.0,0.0
0,75,-0.055410698983963766,-0.05310931570571673,-0.08474109438119722,0.0,0.0,0.0
0,76,-0.055300526380217895,-0.05331129881258416,-0.08419635206267598,0.0,0.0,0.0
0,77,-0.055300526380217895,-0.05331129881258416,-0.08419635206267598,0.0,0.0,0.0
0,78,-0.05553311298812584,-0.05334190231362468,-0.08490023258660791,0.0,0.0,0.0
0,79,-0.055453543885420495,-0.0532256090096707,-0.08480842208348635,0.0,0.0,0.0
0,80,-0.055453543885420495,-0.0532256090096707,-0.08480842208348635,0.0,0.0,0.0
0,81,-0.055435181784796186,-0.05319500550863019,-0.08469212877953239,0.0,0.0,0.0
0,82,-0.055404578283755654,-0.053133798506549146,-0.08463704247765944,0.0,0.0,0.0
0,83,-0.055404578283755654,-0.053133798506549146,-0.08463704247765944,0.0,0.0,0.0
0,84,-0.05552087158770963,-0.052974660301138454,-0.08485126698494308,0.0,0.0,0.0
0,85,-0.05524544007834496,-0.0528828497980169,-0.08510221569347534,0.0,0.0,0.0
0,86,-0.055484147386461014,-0.053280695311543634,-0.08482066348390256,0.0,0.0,0.0
0,87,-0.055484147386461014,-0.053280695311543634,-0.08482066348390256,0.0,0.0,0.0
0,88,-0.05538621618313135,-0.053286816011751746,-0.0850287672909781,0.0,0.0,0.0
0,89,-0.05560044069041499,-0.05329905741216795,-0.08486962908556739,0.0,0.0,0.0
0,90,-0.05560044069041499,-0.05329905741216795,-0.08486962908556739,0.0,0.0,0.0
0,91,-0.05539233688333946,-0.05318276410821397,-0.08483902558452687,0.0,0.0,0.0
0,92,-0.05534337128167462,-0.053176643408005875,-0.08478393928265393,0.0,0.0,0.0
0,93,-0.05534337128167462,-0.053176643408005875,-0.08478393928265393,0.0,0.0,0.0
0,94,-0.055478026686252915,-0.053415350716121926,-0.08494919818827273,0.0,0.0,0.0
0,95,-0.05563716489166361,-0.053415350716121926,-0.08504100869139429,0.0,0.0,0.0
0,96,-0.05563716489166361,-0.053415350716121926,-0.08504100869139429,0.0,0.0,0.0
0,97,-0.05536785408250704,-0.05331129881258416,-0.08462480107724324,0.0,0.0,0.0
0,98,-0.05549026808666911,-0.053672420124862286,-0.08501652589056188,0.0,0.0,0.0
0,99,-0.05549026808666911,-0.053672420124862286,-0.08501652589056188,0.0,0.0,0.0
1,0,0.035536785408250705,-0.025713061574244096,-0.030548414738646102,35.0,0.0,0.0
1,1,0.03564695801199657,-0.025676337372995472,-0.03092789815154854,35.0,0.0,0.0
1,2,0.035542906108458804,-0.025682458073203573,-0.03059125964010283,35.0,0.0,0.0
1,3,0.035542906108458804,-0.025682458073203573,-0.03059125964010283,35.0,0.0,0.0
1,4,0.03550618190721018,-0.025651854572163058,-0.030548414738646102,35.0,0.0,0.0
1,5,0.03578773411678296,-0.026000734484024974,-0.030897294650508018,35.0,0.0,0.0
1,6,0.03559187171012364,-0.026019096584649282,-0.030799363447178357,35.0,0.0,0.0
1,7,0.03559187171012364,-0.026019096584649282,-0.030799363447178357,35.0,0.0,0.0
1,8,0.03551842330762639,-0.025676337372995472,-0.03062798384135145,35.0,0.0,0.0
1,9,0.035763251315950546,-0.025731423674868404,-0.030903415350716123,35.0,0.0,0.0
1,10,0.035763251315950546,-0.025731423674868404,-0.030903415350716123,35.0,0.0,0.0
1,11,0.03540213000367242,-0.025804872077365648,-0.03045048353531644,35.0,0.0,0.0
1,12,0.035781613416574855,-0.025762027175908926,-0.0307014322438487,35.0,0.0,0.0
1,13,0.035781613416574855,-0.025762027175908926,-0.0307014322438487,35.0,0.0,0.0
1,14,0.035567388909291224,-0.02532133676092545,-0.030603501040519038,35.0,0.0,0.0
1,15,0.03538988860325622,-0.025706940874035987,-0.030976863753213367,35.0,0.0,0.0
1,16,0.03538988860325622,-0.025706940874035987,-0.030976863753213367,35.0,0.0,0.0
1,17,0.035408250703880526,-0.025602888970498228,-0.030481087036356956,35.0,0.0,0.0
1,18,0.03550006120700208,-0.025664095972579265,-0.030756518545721628,35.0,0.0,0.0
1,19,0.03559187171012364,-0.02578650997674134,-0.03094626025217285,35.0,0.0,0.0
1,20,0.03559187171012364,-0.02578650997674134,-0.03094626025217285,35.0,0.0,0.0
1,21,0.03562859591137226,-0.025621251071122536,-0.030842208348635086,35.0,0.0,0.0
1,22,0.03541437140408863,-0.025731423674868404,-0.030799363447178357,35.0,0.0,0.0
1,23,0.03541437140408863,-0.025731423674868404,-0.030799363447178357,35.0,0.0,0.0
1,24,0.03573876851511813,-0.025908923980903414,-0.030768759946137834,35.0,0.0,0.0
1,25,0.0356898029134533,-0.02603133798506549,-0.03069531154364059,35.0,0.0,0.0
1,26,0.0356898029134533,-0.02603133798506549,-0.03069531154364059,35.0,0.0,0.0
1,27,0.035481699106377766,-0.025823234177989964,-0.030664708042600075,35.0,0.0,0.0
1,28,0.03564083731178847,-0.025896682580487208,-0.03082996694821888,35.0,0.0,0.0
1,29,0.03564083731178847,-0.025896682580487208,-0.03082996694821888,35.0,0.0,0.0
1,30,0.035634716611580367,-0.025847716978822377,-0.03078712204676215,35.0,0.0,0.0
1,31,0.035634716611580367,-0.026086424286938425,-0.030719794344473007,35.0,0.0,0.0
1,32,0.03542049210429673,-0.026135389888603255,-0.030585138939894722,35.0,0.0,0.0
1,33,0.03542049210429673,-0.026135389888603255,-0.030585138939894722,35.0,0.0,0.0
1,34,0.03546945770596156,-0.025817113477781855,-0.030585138939894722,35.0,0.0,0.0
1,35,0.035806096217407275,-0.02562737177133064,-0.03087893254988371,35.0,0.0,0.0
1,36,0.035806096217407275,-0.02562737177133064,-0.03087893254988371,35.0,0.0,0.0
1,37,0.03554902680866691,-0.025719182274452197,-0.030781001346554045,35.0,0.0,0.0
1,38,0.03550618190721018,-0.02573754437507651,-0.03069531154364059,35.0,0.0,0.0
1,39,0.03550618190721018,-0.02573754437507651,-0.03069531154364059,35.0,0.0,0.0
1,40,0.03560411311053985,-0.025951768882360143,-0.030707552944056797,35.0,0.0,0.0
1,41,0.03574488921532623,-0.02543150936467132,-0.0308728118496756,35.0,0.0,0.0
1,42,0.03574488921532623,-0.02583547557840617,-0.03079324274697025,35.0,0.0,0.0
1,43,0.03556126820908312,-0.02583547557840617,-0.03079324274697025,35.0,0.0,0.0
1,44,0.03575713061574244,-0.025970130982984452,-0.030799363447178357,35.0,0.0,0.0
1,45,0.03559187171012364,-0.025713061574244096,-0.030548414738646102,35.0,0.0,0.0
1,46,0.03559187171012364,-0.025713061574244096,-0.030548414738646102,35.0,0.0,0.0
1,47,0.03555514750887502,-0.025670216672787367,-0.030487207736565065,35.0,0.0,0.0
1,48,0.035695923613661404,-0.025890561880279106,-0.030860570449259394,35.0,0.0,0.0
1,49,0.035695923613661404,-0.025890561880279106,-0.030860570449259394,35.0,0.0,0.0
1,50,0.03561635451095606,-0.025774268576325133,-0.030970743053005262,35.0,0.0,0.0
1,51,0.03555514750887502,-0.025804872077365648,-0.03096462235279716,35.0,0.0,0.0
1,52,0.03555514750887502,-0.025804872077365648,-0.03096462235279716,35.0,0.0,0.0
1,53,0.03559799241033174,-0.025535561268209085,-0.030597380340310933,35.0,0.0,0.0
1,54,0.035677561513037095,-0.02573754437507651,-0.0307014322438487,35.0,0.0,0.0
1,55,0.03572040641449382,-0.025615130370914434,-0.030707552944056797,35.0,0.0,0.0
1,56,0.03572040641449382,-0.025615130370914434,-0.030707552944056797,35.0,0.0,0.0
1,57,0.035824458318031584,-0.025664095972579265,-0.030707552944056797,35.0,0.0,0.0
1,58,0.03551230260741829,-0.02578650997674134,-0.031038070755294404,35.0,0.0,0.0
1,59,0.03551230260741829,-0.02578650997674134,-0.031038070755294404,35.0,0.0,0.0
1,60,0.035408250703880526,-0.02564573387195495,-0.030897294650508018,35.0,0.0,0.0
1,61,0.035695923613661404,-0.025817113477781855,-0.030891173950299916,35.0,0.0,0.0
1,62,0.035695923613661404,-0.025817113477781855,-0.030891173950299916,35.0,0.0,0.0
1,63,0.03548781980658587,-0.025890561880279106,-0.03059125964010283,35.0,0.0,0.0
1,64,0.035622475211164156,-0.02568857877341168,-0.030768759946137834,35.0,0.0,0.0
1,65,0.035622475211164156,-0.02568857877341168,-0.030768759946137834,35.0,0.0,0.0
1,66,0.03543273350471294,-0.02583547557840617,-0.03091565675113233,35.0,0.0,0.0
1,67,0.03570816501407761,-0.02543150936467132,-0.030848329048843187,35.0,0.0,0.0
1,68,0.03540213000367242,-0.02574366507528461,-0.03074427714530542,35.0,0.0,0.0
1,69,0.03540213000367242,-0.02574366507528461,-0.03074427714530542,35.0,0.0,0.0
1,70,0.03554902680866691,-0.025841596278614275,-0.03087893254988371,35.0,0.0,0.0
1,71,0.035524544007834495,-0.025572285469457706,-0.030799363447178357,35.0,0.0,0.0
1,72,0.035524544007834495,-0.025572285469457706,-0.030799363447178357,35.0,0.0,0.0
1,73,0.035438854204921044,-0.02563961317174685,-0.030621863141143346,35.0,0.0,0.0
1,74,0.035695923613661404,-0.025664095972579265,-0.03065246664218387,35.0,0.0,0.0
1,75,0.035695923613661404,-0.025664095972579265,-0.03065246664218387,35.0,0.0,0.0
1,76,0.035665320112620885,-0.025547802668625292,-0.03083608764842698,35.0,0.0,0.0
1,77,0.0355306647080426,-0.02574366507528461,-0.030719794344473007,35.0,0.0,0.0
1,78,0.0355306647080426,-0.02574366507528461,-0.030719794344473007,35.0,0.0,0.0
1,79,0.03565919941241278,-0.025939527481943937,-0.030615742440935245,35.0,0.0,0.0
1,80,0.03532256090096707,-0.025535561268209085,-0.030934018851756638,35.0,0.0,0.0
1,81,0.035665320112620885,-0.025749785775492716,-0.030811604847594563,35.0,0.0,0.0
1,82,0.035665320112620885,-0.025749785775492716,-0.030811604847594563,35.0,0.0,0.0
1,83,0.035695923613661404,-0.02583547557840617,-0.0307014322438487,35.0,0.0,0.0
1,84,0.03544497490512914,-0.025762027175908926,-0.030438242134900234,35.0,0.0,0.0
1,85,0.03544497490512914,-0.025762027175908926,-0.030438242134900234,35.0,0.0,0.0
1,86,0.03557350960949933,-0.025713061574244096,-0.030774880646345943,35.0,0.0,0.0
1,87,0.03577549271636675,-0.025810992777573753,-0.030866691149467503,35.0,0.0,0.0
1,88,0.03577549271636675,-0.025810992777573753,-0.030866691149467503,35.0,0.0,0.0
1,89,0.035493940506793976,-0.025810992777573753,-0.030621863141143346,35.0,0.0,0.0
1,90,0.03532256090096707,-0.026006855184233076,-0.03079324274697025,35.0,0.0,0.0
1,91,0.03532256090096707,-0.026006855184233076,-0.03079324274697025,35.0,0.0,0.0
1,92,0.03551230260741829,-0.026245562492349123,-0.030750397845513526,35.0,0.0,0.0
1,93,0.03543273350471294,-0.026006855184233076,-0.03068919084343249,35.0,0.0,0.0
1,94,0.03546945770596156,-0.025939527481943937,-0.030848329048843187,35.0,0.0,0.0
1,95,0.03546945770596156,-0.025939527481943937,-0.030848329048843187,35.0,0.0,0.0
1,96,0.03551230260741829,-0.02579263067694944,-0.030952380952380953,35.0,0.0,0.0
1,97,0.03559799241033174,-0.025780389276533235,-0.030799363447178357,35.0,0.0,0.0
1,98,0.03559799241033174,-0.025780389276533235,-0.030799363447178357,35.0,0.0,0.0
1,99,0.03564695801199657,-0.02569469947361978,-0.030603501040519038,35.0,0.0,0.0
2,0,-0.04053127677806341,0.0631839882482556,-0.06610968294772922,0.0,35.0,0.0
2,1,-0.04041498347410944,0.0636858856653201,-0.06626882115313992,0.0,35.0,0.0
2,2,-0.04041498347410944,0.0636858856653201,-0.06626882115313992,0.0,35.0,0.0
2,3,-0.040763863385971356,0.06359407516219856,-0.06666054596645857,0.0,35.0,0.0
2,4,-0.040696535683682214,0.06325743665075284,-0.06665442526625046,0.0,35.0,0.0
2,5,-0.04047006977598237,0.0633492471538744,-0.06605459664585629,0.0,35.0,0.0
2,6,-0.04047006977598237,0.0633492471538744,-0.06605459664585629,0.0,35.0,0.0
2,7,-0.040396621373485125,0.0631717468478394,-0.06604235524544008,0.0,35.0,0.0
2,8,-0.040610845880768756,0.06310441914555025,-0.06629942465418044,0.0,35.0,0.0
2,9,-0.040610845880768756,0.06310441914555025,-0.06629942465418044,0.0,35.0,0.0
2,10,-0.04045782837556616,0.0633431264536663,-0.06651364916146407,0.0,35.0,0.0
2,11,-0.040610845880768756,0.06347166115803647,-0.06623209695189129,0.0,35.0,0.0
2,12,-0.040610845880768756,0.06347166115803647,-0.06623209695189129,0.0,35.0,0.0
2,13,-0.04078222548659567,0.06352674745990941,-0.06628718325376423,0.0,35.0,0.0
2,14,-0.040482311176398576,0.06309217774513405,-0.06614028644876974,0.0,35.0,0.0
2,15,-0.040482311176398576,0.06309217774513405,-0.06614028644876974,0.0,35.0,0.0
2,16,-0.04037213857265271,0.06331864365283388,-0.06620149345085077,0.0,35.0,0.0
2,17,-0.04062920798139307,0.06330028155220957,-0.06614640714897785,0.0,35.0,0.0
2,18,-0.04062920798139307,0.06330028155220957,-0.06614640714897785,0.0,35.0,0.0
2,19,-0.040623087281184966,0.06335536785408251,-0.06626882115313992,0.0,35.0,0.0
2,20,-0.04059860448035255,0.06337985065491493,-0.0665564940629208,0.0,35.0,0.0
2,21,-0.04054963887868772,0.06342269555637164,-0.06616476924960216,0.0,35.0,0.0
2,22,-0.04054963887868772,0.06342269555637164,-0.06616476924960216,0.0,35.0,0.0
2,23,-0.04047006977598237,0.063502264659077,-0.06637899375688579,0.0,35.0,0.0
2,24,-0.04042110417431754,0.06353898886032562,-0.06614028644876974,0.0,35.0,0.0
2,25,-0.04042110417431754,0.06353898886032562,-0.06614028644876974,0.0,35.0,0.0
2,26,-0.040672052882849793,0.06347166115803647,-0.06655037336271269,0.0,35.0,0.0
2,27,-0.04060472518056066,0.0631901089484637,-0.06631778675480475,0.0,35.0,0.0
2,28,-0.04060472518056066,0.0631901089484637,-0.06631778675480475,0.0,35.0,0.0
2,29,-0.04060472518056066,0.06322683314971232,-0.06629942465418044,0.0,35.0,0.0
2,30,-0.04045782837556616,0.06343493695678785,-0.06613416574856164,0.0,35.0,0.0
2,31,-0.04045782837556616,0.06343493695678785,-0.06613416574856164,0.0,35.0,0.0
2,32,-0.04063532868160118,0.06372873056677683,-0.06666666666666667,0.0,35.0,0.0
2,33,-0.04046394907577427,0.06341045415595545,-0.06600563104419147,0.0,35.0,0.0
2,34,-0.04075774268576325,0.06338597135512303,-0.06620149345085077,0.0,35.0,0.0
2,35,-0.04075774268576325,0.06338597135512303,-0.06620149345085077,0.0,35.0,0.0
2,36,-0.04026196596890684,0.06341045415595545,-0.06617088994981027,0.0,35.0,0.0
2,37,-0.040665932182641695,0.0631778675480475,-0.0662198555514751,0.0,35.0,0.0
2,38,-0.040665932182641695,0.0631778675480475,-0.0662198555514751,0.0,35.0,0.0
2,39,-0.04047006977598237,0.06343493695678785,-0.06619537275064268,0.0,35.0,0.0
2,40,-0.040537397478271515,0.06362467866323908,-0.06633614885542906,0.0,35.0,0.0
2,41,-0.040537397478271515,0.06362467866323908,-0.06633614885542906,0.0,35.0,0.0
2,42,-0.04046394907577427,0.06311666054596646,-0.06614028644876974,0.0,35.0,0.0
2,43,-0.040678173583057906,0.06322683314971232,-0.06631166605459664,0.0,35.0,0.0
2,44,-0.040678173583057906,0.06322683314971232,-0.06631166605459664,0.0,35.0,0.0
2,45,-0.040537397478271515,0.06322071244950422,-0.06585261353898886,0.0,35.0,0.0
2,46,-0.04050067327702289,0.06315338474721507,-0.0664095972579263,0.0,35.0,0.0
2,47,-0.04064144938180928,0.06347166115803647,-0.06626882115313992,0.0,35.0,0.0
2,48,-0.04064144938180928,0.06347166115803647,-0.06626882115313992,0.0,35.0,0.0
2,49,-0.04056188027910393,0.06324519525033664,-0.06650752846125597,0.0,35.0,0.0
2,50,-0.0403537764720284,0.06315950544742319,-0.06627494185334802,0.0,35.0,0.0
2,51,-0.0403537764720284,0.06315950544742319,-0.06627494185334802,0.0,35.0,0.0
2,52,-0.040298690170155464,0.06336148855429061,-0.06645244215938304,0.0,35.0,0.0
2,53,-0.040610845880768756,0.06314726404700698,-0.06599338964377524,0.0,35.0,0.0
2,54,-0.040610845880768756,0.06314726404700698,-0.06599338964377524,0.0,35.0,0.0
2,55,-0.04078834618680377,0.06332476435304199,-0.06609132084710491,0.0,35.0,0.0
2,56,-0.04053127677806341,0.06342881625657976,-0.06636675235646958,0.0,35.0,0.0
2,57,-0.04053127677806341,0.06342881625657976,-0.06636675235646958,0.0,35.0,0.0
2,58,-0.0403537764720284,0.06328191945158526,-0.06634839025584527,0.0,35.0,0.0
2,59,-0.04048843187660668,0.0631839882482556,-0.06633002815522096,0.0,35.0,0.0
2,60,-0.0405129146774391,0.06339209205533113,-0.06658709756396132,0.0,35.0,0.0
2,61,-0.0405129146774391,0.06339209205533113,-0.06658709756396132,0.0,35.0,0.0
2,62,-0.04078222548659567,0.06327579875137715,-0.06617088994981027,0.0,35.0,0.0
2,63,-0.040580242379728244,0.06315338474721507,-0.06609744154731301,0.0,35.0,0.0
2,64,-0.040580242379728244,0.06315338474721507,-0.06609744154731301,0.0,35.0,0.0
2,65,-0.04055575957889583,0.06328804015179337,-0.06627494185334802,0.0,35.0,0.0
2,66,-0.04059860448035255,0.06349614395886889,-0.06616476924960216,0.0,35.0,0.0
2,67,-0.04059860448035255,0.06349614395886889,-0.06616476924960216,0.0,35.0,0.0
2,68,-0.04069041498347411,0.06354510956053373,-0.06615252784918595,0.0,35.0,0.0
2,69,-0.04027420736932305,0.06331864365283388,-0.06606683804627249,0.0,35.0,0.0
2,70,-0.04027420736932305,0.06331864365283388,-0.06606683804627249,0.0,35.0,0.0
2,71,-0.04054963887868772,0.06336760925449872,-0.06613416574856164,0.0,35.0,0.0
2,72,-0.04062920798139307,0.06337372995470682,-0.06620149345085077,0.0,35.0,0.0
2,73,-0.04062920798139307,0.06337372995470682,-0.06620149345085077,0.0,35.0,0.0
2,74,-0.040653690782225485,0.06320847104908801,-0.0663851144570939,0.0,35.0,0.0
2,75,-0.04028644876973926,0.06371036846615252,-0.06627494185334802,0.0,35.0,0.0
2,76,-0.04070877708409842,0.06325131595054474,-0.06660545966458563,0.0,35.0,0.0
2,77,-0.04070877708409842,0.06325131595054474,-0.06660545966458563,0.0,35.0,0.0
2,78,-0.04048843187660668,0.06321459174929613,-0.06628718325376423,0.0,35.0,0.0
2,79,-0.04084343248867671,0.06341045415595545,-0.06619537275064268,0.0,35.0,0.0
2,80,-0.04084343248867671,0.06341045415595545,-0.06619537275064268,0.0,35.0,0.0
2,81,-0.040684294283266004,0.06332476435304199,-0.06625657975272371,0.0,35.0,0.0
2,82,-0.0403476557718203,0.06330640225241768,-0.06647080426000734,0.0,35.0,0.0
2,83,-0.0403476557718203,0.06330640225241768,-0.06647080426000734,0.0,35.0,0.0
2,84,-0.04060472518056066,0.06335536785408251,-0.06615864854939404,0.0,35.0,0.0
2,85,-0.040451707675358065,0.06332476435304199,-0.06637899375688579,0.0,35.0,0.0
2,86,-0.040451707675358065,0.06332476435304199,-0.06637899375688579,0.0,35.0,0.0
2,87,-0.04063532868160118,0.06337372995470682,-0.0663851144570939,0.0,35.0,0.0
2,88,-0.040568000979312034,0.06347166115803647,-0.06631778675480475,0.0,35.0,0.0
2,89,-0.040568000979312034,0.06347166115803647,-0.06631778675480475,0.0,35.0,0.0
2,90,-0.0403476557718203,0.06331252295262578,-0.06629942465418044,0.0,35.0,0.0
2,91,-0.04053127677806341,0.06315950544742319,-0.06618925205043456,0.0,35.0,0.0
2,92,-0.04062920798139307,0.06345329905741218,-0.06617701065001837,0.0,35.0,0.0
2,93,-0.04062920798139307,0.06345329905741218,-0.06617701065001837,0.0,35.0,0.0
2,94,-0.04060472518056066,0.0631962296486718,-0.06625657975272371,0.0,35.0,0.0
2,95,-0.04056188027910393,0.0633370057534582,-0.06659933896437753,0.0,35.0,0.0
2,96,-0.04056188027910393,0.0633370057534582,-0.06659933896437753,0.0,35.0,0.0
2,97,-0.04058636307993634,0.06357571306157425,-0.06636063165626148,0.0,35.0,0.0
2,98,-0.040812828987636184,0.06326967805116905,-0.06644632145917492,0.0,35.0,0.0
2,99,-0.040812828987636184,0.06326967805116905,-0.06644632145917492,0.0,35.0,0.0
3,0,0.039625413147264046,0.05198922756763373,-0.07546823356591995,35.0,35.0,0.0
3,1,0.039356102338107476,0.052331986779287555,-0.07577426857632513,35.0,35.0,0.0
3,2,0.039356102338107476,0.052331986779287555,-0.07577426857632513,35.0,35.0,0.0
3,3,0.039656016648304565,0.051909658464928385,-0.0754192679642551,35.0,35.0,0.0
3,4,0.039441792141020934,0.05217284857387685,-0.07563349247153875,35.0,35.0,0.0
3,5,0.039441792141020934,0.05217284857387685,-0.07563349247153875,35.0,35.0,0.0
3,6,0.0395519647447668,0.05202595176888236,-0.07563961317174685,35.0,35.0,0.0
3,7,0.039570326845391114,0.05207491737054719,-0.0757130615742441,35.0,35.0,0.0
3,8,0.039570326845391114,0.05207491737054719,-0.0757130615742441,35.0,35.0,0.0
3,9,0.03949075774268576,0.05212388297221202,-0.07559676827029013,35.0,35.0,0.0
3,10,0.03936222303831559,0.051976986167217534,-0.07548659566654425,35.0,35.0,0.0
3,11,0.03936222303831559,0.051976986167217534,-0.07548659566654425,35.0,35.0,0.0
3,12,0.03934998163789938,0.05201371036846615,-0.07546211286571183,35.0,35.0,0.0
3,13,0.03940506793977231,0.05199534826784184,-0.07565797527237116,35.0,35.0,0.0
3,14,0.039625413147264046,0.05226465907699841,-0.07569469947361979,35.0,35.0,0.0
3,15,0.039625413147264046,0.05226465907699841,-0.07569469947361979,35.0,35.0,0.0
3,16,0.039698861549761294,0.05205655526992288,-0.07570082017382788,35.0,35.0,0.0
3,17,0.03940506793977231,0.0525829354878198,-0.07568857877341167,35.0,35.0,0.0
3,18,0.03940506793977231,0.0525829354878198,-0.07568857877341167,35.0,35.0,0.0
3,19,0.03959480964622353,0.05202595176888236,-0.07582323417798996,35.0,35.0,0.0
3,20,0.039656016648304565,0.051934141265760805,-0.07554780266862529,35.0,35.0,0.0
3,21,0.039656016648304565,0.051934141265760805,-0.07554780266862529,35.0,35.0,0.0
3,22,0.03959480964622353,0.051946382666177016,-0.07526625045905252,35.0,35.0,0.0
3,23,0.039668258048720775,0.051836210062431144,-0.07552331986779287,35.0,35.0,0.0
3,24,0.039668258048720775,0.051836210062431144,-0.07552331986779287,35.0,35.0,0.0
3,25,0.03947851634226955,0.05201371036846615,-0.07576202717590892,35.0,35.0,0.0
3,26,0.03953972334435059,0.052178969274084955,-0.07548659566654425,35.0,35.0,0.0
3,27,0.03958256824580732,0.052160607173460646,-0.07586607907944669,35.0,35.0,0.0
3,28,0.03958256824580732,0.052160607173460646,-0.07586607907944669,35.0,35.0,0.0
3,29,0.03946627494185335,0.051976986167217534,-0.07566409597257925,35.0,35.0,0.0
3,30,0.039429550740604724,0.052154486473252534,-0.07594564818215203,35.0,35.0,0.0
3,31,0.039429550740604724,0.052154486473252534,-0.07594564818215203,35.0,35.0,0.0
3,32,0.03947239564206145,0.05225853837679031,-0.0757130615742441,35.0,35.0,0.0
3,33,0.039643775247888355,0.05206879667033909,-0.07546823356591995,35.0,35.0,0.0
3,34,0.039643775247888355,0.05206879667033909,-0.07546823356591995,35.0,35.0,0.0
3,35,0.03961929244705594,0.052081038070755294,-0.07568857877341167,35.0,35.0,0.0
3,36,0.039429550740604724,0.05201983106867426,-0.07565797527237116,35.0,35.0,0.0
3,37,0.039429550740604724,0.05201983106867426,-0.07565797527237116,35.0,35.0,0.0
3,38,0.03947851634226955,0.05211776227200392,-0.07544987146529562,35.0,35.0,0.0
3,39,0.039668258048720775,0.05205655526992288,-0.07568857877341167,35.0,35.0,0.0
3,40,0.03949687844289387,0.052081038070755294,-0.07589056188027911,35.0,35.0,0.0
3,41,0.03949687844289387,0.052081038070755294,-0.07589056188027911,35.0,35.0,0.0
3,42,0.03959480964622353,0.05188517566409597,-0.07566409597257925,35.0,35.0,0.0
3,43,0.039753947851634226,0.052050434569714775,-0.07590892398090342,35.0,35.0,0.0
3,44,0.039753947851634226,0.052050434569714775,-0.07590892398090342,35.0,35.0,0.0
3,45,0.03961929244705594,0.05172603745868527,-0.07574366507528461,35.0,35.0,0.0
3,46,0.039656016648304565,0.05205655526992288,-0.0757253029746603,35.0,35.0,0.0
3,47,0.039656016648304565,0.05205655526992288,-0.0757253029746603,35.0,35.0,0.0
3,48,0.039625413147264046,0.05186069286326356,-0.07547435426612804,35.0,35.0,0.0
3,49,0.03957644754559922,0.051805606561390626,-0.07589056188027911,35.0,35.0,0.0
3,50,0.039411188639980416,0.051768882360142,-0.07560288897049823,35.0,35.0,0.0
3,51,0.039411188639980416,0.051768882360142,-0.07560288897049823,35.0,35.0,0.0
3,52,0.03968049944913698,0.05209940017137961,-0.0757314236748684,35.0,35.0,0.0
3,53,0.039558085444974904,0.05201371036846615,-0.07559064757008202,35.0,35.0,0.0
3,54,0.039558085444974904,0.05201371036846615,-0.07559064757008202,35.0,35.0,0.0
3,55,0.039558085444974904,0.052093279471171504,-0.0757375443750765,35.0,35.0,0.0
3,56,0.03980903415350716,0.0519218998653446,-0.07553556126820908,35.0,35.0,0.0
3,57,0.03980903415350716,0.0519218998653446,-0.07553556126820908,35.0,35.0,0.0
3,58,0.039784551352674745,0.05198922756763373,-0.07587219977965479,35.0,35.0,0.0
3,59,0.039515240543518175,0.05219733137470926,-0.07584771697882238,35.0,35.0,0.0
3,60,0.039515240543518175,0.05219733137470926,-0.07584771697882238,35.0,35.0,0.0
3,61,0.03943567144081283,0.052252417676582195,-0.07565797527237116,35.0,35.0,0.0
3,62,0.03937446443873179,0.05211776227200392,-0.07575590647570082,35.0,35.0,0.0
3,63,0.03927653323540213,0.0519218998653446,-0.07561513037091443,35.0,35.0,0.0
3,64,0.03927653323540213,0.0519218998653446,-0.07561513037091443,35.0,35.0,0.0
3,65,0.039558085444974904,0.052081038070755294,-0.07575590647570082,35.0,35.0,0.0
3,66,0.03950911984331008,0.052191210674501165,-0.07546211286571183,35.0,35.0,0.0
3,67,0.03950911984331008,0.052191210674501165,-0.07546211286571183,35.0,35.0,0.0
3,68,0.03960705104663974,0.052178969274084955,-0.07544987146529562,35.0,35.0,0.0
3,69,0.039558085444974904,0.05198922756763373,-0.07559676827029013,35.0,35.0,0.0
3,70,0.039558085444974904,0.05198922756763373,-0.07559676827029013,35.0,35.0,0.0
3,71,0.039441792141020934,0.05206267597013098,-0.07588444118007101,35.0,35.0,0.0
3,72,0.0395458440445587,0.052111641571795805,-0.0757375443750765,35.0,35.0,0.0
3,73,0.0395458440445587,0.052111641571795805,-0.0757375443750765,35.0,35.0,0.0
3,74,0.03960705104663974,0.05186069286326356,-0.07562125107112254,35.0,35.0,0.0
3,75,0.03944791284122904,0.05228302117762272,-0.0757253029746603,35.0,35.0,0.0
3,76,0.03944791284122904,0.05187293426367976,-0.07568245807320358,35.0,35.0,0.0
3,77,0.03931937813685886,0.05187293426367976,-0.07568245807320358,35.0,35.0,0.0
3,78,0.03953972334435059,0.052038193169298565,-0.07565185457216306,35.0,35.0,0.0
3,79,0.03950299914310197,0.05189741706451219,-0.07570694087403598,35.0,35.0,0.0
3,80,0.03950299914310197,0.05189741706451219,-0.07570694087403598,35.0,35.0,0.0
3,81,0.03950911984331008,0.05211776227200392,-0.07562125107112254,35.0,35.0,0.0
3,82,0.03936222303831559,0.05225853837679031,-0.07567021667278737,35.0,35.0,0.0
3,83,0.03936222303831559,0.05225853837679031,-0.07567021667278737,35.0,35.0,0.0
3,84,0.03943567144081283,0.05212388297221202,-0.07547435426612804,35.0,35.0,0.0
3,85,0.03949687844289387,0.051909658464928385,-0.07542538866446322,35.0,35.0,0.0
3,86,0.03949687844289387,0.051909658464928385,-0.07542538866446322,35.0,35.0,0.0
3,87,0.03916636063165626,0.052111641571795805,-0.07531521606071735,35.0,35.0,0.0
3,88,0.03967437874892888,0.05207491737054719,-0.0753886644632146,35.0,35.0,0.0
3,89,0.03967437874892888,0.05207491737054719,-0.07558452686987391,35.0,35.0,0.0
3,90,0.03964989594809647,0.052093279471171504,-0.07558452686987391,35.0,35.0,0.0
3,91,0.0398641204553801,0.052160607173460646,-0.07581711347778186,35.0,35.0,0.0
3,92,0.0395519647447668,0.05181172726159873,-0.07557840616966581,35.0,35.0,0.0
3,93,0.0395519647447668,0.05181172726159873,-0.07557840616966581,35.0,35.0,0.0
3,94,0.03968049944913698,0.05178724446076631,-0.07564573387195496,35.0,35.0,0.0
3,95,0.039429550740604724,0.05203207246909046,-0.07575590647570082,35.0,35.0,0.0
3,96,0.039429550740604724,0.05203207246909046,-0.07575590647570082,35.0,35.0,0.0
3,97,0.03974782715142612,0.05236871098053617,-0.07565797527237116,35.0,35.0,0.0
3,98,0.039356102338107476,0.052111641571795805,-0.07559064757008202,35.0,35.0,0.0
3,99,0.039356102338107476,0.052111641571795805,-0.07559064757008202,35.0,35.0,0.0
