values,,Magnetometer,Magnetometer,Magnetometer,position,position,position
axis,,x,y,z,x,y,z
Sensor,Sample,,,,,,
0,0,-0.0602950177500306,-0.06475088750153017,-0.08184600318276411,0.0,0.0,0.0
0,1,-0.06039906965356837,-0.06490390500673276,-0.08187660668380463,0.0,0.0,0.0
0,2,-0.060466397355857515,-0.06489778430652467,-0.08187048598359652,0.0,0.0,0.0
0,3,-0.060466397355857515,-0.06489778430652467,-0.08187048598359652,0.0,0.0,0.0
0,4,-0.06038070755294406,-0.06491614640714898,-0.08188884808422084,0.0,0.0,0.0
0,5,-0.06050312155710613,-0.06497123270902191,-0.08185824458318032,0.0,0.0,0.0
0,6,-0.06050312155710613,-0.06497123270902191,-0.08185824458318032,0.0,0.0,0.0
0,7,-0.06020320724690905,-0.06472640470069776,-0.08206634839025585,0.0,0.0,0.0
0,8,-0.06039906965356837,-0.06480597380340311,-0.08187660668380463,0.0,0.0,0.0
0,9,-0.06039906965356837,-0.06480597380340311,-0.08187660668380463,0.0,0.0,0.0
0,10,-0.060411311053984576,-0.06507528461255968,-0.08190721018484515,0.0,0.0,0.0
0,11,-0.06054596645856286,-0.06458562859591137,-0.08174195127922634,0.0,0.0,0.0
0,12,-0.06054596645856286,-0.06458562859591137,-0.08174195127922634,0.0,0.0,0.0
0,13,-0.06047863875627372,-0.06465295629820052,-0.08209695189129637,0.0,0.0,0.0
0,14,-0.06038070755294406,-0.06487330150569225,-0.0819806585873424,0.0,0.0,0.0
0,15,-0.06038070755294406,-0.06487330150569225,-0.0819806585873424,0.0,0.0,0.0
0,16,-0.060227690047741464,-0.06502631901089485,-0.08177255478026686,0.0,0.0,0.0
0,17,-0.060356224752111644,-0.06462235279716,-0.08185212388297222,0.0,0.0,0.0
0,18,-0.060356224752111644,-0.06462235279716,-0.08185212388297222,0.0,0.0,0.0
0,19,-0.06058881136001959,-0.06473864610111398,-0.08188884808422084,0.0,0.0,0.0
0,20,-0.060411311053984576,-0.06472640470069776,-0.08188272738401273,0.0,0.0,0.0
0,21,-0.060411311053984576,-0.064799853103195,-0.08165014077610479,0.0,0.0,0.0
0,22,-0.06037458685273596,-0.064799853103195,-0.08165014077610479,0.0,0.0,0.0
0,23,-0.06022156934753335,-0.06507528461255968,-0.08193169298567757,0.0,0.0,0.0
0,24,-0.06036846615252785,-0.06466519769861671,-0.08169910637776961,0.0,0.0,0.0
0,25,-0.06036846615252785,-0.06466519769861671,-0.08169910637776961,0.0,0.0,0.0
0,26,-0.060313379850654915,-0.0647876117027788,-0.08173583057901825,0.0,0.0,0.0
0,27,-0.06049088015668993,-0.06481821520381932,-0.08169298567756152,0.0,0.0,0.0
0,28,-0.06049088015668993,-0.06481821520381932,-0.08169298567756152,0.0,0.0,0.0
0,29,-0.06036234545231974,-0.06477537030236259,-0.08163789937568858,0.0,0.0,0.0
0,30,-0.06050924225731423,-0.06464683559799242,-0.08209083119108826,0.0,0.0,0.0
0,31,-0.06050924225731423,-0.06464683559799242,-0.08209083119108826,0.0,0.0,0.0
0,32,-0.06030113845023871,-0.06461623209695189,-0.08164402007589669,0.0,0.0,0.0
0,33,-0.06050312155710613,-0.06483045660423552,-0.08173583057901825,0.0,0.0,0.0
0,34,-0.06050312155710613,-0.06483045660423552,-0.08173583057901825,0.0,0.0,0.0
0,35,-0.060282776349614396,-0.06452442159383034,-0.08106255355612682,0.0,0.0,0.0
0,36,-0.060325621251071125,-0.06465907699840862,-0.08191333088505325,0.0,0.0,0.0
0,37,-0.060325621251071125,-0.06465907699840862,-0.08191333088505325,0.0,0.0,0.0
0,38,-0.06038070755294406,-0.06498347410943812,-0.08172970987881013,0.0,0.0,0.0
0,39,-0.06036846615252785,-0.06472640470069776,-0.081839882482556,0.0,0.0,0.0
0,40,-0.06036846615252785,-0.06472640470069776,-0.081839882482556,0.0,0.0,0.0
0,41,-0.06053984575835476,-0.06491614640714898,-0.08165626147631289,0.0,0.0,0.0
0,42,-0.06048475945648182,-0.06492226710735707,-0.08188884808422084,0.0,0.0,0.0
0,43,-0.06048475945648182,-0.06498347410943812,-0.081662382176521,0.0,0.0,0.0
0,44,-0.0604419145550251,-0.06498347410943812,-0.081662382176521,0.0,0.0,0.0
0,45,-0.060411311053984576,-0.06457338719549517,-0.08180927898151549,0.0,0.0,0.0
0,46,-0.060270534949198186,-0.06473864610111398,-0.08180927898151549,0.0,0.0,0.0
0,47,-0.060270534949198186,-0.06473864610111398,-0.08180927898151549,0.0,0.0,0.0
0,48,-0.06050924225731423,-0.06466519769861671,-0.08177867548047497,0.0,0.0,0.0
0,49,-0.06033174195127923,-0.06502631901089485,-0.08176031337985065,0.0,0.0,0.0
0,50,-0.06033174195127923,-0.06502631901089485,-0.08176031337985065,0.0,0.0,0.0
0,51,-0.060466397355857515,-0.06450605949320602,-0.08171746847839392,0.0,0.0,0.0
0,52,-0.060466397355857515,-0.0647937324029869,-0.08180927898151549,0.0,0.0,0.0
0,53,-0.060466397355857515,-0.0647937324029869,-0.08180927898151549,0.0,0.0,0.0
0,54,-0.060429673154608884,-0.06487942220590034,-0.081839882482556,0.0,0.0,0.0
0,55,-0.060270534949198186,-0.06470804260007344,-0.08188884808422084,0.0,0.0,0.0
0,56,-0.060270534949198186,-0.06470804260007344,-0.08188884808422084,0.0,0.0,0.0
0,57,-0.060356224752111644,-0.06461623209695189,-0.08163789937568858,0.0,0.0,0.0
0,58,-0.06037458685273596,-0.0649467499081895,-0.08186436528338842,0.0,0.0,0.0
0,59,-0.06037458685273596,-0.0649467499081895,-0.08186436528338842,0.0,0.0,0.0
0,60,-0.06060105276043579,-0.06490390500673276,-0.08185824458318032,0.0,0.0,0.0
0,61,-0.060429673154608884,-0.06450605949320602,-0.08181539968172359,0.0,0.0,0.0
0,62,-0.060429673154608884,-0.06450605949320602,-0.08181539968172359,0.0,0.0,0.0
0,63,-0.0604602766556494,-0.0647692496021545,-0.08158893377402375,0.0,0.0,0.0
0,64,-0.0604480352552332,-0.06461623209695189,-0.08207246909046395,0.0,0.0,0.0
0,65,-0.0604480352552332,-0.06461623209695189,-0.08174807197943444,0.0,0.0,0.0
0,66,-0.06033174195127923,-0.06483045660423552,-0.08174807197943444,0.0,0.0,0.0
0,67,-0.06036234545231974,-0.06474476680132207,-0.08176031337985065,0.0,0.0,0.0
0,68,-0.060215448647325254,-0.06477537030236259,-0.08185212388297222,0.0,0.0,0.0
0,69,-0.060215448647325254,-0.06477537030236259,-0.08185212388297222,0.0,0.0,0.0
0,70,-0.06036234545231974,-0.06475088750153017,-0.08188884808422084,0.0,0.0,0.0
0,71,-0.060325621251071125,-0.06484269800465173,-0.08201126208838291,0.0,0.0,0.0
0,72,-0.060325621251071125,-0.06484269800465173,-0.08201126208838291,0.0,0.0,0.0
0,73,-0.060570449259395275,-0.06464071489778431,-0.08205410698983964,0.0,0.0,0.0
0,74,-0.060497000856898034,-0.06483657730444363,-0.08172358917860204,0.0,0.0,0.0
0,75,-0.060497000856898034,-0.06483657730444363,-0.08172358917860204,0.0,0.0,0.0
0,76,-0.0601236381442037,-0.06483657730444363,-0.08184600318276411,0.0,0.0,0.0
0,77,-0.060454155955441305,-0.06466519769861671,-0.08184600318276411,0.0,0.0,0.0
0,78,-0.060454155955441305,-0.06466519769861671,-0.08184600318276411,0.0,0.0,0.0
0,79,-0.06040519035377647,-0.06476312890194638,-0.08185212388297222,0.0,0.0,0.0
0,80,-0.06047863875627372,-0.06467131839882483,-0.08178479618068307,0.0,0.0,0.0
0,81,-0.06047863875627372,-0.06467131839882483,-0.08178479618068307,0.0,0.0,0.0
0,82,-0.060209327947117156,-0.06471416330028155,-0.08161341657485617,0.0,0.0,0.0
0,83,-0.0604602766556494,-0.064799853103195,-0.08169910637776961,0.0,0.0,0.0
0,84,-0.0604602766556494,-0.064799853103195,-0.08169910637776961,0.0,0.0,0.0
0,85,-0.06047863875627372,-0.0647876117027788,-0.08186436528338842,0.0,0.0,0.0
0,86,-0.06036846615252785,-0.06438976618925205,-0.08185824458318032,0.0,0.0,0.0
0,87,-0.06036846615252785,-0.06438976618925205,-0.08185212388297222,0.0,0.0,0.0
0,88,-0.0604419145550251,-0.06490390500673276,-0.08185212388297222,0.0,0.0,0.0
0,89,-0.06030725915044681,-0.06483045660423552,-0.08188884808422084,0.0,0.0,0.0
0,90,-0.060417431754192674,-0.06473864610111398,-0.0818337617823479,0.0,0.0,0.0
0,91,-0.060417431754192674,-0.06473864610111398,-0.0818337617823479,0.0,0.0,0.0
0,92,-0.06030113845023871,-0.06475700820173827,-0.0819745378871343,0.0,0.0,0.0
0,93,-0.06057656995960338,-0.06472640470069776,-0.08184600318276411,0.0,0.0,0.0
0,94,-0.06057656995960338,-0.06472640470069776,-0.08184600318276411,0.0,0.0,0.0
0,95,-0.0604602766556494,-0.06478149100257069,-0.08172970987881013,0.0,0.0,0.0
0,96,-0.0602766556494063,-0.06484269800465173,-0.0818276410821398,0.0,0.0,0.0
0,97,-0.0602766556494063,-0.06484269800465173,-0.0818276410821398,0.0,0.0,0.0
0,98,-0.06039906965356837,-0.06480597380340311,-0.08171746847839392,0.0,0.0,0.0
0,99,-0.060497000856898034,-0.0647876117027788,-0.08179703758109927,0.0,0.0,0.0
1,0,0.04050067327702289,-0.034288162565797524,-0.025425388664463217,35.0,0.0,0.0
1,1,0.040910760190965845,-0.03431264536662994,-0.025192802056555268,35.0,0.0,0.0
1,2,0.04062920798139307,-0.03446566287183254,-0.025211164157179583,35.0,0.0,0.0
1,3,0.040623087281184966,-0.034300403966213734,-0.025541681968417183,35.0,0.0,0.0
1,4,0.040623087281184966,-0.034300403966213734,-0.025541681968417183,35.0,0.0,0.0
1,5,0.04111886399804138,-0.03445954217162443,-0.025615130370914434,35.0,0.0,0.0
1,6,0.040763863385971356,-0.03420247276288407,-0.025676337372995472,35.0,0.0,0.0
1,7,0.040763863385971356,-0.03420247276288407,-0.025676337372995472,35.0,0.0,0.0
1,8,0.04059248378014445,-0.034269800465173215,-0.025541681968417183,35.0,0.0,0.0
1,9,0.041051536295752235,-0.03450238707308116,-0.02537030236259028,35.0,0.0,0.0
1,10,0.041051536295752235,-0.03450238707308116,-0.02537030236259028,35.0,0.0,0.0
1,11,0.041094381197208964,-0.03432488676704615,-0.025480474966336146,35.0,0.0,0.0
1,12,0.04072713918472273,-0.03450850777328927,-0.02574366507528461,35.0,0.0,0.0
1,13,0.04072713918472273,-0.03450850777328927,-0.02574366507528461,35.0,0.0,0.0
1,14,0.04086179458930102,-0.034269800465173215,-0.025572285469457706,35.0,0.0,0.0
1,15,0.040672052882849793,-0.03421471416330028,-0.025621251071122536,35.0,0.0,0.0
1,16,0.040672052882849793,-0.034282041865589426,-0.02536418166238218,35.0,0.0,0.0
1,17,0.04069041498347411,-0.034282041865589426,-0.02536418166238218,35.0,0.0,0.0
1,18,0.04074550128534704,-0.03447790427224874,-0.02551719916758477,35.0,0.0,0.0
1,19,0.040904639490757747,-0.03431876606683805,-0.025327457461133553,35.0,0.0,0.0
1,20,0.040904639490757747,-0.03431876606683805,-0.025327457461133553,35.0,0.0,0.0
1,21,0.040794466887011875,-0.03437385236871098,-0.025590647570082014,35.0,0.0,0.0
1,22,0.04084955318888481,-0.034269800465173215,-0.025633492471538743,35.0,0.0,0.0
1,23,0.04084955318888481,-0.034269800465173215,-0.025633492471538743,35.0,0.0,0.0
1,24,0.04065981148243359,-0.03407393805851389,-0.025633492471538743,35.0,0.0,0.0
1,25,0.040923001591382055,-0.034655404578283755,-0.025407026563838902,35.0,0.0,0.0
1,26,0.040923001591382055,-0.034655404578283755,-0.025407026563838902,35.0,0.0,0.0
1,27,0.04073325988493083,-0.03423307626392459,-0.02570082017382789,35.0,0.0,0.0
1,28,0.040568000979312034,-0.03438609376912719,-0.025602888970498228,35.0,0.0,0.0
1,29,0.040568000979312034,-0.03439221446933529,-0.025535561268209085,35.0,0.0,0.0
1,30,0.040696535683682214,-0.03439221446933529,-0.025535561268209085,35.0,0.0,0.0
1,31,0.04061696658097687,-0.0345758354755784,-0.02560900967070633,35.0,0.0,0.0
1,32,0.0408311910882605,-0.03453911127432978,-0.02549883706696046,35.0,0.0,0.0
1,33,0.0408311910882605,-0.03453911127432978,-0.02549883706696046,35.0,0.0,0.0
1,34,0.04069041498347411,-0.03458807687599461,-0.02533969886154976,35.0,0.0,0.0
1,35,0.040812828987636184,-0.034282041865589426,-0.025492716366752356,35.0,0.0,0.0
1,36,0.040812828987636184,-0.034282041865589426,-0.025492716366752356,35.0,0.0,0.0
1,37,0.0408373117884686,-0.0342514383645489,-0.02549883706696046,35.0,0.0,0.0
1,38,0.04061696658097687,-0.0344044558697515,-0.025437630064879424,35.0,0.0,0.0
1,39,0.04061696658097687,-0.0344044558697515,-0.025437630064879424,35.0,0.0,0.0
1,40,0.040684294283266004,-0.03420859346309218,-0.02535806096217407,35.0,0.0,0.0
1,41,0.04078834618680377,-0.034410576569959606,-0.025309095360509244,35.0,0.0,0.0
1,42,0.04078834618680377,-0.034410576569959606,-0.025168319255722854,35.0,0.0,0.0
1,43,0.04072713918472273,-0.034141265760803036,-0.025168319255722854,35.0,0.0,0.0
1,44,0.04080058758721998,-0.034416697270167704,-0.025523319867792875,35.0,0.0,0.0
1,45,0.040953605092422574,-0.03446566287183254,-0.02535806096217407,35.0,0.0,0.0
1,46,0.040953605092422574,-0.03446566287183254,-0.02535806096217407,35.0,0.0,0.0
1,47,0.040751621985555146,-0.03433712816746236,-0.025425388664463217,35.0,0.0,0.0
1,48,0.04086791528950912,-0.03437385236871098,-0.02565797527237116,35.0,0.0,0.0
1,49,0.04086791528950912,-0.03437385236871098,-0.02565797527237116,35.0,0.0,0.0
1,50,0.04057412167952014,-0.03459419757620272,-0.025621251071122536,35.0,0.0,0.0
1,51,0.04071489778430652,-0.034196352062675975,-0.025547802668625292,35.0,0.0,0.0
1,52,0.04071489778430652,-0.034196352062675975,-0.025547802668625292,35.0,0.0,0.0
1,53,0.040665932182641695,-0.03439221446933529,-0.025682458073203573,35.0,0.0,0.0
1,54,0.04088627739013343,-0.03420859346309218,-0.025492716366752356,35.0,0.0,0.0
1,55,0.04088627739013343,-0.03420859346309218,-0.025535561268209085,35.0,0.0,0.0
1,56,0.04078834618680377,-0.034282041865589426,-0.025535561268209085,35.0,0.0,0.0
1,57,0.04073938058513894,-0.03420247276288407,-0.02541926796425511,35.0,0.0,0.0
1,58,0.04047006977598237,-0.034300403966213734,-0.025425388664463217,35.0,0.0,0.0
1,59,0.04047006977598237,-0.034300403966213734,-0.025425388664463217,35.0,0.0,0.0
1,60,0.04078834618680377,-0.03443505937079202,-0.025156077855306647,35.0,0.0,0.0
1,61,0.040923001591382055,-0.0344044558697515,-0.025351940261965966,35.0,0.0,0.0
1,62,0.040923001591382055,-0.0344044558697515,-0.025351940261965966,35.0,0.0,0.0
1,63,0.04105765699596034,-0.03433100746725425,-0.02541926796425511,35.0,0.0,0.0
1,64,0.04070265638389032,-0.034355490268086666,-0.025315216060717342,35.0,0.0,0.0
1,65,0.04070265638389032,-0.034355490268086666,-0.025315216060717342,35.0,0.0,0.0
1,66,0.04059860448035255,-0.03410454155955441,-0.02562737177133064,35.0,0.0,0.0
1,67,0.040696535683682214,-0.03396376545476802,-0.02563961317174685,35.0,0.0,0.0
1,68,0.040696535683682214,-0.03396376545476802,-0.02563961317174685,35.0,0.0,0.0
1,69,0.040825070388052394,-0.0342453176643408,-0.025590647570082014,35.0,0.0,0.0
1,70,0.04062920798139307,-0.034171869261843554,-0.025504957767168563,35.0,0.0,0.0
1,71,0.040763863385971356,-0.03445342147141633,-0.025664095972579265,35.0,0.0,0.0
1,72,0.040763863385971356,-0.03445342147141633,-0.025664095972579265,35.0,0.0,0.0
1,73,0.04074550128534704,-0.03413514506059494,-0.025664095972579265,35.0,0.0,0.0
1,74,0.040751621985555146,-0.03429428326600563,-0.02546823356591994,35.0,0.0,0.0
1,75,0.040751621985555146,-0.03429428326600563,-0.02546823356591994,35.0,0.0,0.0
1,76,0.040825070388052394,-0.03445954217162443,-0.025284612559676827,35.0,0.0,0.0
1,77,0.040763863385971356,-0.03423307626392459,-0.025480474966336146,35.0,0.0,0.0
1,78,0.040763863385971356,-0.03423307626392459,-0.025480474966336146,35.0,0.0,0.0
1,79,0.04064144938180928,-0.03410454155955441,-0.025345819561757865,35.0,0.0,0.0
1,80,0.04073938058513894,-0.0342514383645489,-0.025462112865711838,35.0,0.0,0.0
1,81,0.04073938058513894,-0.0342514383645489,-0.025462112865711838,35.0,0.0,0.0
1,82,0.040678173583057906,-0.03433712816746236,-0.025394785163422695,35.0,0.0,0.0
1,83,0.04064757008201738,-0.034514628473497365,-0.025529440568000977,35.0,0.0,0.0
1,84,0.04091688089117395,-0.034129024360386825,-0.025388664463214593,35.0,0.0,0.0
1,85,0.04091688089117395,-0.034129024360386825,-0.025388664463214593,35.0,0.0,0.0
1,86,0.04073325988493083,-0.03406781735830579,-0.02541314726404701,35.0,0.0,0.0
1,87,0.04084343248867671,-0.03437997306891909,-0.025376423062798387,35.0,0.0,0.0
1,88,0.04084343248867671,-0.03437997306891909,-0.025376423062798387,35.0,0.0,0.0
1,89,0.04074550128534704,-0.03403721385726527,-0.025443750765087526,35.0,0.0,0.0
1,90,0.04075774268576325,-0.03427592116538132,-0.025504957767168563,35.0,0.0,0.0
1,91,0.04075774268576325,-0.03427592116538132,-0.025504957767168563,35.0,0.0,0.0
1,92,0.04072713918472273,-0.0342514383645489,-0.02544987146529563,35.0,0.0,0.0
1,93,0.040537397478271515,-0.03410454155955441,-0.025602888970498228,35.0,0.0,0.0
1,94,0.040537397478271515,-0.03410454155955441,-0.025602888970498228,35.0,0.0,0.0
1,95,0.040806708287428085,-0.03416574856163545,-0.025755906475700818,35.0,0.0,0.0
1,96,0.04078834618680377,-0.03410454155955441,-0.025535561268209085,35.0,0.0,0.0
1,97,0.040696535683682214,-0.03437997306891909,-0.02533969886154976,35.0,0.0,0.0
1,98,0.040696535683682214,-0.03437997306891909,-0.02533969886154976,35.0,0.0,0.0
1,99,0.04075774268576325,-0.03436773166850288,-0.025535561268209085,35.0,0.0,0.0
2,0,-0.06005018974170645,0.07800832415228302,-0.08306402252417676,0.0,35.0,0.0
2,1,-0.06005018974170645,0.07800832415228302,-0.08306402252417676,0.0,35.0,0.0
2,2,-0.060129758844411796,0.07803892765332354,-0.08289264291834986,0.0,35.0,0.0
2,3,-0.06008691394295508,0.07805116905373974,-0.08315583302729831,0.0,35.0,0.0
2,4,-0.06008691394295508,0.07805116905373974,-0.08315583302729831,0.0,35.0,0.0
2,5,-0.06000122414004162,0.07817970375810993,-0.08318031582813074,0.0,35.0,0.0
2,6,-0.06009915534337128,0.0779654792508263,-0.08318643652833885,0.0,35.0,0.0
2,7,-0.06009915534337128,0.0779654792508263,-0.08318643652833885,0.0,35.0,0.0
2,8,-0.06000734484024972,0.07808789325498837,-0.08313135022646591,0.0,35.0,0.0
2,9,-0.05990329293671196,0.07808789325498837,-0.08294160852001468,0.0,35.0,0.0
2,10,-0.05990329293671196,0.07808789325498837,-0.08294160852001468,0.0,35.0,0.0
2,11,-0.060172603745868525,0.07818582445831804,-0.08316807442771454,0.0,35.0,0.0
2,12,-0.05990329293671196,0.07770840984208593,-0.08299057412167951,0.0,35.0,0.0
2,13,-0.05978087893254989,0.07817358305790181,-0.08322316072958746,0.0,35.0,0.0
2,14,-0.05978087893254989,0.07817358305790181,-0.08322316072958746,0.0,35.0,0.0
2,15,-0.06025829354878198,0.07800832415228302,-0.083137470926674,0.0,35.0,0.0
2,16,-0.06024605214836577,0.07805116905373974,-0.08323540213000367,0.0,35.0,0.0
2,17,-0.06024605214836577,0.07805116905373974,-0.08323540213000367,0.0,35.0,0.0
2,18,-0.06011751744399559,0.07785530664708043,-0.08307014322438487,0.0,35.0,0.0
2,19,-0.059915534337128165,0.07791651364916147,-0.08330885053250092,0.0,35.0,0.0
2,20,-0.059915534337128165,0.07791651364916147,-0.08330885053250092,0.0,35.0,0.0
2,21,-0.060068551842330765,0.0779654792508263,-0.08355979924103317,0.0,35.0,0.0
2,22,-0.06001958624066593,0.07802668625290733,-0.08303341902313624,0.0,35.0,0.0
2,23,-0.06001958624066593,0.07802668625290733,-0.08303341902313624,0.0,35.0,0.0
2,24,-0.060068551842330765,0.07806341045415596,-0.08306402252417676,0.0,35.0,0.0
2,25,-0.0598053617333823,0.07784918594687232,-0.08319867792875504,0.0,35.0,0.0
2,26,-0.0598053617333823,0.07784918594687232,-0.08319867792875504,0.0,35.0,0.0
2,27,-0.05992165503733628,0.07806341045415596,-0.08301505692251193,0.0,35.0,0.0
2,28,-0.06023381074794957,0.07816746235769371,-0.08323540213000367,0.0,35.0,0.0
2,29,-0.060111396743787494,0.07808789325498837,-0.08321704002937937,0.0,35.0,0.0
2,30,-0.060111396743787494,0.07808789325498837,-0.08321704002937937,0.0,35.0,0.0
2,31,-0.05998898273962542,0.07783082384624801,-0.08308850532500918,0.0,35.0,0.0
2,32,-0.060031827641082135,0.07789815154853716,-0.08314359162688212,0.0,35.0,0.0
2,33,-0.060031827641082135,0.07789815154853716,-0.08314359162688212,0.0,35.0,0.0
2,34,-0.06005018974170645,0.07811849675602889,-0.08299669482188762,0.0,35.0,0.0
2,35,-0.06015424164524421,0.07791651364916147,-0.08318643652833885,0.0,35.0,0.0
2,36,-0.06015424164524421,0.07791651364916147,-0.08318643652833885,0.0,35.0,0.0
2,37,-0.05990329293671196,0.07803280695311544,-0.08332721263312523,0.0,35.0,0.0
2,38,-0.06019096584649284,0.07830823846248011,-0.08321091932917127,0.0,35.0,0.0
2,39,-0.06019096584649284,0.07830823846248011,-0.08321091932917127,0.0,35.0,0.0
2,40,-0.060025706940874037,0.07771453054229403,-0.08324152283021177,0.0,35.0,0.0
2,41,-0.0602766556494063,0.0781307381564451,-0.08313135022646591,0.0,35.0,0.0
2,42,-0.05999510343983352,0.07784918594687232,-0.0832843677316685,0.0,35.0,0.0
2,43,-0.05999510343983352,0.07784918594687232,-0.0832843677316685,0.0,35.0,0.0
2,44,-0.06023993144815767,0.07816134165748562,-0.08331497123270902,0.0,35.0,0.0
2,45,-0.06024605214836577,0.0779777206512425,-0.08310686742563349,0.0,35.0,0.0
2,46,-0.06024605214836577,0.0779777206512425,-0.08310686742563349,0.0,35.0,0.0
2,47,-0.06001346554045783,0.07810625535561269,-0.08305790182396866,0.0,35.0,0.0
2,48,-0.059817603133798504,0.0781491002570694,-0.08314971232709022,0.0,35.0,0.0
2,49,-0.059817603133798504,0.0781491002570694,-0.08314971232709022,0.0,35.0,0.0
2,50,-0.05987881013587955,0.07783694454645611,-0.08333333333333334,0.0,35.0,0.0
2,51,-0.06022156934753335,0.07808177255478027,-0.08333945403354144,0.0,35.0,0.0
2,52,-0.06022156934753335,0.07808177255478027,-0.08333945403354144,0.0,35.0,0.0
2,53,-0.05995225853837679,0.07791651364916147,-0.083137470926674,0.0,35.0,0.0
2,54,-0.06019096584649284,0.07823479005998286,-0.08335781613416575,0.0,35.0,0.0
2,55,-0.06019096584649284,0.07823479005998286,-0.08335781613416575,0.0,35.0,0.0
2,56,-0.060031827641082135,0.07832047986289632,-0.08321091932917127,0.0,35.0,0.0
2,57,-0.060111396743787494,0.07805728975394785,-0.08311298812584159,0.0,35.0,0.0
2,58,-0.06001346554045783,0.07808789325498837,-0.0831191088260497,0.0,35.0,0.0
2,59,-0.06001346554045783,0.07808789325498837,-0.0831191088260497,0.0,35.0,0.0
2,60,-0.06011751744399559,0.07791651364916147,-0.083137470926674,0.0,35.0,0.0
2,61,-0.060068551842330765,0.07786754804749664,-0.08313135022646591,0.0,35.0,0.0
2,62,-0.060068551842330765,0.07786754804749664,-0.08313135022646591,0.0,35.0,0.0
2,63,-0.059786999632757985,0.07806341045415596,-0.08316807442771454,0.0,35.0,0.0
2,64,-0.060031827641082135,0.07795323785041008,-0.08304566042355246,0.0,35.0,0.0
2,65,-0.060031827641082135,0.07795323785041008,-0.08304566042355246,0.0,35.0,0.0
2,66,-0.059958379238584894,0.07811237605582079,-0.08323540213000367,0.0,35.0,0.0
2,67,-0.059958379238584894,0.0781307381564451,-0.08323540213000367,0.0,35.0,0.0
2,68,-0.059958379238584894,0.0781307381564451,-0.08323540213000367,0.0,35.0,0.0
2,69,-0.05994001713796058,0.07798384135145062,-0.08323540213000367,0.0,35.0,0.0
2,70,-0.06010527604357938,0.07775125474354266,-0.08281919451585261,0.0,35.0,0.0
2,71,-0.06010527604357938,0.07775125474354266,-0.08318031582813074,0.0,35.0,0.0
2,72,-0.05984208593463092,0.07803892765332354,-0.08318031582813074,0.0,35.0,0.0
2,73,-0.05992165503733628,0.07835720406414494,-0.08331497123270902,0.0,35.0,0.0
2,74,-0.06001346554045783,0.07805116905373974,-0.08324764353041988,0.0,35.0,0.0
2,75,-0.06001346554045783,0.07805116905373974,-0.08324764353041988,0.0,35.0,0.0
2,76,-0.060068551842330765,0.07793487574978578,-0.08301505692251193,0.0,35.0,0.0
2,77,-0.059915534337128165,0.07785530664708043,-0.08317419512792264,0.0,35.0,0.0
2,78,-0.059915534337128165,0.07785530664708043,-0.08317419512792264,0.0,35.0,0.0
2,79,-0.060025706940874037,0.0782959970620639,-0.08311298812584159,0.0,35.0,0.0
2,80,-0.06006243114212266,0.07800220345207491,-0.08319255722854695,0.0,35.0,0.0
2,81,-0.06006243114212266,0.07800220345207491,-0.08319255722854695,0.0,35.0,0.0
2,82,-0.05998286203941731,0.0781491002570694,-0.08300281552209574,0.0,35.0,0.0
2,83,-0.06017872444607662,0.07792875504957766,-0.08335781613416575,0.0,35.0,0.0
2,84,-0.06017872444607662,0.07792875504957766,-0.08335781613416575,0.0,35.0,0.0
2,85,-0.06001958624066593,0.0782959970620639,-0.08312522952625781,0.0,35.0,0.0
2,86,-0.05992165503733628,0.07799608275186681,-0.08304566042355246,0.0,35.0,0.0
2,87,-0.06019096584649284,0.07811849675602889,-0.08305178112376056,0.0,35.0,0.0
2,88,-0.06019096584649284,0.07811849675602889,-0.08305178112376056,0.0,35.0,0.0
2,89,-0.0602888970498225,0.07802668625290733,-0.0831191088260497,0.0,35.0,0.0
2,90,-0.06016648304566043,0.07808177255478027,-0.08305790182396866,0.0,35.0,0.0
2,91,-0.06016648304566043,0.07808177255478027,-0.08305790182396866,0.0,35.0,0.0
2,92,-0.06001346554045783,0.07815522095727752,-0.08278859101481209,0.0,35.0,0.0
2,93,-0.06006243114212266,0.07788591014812093,-0.08302729832292814,0.0,35.0,0.0
2,94,-0.06006243114212266,0.07788591014812093,-0.08302729832292814,0.0,35.0,0.0
2,95,-0.060184845146284735,0.07792875504957766,-0.08314971232709022,0.0,35.0,0.0
2,96,-0.059933896437752474,0.07788591014812093,-0.0832843677316685,0.0,35.0,0.0
2,97,-0.059933896437752474,0.07788591014812093,-0.0832843677316685,0.0,35.0,0.0
2,98,-0.05994001713796058,0.07786142734728853,-0.08307626392459297,0.0,35.0,0.0
2,99,-0.06004406904149835,0.07791651364916147,-0.08303953972334435,0.0,35.0,0.0
3,0,0.059615620026931083,0.060454155955441305,-0.08467988737911616,35.0,35.0,0.0
3,1,0.05953605092422574,0.060564328559187176,-0.08464928387807566,35.0,35.0,0.0
3,2,0.05953605092422574,0.060564328559187176,-0.08464928387807566,35.0,35.0,0.0
3,3,0.059511568123393324,0.06050924225731423,-0.08458195617578651,35.0,35.0,0.0
3,4,0.05947484392214469,0.06047251805606561,-0.08453911127432978,35.0,35.0,0.0
3,5,0.06104174317541927,0.06062553556126821,-0.08467988737911616,35.0,35.0,0.0
3,6,0.05962174072713918,0.06062553556126821,-0.08467988737911616,35.0,35.0,0.0
3,7,0.05960949932672298,0.060423552454400786,-0.08460031827641082,35.0,35.0,0.0
3,8,0.059744154731301256,0.06062553556126821,-0.08467988737911616,35.0,35.0,0.0
3,9,0.059744154731301256,0.06062553556126821,-0.08467988737911616,35.0,35.0,0.0
3,10,0.05959113722609867,0.06039906965356837,-0.084728852980781,35.0,35.0,0.0
3,11,0.059682947729220226,0.060411311053984576,-0.08444730077120823,35.0,35.0,0.0
3,12,0.059682947729220226,0.060411311053984576,-0.08444730077120823,35.0,35.0,0.0
3,13,0.05966458562859591,0.060429673154608884,-0.08464316317786755,35.0,35.0,0.0
3,14,0.05973803403109316,0.060429673154608884,-0.08484514628473497,35.0,35.0,0.0
3,15,0.05973803403109316,0.060429673154608884,-0.08484514628473497,35.0,35.0,0.0
3,16,0.059444240421104175,0.06049088015668993,-0.08477781858244583,35.0,35.0,0.0
3,17,0.05959113722609867,0.060558207858979064,-0.0847227322805729,35.0,35.0,0.0
3,18,0.05959113722609867,0.060558207858979064,-0.08458807687599461,35.0,35.0,0.0
3,19,0.05955441302485004,0.06039906965356837,-0.08458807687599461,35.0,35.0,0.0
3,20,0.05978087893254989,0.060215448647325254,-0.08453911127432978,35.0,35.0,0.0
3,21,0.059676827029012114,0.06050312155710613,-0.08447790427224874,35.0,35.0,0.0
3,22,0.059676827029012114,0.06050312155710613,-0.08447790427224874,35.0,35.0,0.0
3,23,0.05949320602276901,0.06050312155710613,-0.0845635940751622,35.0,35.0,0.0
3,24,0.059744154731301256,0.06034398335169543,-0.08464316317786755,35.0,35.0,0.0
3,25,0.059744154731301256,0.06034398335169543,-0.08464316317786755,35.0,35.0,0.0
3,26,0.059529930224017626,0.06064389766189252,-0.08486962908556739,35.0,35.0,0.0
3,27,0.05960949932672298,0.06058881136001959,-0.084728852980781,35.0,35.0,0.0
3,28,0.05960949932672298,0.06058881136001959,-0.084728852980781,35.0,35.0,0.0
3,29,0.059713551230260745,0.06038070755294406,-0.0847227322805729,35.0,35.0,0.0
3,30,0.0596401028277635,0.06054596645856286,-0.08452686987391358,35.0,35.0,0.0
3,31,0.0596401028277635,0.06054596645856286,-0.08452686987391358,35.0,35.0,0.0
3,32,0.05941363692006365,0.060417431754192674,-0.08449626637287305,35.0,35.0,0.0
3,33,0.05965846492838781,0.060656139062308725,-0.0845941975762027,35.0,35.0,0.0
3,34,0.05949932672297711,0.0602950177500306,-0.08467988737911616,35.0,35.0,0.0
3,35,0.05949932672297711,0.0602950177500306,-0.08467988737911616,35.0,35.0,0.0
3,36,0.05948096462235279,0.060111396743787494,-0.0848879911861917,35.0,35.0,0.0
3,37,0.05945036112131228,0.06053372505814665,-0.08444730077120823,35.0,35.0,0.0
3,38,0.05945036112131228,0.06053372505814665,-0.08444730077120823,35.0,35.0,0.0
3,39,0.059585016525890565,0.060325621251071125,-0.0845697147753703,35.0,35.0,0.0
3,40,0.059891051536295745,0.06026441424899008,-0.08461255967682703,35.0,35.0,0.0
3,41,0.059891051536295745,0.06026441424899008,-0.08461255967682703,35.0,35.0,0.0
3,42,0.05947484392214469,0.0604419145550251,-0.08454523197453788,35.0,35.0,0.0
3,43,0.05959725792630677,0.06043579385481699,-0.0847227322805729,35.0,35.0,0.0
3,44,0.05959725792630677,0.06043579385481699,-0.0847227322805729,35.0,35.0,0.0
3,45,0.059615620026931083,0.06051536295752234,-0.08451462847349736,35.0,35.0,0.0
3,46,0.059542171624433836,0.06051536295752234,-0.08502264659076998,35.0,35.0,0.0
3,47,0.059444240421104175,0.06039906965356837,-0.08465540457828376,35.0,35.0,0.0
3,48,0.059444240421104175,0.06039906965356837,-0.08465540457828376,35.0,35.0,0.0
3,49,0.0596523442281797,0.060668380462724936,-0.08482678418411066,35.0,35.0,0.0
3,50,0.05941975762027176,0.06059493206022769,-0.08468600807932428,35.0,35.0,0.0
3,51,0.05941975762027176,0.06059493206022769,-0.08468600807932428,35.0,35.0,0.0
3,52,0.05975027543150937,0.06047251805606561,-0.08458807687599461,35.0,35.0,0.0
3,53,0.059542171624433836,0.06062553556126821,-0.08499816378993756,35.0,35.0,0.0
3,54,0.059542171624433836,0.06062553556126821,-0.08499816378993756,35.0,35.0,0.0
3,55,0.059370792018606934,0.060313379850654915,-0.08457583547557841,35.0,35.0,0.0
3,56,0.05962786142734729,0.060497000856898034,-0.08460031827641082,35.0,35.0,0.0
3,57,0.05962786142734729,0.060497000856898034,-0.08460031827641082,35.0,35.0,0.0
3,58,0.05959725792630677,0.060411311053984576,-0.08453911127432978,35.0,35.0,0.0
3,59,0.05956665442526625,0.06047863875627372,-0.08457583547557841,35.0,35.0,0.0
3,60,0.05962174072713918,0.06062553556126821,-0.08479005998286204,35.0,35.0,0.0
3,61,0.05962174072713918,0.06062553556126821,-0.08479005998286204,35.0,35.0,0.0
3,62,0.05956665442526625,0.06039906965356837,-0.08491859468723222,35.0,35.0,0.0
3,63,0.0596339821275554,0.06058269065981148,-0.08454523197453788,35.0,35.0,0.0
3,64,0.0596339821275554,0.06058269065981148,-0.08454523197453788,35.0,35.0,0.0
3,65,0.05962786142734729,0.06013587954461991,-0.08448402497245686,35.0,35.0,0.0
3,66,0.059487085322560904,0.06059493206022769,-0.08457583547557841,35.0,35.0,0.0
3,67,0.059487085322560904,0.06059493206022769,-0.08457583547557841,35.0,35.0,0.0
3,68,0.05962174072713918,0.060429673154608884,-0.08471049088015668,35.0,35.0,0.0
3,69,0.059585016525890565,0.060454155955441305,-0.08447178357204063,35.0,35.0,0.0
3,70,0.059585016525890565,0.060454155955441305,-0.08447178357204063,35.0,35.0,0.0
3,71,0.05962174072713918,0.06053984575835476,-0.08482066348390256,35.0,35.0,0.0
3,72,0.05955441302485004,0.06036234545231974,-0.08474721508140531,35.0,35.0,0.0
3,73,0.05970130982984453,0.06043579385481699,-0.08487574978577549,35.0,35.0,0.0
3,74,0.05970130982984453,0.06043579385481699,-0.08487574978577549,35.0,35.0,0.0
3,75,0.059529930224017626,0.060564328559187176,-0.08476557718202962,35.0,35.0,0.0
3,76,0.05941363692006365,0.060527604357938546,-0.08462480107724324,35.0,35.0,0.0
3,77,0.05941363692006365,0.060527604357938546,-0.08462480107724324,35.0,35.0,0.0
3,78,0.05956053372505815,0.060423552454400786,-0.08467376667890807,35.0,35.0,0.0
3,79,0.05970743053005264,0.06033786265148733,-0.08450238707308116,35.0,35.0,0.0
3,80,0.05970743053005264,0.06033786265148733,-0.08450238707308116,35.0,35.0,0.0
3,81,0.059786999632757985,0.06038070755294406,-0.08493083608764843,35.0,35.0,0.0
3,82,0.05987881013587955,0.06063777696168442,-0.08464316317786755,35.0,35.0,0.0
3,83,0.05987881013587955,0.06063777696168442,-0.08464316317786755,35.0,35.0,0.0
3,84,0.059431999020687964,0.06053372505814665,-0.08474109438119722,35.0,35.0,0.0
3,85,0.05946260252172848,0.060668380462724936,-0.08464316317786755,35.0,35.0,0.0
3,86,0.05962174072713918,0.060497000856898034,-0.0847227322805729,35.0,35.0,0.0
3,87,0.05962174072713918,0.060497000856898034,-0.0847227322805729,35.0,35.0,0.0
3,88,0.05973803403109316,0.060527604357938546,-0.0845941975762027,35.0,35.0,0.0
3,89,0.059487085322560904,0.06040519035377647,-0.08533480230138328,35.0,35.0,0.0
3,90,0.059487085322560904,0.06040519035377647,-0.08533480230138328,35.0,35.0,0.0
3,91,0.05953605092422574,0.06050924225731423,-0.08483290488431876,35.0,35.0,0.0
3,92,0.05940751621985555,0.06079691516709511,-0.08483902558452687,35.0,35.0,0.0
3,93,0.05940751621985555,0.06079691516709511,-0.08483902558452687,35.0,35.0,0.0
3,94,0.059646223527971595,0.060613294160852,-0.08463092177745134,35.0,35.0,0.0
3,95,0.059291222915901574,0.06030113845023871,-0.08468600807932428,35.0,35.0,0.0
3,96,0.059291222915901574,0.06030113845023871,-0.08468600807932428,35.0,35.0,0.0
3,97,0.0596339821275554,0.06009303464316318,-0.0848879911861917,35.0,35.0,0.0
3,98,0.0596339821275554,0.06079691516709511,-0.08447790427224874,35.0,35.0,0.0
3,99,0.0596339821275554,0.06053372505814665,-0.08497980168931327,35.0,35.0,0.0
