values,,Magnetometer,Magnetometer,Magnetometer,position,position,position
axis,,x,y,z,x,y,z
Sensor,Sample,,,,,,
0,0,-0.06332476435304199,-0.048543273350471296,-0.07951401640347656,0.0,0.0,0.0
0,1,-0.06309217774513405,-0.04822499693964989,-0.07945893010160363,0.0,0.0,0.0
0,2,-0.06309217774513405,-0.04822499693964989,-0.07945893010160363,0.0,0.0,0.0
0,3,-0.063030970743053,-0.04832292814297955,-0.07940384379973069,0.0,0.0,0.0
0,4,-0.0631778675480475,-0.04834129024360387,-0.07947729220222793,0.0,0.0,0.0
0,5,-0.0631778675480475,-0.04834129024360387,-0.07947729220222793,0.0,0.0,0.0
0,6,-0.062853470437018,-0.04842085934630922,-0.0794160852001469,0.0,0.0,0.0
0,7,-0.0630003672420125,-0.04821275553923369,-0.07934263679764965,0.0,0.0,0.0
0,8,-0.0630003672420125,-0.04821275553923369,-0.07934263679764965,0.0,0.0,0.0
0,9,-0.0628595911372261,-0.04839637654547681,-0.07956298200514139,0.0,0.0,0.0
0,10,-0.06303709144326111,-0.04849430774880646,-0.07956298200514139,0.0,0.0,0.0
0,11,-0.06303709144326111,-0.04849430774880646,-0.07956298200514139,0.0,0.0,0.0
0,12,-0.06267597013098299,-0.04851266984943077,-0.07920186069286327,0.0,0.0,0.0
0,13,-0.06292691883951525,-0.04878198065858734,-0.07911005018974171,0.0,0.0,0.0
0,14,-0.06292691883951525,-0.04878198065858734,-0.07911005018974171,0.0,0.0,0.0
0,15,-0.06307381564450973,-0.04842698004651732,-0.07936099889827396,0.0,0.0,0.0
0,16,-0.06307381564450973,-0.04842085934630922,-0.07952625780389276,0.0,0.0,0.0
0,17,-0.06306157424409352,-0.04837801444485249,-0.07944668870118742,0.0,0.0,0.0
0,18,-0.06306157424409352,-0.04837801444485249,-0.07944668870118742,0.0,0.0,0.0
0,19,-0.06306769494430163,-0.04824335904027421,-0.07950789570326845,0.0,0.0,0.0
0,20,-0.06311053984575835,-0.04857999755171992,-0.0795813441057657,0.0,0.0,0.0
0,21,-0.06311053984575835,-0.04857999755171992,-0.0795813441057657,0.0,0.0,0.0
0,22,-0.06289019463826662,-0.04829232464193904,-0.07959970620639001,0.0,0.0,0.0
0,23,-0.06284734973680989,-0.04835353164402008,-0.07939160239931449,0.0,0.0,0.0
0,24,-0.06284734973680989,-0.04835353164402008,-0.07939160239931449,0.0,0.0,0.0
0,25,-0.06307993634471784,-0.048188272738401275,-0.07934875749785776,0.0,0.0,0.0
0,26,-0.06281062553556127,-0.04826784184110662,-0.07934263679764965,0.0,0.0,0.0
0,27,-0.06281062553556127,-0.04826784184110662,-0.07934263679764965,0.0,0.0,0.0
0,28,-0.06314114334679888,-0.04826784184110662,-0.07954461990451708,0.0,0.0,0.0
0,29,-0.06291467743909904,-0.0485555147508875,-0.07893867058391481,0.0,0.0,0.0
0,30,-0.06291467743909904,-0.0485555147508875,-0.07893867058391481,0.0,0.0,0.0
0,31,-0.06284122903660179,-0.04822499693964989,-0.07925082629452809,0.0,0.0,0.0
0,32,-0.06301872934263679,-0.04853715265026319,-0.07934263679764965,0.0,0.0,0.0
0,33,-0.06301872934263679,-0.04853715265026319,-0.07934263679764965,0.0,0.0,0.0
0,34,-0.06301260864242869,-0.04826784184110662,-0.07945893010160363,0.0,0.0,0.0
0,35,-0.06294528094013954,-0.04851879054963888,-0.07944056800097932,0.0,0.0,0.0
0,36,-0.06294528094013954,-0.04851879054963888,-0.07944056800097932,0.0,0.0,0.0
0,37,-0.06283510833639369,-0.04853715265026319,-0.07932427469702534,0.0,0.0,0.0
0,38,-0.06306769494430163,-0.04829232464193904,-0.07947117150201984,0.0,0.0,0.0
0,39,-0.0631717468478394,-0.04843922144693353,-0.07949565430285224,0.0,0.0,0.0
0,40,-0.0631717468478394,-0.04843922144693353,-0.07949565430285224,0.0,0.0,0.0
0,41,-0.06308605704492594,-0.048457583547557845,-0.07957522340555759,0.0,0.0,0.0
0,42,-0.06274329783327212,-0.04828008324152283,-0.07918349859223896,0.0,0.0,0.0
0,43,-0.06274329783327212,-0.04828008324152283,-0.07918349859223896,0.0,0.0,0.0
0,44,-0.06310441914555025,-0.04824335904027421,-0.07928755049577671,0.0,0.0,0.0
0,45,-0.06291467743909904,-0.04834741094381197,-0.07955074060472518,0.0,0.0,0.0
0,46,-0.06291467743909904,-0.04834741094381197,-0.07955074060472518,0.0,0.0,0.0
0,47,-0.06287183253764231,-0.04853715265026319,-0.07982617211408985,0.0,0.0,0.0
0,48,-0.06295140164034765,-0.04848206634839026,-0.0792569469947362,0.0,0.0,0.0
0,49,-0.06292079813930714,-0.04820051413881748,-0.07964867180805484,0.0,0.0,0.0
0,50,-0.06301872934263679,-0.04848818704859836,-0.07940996449993878,0.0,0.0,0.0
0,51,-0.06306157424409352,-0.04826784184110662,-0.07930591259640103,0.0,0.0,0.0
0,52,-0.06298200514138817,-0.048433100746725424,-0.07965479250826295,0.0,0.0,0.0
0,53,-0.06295752234055577,-0.048157669237360756,-0.07939160239931449,0.0,0.0,0.0
0,54,-0.06320235034887992,-0.048445342147141635,-0.07958746480597381,0.0,0.0,0.0
0,55,-0.06311053984575835,-0.048445342147141635,-0.07907332598849308,0.0,0.0,0.0
0,56,-0.06290855673889093,-0.048402497245684906,-0.07966091320847105,0.0,0.0,0.0
0,57,-0.06330028155220957,-0.04859835965234423,-0.07962418900722243,0.0,0.0,0.0
0,58,-0.06307993634471784,-0.04842698004651732,-0.07956298200514139,0.0,0.0,0.0
0,59,-0.063030970743053,-0.04835353164402008,-0.07963030970743054,0.0,0.0,0.0
0,60,-0.0631778675480475,-0.048445342147141635,-0.07964255110784674,0.0,0.0,0.0
0,61,-0.0631778675480475,-0.048445342147141635,-0.07964255110784674,0.0,0.0,0.0
0,62,-0.06307993634471784,-0.04851879054963888,-0.07952625780389276,0.0,0.0,0.0
0,63,-0.06306157424409352,-0.048316807442771455,-0.07954461990451708,0.0,0.0,0.0
0,64,-0.06305545354388542,-0.048414738646101116,-0.07966091320847105,0.0,0.0,0.0
0,65,-0.06298812584159627,-0.04849430774880646,-0.07959358550618191,0.0,0.0,0.0
0,66,-0.06295752234055577,-0.048402497245684906,-0.07898763618557963,0.0,0.0,0.0
0,67,-0.0630064879422206,-0.048402497245684906,-0.07915901579140654,0.0,0.0,0.0
0,68,-0.06315338474721507,-0.048549394050679394,-0.07928755049577671,0.0,0.0,0.0
0,69,-0.06292079813930714,-0.04837801444485249,-0.07975884441180071,0.0,0.0,0.0
0,70,-0.0631656261476313,-0.048273962541314726,-0.07964255110784674,0.0,0.0,0.0
0,71,-0.06309217774513405,-0.04848818704859836,-0.07952013710368466,0.0,0.0,0.0
0,72,-0.06281062553556127,-0.048402497245684906,-0.07900599828620394,0.0,0.0,0.0
0,73,-0.0630064879422206,-0.04856775615130371,-0.0794283266005631,0.0,0.0,0.0
0,74,-0.06312890194638267,-0.048414738646101116,-0.07944668870118742,0.0,0.0,0.0
0,75,-0.06306157424409352,-0.04815154853715265,-0.07945893010160363,0.0,0.0,0.0
0,76,-0.0628595911372261,-0.048433100746725424,-0.07969151670951156,0.0,0.0,0.0
0,77,-0.06340433345574734,-0.048433100746725424,-0.07969151670951156,0.0,0.0,0.0
0,78,-0.06293916023993144,-0.048543273350471296,-0.07935487819806586,0.0,0.0,0.0
0,79,-0.06293916023993144,-0.048543273350471296,-0.07942220590035501,0.0,0.0,0.0
0,80,-0.06280450483535317,-0.04810258293548782,-0.07942220590035501,0.0,0.0,0.0
0,81,-0.0633370057534582,-0.04842698004651732,-0.0797282409107602,0.0,0.0,0.0
0,82,-0.06315950544742319,-0.04840861794589301,-0.07948953360264414,0.0,0.0,0.0
0,83,-0.06310441914555025,-0.048304566042355244,-0.07947117150201984,0.0,0.0,0.0
0,84,-0.0631962296486718,-0.04849430774880646,-0.07959970620639001,0.0,0.0,0.0
0,85,-0.06306769494430163,-0.04839637654547681,-0.07928755049577671,0.0,0.0,0.0
0,86,-0.06299424654180438,-0.04840861794589301,-0.07965479250826295,0.0,0.0,0.0
0,87,-0.06309217774513405,-0.048304566042355244,-0.07923858489411188,0.0,0.0,0.0
0,88,-0.06307381564450973,-0.048543273350471296,-0.07956910270534949,0.0,0.0,0.0
0,89,-0.06315338474721507,-0.048690170155465784,-0.07959970620639001,0.0,0.0,0.0
0,90,-0.06291467743909904,-0.04846982494797405,-0.0795813441057657,0.0,0.0,0.0
0,91,-0.06299424654180438,-0.048677928755049574,-0.07961194760680622,0.0,0.0,0.0
0,92,-0.06314114334679888,-0.048433100746725424,-0.07948341290243603,0.0,0.0,0.0
0,93,-0.0628657118374342,-0.04831068674256335,-0.07931203329660913,0.0,0.0,0.0
0,94,-0.0628657118374342,-0.048402497245684906,-0.07913453299057413,0.0,0.0,0.0
0,95,-0.0631839882482556,-0.048402497245684906,-0.07913453299057413,0.0,0.0,0.0
0,96,-0.0628657118374342,-0.048414738646101116,-0.07938548169910638,0.0,0.0,0.0
0,97,-0.06328191945158526,-0.04851266984943077,-0.07959970620639001,0.0,0.0,0.0
0,98,-0.06304933284367732,-0.04859223895213612,-0.07939772309952259,0.0,0.0,0.0
0,99,-0.06292691883951525,-0.048543273350471296,-0.07947117150201984,0.0,0.0,0.0
1,0,0.038346186803770346,-0.03900722242624556,-0.04402007589668258,35.0,0.0,0.0
1,1,0.038346186803770346,-0.03900722242624556,-0.04402007589668258,35.0,0.0,0.0
1,2,0.038401273105643285,-0.03916636063165626,-0.0438915411923124,35.0,0.0,0.0
1,3,0.038431876606683804,-0.03897661892520504,-0.04387929979189619,35.0,0.0,0.0
1,4,0.038431876606683804,-0.0392275676337373,-0.04402007589668258,35.0,0.0,0.0
1,5,0.038413514506059496,-0.0392275676337373,-0.04402007589668258,35.0,0.0,0.0
1,6,0.03835230750397846,-0.03879299791896193,-0.0440506793977231,35.0,0.0,0.0
1,7,0.03851756640959726,-0.03913575713061575,-0.04387929979189619,35.0,0.0,0.0
1,8,0.03851756640959726,-0.03913575713061575,-0.04387929979189619,35.0,0.0,0.0
1,9,0.038260497000856895,-0.03894601542416452,-0.04416085200146897,35.0,0.0,0.0
1,10,0.038486962908556736,-0.038688946015424164,-0.043683437385236876,35.0,0.0,0.0
1,11,0.038486962908556736,-0.038688946015424164,-0.043683437385236876,35.0,0.0,0.0
1,12,0.038303341902313624,-0.03859713551230261,-0.043916023993144815,35.0,0.0,0.0
1,13,0.03835230750397846,-0.03894601542416452,-0.044142489900844656,35.0,0.0,0.0
1,14,0.03835230750397846,-0.03894601542416452,-0.044142489900844656,35.0,0.0,0.0
1,15,0.03843799730689191,-0.03873791161708899,-0.04423430040396621,35.0,0.0,0.0
1,16,0.03852368710980536,-0.03924592973436161,-0.04395274819439344,35.0,0.0,0.0
1,17,0.03852368710980536,-0.03878075651854572,-0.044056800097931205,35.0,0.0,0.0
1,18,0.03824825560044069,-0.03878075651854572,-0.044056800097931205,35.0,0.0,0.0
1,19,0.038560411311053984,-0.03873179091688089,-0.044013955196474476,35.0,0.0,0.0
1,20,0.038346186803770346,-0.038774635818337615,-0.04423430040396621,35.0,0.0,0.0
1,21,0.038346186803770346,-0.038774635818337615,-0.04423430040396621,35.0,0.0,0.0
1,22,0.0384257559064757,-0.03887256702166728,-0.044399559309585016,35.0,0.0,0.0
1,23,0.038272738401273106,-0.03871342881625658,-0.04406904149834741,35.0,0.0,0.0
1,24,0.038272738401273106,-0.03871342881625658,-0.04406904149834741,35.0,0.0,0.0
1,25,0.03860325621251071,-0.03880523931937814,-0.04417921410209328,35.0,0.0,0.0
1,26,0.03837066960460277,-0.03871342881625658,-0.044558697514995714,35.0,0.0,0.0
1,27,0.03837066960460277,-0.03871342881625658,-0.044558697514995714,35.0,0.0,0.0
1,28,0.03856653201126209,-0.03883584282041865,-0.04424654180438242,35.0,0.0,0.0
1,29,0.03849308360876484,-0.03871954951646468,-0.044013955196474476,35.0,0.0,0.0
1,30,0.03849308360876484,-0.03871954951646468,-0.04387317909168809,35.0,0.0,0.0
1,31,0.03839515240543519,-0.03898886032562125,-0.04387317909168809,35.0,0.0,0.0
1,32,0.03838291100501897,-0.038915411923124005,-0.04423430040396621,35.0,0.0,0.0
1,33,0.0384257559064757,-0.03886644632145918,-0.04413636920063656,35.0,0.0,0.0
1,34,0.0384257559064757,-0.03886644632145918,-0.04413636920063656,35.0,0.0,0.0
1,35,0.038542049210429676,-0.03909903292936712,-0.04417921410209328,35.0,0.0,0.0
1,36,0.03849920430897295,-0.03906230872811849,-0.04390990329293672,35.0,0.0,0.0
1,37,0.03849920430897295,-0.03906230872811849,-0.04390990329293672,35.0,0.0,0.0
1,38,0.03851756640959726,-0.03882360142000245,-0.04387929979189619,35.0,0.0,0.0
1,39,0.038431876606683804,-0.0390684294283266,-0.04399559309585017,35.0,0.0,0.0
1,40,0.038431876606683804,-0.0390684294283266,-0.04399559309585017,35.0,0.0,0.0
1,41,0.03864610111396744,-0.03889092912229159,-0.04426490390500673,35.0,0.0,0.0
1,42,0.03839515240543519,-0.03889092912229159,-0.04380585138939895,35.0,0.0,0.0
1,43,0.03839515240543519,-0.03889092912229159,-0.04537275064267352,35.0,0.0,0.0
1,44,0.03848084220834864,-0.038486962908556736,-0.04416085200146897,35.0,0.0,0.0
1,45,0.03851756640959726,-0.03885420492104297,-0.044056800097931205,35.0,0.0,0.0
1,46,0.03839515240543519,-0.038829722120210554,-0.04403843799730689,35.0,0.0,0.0
1,47,0.038431876606683804,-0.03886644632145918,-0.044154731301260866,35.0,0.0,0.0
1,48,0.03846860080793243,-0.03890929122291591,-0.04402007589668258,35.0,0.0,0.0
1,49,0.038542049210429676,-0.03864610111396744,-0.044283266005631046,35.0,0.0,0.0
1,50,0.03863998041375934,-0.03893989472395642,-0.04410576569959603,35.0,0.0,0.0
1,51,0.038542049210429676,-0.03910515362957522,-0.04411188639980414,35.0,0.0,0.0
1,52,0.03839515240543519,-0.038817480719794344,-0.043885420492104296,35.0,0.0,0.0
1,53,0.03860937691271881,-0.03894601542416452,-0.04384257559064757,35.0,0.0,0.0
1,54,0.03860937691271881,-0.03894601542416452,-0.04384257559064757,35.0,0.0,0.0
1,55,0.03860937691271881,-0.038768515118129517,-0.044326110907087775,35.0,0.0,0.0
1,56,0.03845023870730811,-0.03860937691271881,-0.04403231729709879,35.0,0.0,0.0
1,57,0.03834006610356225,-0.038786877218753825,-0.04406904149834741,35.0,0.0,0.0
1,58,0.038529807810013465,-0.03903170522707798,-0.043971110295017754,35.0,0.0,0.0
1,59,0.03853592851022157,-0.038701187415840374,-0.044130248500428446,35.0,0.0,0.0
1,60,0.038456359407516225,-0.039129636430407636,-0.04411188639980414,35.0,0.0,0.0
1,61,0.03829110050189742,-0.03905006732770229,-0.043958868894601544,35.0,0.0,0.0
1,62,0.03845023870730811,-0.03871954951646468,-0.04399559309585017,35.0,0.0,0.0
1,63,0.038266617701065,-0.0387501530175052,-0.043903782592728605,35.0,0.0,0.0
1,64,0.038486962908556736,-0.038884808422083486,-0.04390990329293672,35.0,0.0,0.0
1,65,0.03829110050189742,-0.03908067082874281,-0.044044558697514995,35.0,0.0,0.0
1,66,0.03837066960460277,-0.03887256702166728,-0.044099644999387934,35.0,0.0,0.0
1,67,0.03840739380585139,-0.03876239441792141,-0.04407516219855551,35.0,0.0,0.0
1,68,0.03849308360876484,-0.038884808422083486,-0.04409352429917983,35.0,0.0,0.0
1,69,0.0385787734116783,-0.03873179091688089,-0.04402007589668258,35.0,0.0,0.0
1,70,0.03863998041375934,-0.039013343126453666,-0.044056800097931205,35.0,0.0,0.0
1,71,0.038358428204186557,-0.038897049822499696,-0.04403231729709879,35.0,0.0,0.0
1,72,0.038358428204186557,-0.038897049822499696,-0.04403231729709879,35.0,0.0,0.0
1,73,0.038486962908556736,-0.038860325621251066,-0.04394050679397723,35.0,0.0,0.0
1,74,0.0384196352062676,-0.03871342881625658,-0.044142489900844656,35.0,0.0,0.0
1,75,0.03830946260252173,-0.038829722120210554,-0.044001713796058266,35.0,0.0,0.0
1,76,0.03857265271147019,-0.0385848941118864,-0.04393438609376913,35.0,0.0,0.0
1,77,0.0385910148120945,-0.039056188027910395,-0.043946627494185334,35.0,0.0,0.0
1,78,0.0385910148120945,-0.038774635818337615,-0.044001713796058266,35.0,0.0,0.0
1,79,0.038431876606683804,-0.038615497612926916,-0.044142489900844656,35.0,0.0,0.0
1,80,0.03849308360876484,-0.038927653323540215,-0.04424042110417432,35.0,0.0,0.0
1,81,0.038627739013343126,-0.03883584282041865,-0.044142489900844656,35.0,0.0,0.0
1,82,0.038389031705227075,-0.038860325621251066,-0.0440629207981393,35.0,0.0,0.0
1,83,0.038413514506059496,-0.03880523931937814,-0.0440506793977231,35.0,0.0,0.0
1,84,0.038389031705227075,-0.03887868772187538,-0.04394050679397723,35.0,0.0,0.0
1,85,0.038456359407516225,-0.03865222181417554,-0.044099644999387934,35.0,0.0,0.0
1,86,0.03859713551230261,-0.03869506671563227,-0.044142489900844656,35.0,0.0,0.0
1,87,0.038444118007100014,-0.038615497612926916,-0.04396498959480964,35.0,0.0,0.0
1,88,0.03871342881625658,-0.03864610111396744,-0.044154731301260866,35.0,0.0,0.0
1,89,0.03846860080793243,-0.038658342514383645,-0.044289386705839144,35.0,0.0,0.0
1,90,0.038413514506059496,-0.0390684294283266,-0.044087403598971724,35.0,0.0,0.0
1,91,0.03879299791896193,-0.03898273962541315,-0.04386093769127188,35.0,0.0,0.0
1,92,0.03849308360876484,-0.038860325621251066,-0.0440506793977231,35.0,0.0,0.0
1,93,0.03843799730689191,-0.03906230872811849,-0.04435671440812829,35.0,0.0,0.0
1,94,0.03843799730689191,-0.03906230872811849,-0.04386705839147999,35.0,0.0,0.0
1,95,0.03834006610356225,-0.039001101726037456,-0.04386705839147999,35.0,0.0,0.0
1,96,0.03848084220834864,-0.038829722120210554,-0.044130248500428446,35.0,0.0,0.0
1,97,0.0385910148120945,-0.03893989472395642,-0.04424654180438242,35.0,0.0,0.0
1,98,0.038266617701065,-0.03879911861917003,-0.044130248500428446,35.0,0.0,0.0
1,99,0.03852368710980536,-0.03873791161708899,-0.04411800710001224,35.0,0.0,0.0
2,0,-0.04523809523809524,0.05969518912963643,-0.05151793365160975,0.0,35.0,0.0
2,1,-0.04523809523809524,0.05969518912963643,-0.05151793365160975,0.0,35.0,0.0
2,2,-0.045158526135389884,0.0596523442281797,-0.05124250214224507,0.0,35.0,0.0
2,3,-0.045066715632268335,0.05979312033296609,-0.05136491614640715,0.0,35.0,0.0
2,4,-0.045066715632268335,0.0598053617333823,-0.051438364548904394,0.0,35.0,0.0
2,5,-0.045066715632268335,0.0598053617333823,-0.051438364548904394,0.0,35.0,0.0
2,6,-0.04521361243726282,0.05947484392214469,-0.05140164034765578,0.0,35.0,0.0
2,7,-0.04513404333455747,0.059603378626514866,-0.05134655404578283,0.0,35.0,0.0
2,8,-0.04513404333455747,0.059603378626514866,-0.05134655404578283,0.0,35.0,0.0
2,9,-0.04525033663851145,0.05954829232464194,-0.05156689925327458,0.0,35.0,0.0
2,10,-0.04509731913330885,0.05962786142734729,-0.051438364548904394,0.0,35.0,0.0
2,11,-0.04509731913330885,0.05962786142734729,-0.051438364548904394,0.0,35.0,0.0
2,12,-0.045066715632268335,0.05945036112131228,-0.05146284734973681,0.0,35.0,0.0
2,13,-0.045164646835597996,0.059327947117150205,-0.05157914065369078,0.0,35.0,0.0
2,14,-0.045164646835597996,0.059327947117150205,-0.05157914065369078,0.0,35.0,0.0
2,15,-0.04504835353164402,0.059829844534214714,-0.05125474354266128,0.0,35.0,0.0
2,16,-0.04503611213122781,0.05966458562859591,-0.051303709144326116,0.0,35.0,0.0
2,17,-0.04503611213122781,0.05966458562859591,-0.051303709144326116,0.0,35.0,0.0
2,18,-0.04519525033663851,0.05976251683192557,-0.051352674745990944,0.0,35.0,0.0
2,19,-0.045066715632268335,0.059444240421104175,-0.051162933039539726,0.0,35.0,0.0
2,20,-0.0451768882360142,0.05957889582568245,-0.0514567266495287,0.0,35.0,0.0
2,21,-0.0451768882360142,0.05957889582568245,-0.0514567266495287,0.0,35.0,0.0
2,22,-0.045280940139551966,0.059756396131717474,-0.05157914065369078,0.0,35.0,0.0
2,23,-0.045152405435181786,0.059572775125474355,-0.051493450850777334,0.0,35.0,0.0
2,24,-0.045152405435181786,0.059572775125474355,-0.051493450850777334,0.0,35.0,0.0
2,25,-0.04536050924225731,0.05953605092422574,-0.051395519647447666,0.0,35.0,0.0
2,26,-0.045140164034765576,0.0596401028277635,-0.051309829844534215,0.0,35.0,0.0
2,27,-0.045140164034765576,0.0596401028277635,-0.051309829844534215,0.0,35.0,0.0
2,28,-0.045299302240176274,0.05941975762027176,-0.05146896804994492,0.0,35.0,0.0
2,29,-0.04547068184600318,0.05953605092422574,-0.051407761047863876,0.0,35.0,0.0
2,30,-0.04547068184600318,0.05953605092422574,-0.051407761047863876,0.0,35.0,0.0
2,31,-0.0453360264414249,0.05970743053005264,-0.05158526135389888,0.0,35.0,0.0
2,32,-0.045342147141633,0.05953605092422574,-0.05135879544619905,0.0,35.0,0.0
2,33,-0.045342147141633,0.05956053372505815,-0.05132819194515853,0.0,35.0,0.0
2,34,-0.04497490512914677,0.05956053372505815,-0.05132819194515853,0.0,35.0,0.0
2,35,-0.045140164034765576,0.059542171624433836,-0.051371036846615245,0.0,35.0,0.0
2,36,-0.045183008936222305,0.05962786142734729,-0.05164646835597993,0.0,35.0,0.0
2,37,-0.045183008936222305,0.05962786142734729,-0.05164646835597993,0.0,35.0,0.0
2,38,-0.04528706083976007,0.05956665442526625,-0.05158526135389888,0.0,35.0,0.0
2,39,-0.04507283633247643,0.059529930224017626,-0.05134655404578283,0.0,35.0,0.0
2,40,-0.04507283633247643,0.059529930224017626,-0.05134655404578283,0.0,35.0,0.0
2,41,-0.04526869873913576,0.05976863753213367,-0.05146284734973681,0.0,35.0,0.0
2,42,-0.04523809523809524,0.059676827029012114,-0.05132819194515853,0.0,35.0,0.0
2,43,-0.04523809523809524,0.059676827029012114,-0.05132819194515853,0.0,35.0,0.0
2,44,-0.04510956053372506,0.05989717223650386,-0.051352674745990944,0.0,35.0,0.0
2,45,-0.04510343983351696,0.05969518912963643,-0.051438364548904394,0.0,35.0,0.0
2,46,-0.04531766434080059,0.059468723221936595,-0.05108948463704248,0.0,35.0,0.0
2,47,-0.045054474231852125,0.05957889582568245,-0.051352674745990944,0.0,35.0,0.0
2,48,-0.04531766434080059,0.059670706328804016,-0.05122414004162076,0.0,35.0,0.0
2,49,-0.04519525033663851,0.05956053372505815,-0.05153629575223405,0.0,35.0,0.0
2,50,-0.04520749173705472,0.059615620026931083,-0.051493450850777334,0.0,35.0,0.0
2,51,-0.04497490512914677,0.05927898151548537,-0.05153017505202595,0.0,35.0,0.0
2,52,-0.04495042232831436,0.05960949932672298,-0.05147508875015302,0.0,35.0,0.0
2,53,-0.04495042232831436,0.05960949932672298,-0.05147508875015302,0.0,35.0,0.0
2,54,-0.04519525033663851,0.059670706328804016,-0.05162810625535561,0.0,35.0,0.0
2,55,-0.04512180193414127,0.05962786142734729,-0.05121801934141266,0.0,35.0,0.0
2,56,-0.04521361243726282,0.05962174072713918,-0.0516036234545232,0.0,35.0,0.0
2,57,-0.0451768882360142,0.0596523442281797,-0.051371036846615245,0.0,35.0,0.0
2,58,-0.045311543640592485,0.059744154731301256,-0.05158526135389888,0.0,35.0,0.0
2,59,-0.045354388542049213,0.059585016525890565,-0.05181172726159873,0.0,35.0,0.0
2,60,-0.04509119843310075,0.0596339821275554,-0.05140164034765578,0.0,35.0,0.0
2,61,-0.04518912963643041,0.05956665442526625,-0.051236381442036974,0.0,35.0,0.0
2,62,-0.045152405435181786,0.05954829232464194,-0.051352674745990944,0.0,35.0,0.0
2,63,-0.045066715632268335,0.05962174072713918,-0.05136491614640715,0.0,35.0,0.0
2,64,-0.04532378504100869,0.059572775125474355,-0.05152405435181785,0.0,35.0,0.0
2,65,-0.045342147141633,0.05966458562859591,-0.051591382054106995,0.0,35.0,0.0
2,66,-0.045170767535806094,0.05970743053005264,-0.05114457093891541,0.0,35.0,0.0
2,67,-0.04513404333455747,0.05947484392214469,-0.05119965724078834,0.0,35.0,0.0
2,68,-0.04523197453788713,0.05962786142734729,-0.0511323295384992,0.0,35.0,0.0
2,69,-0.04512792263434937,0.05960949932672298,-0.05142612314848819,0.0,35.0,0.0
2,70,-0.04512792263434937,0.05960949932672298,-0.05142612314848819,0.0,35.0,0.0
2,71,-0.04523197453788713,0.059468723221936595,-0.051511812951401635,0.0,35.0,0.0
2,72,-0.045170767535806094,0.05952380952380952,-0.05153629575223405,0.0,35.0,0.0
2,73,-0.04511568123393316,0.05957889582568245,-0.05108336393683437,0.0,35.0,0.0
2,74,-0.045054474231852125,0.05962786142734729,-0.05132819194515853,0.0,35.0,0.0
2,75,-0.045164646835597996,0.05946260252172848,-0.0512914677439099,0.0,35.0,0.0
2,76,-0.045054474231852125,0.05977475823234178,-0.05132207124495042,0.0,35.0,0.0
2,77,-0.045152405435181786,0.05998286203941731,-0.05136491614640715,0.0,35.0,0.0
2,78,-0.04511568123393316,0.059744154731301256,-0.051413881748071974,0.0,35.0,0.0
2,79,-0.0448586118251928,0.05984208593463092,-0.05121801934141266,0.0,35.0,0.0
2,80,-0.04526869873913576,0.05949932672297711,-0.051695433957644754,0.0,35.0,0.0
2,81,-0.045183008936222305,0.05962174072713918,-0.05131595054474232,0.0,35.0,0.0
2,82,-0.04509731913330885,0.059713551230260745,-0.05138939894723956,0.0,35.0,0.0
2,83,-0.04498102582935488,0.05950544742318521,-0.05146284734973681,0.0,35.0,0.0
2,84,-0.04527481943934386,0.05959725792630677,-0.0512914677439099,0.0,35.0,0.0
2,85,-0.04527481943934386,0.05966458562859591,-0.05136491614640715,0.0,35.0,0.0
2,86,-0.0450177500306035,0.05956665442526625,-0.05107724323662627,0.0,35.0,0.0
2,87,-0.04523809523809524,0.05960949932672298,-0.051309829844534215,0.0,35.0,0.0
2,88,-0.04510956053372506,0.05970743053005264,-0.05134655404578283,0.0,35.0,0.0
2,89,-0.04520137103684661,0.05951768882360142,-0.051266984943077486,0.0,35.0,0.0
2,90,-0.045085077732892644,0.05949932672297711,-0.0512914677439099,0.0,35.0,0.0
2,91,-0.045085077732892644,0.05949932672297711,-0.0512914677439099,0.0,35.0,0.0
2,92,-0.04544619904517076,0.059646223527971595,-0.05135879544619905,0.0,35.0,0.0
2,93,-0.045164646835597996,0.059529930224017626,-0.0516036234545232,0.0,35.0,0.0
2,94,-0.04521973313747092,0.059542171624433836,-0.05151793365160975,0.0,35.0,0.0
2,95,-0.04513404333455747,0.05943811972089606,-0.051493450850777334,0.0,35.0,0.0
2,96,-0.04507895703268454,0.05957889582568245,-0.05146896804994492,0.0,35.0,0.0
2,97,-0.04502999143101971,0.0598114824335904,-0.05117517443995593,0.0,35.0,0.0
2,98,-0.04530542294038438,0.05934018851756641,-0.051309829844534215,0.0,35.0,0.0
2,99,-0.04507895703268454,0.05975027543150937,-0.05124250214224507,0.0,35.0,0.0
3,0,0.039196964132696785,0.06688701187415841,-0.08976618925205043,35.0,35.0,0.0
3,1,0.039129636430407636,0.06683804627249358,-0.08988860325621251,35.0,35.0,0.0
3,2,0.039129636430407636,0.06683804627249358,-0.08988860325621251,35.0,35.0,0.0
3,3,0.039056188027910395,0.06679520137103685,-0.08975394785163424,35.0,35.0,0.0
3,4,0.039184722732280575,0.06685640837311788,-0.08976618925205043,35.0,35.0,0.0
3,5,0.039184722732280575,0.06685640837311788,-0.08976618925205043,35.0,35.0,0.0
3,6,0.03913575713061575,0.06697270167707185,-0.08942343004039663,35.0,35.0,0.0
3,7,0.03920920553311299,0.06669727016770718,-0.08965601664830457,35.0,35.0,0.0
3,8,0.03920920553311299,0.06669727016770718,-0.08965601664830457,35.0,35.0,0.0
3,9,0.03908679152895091,0.0668931325743665,-0.08989472395642062,35.0,35.0,0.0
3,10,0.03920920553311299,0.0667095115681234,-0.08986412045538009,35.0,35.0,0.0
3,11,0.03764230627983841,0.06699718447790427,-0.0897172236503856,35.0,35.0,0.0
3,12,0.03912351573019954,0.06699718447790427,-0.0897172236503856,35.0,35.0,0.0
3,13,0.03908679152895091,0.06677071857020443,-0.08979679275309095,35.0,35.0,0.0
3,14,0.03916023993144816,0.06683192557228547,-0.08965601664830457,35.0,35.0,0.0
3,15,0.03916023993144816,0.06683192557228547,-0.08965601664830457,35.0,35.0,0.0
3,16,0.03917860203207247,0.06691761537519893,-0.08971110295017751,35.0,35.0,0.0
3,17,0.03937446443873179,0.06685028767290978,-0.08962541314726405,35.0,35.0,0.0
3,18,0.03937446443873179,0.06685028767290978,-0.08962541314726405,35.0,35.0,0.0
3,19,0.03894601542416452,0.0667095115681234,-0.08958868894601543,35.0,35.0,0.0
3,20,0.039013343126453666,0.06697270167707185,-0.08965601664830457,35.0,35.0,0.0
3,21,0.039013343126453666,0.06697270167707185,-0.08965601664830457,35.0,35.0,0.0
3,22,0.03911739502999143,0.0668747704737422,-0.08975394785163424,35.0,35.0,0.0
3,23,0.0392214469335292,0.0667339943689558,-0.09002937936099889,35.0,35.0,0.0
3,24,0.03765454768025462,0.06699106377769617,-0.08981515485371526,35.0,35.0,0.0
3,25,0.03909291222915902,0.06699106377769617,-0.08981515485371526,35.0,35.0,0.0
3,26,0.03911127432978333,0.06691761537519893,-0.08983963765454768,35.0,35.0,0.0
3,27,0.03909903292936712,0.06705839147998531,-0.08976618925205043,35.0,35.0,0.0
3,28,0.03909903292936712,0.06705839147998531,-0.08976618925205043,35.0,35.0,0.0
3,29,0.03929489533602644,0.06691761537519893,-0.08982739625413147,35.0,35.0,0.0
3,30,0.039141877830823846,0.06688701187415841,-0.08983963765454768,35.0,35.0,0.0
3,31,0.039141877830823846,0.06688701187415841,-0.08983963765454768,35.0,35.0,0.0
3,32,0.03890929122291591,0.0667033908679153,-0.08995593095850166,35.0,35.0,0.0
3,33,0.039129636430407636,0.06682580487207737,-0.08968049944913699,35.0,35.0,0.0
3,34,0.039129636430407636,0.06682580487207737,-0.08968049944913699,35.0,35.0,0.0
3,35,0.03892153262333211,0.06694209817603133,-0.08983351695433958,35.0,35.0,0.0
3,36,0.03924592973436161,0.06650752846125597,-0.0895519647447668,35.0,35.0,0.0
3,37,0.03924592973436161,0.0672114089851879,-0.08968662014934509,35.0,35.0,0.0
3,38,0.03923980903415351,0.0672114089851879,-0.08968662014934509,35.0,35.0,0.0
3,39,0.0392275676337373,0.06702166727873668,-0.08963765454768026,35.0,35.0,0.0
3,40,0.0392214469335292,0.0668808911739503,-0.08945403354143713,35.0,35.0,0.0
3,41,0.0392214469335292,0.0668808911739503,-0.08945403354143713,35.0,35.0,0.0
3,42,0.039129636430407636,0.06695433957644754,-0.08981515485371526,35.0,35.0,0.0
3,43,0.03926429183498592,0.06696658097686375,-0.08960093034643163,35.0,35.0,0.0
3,44,0.03926429183498592,0.06696658097686375,-0.08960093034643163,35.0,35.0,0.0
3,45,0.03931325743665075,0.06695433957644754,-0.08972946505080182,35.0,35.0,0.0
3,46,0.03934386093769127,0.06702166727873668,-0.08991920675725304,35.0,35.0,0.0
3,47,0.039154119231240056,0.06677683927041253,-0.08985187905496389,35.0,35.0,0.0
3,48,0.0392214469335292,0.06675235646958012,-0.08971110295017751,35.0,35.0,0.0
3,49,0.039301016036234544,0.0667217529685396,-0.0897172236503856,35.0,35.0,0.0
3,50,0.03921532623332109,0.06702778797894479,-0.08997429305912596,35.0,35.0,0.0
3,51,0.0390684294283266,0.06680132207124495,-0.09010282776349614,35.0,35.0,0.0
3,52,0.03931325743665075,0.06686252907332599,-0.08974170645121801,35.0,35.0,0.0
3,53,0.03903170522707798,0.06676459786999632,-0.08985799975517199,35.0,35.0,0.0
3,54,0.03934998163789938,0.06690537397478272,-0.08956420614518301,35.0,35.0,0.0
3,55,0.039288774635818334,0.06683804627249358,-0.08953972334435059,35.0,35.0,0.0
3,56,0.03919084343248867,0.0668808911739503,-0.08980903415350716,35.0,35.0,0.0
3,57,0.0392214469335292,0.06700942587832048,-0.08983963765454768,35.0,35.0,0.0
3,58,0.0392214469335292,0.06700942587832048,-0.08983963765454768,35.0,35.0,0.0
3,59,0.03903782592728608,0.06678295997062064,-0.08963153384747216,35.0,35.0,0.0
3,60,0.03908679152895091,0.0670461500795691,-0.08983351695433958,35.0,35.0,0.0
3,61,0.03930713673644265,0.0667033908679153,-0.09010894846370425,35.0,35.0,0.0
3,62,0.03916636063165626,0.06677683927041253,-0.08963765454768026,35.0,35.0,0.0
3,63,0.03925817113477782,0.0670461500795691,-0.08969886154976128,35.0,35.0,0.0
3,64,0.03911127432978333,0.06683804627249358,-0.08975394785163424,35.0,35.0,0.0
3,65,0.03912351573019954,0.06679520137103685,-0.08973558575100991,35.0,35.0,0.0
3,66,0.03925205043456971,0.06709511568123393,-0.08977843065246664,35.0,35.0,0.0
3,67,0.03912351573019954,0.06688701187415841,-0.09002325866079079,35.0,35.0,0.0
3,68,0.039043946627494185,0.06699718447790427,-0.08979679275309095,35.0,35.0,0.0
3,69,0.03916636063165626,0.06685640837311788,-0.08976618925205043,35.0,35.0,0.0
3,70,0.03903170522707798,0.06700330517811237,-0.08964377524788836,35.0,35.0,0.0
3,71,0.03903782592728608,0.06699106377769617,-0.08985799975517199,35.0,35.0,0.0
3,72,0.03912351573019954,0.06681968417186926,-0.08989472395642062,35.0,35.0,0.0
3,73,0.03894601542416452,0.0668931325743665,-0.0897233443505937,35.0,35.0,0.0
3,74,0.03909291222915902,0.06655037336271269,-0.08973558575100991,35.0,35.0,0.0
3,75,0.039172481331864364,0.06681968417186926,-0.08983963765454768,35.0,35.0,0.0
3,76,0.03925205043456971,0.06680132207124495,-0.08988248255600441,35.0,35.0,0.0
3,77,0.03908679152895091,0.06694209817603133,-0.0898702411555882,35.0,35.0,0.0
3,78,0.03905006732770229,0.0668808911739503,-0.089386705839148,35.0,35.0,0.0
3,79,0.03916636063165626,0.06666666666666667,-0.08950299914310197,35.0,35.0,0.0
3,80,0.03916636063165626,0.06666666666666667,-0.08950299914310197,35.0,35.0,0.0
3,81,0.03933774023748317,0.06710123638144204,-0.08960705104663974,35.0,35.0,0.0
3,82,0.03921532623332109,0.06651364916146407,-0.08974782715142612,35.0,35.0,0.0
3,83,0.039288774635818334,0.0667339943689558,-0.0897233443505937,35.0,35.0,0.0
3,84,0.03909903292936712,0.06685640837311788,-0.0897172236503856,35.0,35.0,0.0
3,85,0.03910515362957522,0.06659321826416942,-0.08982127555392337,35.0,35.0,0.0
3,86,0.03916023993144816,0.06711347778185825,-0.08999265515975027,35.0,35.0,0.0
3,87,0.0390745501285347,0.06675235646958012,-0.08974782715142612,35.0,35.0,0.0
3,88,0.03913575713061575,0.06678295997062064,-0.08979067205288285,35.0,35.0,0.0
3,89,0.03923980903415351,0.06676459786999632,-0.08993144815766924,35.0,35.0,0.0
3,90,0.03910515362957522,0.0668808911739503,-0.08973558575100991,35.0,35.0,0.0
3,91,0.03932549883706696,0.06705839147998531,-0.08994368955808545,35.0,35.0,0.0
3,92,0.03917860203207247,0.06659321826416942,-0.08990084465662872,35.0,35.0,0.0
3,93,0.03925205043456971,0.0668931325743665,-0.08973558575100991,35.0,35.0,0.0
3,94,0.0392336883339454,0.06690537397478272,-0.09005998286203942,35.0,35.0,0.0
3,95,0.03931937813685886,0.0667278736687477,-0.08966825804872078,35.0,35.0,0.0
3,96,0.039196964132696785,0.06679520137103685,-0.08960093034643163,35.0,35.0,0.0
3,97,0.03911739502999143,0.06674011506916391,-0.09010894846370425,35.0,35.0,0.0
3,98,0.03911739502999143,0.06674011506916391,-0.08968662014934509,35.0,35.0,0.0
3,99,0.03893989472395642,0.0667217529685396,-0.08968662014934509,35.0,35.0,0.0
