values,,Magnetometer,Magnetometer,Magnetometer,position,position,position
axis,,x,y,z,x,y,z
Sensor,Sample,,,,,,
0,0,-0.06502631901089485,-0.05131595054474232,-0.07488676704615008,0.0,0.0,0.0
0,1,-0.06502631901089485,-0.05131595054474232,-0.07488676704615008,0.0,0.0,0.0
0,2,-0.06516097441547312,-0.05104051903537765,-0.07493573264781492,0.0,0.0,0.0
0,3,-0.06517933651609745,-0.051162933039539726,-0.07456849063532868,0.0,0.0,0.0
0,4,-0.06517933651609745,-0.051297588444118004,-0.07485616354510956,0.0,0.0,0.0
0,5,-0.06517933651609745,-0.051297588444118004,-0.07485616354510956,0.0,0.0,0.0
0,6,-0.06515485371526503,-0.05102827763496144,-0.07465418043824214,0.0,0.0,0.0
0,7,-0.0651303709144326,-0.051211898641204553,-0.07477659444240421,0.0,0.0,0.0
0,8,-0.0651303709144326,-0.051211898641204553,-0.07477659444240421,0.0,0.0,0.0
0,9,-0.06509364671318399,-0.05121801934141266,-0.0746174562369935,0.0,0.0,0.0
0,10,-0.06519157791651366,-0.0512853470437018,-0.07456236993512058,0.0,0.0,0.0
0,11,-0.06519157791651366,-0.0512853470437018,-0.07456236993512058,0.0,0.0,0.0
0,12,-0.0650997674133921,-0.05122414004162076,-0.07487452564573387,0.0,0.0,0.0
0,13,-0.0651058881136002,-0.05122414004162076,-0.07497245684906353,0.0,0.0,0.0
0,14,-0.0651058881136002,-0.05122414004162076,-0.07497245684906353,0.0,0.0,0.0
0,15,-0.06520381931692985,-0.051266984943077486,-0.07486840494552577,0.0,0.0,0.0
0,16,-0.06502019831068674,-0.05122414004162076,-0.07500918105031215,0.0,0.0,0.0
0,17,-0.06502019831068674,-0.05122414004162076,-0.07500918105031215,0.0,0.0,0.0
0,18,-0.06481209450361122,-0.050991553433712825,-0.07452564573387196,0.0,0.0,0.0
0,19,-0.0652833884196352,-0.05119965724078834,-0.07469702533969887,0.0,0.0,0.0
0,20,-0.0652833884196352,-0.05119965724078834,-0.07469702533969887,0.0,0.0,0.0
0,21,-0.06504468111151915,-0.05105888113600195,-0.07450116293303954,0.0,0.0,0.0
0,22,-0.06540580242379729,-0.051162933039539726,-0.07481943934386094,0.0,0.0,0.0
0,23,-0.06540580242379729,-0.051162933039539726,-0.07481943934386094,0.0,0.0,0.0
0,24,-0.06524054351817848,-0.05125474354266128,-0.07483780144448525,0.0,0.0,0.0
0,25,-0.06515485371526503,-0.051407761047863876,-0.07470314603990696,0.0,0.0,0.0
0,26,-0.06533847472150814,-0.05108336393683437,-0.07486228424531767,0.0,0.0,0.0
0,27,-0.06533847472150814,-0.05108336393683437,-0.07486228424531767,0.0,0.0,0.0
0,28,-0.0649406292079814,-0.051126208838291096,-0.074764353041988,0.0,0.0,0.0
0,29,-0.06504468111151915,-0.0512853470437018,-0.07478883584282042,0.0,0.0,0.0
0,30,-0.06504468111151915,-0.0512853470437018,-0.07478883584282042,0.0,0.0,0.0
0,31,-0.0649651120088138,-0.051309829844534215,-0.074764353041988,0.0,0.0,0.0
0,32,-0.06520381931692985,-0.05134655404578283,-0.0747459909413637,0.0,0.0,0.0
0,33,-0.06520381931692985,-0.05134655404578283,-0.0747459909413637,0.0,0.0,0.0
0,34,-0.06516097441547312,-0.051126208838291096,-0.07500306035010405,0.0,0.0,0.0
0,35,-0.0649345085077733,-0.05105888113600195,-0.07477047374219611,0.0,0.0,0.0
0,36,-0.0649345085077733,-0.05105888113600195,-0.07477047374219611,0.0,0.0,0.0
0,37,-0.06506304321214347,-0.051205777940996455,-0.07456236993512058,0.0,0.0,0.0
0,38,-0.06508752601297588,-0.05110784673766679,-0.07480107724323662,0.0,0.0,0.0
0,39,-0.06508752601297588,-0.05110784673766679,-0.07480107724323662,0.0,0.0,0.0
0,40,-0.06517933651609745,-0.051193536540580245,-0.07488676704615008,0.0,0.0,0.0
0,41,-0.06498347410943812,-0.05114457093891541,-0.07489900844656629,0.0,0.0,0.0
0,42,-0.06524054351817848,-0.05093646713183988,-0.07477659444240421,0.0,0.0,0.0
0,43,-0.06524054351817848,-0.05093646713183988,-0.07477659444240421,0.0,0.0,0.0
0,44,-0.06519769861672176,-0.051150691639123516,-0.07471538744032317,0.0,0.0,0.0
0,45,-0.0649651120088138,-0.05104051903537765,-0.07463581833761782,0.0,0.0,0.0
0,46,-0.0649651120088138,-0.05104051903537765,-0.07463581833761782,0.0,0.0,0.0
0,47,-0.065271147019219,-0.05110784673766679,-0.07469702533969887,0.0,0.0,0.0
0,48,-0.0651058881136002,-0.051150691639123516,-0.07481331864365284,0.0,0.0,0.0
0,49,-0.0651058881136002,-0.051150691639123516,-0.07481331864365284,0.0,0.0,0.0
0,50,-0.06517321581588933,-0.0511323295384992,-0.07471538744032317,0.0,0.0,0.0
0,51,-0.06530787122046762,-0.05142612314848819,-0.07501530175052026,0.0,0.0,0.0
0,52,-0.06530787122046762,-0.05142612314848819,-0.07501530175052026,0.0,0.0,0.0
0,53,-0.06486718080548415,-0.05119965724078834,-0.07488676704615008,0.0,0.0,0.0
0,54,-0.06520381931692985,-0.05114457093891541,-0.07481943934386094,0.0,0.0,0.0
0,55,-0.06520381931692985,-0.05114457093891541,-0.07481943934386094,0.0,0.0,0.0
0,56,-0.065271147019219,-0.05154241645244216,-0.0746174562369935,0.0,0.0,0.0
0,57,-0.06502631901089485,-0.051309829844534215,-0.07495409474843923,0.0,0.0,0.0
0,58,-0.06502631901089485,-0.051309829844534215,-0.07495409474843923,0.0,0.0,0.0
0,59,-0.06528950911984331,-0.051371036846615245,-0.07472150814053127,0.0,0.0,0.0
0,60,-0.0649589913086057,-0.05110784673766679,-0.07475823234177989,0.0,0.0,0.0
0,61,-0.0649589913086057,-0.05110784673766679,-0.07475823234177989,0.0,0.0,0.0
0,62,-0.06501407761047864,-0.05132207124495042,-0.0747459909413637,0.0,0.0,0.0
0,63,-0.06502019831068674,-0.051413881748071974,-0.074764353041988,0.0,0.0,0.0
0,64,-0.06513649161464072,-0.05125474354266128,-0.07488676704615008,0.0,0.0,0.0
0,65,-0.06513649161464072,-0.05125474354266128,-0.07488676704615008,0.0,0.0,0.0
0,66,-0.06503243971110295,-0.05142612314848819,-0.07483780144448525,0.0,0.0,0.0
0,67,-0.06503856041131105,-0.0512853470437018,-0.07470926674011506,0.0,0.0,0.0
0,68,-0.06503856041131105,-0.0512853470437018,-0.07470926674011506,0.0,0.0,0.0
0,69,-0.06516097441547312,-0.051211898641204553,-0.07497245684906353,0.0,0.0,0.0
0,70,-0.06521606071734606,-0.0511139674378749,-0.07473374954094748,0.0,0.0,0.0
0,71,-0.06521606071734606,-0.0511139674378749,-0.07473374954094748,0.0,0.0,0.0
0,72,-0.06518545721630555,-0.051205777940996455,-0.07459297343616109,0.0,0.0,0.0
0,73,-0.06506916391235157,-0.051052760435793855,-0.07458073203574489,0.0,0.0,0.0
0,74,-0.06506916391235157,-0.051052760435793855,-0.07458073203574489,0.0,0.0,0.0
0,75,-0.06508752601297588,-0.05114457093891541,-0.0749173705471906,0.0,0.0,0.0
0,76,-0.06506916391235157,-0.05122414004162076,-0.07433590402742074,0.0,0.0,0.0
0,77,-0.06506916391235157,-0.05122414004162076,-0.07433590402742074,0.0,0.0,0.0
0,78,-0.06502019831068674,-0.05118129514016403,-0.07481331864365284,0.0,0.0,0.0
0,79,-0.06522218141755418,-0.05125474354266128,-0.07489288774635819,0.0,0.0,0.0
0,80,-0.06522218141755418,-0.05125474354266128,-0.07489288774635819,0.0,0.0,0.0
0,81,-0.06505080181172726,-0.051156812339331614,-0.07477047374219611,0.0,0.0,0.0
0,82,-0.06492226710735707,-0.05136491614640715,-0.0749051291467744,0.0,0.0,0.0
0,83,-0.06492226710735707,-0.05136491614640715,-0.0749051291467744,0.0,0.0,0.0
0,84,-0.06512425021422451,-0.051162933039539726,-0.07465418043824214,0.0,0.0,0.0
0,85,-0.06522830211776227,-0.051371036846615245,-0.07484392214469335,0.0,0.0,0.0
0,86,-0.06520381931692985,-0.051162933039539726,-0.0747459909413637,0.0,0.0,0.0
0,87,-0.06520381931692985,-0.051162933039539726,-0.0747459909413637,0.0,0.0,0.0
0,88,-0.06516709511568124,-0.051236381442036974,-0.07472762884073939,0.0,0.0,0.0
0,89,-0.0651120088138083,-0.05107112253641817,-0.07448280083241524,0.0,0.0,0.0
0,90,-0.0651120088138083,-0.05107112253641817,-0.07448280083241524,0.0,0.0,0.0
0,91,-0.06497735340923003,-0.05093646713183988,-0.07466642183865835,0.0,0.0,0.0
0,92,-0.06516097441547312,-0.05146896804994492,-0.07451340433345574,0.0,0.0,0.0
0,93,-0.06516097441547312,-0.05146896804994492,-0.07451340433345574,0.0,0.0,0.0
0,94,-0.06507528461255968,-0.05125474354266128,-0.0750765087526013,0.0,0.0,0.0
0,95,-0.0651120088138083,-0.051169053739747825,-0.07478883584282042,0.0,0.0,0.0
0,96,-0.0651120088138083,-0.051169053739747825,-0.07478883584282042,0.0,0.0,0.0
0,97,-0.06516709511568124,-0.05118741584037214,-0.0747398702411556,0.0,0.0,0.0
0,98,-0.06522218141755418,-0.05146896804994492,-0.07481943934386094,0.0,0.0,0.0
0,99,-0.06522218141755418,-0.05146896804994492,-0.07481943934386094,0.0,0.0,0.0
1,0,0.04000489656016648,-0.048414738646101116,-0.04336516097441547,35.0,0.0,0.0
1,1,0.040170155465785284,-0.04820051413881748,-0.04349369567878565,35.0,0.0,0.0
1,2,0.03998041375933407,-0.048684049455257686,-0.04358550618190721,35.0,0.0,0.0
1,3,0.03998041375933407,-0.048684049455257686,-0.04358550618190721,35.0,0.0,0.0
1,4,0.04004774146162321,-0.04839637654547681,-0.043218264169420983,35.0,0.0,0.0
1,5,0.03974782715142612,-0.048218876239441794,-0.043573264781491,35.0,0.0,0.0
1,6,0.03974782715142612,-0.048218876239441794,-0.043573264781491,35.0,0.0,0.0
1,7,0.040084465662871833,-0.04849430774880646,-0.04346921287795324,35.0,0.0,0.0
1,8,0.0401885175664096,-0.048145427836944546,-0.04359774758232342,35.0,0.0,0.0
1,9,0.0401885175664096,-0.048145427836944546,-0.04359774758232342,35.0,0.0,0.0
1,10,0.04011506916391235,-0.04842085934630922,-0.043444730077120824,35.0,0.0,0.0
1,11,0.040139551964744766,-0.048304566042355244,-0.043432488676704614,35.0,0.0,0.0
1,12,0.04001713796058269,-0.048586118251928025,-0.04350593707920186,35.0,0.0,0.0
1,13,0.04001713796058269,-0.048586118251928025,-0.04350593707920186,35.0,0.0,0.0
1,14,0.040041620761415105,-0.04842698004651732,-0.04332843677316685,35.0,0.0,0.0
1,15,0.039955930958501654,-0.04851266984943077,-0.04359162688211531,35.0,0.0,0.0
1,16,0.039955930958501654,-0.04851266984943077,-0.04359162688211531,35.0,0.0,0.0
1,17,0.04014567266495287,-0.04801077243236626,-0.043414126576080306,35.0,0.0,0.0
1,18,0.040268086669114946,-0.04845146284734973,-0.04329783327212633,35.0,0.0,0.0
1,19,0.040268086669114946,-0.04845146284734973,-0.04329783327212633,35.0,0.0,0.0
1,20,0.039955930958501654,-0.048690170155465784,-0.04359162688211531,35.0,0.0,0.0
1,21,0.04005998286203942,-0.04851879054963888,-0.04335904027420737,35.0,0.0,0.0
1,22,0.04005998286203942,-0.04851879054963888,-0.04335904027420737,35.0,0.0,0.0
1,23,0.040170155465785284,-0.04857387685151181,-0.04331007467254254,35.0,0.0,0.0
1,24,0.04010282776349615,-0.04832292814297955,-0.04322438486962908,35.0,0.0,0.0
1,25,0.04004774146162321,-0.04828620394173093,-0.043628351083363937,35.0,0.0,0.0
1,26,0.04004774146162321,-0.04828620394173093,-0.043628351083363937,35.0,0.0,0.0
1,27,0.03999265515975027,-0.04820051413881748,-0.0432488676704615,35.0,0.0,0.0
1,28,0.04009670706328804,-0.04842698004651732,-0.04372016158648549,35.0,0.0,0.0
1,29,0.04009670706328804,-0.04842698004651732,-0.04372016158648549,35.0,0.0,0.0
1,30,0.040011017260374586,-0.04832904884318766,-0.04351817847961807,35.0,0.0,0.0
1,31,0.040023258660790796,-0.04815154853715265,-0.043573264781491,35.0,0.0,0.0
1,32,0.040023258660790796,-0.04815154853715265,-0.043573264781491,35.0,0.0,0.0
1,33,0.03990084465662872,-0.04839637654547681,-0.04349369567878565,35.0,0.0,0.0
1,34,0.039937568857877345,-0.04810258293548782,-0.043487574978577546,35.0,0.0,0.0
1,35,0.04007834496266373,-0.04829844534214714,-0.0432427469702534,35.0,0.0,0.0
1,36,0.04007834496266373,-0.04829844534214714,-0.0432427469702534,35.0,0.0,0.0
1,37,0.040041620761415105,-0.048359652344228184,-0.04349369567878565,35.0,0.0,0.0
1,38,0.04007222426245562,-0.04832904884318766,-0.04338352307503979,35.0,0.0,0.0
1,39,0.04007222426245562,-0.04832904884318766,-0.04338352307503979,35.0,0.0,0.0
1,40,0.040023258660790796,-0.04848206634839026,-0.043414126576080306,35.0,0.0,0.0
1,41,0.04007222426245562,-0.04829844534214714,-0.043389643775247885,35.0,0.0,0.0
1,42,0.04007222426245562,-0.04829844534214714,-0.043389643775247885,35.0,0.0,0.0
1,43,0.040035500061207,-0.04837189374464439,-0.043395764475456,35.0,0.0,0.0
1,44,0.04012731056432856,-0.04800465173215816,-0.04333455747337495,35.0,0.0,0.0
1,45,0.04012731056432856,-0.04800465173215816,-0.04333455747337495,35.0,0.0,0.0
1,46,0.040035500061207,-0.04833516954339576,-0.04327947117150202,35.0,0.0,0.0
1,47,0.040157914065369074,-0.04832904884318766,-0.04351205777940996,35.0,0.0,0.0
1,48,0.04010894846370425,-0.048316807442771455,-0.04332843677316685,35.0,0.0,0.0
1,49,0.04010894846370425,-0.048316807442771455,-0.04332843677316685,35.0,0.0,0.0
1,50,0.040011017260374586,-0.04850654914922267,-0.043432488676704614,35.0,0.0,0.0
1,51,0.03998653445954217,-0.04812094503611213,-0.04357938548169911,35.0,0.0,0.0
1,52,0.03998653445954217,-0.04812094503611213,-0.04357938548169911,35.0,0.0,0.0
1,53,0.04007834496266373,-0.048176031337985065,-0.04329783327212633,35.0,0.0,0.0
1,54,0.04028032806953115,-0.048188272738401275,-0.04352429917982617,35.0,0.0,0.0
1,55,0.04028032806953115,-0.048188272738401275,-0.04352429917982617,35.0,0.0,0.0
1,56,0.04010282776349615,-0.0482372383400661,-0.04351817847961807,35.0,0.0,0.0
1,57,0.03990084465662872,-0.04833516954339576,-0.043456971477537035,35.0,0.0,0.0
1,58,0.03990084465662872,-0.04833516954339576,-0.043456971477537035,35.0,0.0,0.0
1,59,0.04000489656016648,-0.04828620394173093,-0.04327947117150202,35.0,0.0,0.0
1,60,0.03998041375933407,-0.048359652344228184,-0.043303953972334434,35.0,0.0,0.0
1,61,0.04036601787244461,-0.04805973803403109,-0.04331007467254254,35.0,0.0,0.0
1,62,0.04036601787244461,-0.04805973803403109,-0.04331007467254254,35.0,0.0,0.0
1,63,0.04004774146162321,-0.04799853103195005,-0.04331007467254254,35.0,0.0,0.0
1,64,0.04009670706328804,-0.04847594564818215,-0.04349981637899376,35.0,0.0,0.0
1,65,0.04009670706328804,-0.04847594564818215,-0.04349981637899376,35.0,0.0,0.0
1,66,0.039882482556004406,-0.048157669237360756,-0.04337740237483168,35.0,0.0,0.0
1,67,0.040139551964744766,-0.04828620394173093,-0.04319378136858857,35.0,0.0,0.0
1,68,0.040139551964744766,-0.04828620394173093,-0.04319378136858857,35.0,0.0,0.0
1,69,0.04021300036724201,-0.04810258293548782,-0.04362223038315584,35.0,0.0,0.0
1,70,0.04000489656016648,-0.048433100746725424,-0.04320602276900477,35.0,0.0,0.0
1,71,0.04000489656016648,-0.048433100746725424,-0.04320602276900477,35.0,0.0,0.0
1,72,0.04000489656016648,-0.04821275553923369,-0.043395764475456,35.0,0.0,0.0
1,73,0.040041620761415105,-0.04834741094381197,-0.04332843677316685,35.0,0.0,0.0
1,74,0.040041620761415105,-0.04810870363569593,-0.043218264169420983,35.0,0.0,0.0
1,75,0.03999265515975027,-0.04810870363569593,-0.043218264169420983,35.0,0.0,0.0
1,76,0.040011017260374586,-0.04802301383278247,-0.04329783327212633,35.0,0.0,0.0
1,77,0.039955930958501654,-0.04813930713673644,-0.04346309217774513,35.0,0.0,0.0
1,78,0.039955930958501654,-0.04813930713673644,-0.04346309217774513,35.0,0.0,0.0
1,79,0.040029379360998894,-0.04832292814297955,-0.04300403966213735,35.0,0.0,0.0
1,80,0.04012118986412046,-0.04825560044069042,-0.04348145427836945,35.0,0.0,0.0
1,81,0.04012118986412046,-0.04825560044069042,-0.04348145427836945,35.0,0.0,0.0
1,82,0.04010282776349615,-0.04831068674256335,-0.043395764475456,35.0,0.0,0.0
1,83,0.040053862161831315,-0.0480719794344473,-0.04345085077732892,35.0,0.0,0.0
1,84,0.040053862161831315,-0.0480719794344473,-0.04345085077732892,35.0,0.0,0.0
1,85,0.04033541437140409,-0.048261721140898516,-0.04323662627004529,35.0,0.0,0.0
1,86,0.04010282776349615,-0.048414738646101116,-0.043573264781491,35.0,0.0,0.0
1,87,0.040011017260374586,-0.048176031337985065,-0.04331007467254254,35.0,0.0,0.0
1,88,0.040011017260374586,-0.048176031337985065,-0.04331007467254254,35.0,0.0,0.0
1,89,0.04011506916391235,-0.048078100134655403,-0.04345085077732892,35.0,0.0,0.0
1,90,0.04024972456849064,-0.04826784184110662,-0.04336516097441547,35.0,0.0,0.0
1,91,0.04024972456849064,-0.04826784184110662,-0.04336516097441547,35.0,0.0,0.0
1,92,0.0398641204553801,-0.048231117639858004,-0.043542661280450486,35.0,0.0,0.0
1,93,0.039839637654547684,-0.048445342147141635,-0.04342024727628841,35.0,0.0,0.0
1,94,0.039839637654547684,-0.048445342147141635,-0.04342024727628841,35.0,0.0,0.0
1,95,0.040066103562247525,-0.04825560044069042,-0.04347533357816134,35.0,0.0,0.0
1,96,0.04004774146162321,-0.04812706573632024,-0.04337740237483168,35.0,0.0,0.0
1,97,0.04004774146162321,-0.04812706573632024,-0.04337740237483168,35.0,0.0,0.0
1,98,0.039937568857877345,-0.04842085934630922,-0.043444730077120824,35.0,0.0,0.0
1,99,0.04026196596890684,-0.04835353164402008,-0.043444730077120824,35.0,0.0,0.0
2,0,-0.05429673154608887,0.06189864120455381,-0.052374831680744284,0.0,35.0,0.0
2,1,-0.05429673154608887,0.06189864120455381,-0.052374831680744284,0.0,35.0,0.0
2,2,-0.054315093646713185,0.06202717590892398,-0.052234055575957894,0.0,35.0,0.0
2,3,-0.05411311053984576,0.06217407271391847,-0.052429917982617216,0.0,35.0,0.0
2,4,-0.05411311053984576,0.06217407271391847,-0.052429917982617216,0.0,35.0,0.0
2,5,-0.05430897294650509,0.06228424531766434,-0.052405435181784796,0.0,35.0,0.0
2,6,-0.0541804382421349,0.061910882604970005,-0.05224017627616599,0.0,35.0,0.0
2,7,-0.0541804382421349,0.061910882604970005,-0.05224017627616599,0.0,35.0,0.0
2,8,-0.0541681968417187,0.06181907210184845,-0.05213000367242012,0.0,35.0,0.0
2,9,-0.05448035255233199,0.061935365405802426,-0.052289141877830826,0.0,35.0,0.0
2,10,-0.05448035255233199,0.061935365405802426,-0.052289141877830826,0.0,35.0,0.0
2,11,-0.054186558942343,0.0620577794099645,-0.052093279471171504,0.0,35.0,0.0
2,12,-0.05427836944546456,0.06218631411433469,-0.05231974537887134,0.0,35.0,0.0
2,13,-0.054174317541926795,0.06207002081038071,-0.05230138327824703,0.0,35.0,0.0
2,14,-0.054174317541926795,0.06207002081038071,-0.05230138327824703,0.0,35.0,0.0
2,15,-0.05412535194026197,0.06213122781246174,-0.05207491737054719,0.0,35.0,0.0
2,16,-0.054162076141510584,0.06232709021912107,-0.05252784918594687,0.0,35.0,0.0
2,17,-0.054162076141510584,0.06232709021912107,-0.05252784918594687,0.0,35.0,0.0
2,18,-0.05405190353776472,0.062155710613294154,-0.05244215938303341,0.0,35.0,0.0
2,19,-0.05405190353776472,0.06220467621495899,-0.05231362467866324,0.0,35.0,0.0
2,20,-0.05405190353776472,0.06220467621495899,-0.05231362467866324,0.0,35.0,0.0
2,21,-0.05430897294650509,0.06226588321704003,-0.05238095238095238,0.0,35.0,0.0
2,22,-0.05409474843922145,0.062082262210796914,-0.05228302117762272,0.0,35.0,0.0
2,23,-0.05409474843922145,0.062082262210796914,-0.05228302117762272,0.0,35.0,0.0
2,24,-0.05436405924837802,0.06211898641204554,-0.05209940017137961,0.0,35.0,0.0
2,25,-0.054162076141510584,0.0622107969151671,-0.052331986779287555,0.0,35.0,0.0
2,26,-0.054162076141510584,0.0622107969151671,-0.052178969274084955,0.0,35.0,0.0
2,27,-0.054241645244215944,0.0620455380095483,-0.052178969274084955,0.0,35.0,0.0
2,28,-0.05410698983963765,0.06207002081038071,-0.05230138327824703,0.0,35.0,0.0
2,29,-0.05408862773901334,0.0622107969151671,-0.05206267597013098,0.0,35.0,0.0
2,30,-0.05408862773901334,0.0622107969151671,-0.05206267597013098,0.0,35.0,0.0
2,31,-0.05411923124005387,0.06203329660913208,-0.05233810747949565,0.0,35.0,0.0
2,32,-0.0543395764475456,0.06220467621495899,-0.05227690047741461,0.0,35.0,0.0
2,33,-0.0543395764475456,0.06220467621495899,-0.05227690047741461,0.0,35.0,0.0
2,34,-0.0543518178479618,0.061941486106010524,-0.05213612437262823,0.0,35.0,0.0
2,35,-0.05420492104296731,0.062094503611213124,-0.052252417676582195,0.0,35.0,0.0
2,36,-0.05420492104296731,0.062094503611213124,-0.052252417676582195,0.0,35.0,0.0
2,37,-0.054455869751499575,0.06232096951891296,-0.052417676582201,0.0,35.0,0.0
2,38,-0.054302852246296975,0.061849675602888975,-0.05221569347533358,0.0,35.0,0.0
2,39,-0.0543334557473375,0.06191700330517811,-0.052295262578038924,0.0,35.0,0.0
2,40,-0.0543334557473375,0.06191700330517811,-0.052295262578038924,0.0,35.0,0.0
2,41,-0.05422940384379973,0.062235279715999514,-0.05200146896804995,0.0,35.0,0.0
2,42,-0.05440690414983475,0.062155710613294154,-0.05238707308116049,0.0,35.0,0.0
2,43,-0.05440690414983475,0.062155710613294154,-0.05238707308116049,0.0,35.0,0.0
2,44,-0.0541681968417187,0.06183131350226466,-0.05236871098053617,0.0,35.0,0.0
2,45,-0.05429061084588077,0.0622107969151671,-0.05213612437262823,0.0,35.0,0.0
2,46,-0.05429061084588077,0.0622107969151671,-0.05213612437262823,0.0,35.0,0.0
2,47,-0.05410698983963765,0.06213122781246174,-0.052295262578038924,0.0,35.0,0.0
2,48,-0.054162076141510584,0.06211898641204554,-0.05232586607907944,0.0,35.0,0.0
2,49,-0.054162076141510584,0.06211898641204554,-0.05232586607907944,0.0,35.0,0.0
2,50,-0.05394173093401885,0.06195984820663484,-0.05236871098053617,0.0,35.0,0.0
2,51,-0.05412535194026197,0.062082262210796914,-0.05203207246909046,0.0,35.0,0.0
2,52,-0.05412535194026197,0.062082262210796914,-0.05203207246909046,0.0,35.0,0.0
2,53,-0.05442526625045905,0.06227200391724813,-0.05230750397845514,0.0,35.0,0.0
2,54,-0.053960093034643164,0.06213734851266985,-0.052576814787611705,0.0,35.0,0.0
2,55,-0.0545048353531644,0.062039417309340185,-0.0523993144815767,0.0,35.0,0.0
2,56,-0.0545048353531644,0.062039417309340185,-0.0523993144815767,0.0,35.0,0.0
2,57,-0.054162076141510584,0.06216183131350227,-0.052221814175541684,0.0,35.0,0.0
2,58,-0.05397233443505937,0.06231484881870486,-0.05235646958011997,0.0,35.0,0.0
2,59,-0.05397233443505937,0.06231484881870486,-0.05235646958011997,0.0,35.0,0.0
2,60,-0.05411923124005387,0.0620455380095483,-0.05236871098053617,0.0,35.0,0.0
2,61,-0.05393561023381075,0.062149589913086056,-0.05228302117762272,0.0,35.0,0.0
2,62,-0.05393561023381075,0.062149589913086056,-0.05228302117762272,0.0,35.0,0.0
2,63,-0.054315093646713185,0.061935365405802426,-0.052429917982617216,0.0,35.0,0.0
2,64,-0.054186558942343,0.062180193414126575,-0.05235646958011997,0.0,35.0,0.0
2,65,-0.054186558942343,0.062180193414126575,-0.05235646958011997,0.0,35.0,0.0
2,66,-0.054131472640470066,0.06212510711225364,-0.05225853837679031,0.0,35.0,0.0
2,67,-0.054186558942343,0.062155710613294154,-0.05224017627616599,0.0,35.0,0.0
2,68,-0.054186558942343,0.062437262822866935,-0.05220957277512548,0.0,35.0,0.0
2,69,-0.05422328314359163,0.062437262822866935,-0.05220957277512548,0.0,35.0,0.0
2,70,-0.054155955441302486,0.0618925205043457,-0.052448280083241525,0.0,35.0,0.0
2,71,-0.054198800342759215,0.06200269310809157,-0.052393193781368586,0.0,35.0,0.0
2,72,-0.054198800342759215,0.06200269310809157,-0.052393193781368586,0.0,35.0,0.0
2,73,-0.05414371404088628,0.06213122781246174,-0.052178969274084955,0.0,35.0,0.0
2,74,-0.054302852246296975,0.0622107969151671,-0.052650263190108945,0.0,35.0,0.0
2,75,-0.054302852246296975,0.0622107969151671,-0.052650263190108945,0.0,35.0,0.0
2,76,-0.05422328314359163,0.06210674501162933,-0.0523993144815767,0.0,35.0,0.0
2,77,-0.054217162443383524,0.06213122781246174,-0.0522462969763741,0.0,35.0,0.0
2,78,-0.054217162443383524,0.06213122781246174,-0.0522462969763741,0.0,35.0,0.0
2,79,-0.05407638633859714,0.06186191700330518,-0.05209940017137961,0.0,35.0,0.0
2,80,-0.05424776594442404,0.06216795201371037,-0.05236871098053617,0.0,35.0,0.0
2,81,-0.05424776594442404,0.06216795201371037,-0.05236871098053617,0.0,35.0,0.0
2,82,-0.05446811115191578,0.0618925205043457,-0.05213612437262823,0.0,35.0,0.0
2,83,-0.05414983474109438,0.06230872811849676,-0.05213000367242012,0.0,35.0,0.0
2,84,-0.05392336883339453,0.06198433100746725,-0.05238707308116049,0.0,35.0,0.0
2,85,-0.05392336883339453,0.06198433100746725,-0.05238707308116049,0.0,35.0,0.0
2,86,-0.05421104174317541,0.06188639980413759,-0.05227077977720651,0.0,35.0,0.0
2,87,-0.05429061084588077,0.0620639001101726,-0.05244215938303341,0.0,35.0,0.0
2,88,-0.05429061084588077,0.0620639001101726,-0.05244215938303341,0.0,35.0,0.0
2,89,-0.054058024237972825,0.061978210307259154,-0.052448280083241525,0.0,35.0,0.0
2,90,-0.05409474843922145,0.06218631411433469,-0.05211776227200392,0.0,35.0,0.0
2,91,-0.05409474843922145,0.06218631411433469,-0.05211776227200392,0.0,35.0,0.0
2,92,-0.054131472640470066,0.061941486106010524,-0.05225853837679031,0.0,35.0,0.0
2,93,-0.05413759334067817,0.061935365405802426,-0.05245440078344963,0.0,35.0,0.0
2,94,-0.05413759334067817,0.061935365405802426,-0.05245440078344963,0.0,35.0,0.0
2,95,-0.05429061084588077,0.061910882604970005,-0.05236259028032807,0.0,35.0,0.0
2,96,-0.054186558942343,0.06225976251683193,-0.05242379728240911,0.0,35.0,0.0
2,97,-0.05452931815399682,0.0620577794099645,-0.05233810747949565,0.0,35.0,0.0
2,98,-0.05452931815399682,0.0620577794099645,-0.05233810747949565,0.0,35.0,0.0
2,99,-0.054131472640470066,0.061953727506426734,-0.05230138327824703,0.0,35.0,0.0
3,0,0.04939405067939772,0.07698004651732157,-0.1040274207369323,35.0,35.0,0.0
3,1,0.049045170767535805,0.0768576325131595,-0.10399069653568369,35.0,35.0,0.0
3,2,0.0490390500673277,0.0769922879177378,-0.10405190353776472,35.0,35.0,0.0
3,3,0.0490390500673277,0.0769922879177378,-0.10405190353776472,35.0,35.0,0.0
3,4,0.0492043089729465,0.0769984086179459,-0.10388664463214592,35.0,35.0,0.0
3,5,0.049198188272738405,0.07709021912106745,-0.1041926796425511,35.0,35.0,0.0
3,6,0.049198188272738405,0.07709021912106745,-0.1041926796425511,35.0,35.0,0.0
3,7,0.049130860570449256,0.07707185702044314,-0.10416207614151059,35.0,35.0,0.0
3,8,0.04902680866691149,0.0770228914187783,-0.1038437997306892,35.0,35.0,0.0
3,9,0.04924103317419513,0.07677194271024605,-0.10403354143714041,35.0,35.0,0.0
3,10,0.04924103317419513,0.07677194271024605,-0.10403354143714041,35.0,35.0,0.0
3,11,0.049088015668992534,0.07688823601420003,-0.10398457583547557,35.0,35.0,0.0
3,12,0.04908189496878443,0.07691271881503245,-0.10390500673277023,35.0,35.0,0.0
3,13,0.04908189496878443,0.07691271881503245,-0.10390500673277023,35.0,35.0,0.0
3,14,0.04933284367731668,0.07690659811482434,-0.10399681723589178,35.0,35.0,0.0
3,15,0.04922879177377892,0.0771697882237728,-0.10410086913942955,35.0,35.0,0.0
3,16,0.04922879177377892,0.0771697882237728,-0.10410086913942955,35.0,35.0,0.0
3,17,0.04929611947606806,0.07682702901211899,-0.10409474843922144,35.0,35.0,0.0
3,18,0.04937568857877341,0.0768515118129514,-0.10396009303464315,35.0,35.0,0.0
3,19,0.04937568857877341,0.0768515118129514,-0.10396009303464315,35.0,35.0,0.0
3,20,0.049155343371281676,0.0768515118129514,-0.1038560411311054,35.0,35.0,0.0
3,21,0.0493573264781491,0.07680254621128657,-0.10388664463214592,35.0,35.0,0.0
3,22,0.04898396376545477,0.07704125351940262,-0.10412535194026196,35.0,35.0,0.0
3,23,0.04898396376545477,0.07704125351940262,-0.10412535194026196,35.0,35.0,0.0
3,24,0.049088015668992534,0.07707185702044314,-0.10390500673277023,35.0,35.0,0.0
3,25,0.049216550373362714,0.0771881503243971,-0.10399681723589178,35.0,35.0,0.0
3,26,0.049216550373362714,0.0771881503243971,-0.10399681723589178,35.0,35.0,0.0
3,27,0.0493573264781491,0.07709021912106745,-0.10374586852735952,35.0,35.0,0.0
3,28,0.04893499816378994,0.07693108091565674,-0.10424164524421593,35.0,35.0,0.0
3,29,0.04893499816378994,0.07693108091565674,-0.10424164524421593,35.0,35.0,0.0
3,30,0.04929611947606806,0.07690047741461623,-0.10394173093401886,35.0,35.0,0.0
3,31,0.049155343371281676,0.07693108091565674,-0.10413147264047007,35.0,35.0,0.0
3,32,0.049155343371281676,0.0770106500183621,-0.10403966213734853,35.0,35.0,0.0
3,33,0.049155343371281676,0.0770106500183621,-0.10403966213734853,35.0,35.0,0.0
3,34,0.04909413636920064,0.07690659811482434,-0.10396621373485126,35.0,35.0,0.0
3,35,0.04912473987024116,0.0768453911127433,-0.10381319622964866,35.0,35.0,0.0
3,36,0.04912473987024116,0.0768453911127433,-0.10381319622964866,35.0,35.0,0.0
3,37,0.04948586118251928,0.07688211531399192,-0.10422940384379972,35.0,35.0,0.0
3,38,0.04899620516587098,0.07717590892398091,-0.10407638633859713,35.0,35.0,0.0
3,39,0.04899620516587098,0.07717590892398091,-0.10407638633859713,35.0,35.0,0.0
3,40,0.049173705471905985,0.07727384012731056,-0.10430285224629698,35.0,35.0,0.0
3,41,0.04919206757253029,0.07696168441669728,-0.10383767903048109,35.0,35.0,0.0
3,42,0.04919206757253029,0.07696168441669728,-0.10383767903048109,35.0,35.0,0.0
3,43,0.04948586118251928,0.07713306402252418,-0.1041681968417187,35.0,35.0,0.0
3,44,0.049143101970865466,0.07689435671440813,-0.10378871342881626,35.0,35.0,0.0
3,45,0.049143101970865466,0.07693720161586486,-0.10411311053984576,35.0,35.0,0.0
3,46,0.049326722977108585,0.07693720161586486,-0.10411311053984576,35.0,35.0,0.0
3,47,0.04922879177377892,0.07691271881503245,-0.10412535194026196,35.0,35.0,0.0
3,48,0.04916758477169788,0.07698004651732157,-0.10386828253152161,35.0,35.0,0.0
3,49,0.04916758477169788,0.07698004651732157,-0.10386828253152161,35.0,35.0,0.0
3,50,0.049143101970865466,0.07707185702044314,-0.10412535194026196,35.0,35.0,0.0
3,51,0.049185946872322195,0.07677806341045415,-0.10394785163422696,35.0,35.0,0.0
3,52,0.049185946872322195,0.07677806341045415,-0.10394785163422696,35.0,35.0,0.0
3,53,0.04902068796670339,0.07714530542294037,-0.10400905863630798,35.0,35.0,0.0
3,54,0.049443016281062555,0.07707185702044314,-0.10383767903048109,35.0,35.0,0.0
3,55,0.049443016281062555,0.07707185702044314,-0.10383767903048109,35.0,35.0,0.0
3,56,0.049198188272738405,0.0770167707185702,-0.10391724813318644,35.0,35.0,0.0
3,57,0.04911861917003305,0.07709633982127555,-0.10379483412902438,35.0,35.0,0.0
3,58,0.04911861917003305,0.07709633982127555,-0.10410698983963766,35.0,35.0,0.0
3,59,0.04916758477169788,0.07711470192189987,-0.10410698983963766,35.0,35.0,0.0
3,60,0.04906353286816012,0.07704125351940262,-0.10425388664463216,35.0,35.0,0.0
3,61,0.0490329293671196,0.07714530542294037,-0.10414983474109438,35.0,35.0,0.0
3,62,0.0490329293671196,0.07714530542294037,-0.10414983474109438,35.0,35.0,0.0
3,63,0.04916758477169788,0.07682090831191088,-0.10414983474109438,35.0,35.0,0.0
3,64,0.048916636063165625,0.0766801322071245,-0.1041804382421349,35.0,35.0,0.0
3,65,0.048916636063165625,0.0766801322071245,-0.1041804382421349,35.0,35.0,0.0
3,66,0.04921042967315461,0.07670461500795692,-0.10392336883339455,35.0,35.0,0.0
3,67,0.049173705471905985,0.07693720161586486,-0.10411311053984576,35.0,35.0,0.0
3,68,0.049173705471905985,0.07693720161586486,-0.10411311053984576,35.0,35.0,0.0
3,69,0.04896560166483045,0.07686987391357572,-0.10394173093401886,35.0,35.0,0.0
3,70,0.04930224017627617,0.07683314971232709,-0.10412535194026196,35.0,35.0,0.0
3,71,0.04930224017627617,0.07683314971232709,-0.10412535194026196,35.0,35.0,0.0
3,72,0.04924103317419513,0.0770167707185702,-0.10441914555025096,35.0,35.0,0.0
3,73,0.04924715387440323,0.07712694332231608,-0.1040029379360999,35.0,35.0,0.0
3,74,0.04916146407148978,0.07696168441669728,-0.10411311053984576,35.0,35.0,0.0
3,75,0.04916146407148978,0.07696168441669728,-0.10411311053984576,35.0,35.0,0.0
3,76,0.04925327457461133,0.0768453911127433,-0.10411923124005387,35.0,35.0,0.0
3,77,0.049216550373362714,0.0769984086179459,-0.10377035132819194,35.0,35.0,0.0
3,78,0.049216550373362714,0.0769984086179459,-0.10377035132819194,35.0,35.0,0.0
3,79,0.04926551597502754,0.07670461500795692,-0.10429673154608887,35.0,35.0,0.0
3,80,0.048928877463581835,0.07680866691149467,-0.10427836944546456,35.0,35.0,0.0
3,81,0.048928877463581835,0.07680866691149467,-0.10427836944546456,35.0,35.0,0.0
3,82,0.048879911861917,0.07696780511690537,-0.10430285224629698,35.0,35.0,0.0
3,83,0.04925327457461133,0.07693720161586486,-0.10392336883339455,35.0,35.0,0.0
3,84,0.04925327457461133,0.07693720161586486,-0.10378259272860815,35.0,35.0,0.0
3,85,0.04911249846982495,0.07706573632023503,-0.10378259272860815,35.0,35.0,0.0
3,86,0.049314481576692375,0.07670461500795692,-0.10400905863630798,35.0,35.0,0.0
3,87,0.04916146407148978,0.0770106500183621,-0.10407026563838903,35.0,35.0,0.0
3,88,0.04916146407148978,0.0770106500183621,-0.10407026563838903,35.0,35.0,0.0
3,89,0.049045170767535805,0.07698616721752968,-0.10413147264047007,35.0,35.0,0.0
3,90,0.04912473987024116,0.07690047741461623,-0.10412535194026196,35.0,35.0,0.0
3,91,0.04912473987024116,0.07690047741461623,-0.10412535194026196,35.0,35.0,0.0
3,92,0.04934508507773289,0.07687599461378382,-0.10392336883339455,35.0,35.0,0.0
3,93,0.04925939527481944,0.0768392704125352,-0.10421104174317541,35.0,35.0,0.0
3,94,0.04925939527481944,0.0768392704125352,-0.10421104174317541,35.0,35.0,0.0
3,95,0.049351205777941,0.07723711592606194,-0.10388052393193781,35.0,35.0,0.0
3,96,0.0490390500673277,0.07698004651732157,-0.1038437997306892,35.0,35.0,0.0
3,97,0.0490390500673277,0.07698004651732157,-0.1043334557473375,35.0,35.0,0.0
3,98,0.04924103317419513,0.07691271881503245,-0.1043334557473375,35.0,35.0,0.0
3,99,0.04917982617211409,0.07690659811482434,-0.10391112743297833,35.0,35.0,0.0
