values,,Magnetometer,Magnetometer,Magnetometer,position,position,position
axis,,x,y,z,x,y,z
Sensor,Sample,,,,,,
0,0,-0.06337985065491493,-0.0453360264414249,-0.07660668380462725,0.0,0.0,0.0
0,1,-0.06361243726282287,-0.045011629330395396,-0.0766862529073326,0.0,0.0,0.0
0,2,-0.06361243726282287,-0.04523197453788713,-0.07680254621128657,0.0,0.0,0.0
0,3,-0.06338597135512303,-0.04523197453788713,-0.0766862529073326,0.0,0.0,0.0
0,4,-0.06355735096094993,-0.045170767535806094,-0.0766862529073326,0.0,0.0,0.0
0,5,-0.0635083853592851,-0.04526869873913576,-0.07688823601420003,0.0,0.0,0.0
0,6,-0.06364304076386339,-0.045054474231852125,-0.07692496021544865,0.0,0.0,0.0
0,7,-0.06353286816011752,-0.04512180193414127,-0.07664340800587587,0.0,0.0,0.0
0,8,-0.06336148855429061,-0.04523809523809524,-0.07650263190108948,0.0,0.0,0.0
0,9,-0.06346554045782837,-0.04510956053372506,-0.07677806341045415,0.0,0.0,0.0
0,10,-0.06336148855429061,-0.04514628473497368,-0.07661892520504346,0.0,0.0,0.0
0,11,-0.06337985065491493,-0.04523809523809524,-0.07679030481087037,0.0,0.0,0.0
0,12,-0.06346554045782837,-0.04526869873913576,-0.07672297710858123,0.0,0.0,0.0
0,13,-0.06347166115803647,-0.045342147141633,-0.07687599461378382,0.0,0.0,0.0
0,14,-0.06363079936344718,-0.04521973313747092,-0.07681478761170278,0.0,0.0,0.0
0,15,-0.0634900232586608,-0.04521361243726282,-0.07666177010650019,0.0,0.0,0.0
0,16,-0.06353286816011752,-0.04523809523809524,-0.07679030481087037,0.0,0.0,0.0
0,17,-0.06353286816011752,-0.04523809523809524,-0.07679030481087037,0.0,0.0,0.0
0,18,-0.0634900232586608,-0.045054474231852125,-0.07679642551107847,0.0,0.0,0.0
0,19,-0.06354510956053373,-0.04527481943934386,-0.07664340800587587,0.0,0.0,0.0
0,20,-0.06364304076386339,-0.045397233443505935,-0.07688823601420003,0.0,0.0,0.0
0,21,-0.06339209205533113,-0.0453360264414249,-0.07666789080670829,0.0,0.0,0.0
0,22,-0.06353286816011752,-0.04523809523809524,-0.07673521850899742,0.0,0.0,0.0
0,23,-0.06341045415595545,-0.04523197453788713,-0.07689435671440813,0.0,0.0,0.0
0,24,-0.06325743665075284,-0.04527481943934386,-0.07660056310441915,0.0,0.0,0.0
0,25,-0.06378993756885788,-0.04537887134288163,-0.0768392704125352,0.0,0.0,0.0
0,26,-0.06356347166115803,-0.04537887134288163,-0.07676582201003794,0.0,0.0,0.0
0,27,-0.06336760925449872,-0.04518912963643041,-0.07681478761170278,0.0,0.0,0.0
0,28,-0.06374709266740115,-0.04523197453788713,-0.07677194271024605,0.0,0.0,0.0
0,29,-0.06347166115803647,-0.04521973313747092,-0.07662504590525157,0.0,0.0,0.0
0,30,-0.06347166115803647,-0.04521973313747092,-0.07662504590525157,0.0,0.0,0.0
0,31,-0.06360019586240666,-0.04525033663851145,-0.07687599461378382,0.0,0.0,0.0
0,32,-0.06363692006365528,-0.04525033663851145,-0.07635573509609499,0.0,0.0,0.0
0,33,-0.06362467866323908,-0.044956543028522464,-0.07679030481087037,0.0,0.0,0.0
0,34,-0.06356347166115803,-0.04514628473497368,-0.07674133920920553,0.0,0.0,0.0
0,35,-0.06348390255845268,-0.04520137103684661,-0.07664952870608398,0.0,0.0,0.0
0,36,-0.06352062675970131,-0.04548904394662749,-0.07671685640837311,0.0,0.0,0.0
0,37,-0.06329416085200147,-0.04534826784184111,-0.07670461500795692,0.0,0.0,0.0
0,38,-0.06340433345574734,-0.04520749173705472,-0.0766801322071245,0.0,0.0,0.0
0,39,-0.06341045415595545,-0.04490757742685763,-0.07688211531399192,0.0,0.0,0.0
0,40,-0.06345329905741218,-0.045256457338719545,-0.07675358060962174,0.0,0.0,0.0
0,41,-0.06353286816011752,-0.04534826784184111,-0.07682090831191088,0.0,0.0,0.0
0,42,-0.06353286816011752,-0.04534826784184111,-0.07682090831191088,0.0,0.0,0.0
0,43,-0.0633431264536663,-0.04512792263434937,-0.07676582201003794,0.0,0.0,0.0
0,44,-0.0633370057534582,-0.04536050924225731,-0.07617211408985189,0.0,0.0,0.0
0,45,-0.06341045415595545,-0.04502999143101971,-0.07664952870608398,0.0,0.0,0.0
0,46,-0.0631778675480475,-0.04518912963643041,-0.07683314971232709,0.0,0.0,0.0
0,47,-0.06363692006365528,-0.045085077732892644,-0.07673521850899742,0.0,0.0,0.0
0,48,-0.06330028155220957,-0.04507283633247643,-0.07633125229526258,0.0,0.0,0.0
0,49,-0.06357571306157425,-0.045085077732892644,-0.07661280450483535,0.0,0.0,0.0
0,50,-0.0634900232586608,-0.04513404333455747,-0.07664340800587587,0.0,0.0,0.0
0,51,-0.0633308850532501,-0.044956543028522464,-0.07664952870608398,0.0,0.0,0.0
0,52,-0.0636614028644877,-0.04520137103684661,-0.07606194148610601,0.0,0.0,0.0
0,53,-0.06363692006365528,-0.045342147141633,-0.07617823479005999,0.0,0.0,0.0
0,54,-0.06337985065491493,-0.045152405435181786,-0.07660668380462725,0.0,0.0,0.0
0,55,-0.06347166115803647,-0.045452319745378875,-0.07680866691149467,0.0,0.0,0.0
0,56,-0.0636736442649039,-0.04532378504100869,-0.07660056310441915,0.0,0.0,0.0
0,57,-0.0636736442649039,-0.04532378504100869,-0.07660056310441915,0.0,0.0,0.0
0,58,-0.06341045415595545,-0.044883094626025216,-0.07661280450483535,0.0,0.0,0.0
0,59,-0.06346554045782837,-0.045354388542049213,-0.07677806341045415,0.0,0.0,0.0
0,60,-0.06313502264659077,-0.04525033663851145,-0.07609254498714653,0.0,0.0,0.0
0,61,-0.06352062675970131,-0.04543395764475456,-0.07655771820296242,0.0,0.0,0.0
0,62,-0.06345329905741218,-0.045140164034765576,-0.07649039050067327,0.0,0.0,0.0
0,63,-0.06347778185824458,-0.04510956053372506,-0.07681478761170278,0.0,0.0,0.0
0,64,-0.06328191945158526,-0.045384992043089725,-0.07672297710858123,0.0,0.0,0.0
0,65,-0.06345941975762028,-0.04504223283143592,-0.07638633859713552,0.0,0.0,0.0
0,66,-0.06345941975762028,-0.04536050924225731,-0.07679642551107847,0.0,0.0,0.0
0,67,-0.06358795446199045,-0.04513404333455747,-0.0766801322071245,0.0,0.0,0.0
0,68,-0.06354510956053373,-0.04521361243726282,-0.07677194271024605,0.0,0.0,0.0
0,69,-0.06364304076386339,-0.04540335414371404,-0.07648426980046517,0.0,0.0,0.0
0,70,-0.06355123026074183,-0.045311543640592485,-0.07661892520504346,0.0,0.0,0.0
0,71,-0.06361243726282287,-0.04498102582935488,-0.07688211531399192,0.0,0.0,0.0
0,72,-0.06361243726282287,-0.045023870730811606,-0.07660056310441915,0.0,0.0,0.0
0,73,-0.06335536785408251,-0.045023870730811606,-0.07660056310441915,0.0,0.0,0.0
0,74,-0.06369200636552821,-0.045293181539968176,-0.07682702901211899,0.0,0.0,0.0
0,75,-0.06352674745990941,-0.04525033663851145,-0.07674745990941365,0.0,0.0,0.0
0,76,-0.06341045415595545,-0.045299302240176274,-0.07678418411066226,0.0,0.0,0.0
0,77,-0.06359407516219856,-0.04509119843310075,-0.07680866691149467,0.0,0.0,0.0
0,78,-0.06328191945158526,-0.04504223283143592,-0.07653935610233811,0.0,0.0,0.0
0,79,-0.0634900232586608,-0.04521361243726282,-0.0768453911127433,0.0,0.0,0.0
0,80,-0.06362467866323908,-0.04518912963643041,-0.07683314971232709,0.0,0.0,0.0
0,81,-0.06345329905741218,-0.045225853837679034,-0.07664340800587587,0.0,0.0,0.0
0,82,-0.06342881625657976,-0.045354388542049213,-0.07674745990941365,0.0,0.0,0.0
0,83,-0.06347778185824458,-0.04521973313747092,-0.07682090831191088,0.0,0.0,0.0
0,84,-0.06342269555637164,-0.04509119843310075,-0.07612926918839516,0.0,0.0,0.0
0,85,-0.06342269555637164,-0.04509119843310075,-0.07612926918839516,0.0,0.0,0.0
0,86,-0.06335536785408251,-0.04519525033663851,-0.07675970130982984,0.0,0.0,0.0
0,87,-0.06341657485616355,-0.045085077732892644,-0.0768453911127433,0.0,0.0,0.0
0,88,-0.06361855796303098,-0.04547068184600318,-0.07661892520504346,0.0,0.0,0.0
0,89,-0.06349614395886889,-0.0453299057412168,-0.07663728730566777,0.0,0.0,0.0
0,90,-0.063502264659077,-0.04519525033663851,-0.07655771820296242,0.0,0.0,0.0
0,91,-0.06337372995470682,-0.04531766434080059,-0.07690047741461623,0.0,0.0,0.0
0,92,-0.06341657485616355,-0.04504223283143592,-0.07688823601420003,0.0,0.0,0.0
0,93,-0.0633431264536663,-0.04509731913330885,-0.07673521850899742,0.0,0.0,0.0
0,94,-0.06361855796303098,-0.04523197453788713,-0.0768392704125352,0.0,0.0,0.0
0,95,-0.06360631656261476,-0.045170767535806094,-0.07691883951524055,0.0,0.0,0.0
0,96,-0.06353898886032562,-0.04520137103684661,-0.07690047741461623,0.0,0.0,0.0
0,97,-0.06352674745990941,-0.04498102582935488,-0.0768453911127433,0.0,0.0,0.0
0,98,-0.0633308850532501,-0.04512180193414127,-0.0766740115069164,0.0,0.0,0.0
0,99,-0.06347166115803647,-0.045299302240176274,-0.07672909780878932,0.0,0.0,0.0
1,0,0.03704247765944424,-0.04225119353654058,-0.04916146407148978,35.0,0.0,0.0
1,1,0.03721385726527115,-0.04226343493695679,-0.04917982617211409,35.0,0.0,0.0
1,2,0.037275064267352186,-0.04247153874403232,-0.049100257069408744,35.0,0.0,0.0
1,3,0.03708532256090097,-0.04217162443383523,-0.04899620516587098,35.0,0.0,0.0
1,4,0.03701187415840372,-0.04225119353654058,-0.048947239564206144,35.0,0.0,0.0
1,5,0.03695678785653079,-0.04210429673154609,-0.049100257069408744,35.0,0.0,0.0
1,6,0.037017994858611826,-0.0421287795323785,-0.049045170767535805,35.0,0.0,0.0
1,7,0.03706696046027665,-0.042159383033419026,-0.04928999877585996,35.0,0.0,0.0
1,8,0.03710980536173338,-0.04226955563716489,-0.0492043089729465,35.0,0.0,0.0
1,9,0.03699351205777941,-0.042159383033419026,-0.04912473987024116,35.0,0.0,0.0
1,10,0.03699351205777941,-0.041920675725302975,-0.0487085322560901,35.0,0.0,0.0
1,11,0.03705471905986045,-0.041920675725302975,-0.0487085322560901,35.0,0.0,0.0
1,12,0.03731790916880891,-0.04251438364548905,-0.04899620516587098,35.0,0.0,0.0
1,13,0.03718937446443873,-0.04192679642551107,-0.049088015668992534,35.0,0.0,0.0
1,14,0.03699351205777941,-0.042049210429673155,-0.04922879177377892,35.0,0.0,0.0
1,15,0.036877218753825436,-0.04211041743175419,-0.04911861917003305,35.0,0.0,0.0
1,16,0.037146529562982006,-0.04217162443383523,-0.04910637776961684,35.0,0.0,0.0
1,17,0.03722609866568736,-0.04223895213612437,-0.048928877463581835,35.0,0.0,0.0
1,18,0.037134288162565796,-0.0422817970375811,-0.049057412167952015,35.0,0.0,0.0
1,19,0.03717101236381442,-0.04235524544007834,-0.04916146407148978,35.0,0.0,0.0
1,20,0.0372995470681846,-0.042159383033419026,-0.049216550373362714,35.0,0.0,0.0
1,21,0.03696902925694699,-0.04209817603133799,-0.04916758477169788,35.0,0.0,0.0
1,22,0.03710980536173338,-0.04234912473987024,-0.04914922267107357,35.0,0.0,0.0
1,23,0.03702411555881993,-0.04236748684049455,-0.04884318766066838,35.0,0.0,0.0
1,24,0.03703635695923614,-0.04221446933529196,-0.049014567266495286,35.0,0.0,0.0
1,25,0.037060839760068555,-0.04209817603133799,-0.04907577426857633,35.0,0.0,0.0
1,26,0.03723221936589546,-0.04221446933529196,-0.04928999877585996,35.0,0.0,0.0
1,27,0.03719549516464683,-0.04211041743175419,-0.04958379238584894,35.0,0.0,0.0
1,28,0.03719549516464683,-0.04211041743175419,-0.04958379238584894,35.0,0.0,0.0
1,29,0.036950667156322684,-0.042189986534459545,-0.049155343371281676,35.0,0.0,0.0
1,30,0.036920063655282165,-0.04225731423674868,-0.04911249846982495,35.0,0.0,0.0
1,31,0.03712816746235769,-0.042177745134043335,-0.04909413636920064,35.0,0.0,0.0
1,32,0.03707920186069286,-0.04225119353654058,-0.04916146407148978,35.0,0.0,0.0
1,33,0.03709144326110907,-0.04234912473987024,-0.048886032562125106,35.0,0.0,0.0
1,34,0.03726894356714408,-0.04189619292447056,-0.049143101970865466,35.0,0.0,0.0
1,35,0.037005753458195616,-0.042294038437997304,-0.048898273962541317,35.0,0.0,0.0
1,36,0.03711592606194149,-0.04222671073570817,-0.04919206757253029,35.0,0.0,0.0
1,37,0.037158770963398216,-0.042428693842575596,-0.04916146407148978,35.0,0.0,0.0
1,38,0.03703023625902803,-0.04198188272738401,-0.04922267107357082,35.0,0.0,0.0
1,39,0.036950667156322684,-0.042177745134043335,-0.04898396376545477,35.0,0.0,0.0
1,40,0.036950667156322684,-0.042165503733627124,-0.04914922267107357,35.0,0.0,0.0
1,41,0.037048598359652345,-0.042165503733627124,-0.04914922267107357,35.0,0.0,0.0
1,42,0.037177133064022524,-0.04214102093279471,-0.04911249846982495,35.0,0.0,0.0
1,43,0.037048598359652345,-0.04224507283633248,-0.04925327457461133,35.0,0.0,0.0
1,44,0.037017994858611826,-0.04209205533112988,-0.048959480964622354,35.0,0.0,0.0
1,45,0.03723221936589546,-0.042153262333210914,-0.048971722365038564,35.0,0.0,0.0
1,46,0.03710980536173338,-0.042404211041743176,-0.04923491247398702,35.0,0.0,0.0
1,47,0.03731790916880891,-0.04231240053862162,-0.04909413636920064,35.0,0.0,0.0
1,48,0.036975149957155104,-0.042189986534459545,-0.04925327457461133,35.0,0.0,0.0
1,49,0.03702411555881993,-0.0421165381319623,-0.0492043089729465,35.0,0.0,0.0
1,50,0.03693842575590647,-0.04209817603133799,-0.049130860570449256,35.0,0.0,0.0
1,51,0.03699351205777941,-0.04234300403966214,-0.04921042967315461,35.0,0.0,0.0
1,52,0.03733015056922512,-0.0421287795323785,-0.04925327457461133,35.0,0.0,0.0
1,53,0.037060839760068555,-0.04236136614028645,-0.0490390500673277,35.0,0.0,0.0
1,54,0.037152650263190104,-0.04232464193903783,-0.0490329293671196,35.0,0.0,0.0
1,55,0.03733015056922512,-0.04225119353654058,-0.049198188272738405,35.0,0.0,0.0
1,56,0.03723834006610356,-0.04231852123882972,-0.04914922267107357,35.0,0.0,0.0
1,57,0.03734239196964133,-0.04225119353654058,-0.04914922267107357,35.0,0.0,0.0
1,58,0.03734239196964133,-0.04226343493695679,-0.04924103317419513,35.0,0.0,0.0
1,59,0.037005753458195616,-0.04226343493695679,-0.04924103317419513,35.0,0.0,0.0
1,60,0.03705471905986045,-0.04241645244215938,-0.04928999877585996,35.0,0.0,0.0
1,61,0.037017994858611826,-0.042434814542783694,-0.0493573264781491,35.0,0.0,0.0
1,62,0.037152650263190104,-0.042306279838413514,-0.04914922267107357,35.0,0.0,0.0
1,63,0.036907822254865955,-0.042306279838413514,-0.04916146407148978,35.0,0.0,0.0
1,64,0.03723834006610356,-0.04235524544007834,-0.04930836087648427,35.0,0.0,0.0
1,65,0.03711592606194149,-0.0424409352429918,-0.04943689558085445,35.0,0.0,0.0
1,66,0.03693842575590647,-0.04237360754070266,-0.04927775737544375,35.0,0.0,0.0
1,67,0.03723834006610356,-0.04241645244215938,-0.04925939527481944,35.0,0.0,0.0
1,68,0.03719549516464683,-0.04246541804382421,-0.04922879177377892,35.0,0.0,0.0
1,69,0.037146529562982006,-0.042177745134043335,-0.04924715387440323,35.0,0.0,0.0
1,70,0.03709144326110907,-0.04223895213612437,-0.04917982617211409,35.0,0.0,0.0
1,71,0.037158770963398216,-0.042379728240910755,-0.049326722977108585,35.0,0.0,0.0
1,72,0.03712816746235769,-0.04235524544007834,-0.04914922267107357,35.0,0.0,0.0
1,73,0.03721385726527115,-0.042165503733627124,-0.049130860570449256,35.0,0.0,0.0
1,74,0.03703023625902803,-0.0422817970375811,-0.049130860570449256,35.0,0.0,0.0
1,75,0.03726282286693598,-0.04209205533112988,-0.0490329293671196,35.0,0.0,0.0
1,76,0.03707308116048476,-0.04233688333945403,-0.049155343371281676,35.0,0.0,0.0
1,77,0.03707308116048476,-0.04233688333945403,-0.049155343371281676,35.0,0.0,0.0
1,78,0.037134288162565796,-0.042177745134043335,-0.04914922267107357,35.0,0.0,0.0
1,79,0.03718937446443873,-0.042294038437997304,-0.0490390500673277,35.0,0.0,0.0
1,80,0.03710980536173338,-0.04226343493695679,-0.04924715387440323,35.0,0.0,0.0
1,81,0.03723834006610356,-0.04237360754070266,-0.04916146407148978,35.0,0.0,0.0
1,82,0.0371404088627739,-0.042275676337372996,-0.049198188272738405,35.0,0.0,0.0
1,83,0.03695678785653079,-0.04226955563716489,-0.049045170767535805,35.0,0.0,0.0
1,84,0.03696290855673889,-0.042428693842575596,-0.04906353286816012,35.0,0.0,0.0
1,85,0.036932305055698375,-0.041890072224262456,-0.04922879177377892,35.0,0.0,0.0
1,86,0.03709144326110907,-0.04245929734361611,-0.048971722365038564,35.0,0.0,0.0
1,87,0.037134288162565796,-0.042049210429673155,-0.049088015668992534,35.0,0.0,0.0
1,88,0.0371404088627739,-0.04226343493695679,-0.048947239564206144,35.0,0.0,0.0
1,89,0.036975149957155104,-0.04233076263924593,-0.04923491247398702,35.0,0.0,0.0
1,90,0.03705471905986045,-0.04192679642551107,-0.04911861917003305,35.0,0.0,0.0
1,91,0.03705471905986045,-0.04239809034153507,-0.048959480964622354,35.0,0.0,0.0
1,92,0.037060839760068555,-0.04239809034153507,-0.048959480964622354,35.0,0.0,0.0
1,93,0.037017994858611826,-0.04226343493695679,-0.04891051536295753,35.0,0.0,0.0
1,94,0.03705471905986045,-0.042287917737789206,-0.04891051536295753,35.0,0.0,0.0
1,95,0.03721997796547925,-0.04235524544007834,-0.04914922267107357,35.0,0.0,0.0
1,96,0.037152650263190104,-0.04209205533112988,-0.04919206757253029,35.0,0.0,0.0
1,97,0.03708532256090097,-0.04214102093279471,-0.04916758477169788,35.0,0.0,0.0
1,98,0.03733627126943322,-0.04235524544007834,-0.04929611947606806,35.0,0.0,0.0
1,99,0.03734239196964133,-0.04190231362467866,-0.04906965356836822,35.0,0.0,0.0
2,0,-0.04433223160729587,0.05635940751621985,-0.046137838168686496,0.0,35.0,0.0
2,1,-0.04419145550250948,0.056536907822254866,-0.045752234055575956,0.0,35.0,0.0
2,2,-0.04444852491124985,0.056292079813930716,-0.04578283755661648,0.0,35.0,0.0
2,3,-0.044271024605214836,0.05633492471538744,-0.04618680377035132,0.0,35.0,0.0
2,4,-0.04434447300771208,0.05623087281184967,-0.045899130860570445,0.0,35.0,0.0
2,5,-0.044399559309585016,0.05618802791039294,-0.04578895825682458,0.0,35.0,0.0
2,6,-0.04416697270167707,0.056194148610601055,-0.046039906965356835,0.0,35.0,0.0
2,7,-0.04423430040396621,0.05620026931080916,-0.045880768759946136,0.0,35.0,0.0
2,8,-0.04414861060105276,0.05664708042600074,-0.046033786265148736,0.0,35.0,0.0
2,9,-0.0443750765087526,0.05602888970498225,-0.04583792385848941,0.0,35.0,0.0
2,10,-0.04445464561145795,0.05648794222059004,-0.045813441057656994,0.0,35.0,0.0
2,11,-0.044173093401885175,0.05641449381809279,-0.04588688946015424,0.0,35.0,0.0
2,12,-0.044271024605214836,0.05635328681601175,-0.04618680377035132,0.0,35.0,0.0
2,13,-0.04438119720896071,0.05633492471538744,-0.04585628595911372,0.0,35.0,0.0
2,14,-0.04409352429917983,0.05620639001101726,-0.04585628595911372,0.0,35.0,0.0
2,15,-0.044185334802301385,0.05615742440935243,-0.04585628595911372,0.0,35.0,0.0
2,16,-0.04419145550250948,0.056365528216427964,-0.04602766556494063,0.0,35.0,0.0
2,17,-0.04419145550250948,0.056365528216427964,-0.045825682458073204,0.0,35.0,0.0
2,18,-0.04443628351083364,0.05631044191455502,-0.045825682458073204,0.0,35.0,0.0
2,19,-0.04447300771208226,0.056077855306647086,-0.04576447545599217,0.0,35.0,0.0
2,20,-0.04414861060105276,0.05640225241767658,-0.04591749296119476,0.0,35.0,0.0
2,21,-0.04438119720896071,0.05626147631289019,-0.04594809646223528,0.0,35.0,0.0
2,22,-0.044301628106255354,0.05624923491247399,-0.0459725792630677,0.0,35.0,0.0
2,23,-0.04431999020687967,0.05609621740727139,-0.046137838168686496,0.0,35.0,0.0
2,24,-0.044185334802301385,0.05612682090831191,-0.04580119965724079,0.0,35.0,0.0
2,25,-0.044173093401885175,0.05623087281184967,-0.04604602766556494,0.0,35.0,0.0
2,26,-0.04435671440812829,0.05620026931080916,-0.04583792385848941,0.0,35.0,0.0
2,27,-0.044283266005631046,0.056071734606438974,-0.046039906965356835,0.0,35.0,0.0
2,28,-0.04429550740604725,0.05620639001101726,-0.04586240665932183,0.0,35.0,0.0
2,29,-0.04444852491124985,0.056426735218508994,-0.04590525156077856,0.0,35.0,0.0
2,30,-0.044289386705839144,0.05637164891663606,-0.04584404455869752,0.0,35.0,0.0
2,31,-0.044289386705839144,0.05637164891663606,-0.04584404455869752,0.0,35.0,0.0
2,32,-0.04434447300771208,0.056181907210184845,-0.04570938915411923,0.0,35.0,0.0
2,33,-0.04409352429917983,0.056524666421838655,-0.04570326845391113,0.0,35.0,0.0
2,34,-0.044399559309585016,0.05646958011996572,-0.045672664952870604,0.0,35.0,0.0
2,35,-0.04411800710001224,0.05612682090831191,-0.045893010160362346,0.0,35.0,0.0
2,36,-0.0443750765087526,0.05647570082017382,-0.04569102705349492,0.0,35.0,0.0
2,37,-0.04424042110417432,0.056463459419757625,-0.04583792385848941,0.0,35.0,0.0
2,38,-0.04413636920063656,0.05639001101726038,-0.045697147753703024,0.0,35.0,0.0
2,39,-0.04433223160729587,0.05640225241767658,-0.04573387195495164,0.0,35.0,0.0
2,40,-0.044417921410209324,0.05605337250581467,-0.0459848206634839,0.0,35.0,0.0
2,41,-0.044417921410209324,0.05620026931080916,-0.045911372260986655,0.0,35.0,0.0
2,42,-0.04433835230750398,0.05633492471538744,-0.045911372260986655,0.0,35.0,0.0
2,43,-0.044283266005631046,0.05620026931080916,-0.045611457950789566,0.0,35.0,0.0
2,44,-0.044099644999387934,0.05630432121434692,-0.045954217162443384,0.0,35.0,0.0
2,45,-0.044099644999387934,0.05629820051413882,-0.0458195617578651,0.0,35.0,0.0
2,46,-0.04435671440812829,0.05629820051413882,-0.0458195617578651,0.0,35.0,0.0
2,47,-0.04430774880646346,0.056438976618925205,-0.045623699351205776,0.0,35.0,0.0
2,48,-0.0442098176031338,0.05603501040519036,-0.045923613661402865,0.0,35.0,0.0
2,49,-0.04433223160729587,0.0562675970130983,-0.04586240665932183,0.0,35.0,0.0
2,50,-0.04466274941853348,0.05637164891663606,-0.045911372260986655,0.0,35.0,0.0
2,51,-0.04438119720896071,0.055998286203941726,-0.04573999265515975,0.0,35.0,0.0
2,52,-0.04406904149834741,0.05616966580976864,-0.04591749296119476,0.0,35.0,0.0
2,53,-0.04419145550250948,0.055998286203941726,-0.04602766556494063,0.0,35.0,0.0
2,54,-0.04445464561145795,0.05633492471538744,-0.04583180315828131,0.0,35.0,0.0
2,55,-0.04416085200146897,0.05662259762516832,-0.04557473374954095,0.0,35.0,0.0
2,56,-0.04433835230750398,0.05618802791039294,-0.045795078957032685,0.0,35.0,0.0
2,57,-0.04450361121312278,0.05605337250581467,-0.04572163055453544,0.0,35.0,0.0
2,58,-0.04407516219855551,0.0561145795078957,-0.04560533725058147,0.0,35.0,0.0
2,59,-0.04420369690292569,0.056279838413514506,-0.04585016525890562,0.0,35.0,0.0
2,60,-0.04433835230750398,0.0562737177133064,-0.04578895825682458,0.0,35.0,0.0
2,61,-0.04426490390500673,0.05580242379728241,-0.0459848206634839,0.0,35.0,0.0
2,62,-0.04426490390500673,0.05580242379728241,-0.04576447545599217,0.0,35.0,0.0
2,63,-0.04412412780022035,0.05605949320602277,-0.04576447545599217,0.0,35.0,0.0
2,64,-0.044173093401885175,0.05635940751621985,-0.04586240665932183,0.0,35.0,0.0
2,65,-0.044283266005631046,0.05615742440935243,-0.045611457950789566,0.0,35.0,0.0
2,66,-0.04423430040396621,0.056463459419757625,-0.04561757865099768,0.0,35.0,0.0
2,67,-0.044301628106255354,0.05589423430040397,-0.04611947606806219,0.0,35.0,0.0
2,68,-0.044154731301260866,0.05645121801934141,-0.04599706206390011,0.0,35.0,0.0
2,69,-0.0442098176031338,0.05634104541559555,-0.04586852735952993,0.0,35.0,0.0
2,70,-0.04423430040396621,0.056396131717468476,-0.04564206145183009,0.0,35.0,0.0
2,71,-0.044173093401885175,0.0562675970130983,-0.045752234055575956,0.0,35.0,0.0
2,72,-0.04430774880646346,0.056279838413514506,-0.04615620026931081,0.0,35.0,0.0
2,73,-0.044154731301260866,0.056432855918717106,-0.04592973436161097,0.0,35.0,0.0
2,74,-0.0442159383033419,0.0562737177133064,-0.04588688946015424,0.0,35.0,0.0
2,75,-0.04402007589668258,0.05644509731913331,-0.04580119965724079,0.0,35.0,0.0
2,76,-0.04423430040396621,0.056292079813930716,-0.04580119965724079,0.0,35.0,0.0
2,77,-0.04438119720896071,0.05634716611580365,-0.04621740727139185,0.0,35.0,0.0
2,78,-0.04426490390500673,0.05626147631289019,-0.045911372260986655,0.0,35.0,0.0
2,79,-0.04435671440812829,0.05645733871954952,-0.04584404455869752,0.0,35.0,0.0
2,80,-0.04435671440812829,0.05489043946627494,-0.045623699351205776,0.0,35.0,0.0
2,81,-0.043971110295017754,0.055979924103317424,-0.045623699351205776,0.0,35.0,0.0
2,82,-0.04438119720896071,0.05661035622475211,-0.045941975762027173,0.0,35.0,0.0
2,83,-0.04425878320479863,0.0561145795078957,-0.04586240665932183,0.0,35.0,0.0
2,84,-0.04414861060105276,0.05635940751621985,-0.045525768147876115,0.0,35.0,0.0
2,85,-0.04440568000979312,0.05629820051413882,-0.045825682458073204,0.0,35.0,0.0
2,86,-0.04411188639980414,0.05626147631289019,-0.04578283755661648,0.0,35.0,0.0
2,87,-0.04427714530542294,0.05626147631289019,-0.04593585506181907,0.0,35.0,0.0
2,88,-0.04425878320479863,0.05615742440935243,-0.045672664952870604,0.0,35.0,0.0
2,89,-0.04416085200146897,0.05626147631289019,-0.04561757865099768,0.0,35.0,0.0
2,90,-0.044430162810625534,0.05645733871954952,-0.04573999265515975,0.0,35.0,0.0
2,91,-0.044271024605214836,0.05649406292079814,-0.04571550985432733,0.0,35.0,0.0
2,92,-0.044197576202717595,0.05640837311788469,-0.04576447545599217,0.0,35.0,0.0
2,93,-0.04409352429917983,0.056145183008936214,-0.04585628595911372,0.0,35.0,0.0
2,94,-0.04431999020687967,0.05641449381809279,-0.046021544864732526,0.0,35.0,0.0
2,95,-0.04417921410209328,0.0562737177133064,-0.045623699351205776,0.0,35.0,0.0
2,96,-0.044087403598971724,0.05648794222059004,-0.045678785653078716,0.0,35.0,0.0
2,97,-0.04438119720896071,0.05634716611580365,-0.046052148365773045,0.0,35.0,0.0
2,98,-0.04438119720896071,0.05634716611580365,-0.046052148365773045,0.0,35.0,0.0
2,99,-0.044301628106255354,0.05640225241767658,-0.04547680254621129,0.0,35.0,0.0
3,0,0.03604480352552332,0.0704247765944424,-0.09411188639980414,35.0,35.0,0.0
3,1,0.03608764842698005,0.0704308972946505,-0.09392214469335292,35.0,35.0,0.0
3,2,0.035965234422817974,0.07048598359652344,-0.09400783449626637,35.0,35.0,0.0
3,3,0.036124372628228665,0.07054719059860448,-0.09387317909168809,35.0,35.0,0.0
3,4,0.03594075162198555,0.0704247765944424,-0.09409352429917983,35.0,35.0,0.0
3,5,0.03577549271636675,0.07064512180193414,-0.09402007589668257,35.0,35.0,0.0
3,6,0.03615497612926919,0.07040029379360999,-0.09400171379605828,35.0,35.0,0.0
3,7,0.03611825192802057,0.07061451830089363,-0.09400171379605828,35.0,35.0,0.0
3,8,0.03583057901823969,0.07052882849798017,-0.0940568000979312,35.0,35.0,0.0
3,9,0.03609988982739625,0.07063900110172604,-0.09406904149834741,35.0,35.0,0.0
3,10,0.036038682825315214,0.07065124250214225,-0.09400171379605828,35.0,35.0,0.0
3,11,0.035904027420736936,0.07078589790672053,-0.09395274819439345,35.0,35.0,0.0
3,12,0.03608764842698005,0.07028400048965602,-0.09402619659689068,35.0,35.0,0.0
3,13,0.036191700330517815,0.07035132819194516,-0.09395886889460155,35.0,35.0,0.0
3,14,0.03594075162198555,0.07070020810380707,-0.09392826539356103,35.0,35.0,0.0
3,15,0.03600195862406659,0.07056555269922879,-0.09402007589668257,35.0,35.0,0.0
3,16,0.03597135512302607,0.0707369323050557,-0.09398335169543395,35.0,35.0,0.0
3,17,0.03586118251928021,0.0707369323050557,-0.0938915411923124,35.0,35.0,0.0
3,18,0.03586118251928021,0.07063900110172604,-0.0942098176031338,35.0,35.0,0.0
3,19,0.03597135512302607,0.07079813930713673,-0.09394662749418534,35.0,35.0,0.0
3,20,0.035995837923858486,0.07079813930713673,-0.09412412780022035,35.0,35.0,0.0
3,21,0.03620394173093402,0.07044313869506671,-0.09412412780022035,35.0,35.0,0.0
3,22,0.0361733382298935,0.07068796670339086,-0.0940506793977231,35.0,35.0,0.0
3,23,0.036124372628228665,0.07067572530297465,-0.09393438609376913,35.0,35.0,0.0
3,24,0.03598359652344228,0.07054719059860448,-0.09425266250459052,35.0,35.0,0.0
3,25,0.035897906720528824,0.07049210429673156,-0.09408128289876362,35.0,35.0,0.0
3,26,0.03600195862406659,0.07049822499693965,-0.09393438609376913,35.0,35.0,0.0
3,27,0.035910148120945035,0.07065124250214225,-0.09435059370792018,35.0,35.0,0.0
3,28,0.03586118251928021,0.07069408740359898,-0.09377524788835842,35.0,35.0,0.0
3,29,0.03591626882115314,0.07046762149589914,-0.09367731668502877,35.0,35.0,0.0
3,30,0.036020320724690906,0.07068184600318277,-0.09395886889460155,35.0,35.0,0.0
3,31,0.036020320724690906,0.07068184600318277,-0.09395886889460155,35.0,35.0,0.0
3,32,0.035904027420736936,0.0707308116048476,-0.09387317909168809,35.0,35.0,0.0
3,33,0.03622842453176643,0.07059615620026931,-0.09417309340188518,35.0,35.0,0.0
3,34,0.03607540702656384,0.07070632880401519,-0.09390990329293672,35.0,35.0,0.0
3,35,0.03613049332843678,0.07049822499693965,-0.09411800710001225,35.0,35.0,0.0
3,36,0.035848941118864,0.0704370179948586,-0.09402007589668257,35.0,35.0,0.0
3,37,0.03611213122781246,0.07063900110172604,-0.09395886889460155,35.0,35.0,0.0
3,38,0.03594075162198555,0.07068796670339086,-0.09407516219855552,35.0,35.0,0.0
3,39,0.036020320724690906,0.0706022769004774,-0.09408740359897172,35.0,35.0,0.0
3,40,0.035952993022401764,0.07064512180193414,-0.09396498959480964,35.0,35.0,0.0
3,41,0.036179458930101605,0.07049210429673156,-0.0940506793977231,35.0,35.0,0.0
3,42,0.0358550618190721,0.0706022769004774,-0.09403843799730689,35.0,35.0,0.0
3,43,0.036124372628228665,0.07077977720651243,-0.09401395519647447,35.0,35.0,0.0
3,44,0.036032562125107116,0.07039417309340189,-0.09409964499938793,35.0,35.0,0.0
3,45,0.03616109682947729,0.07055331129881258,-0.09390378259272861,35.0,35.0,0.0
3,46,0.03594687232219366,0.07060839760068552,-0.0937140408862774,35.0,35.0,0.0
3,47,0.03594687232219366,0.07060839760068552,-0.09406904149834741,35.0,35.0,0.0
3,48,0.035781613416574855,0.07059003550006121,-0.09406904149834741,35.0,35.0,0.0
3,49,0.03607540702656384,0.07077365650630432,-0.09425878320479862,35.0,35.0,0.0
3,50,0.03604480352552332,0.0707369323050557,-0.09401395519647447,35.0,35.0,0.0
3,51,0.03605704492593953,0.0707430530052638,-0.09414861060105276,35.0,35.0,0.0
3,52,0.03597135512302607,0.07029624189007222,-0.09444852491124985,35.0,35.0,0.0
3,53,0.035848941118864,0.07054106989839638,-0.09416697270167708,35.0,35.0,0.0
3,54,0.0358550618190721,0.07065736320235036,-0.09412412780022035,35.0,35.0,0.0
3,55,0.03607540702656384,0.0704247765944424,-0.09428326600563104,35.0,35.0,0.0
3,56,0.03591626882115314,0.07071857020443138,-0.09414248990084466,35.0,35.0,0.0
3,57,0.03615497612926919,0.07083486350838536,-0.0941975762027176,35.0,35.0,0.0
3,58,0.036032562125107116,0.0705839147998531,-0.09398947239564207,35.0,35.0,0.0
3,59,0.03597135512302607,0.07077977720651243,-0.09415473130126087,35.0,35.0,0.0
3,60,0.03625290733259885,0.0705716733994369,-0.0940568000979312,35.0,35.0,0.0
3,61,0.036008079324274696,0.07065124250214225,-0.09432611090708777,35.0,35.0,0.0
3,62,0.03583669971844779,0.0704064144938181,-0.09432611090708777,35.0,35.0,0.0
3,63,0.035965234422817974,0.07052882849798017,-0.09386093769127188,35.0,35.0,0.0
3,64,0.03594075162198555,0.07055331129881258,-0.09416697270167708,35.0,35.0,0.0
3,65,0.03594075162198555,0.070577794099645,-0.09413636920063655,35.0,35.0,0.0
3,66,0.03602644142489901,0.07052882849798017,-0.09411800710001225,35.0,35.0,0.0
3,67,0.03608152772677194,0.07052882849798017,-0.09385481699106378,35.0,35.0,0.0
3,68,0.036350838535928506,0.07062063900110173,-0.09407516219855552,35.0,35.0,0.0
3,69,0.036032562125107116,0.07050434569714775,-0.09407516219855552,35.0,35.0,0.0
3,70,0.035793854816991065,0.07054106989839638,-0.09413636920063655,35.0,35.0,0.0
3,71,0.036038682825315214,0.07052882849798017,-0.09401395519647447,35.0,35.0,0.0
3,72,0.03636307993634472,0.0704247765944424,-0.09399559309585016,35.0,35.0,0.0
3,73,0.03608764842698005,0.07048598359652344,-0.09387317909168809,35.0,35.0,0.0
3,74,0.03606316562614763,0.07038193169298568,-0.09404455869751499,35.0,35.0,0.0
3,75,0.036032562125107116,0.07054106989839638,-0.09398947239564207,35.0,35.0,0.0
3,76,0.03611213122781246,0.070577794099645,-0.09402007589668257,35.0,35.0,0.0
3,77,0.03604480352552332,0.07044925939527483,-0.0940506793977231,35.0,35.0,0.0
3,78,0.036038682825315214,0.07040029379360999,-0.09392826539356103,35.0,35.0,0.0
3,79,0.03627126943322316,0.07070020810380707,-0.09414248990084466,35.0,35.0,0.0
3,80,0.035891786020320726,0.07038193169298568,-0.09397111029501774,35.0,35.0,0.0
3,81,0.03572040641449382,0.07056555269922879,-0.09408128289876362,35.0,35.0,0.0
3,82,0.036038682825315214,0.07048598359652344,-0.09398947239564207,35.0,35.0,0.0
3,83,0.03610601052760436,0.07055331129881258,-0.09417309340188518,35.0,35.0,0.0
3,84,0.03610601052760436,0.07083486350838536,-0.09411188639980414,35.0,35.0,0.0
3,85,0.03609988982739625,0.07083486350838536,-0.09411188639980414,35.0,35.0,0.0
3,86,0.03624678663239074,0.07063900110172604,-0.09395274819439345,35.0,35.0,0.0
3,87,0.036050924225731425,0.070577794099645,-0.09382421349002326,35.0,35.0,0.0
3,88,0.03606928632635574,0.07068796670339086,-0.09393438609376913,35.0,35.0,0.0
3,89,0.036020320724690906,0.07059615620026931,-0.09402007589668257,35.0,35.0,0.0
3,90,0.03608764842698005,0.0707491737054719,-0.09404455869751499,35.0,35.0,0.0
3,91,0.03611825192802057,0.07056555269922879,-0.09400171379605828,35.0,35.0,0.0
3,92,0.035952993022401764,0.07049822499693965,-0.09429550740604725,35.0,35.0,0.0
3,93,0.03613049332843678,0.07051046639735585,-0.09433223160729588,35.0,35.0,0.0
3,94,0.03598359652344228,0.07032684539111275,-0.09408740359897172,35.0,35.0,0.0
3,95,0.035781613416574855,0.07060839760068552,-0.09463214591749296,35.0,35.0,0.0
3,96,0.03598971722365039,0.07059003550006121,-0.09425878320479862,35.0,35.0,0.0
3,97,0.03606316562614763,0.07084098420859346,-0.09413636920063655,35.0,35.0,0.0
3,98,0.035995837923858486,0.07054719059860448,-0.09412412780022035,35.0,35.0,0.0
3,99,0.0358428204186559,0.07085934630921778,-0.0938915411923124,35.0,35.0,0.0
