values,,Magnetometer,Magnetometer,Magnetometer,position,position,position
axis,,x,y,z,x,y,z
Sensor,Sample,,,,,,
0,0,-0.05859346309217774,-0.046021544864732526,-0.07212021055208716,0.0,0.0,0.0
0,1,-0.05889949810258294,-0.046168441669727014,-0.07208348635083853,0.0,0.0,0.0
0,2,-0.05889949810258294,-0.046168441669727014,-0.07208348635083853,0.0,0.0,0.0
0,3,-0.0585200146896805,-0.04596033786265148,-0.07227322805728975,0.0,0.0,0.0
0,4,-0.05871587709633982,-0.04599706206390011,-0.07208960705104664,0.0,0.0,0.0
0,5,-0.05871587709633982,-0.04599706206390011,-0.07208960705104664,0.0,0.0,0.0
0,6,-0.05866691149467499,-0.04583180315828131,-0.07196719304688456,0.0,0.0,0.0
0,7,-0.05861182519280206,-0.046180683070143225,-0.07167339943689557,0.0,0.0,0.0
0,8,-0.05861182519280206,-0.046180683070143225,-0.07167339943689557,0.0,0.0,0.0
0,9,-0.058832170400293794,-0.0458195617578651,-0.07207124495042233,0.0,0.0,0.0
0,10,-0.05874035989717223,-0.045966458562859594,-0.0720100379483413,0.0,0.0,0.0
0,11,-0.058801566899253276,-0.0459786999632758,-0.0722059003550006,0.0,0.0,0.0
0,12,-0.058801566899253276,-0.0459786999632758,-0.0722059003550006,0.0,0.0,0.0
0,13,-0.05886889460154242,-0.045623699351205776,-0.07226710735708165,0.0,0.0,0.0
0,14,-0.05861182519280206,-0.046033786265148736,-0.0723405557595789,0.0,0.0,0.0
0,15,-0.05861182519280206,-0.046033786265148736,-0.0723405557595789,0.0,0.0,0.0
0,16,-0.058587342391969645,-0.04600318276410821,-0.07226710735708165,0.0,0.0,0.0
0,17,-0.05876484269800465,-0.04611335536785408,-0.0721814175541682,0.0,0.0,0.0
0,18,-0.05876484269800465,-0.04611335536785408,-0.0721814175541682,0.0,0.0,0.0
0,19,-0.058844411800710004,-0.04587464805973803,-0.0721997796547925,0.0,0.0,0.0
0,20,-0.05860570449259396,-0.04607051046639736,-0.07229771085812217,0.0,0.0,0.0
0,21,-0.05860570449259396,-0.04607051046639736,-0.07229771085812217,0.0,0.0,0.0
0,22,-0.05871587709633982,-0.045678785653078716,-0.07210184845146285,0.0,0.0,0.0
0,23,-0.05858122169176154,-0.046192924470559435,-0.07221202105520871,0.0,0.0,0.0
0,24,-0.05858122169176154,-0.046192924470559435,-0.07221202105520871,0.0,0.0,0.0
0,25,-0.05873423919696413,-0.046082751866813564,-0.07221814175541683,0.0,0.0,0.0
0,26,-0.05870975639613172,-0.046021544864732526,-0.07177133064022524,0.0,0.0,0.0
0,27,-0.05870975639613172,-0.046021544864732526,-0.07177133064022524,0.0,0.0,0.0
0,28,-0.05859958379238585,-0.04570326845391113,-0.07209572775125475,0.0,0.0,0.0
0,29,-0.05863630799363447,-0.0459725792630677,-0.07218753825437631,0.0,0.0,0.0
0,30,-0.05877708409842086,-0.0459786999632758,-0.07240788346186804,0.0,0.0,0.0
0,31,-0.05877708409842086,-0.0459786999632758,-0.07240788346186804,0.0,0.0,0.0
0,32,-0.05900967070632881,-0.045880768759946136,-0.0721814175541682,0.0,0.0,0.0
0,33,-0.05875872199779655,-0.04586240665932183,-0.07205288284979802,0.0,0.0,0.0
0,34,-0.05875872199779655,-0.04586240665932183,-0.07205288284979802,0.0,0.0,0.0
0,35,-0.058648549394050675,-0.0459786999632758,-0.07207736565063043,0.0,0.0,0.0
0,36,-0.05882604970008569,-0.04601542416452442,-0.0720345207491737,0.0,0.0,0.0
0,37,-0.05882604970008569,-0.04601542416452442,-0.0720345207491737,0.0,0.0,0.0
0,38,-0.058948463704247764,-0.04600930346431632,-0.07214469335291958,0.0,0.0,0.0
0,39,-0.0585261353898886,-0.04588688946015424,-0.07218753825437631,0.0,0.0,0.0
0,40,-0.0585261353898886,-0.04588688946015424,-0.07218753825437631,0.0,0.0,0.0
0,41,-0.058685273595299306,-0.046039906965356835,-0.07245684906353286,0.0,0.0,0.0
0,42,-0.0586975149957155,-0.04572775125474354,-0.07214469335291958,0.0,0.0,0.0
0,43,-0.0586975149957155,-0.04572775125474354,-0.07214469335291958,0.0,0.0,0.0
0,44,-0.05845268698739135,-0.046021544864732526,-0.07211408985187906,0.0,0.0,0.0
0,45,-0.05875872199779655,-0.046033786265148736,-0.07189986534459543,0.0,0.0,0.0
0,46,-0.05875872199779655,-0.046033786265148736,-0.07189986534459543,0.0,0.0,0.0
0,47,-0.05875260129758845,-0.04602766556494063,-0.07221814175541683,0.0,0.0,0.0
0,48,-0.058507773289264285,-0.04586240665932183,-0.07216917615375198,0.0,0.0,0.0
0,49,-0.058507773289264285,-0.04586240665932183,-0.07216917615375198,0.0,0.0,0.0
0,50,-0.05864242869384258,-0.04585016525890562,-0.07207736565063043,0.0,0.0,0.0
0,51,-0.058544497490512916,-0.04585016525890562,-0.07205288284979802,0.0,0.0,0.0
0,52,-0.058728118496756035,-0.046039906965356835,-0.0713796058269066,0.0,0.0,0.0
0,53,-0.05877708409842086,-0.045672664952870604,-0.07180193414126576,0.0,0.0,0.0
0,54,-0.05878320479862896,-0.04624189007222426,-0.07225486595666544,0.0,0.0,0.0
0,55,-0.05872199779654792,-0.04610111396743787,-0.07213857265271148,0.0,0.0,0.0
0,56,-0.05861794589301016,-0.045893010160362346,-0.07224262455624923,0.0,0.0,0.0
0,57,-0.05859958379238585,-0.04593585506181907,-0.07191822744521972,0.0,0.0,0.0
0,58,-0.058648549394050675,-0.04584404455869752,-0.0721752968539601,0.0,0.0,0.0
0,59,-0.058703635695923614,-0.046168441669727014,-0.07215081405312768,0.0,0.0,0.0
0,60,-0.05856285959113723,-0.045807320357448895,-0.07206512425021423,0.0,0.0,0.0
0,61,-0.058648549394050675,-0.04621128657118374,-0.07233443505937079,0.0,0.0,0.0
0,62,-0.058507773289264285,-0.04586240665932183,-0.07196719304688456,0.0,0.0,0.0
0,63,-0.058507773289264285,-0.04586240665932183,-0.07196719304688456,0.0,0.0,0.0
0,64,-0.058703635695923614,-0.046052148365773045,-0.07199167584771697,0.0,0.0,0.0
0,65,-0.058746480597380336,-0.045899130860570445,-0.0721814175541682,0.0,0.0,0.0
0,66,-0.05883829110050189,-0.0459725792630677,-0.0721936589545844,0.0,0.0,0.0
0,67,-0.05873423919696413,-0.045825682458073204,-0.07223650385604113,0.0,0.0,0.0
0,68,-0.05870975639613172,-0.04576447545599217,-0.0717101236381442,0.0,0.0,0.0
0,69,-0.058446566287183255,-0.04606438976618925,-0.07182029624189007,0.0,0.0,0.0
0,70,-0.05883829110050189,-0.04600930346431632,-0.07166115803647938,0.0,0.0,0.0
0,71,-0.05863630799363447,-0.0456604235524544,-0.07206512425021423,0.0,0.0,0.0
0,72,-0.058685273595299306,-0.045880768759946136,-0.07214469335291958,0.0,0.0,0.0
0,73,-0.05858122169176154,-0.04611335536785408,-0.07184477904272249,0.0,0.0,0.0
0,74,-0.05866691149467499,-0.04572775125474354,-0.07178969274084955,0.0,0.0,0.0
0,75,-0.05856285959113723,-0.046137838168686496,-0.07227322805728975,0.0,0.0,0.0
0,76,-0.05866691149467499,-0.04599094136369201,-0.07175908923980903,0.0,0.0,0.0
0,77,-0.05861182519280206,-0.045893010160362346,-0.07215693475333577,0.0,0.0,0.0
0,78,-0.05861182519280206,-0.045893010160362346,-0.07215693475333577,0.0,0.0,0.0
0,79,-0.05895458440445587,-0.04583180315828131,-0.07194883094626026,0.0,0.0,0.0
0,80,-0.05857510099155343,-0.0459848206634839,-0.0720222793487575,0.0,0.0,0.0
0,81,-0.05844044558697516,-0.045795078957032685,-0.07197943444730077,0.0,0.0,0.0
0,82,-0.05874035989717223,-0.046033786265148736,-0.07196719304688456,0.0,0.0,0.0
0,83,-0.05885053250091811,-0.045795078957032685,-0.07148977843065246,0.0,0.0,0.0
0,84,-0.058832170400293794,-0.04617456236993512,-0.07216305545354389,0.0,0.0,0.0
0,85,-0.05881992899987759,-0.045954217162443384,-0.0720345207491737,0.0,0.0,0.0
0,86,-0.058685273595299306,-0.04586240665932183,-0.07191822744521972,0.0,0.0,0.0
0,87,-0.05856285959113723,-0.04601542416452442,-0.07212633125229526,0.0,0.0,0.0
0,88,-0.05874035989717223,-0.045654302852246295,-0.07207736565063043,0.0,0.0,0.0
0,89,-0.058728118496756035,-0.045752234055575956,-0.0721997796547925,0.0,0.0,0.0
0,90,-0.058587342391969645,-0.04602766556494063,-0.07216305545354389,0.0,0.0,0.0
0,91,-0.05885665320112621,-0.04583792385848941,-0.07224874525645733,0.0,0.0,0.0
0,92,-0.05861182519280206,-0.0459786999632758,-0.07213245195250337,0.0,0.0,0.0
0,93,-0.05871587709633982,-0.04570326845391113,-0.07194271024605214,0.0,0.0,0.0
0,94,-0.05862406659321826,-0.04601542416452442,-0.07201615864854939,0.0,0.0,0.0
0,95,-0.05856285959113723,-0.0456604235524544,-0.07199779654792508,0.0,0.0,0.0
0,96,-0.05856285959113723,-0.0456604235524544,-0.07199779654792508,0.0,0.0,0.0
0,97,-0.05886889460154242,-0.04572163055453544,-0.07215081405312768,0.0,0.0,0.0
0,98,-0.058630187293426374,-0.04578895825682458,-0.07209572775125475,0.0,0.0,0.0
0,99,-0.05859958379238585,-0.045825682458073204,-0.07167339943689557,0.0,0.0,0.0
1,0,0.03235402130003672,-0.04088627739013343,-0.04030481087036357,35.0,0.0,0.0
1,1,0.03235402130003672,-0.04085567388909291,-0.04012118986412046,35.0,0.0,0.0
1,2,0.03232953849920431,-0.04085567388909291,-0.04012118986412046,35.0,0.0,0.0
1,3,0.032378504100869135,-0.0409964499938793,-0.040151793365160976,35.0,0.0,0.0
1,4,0.03228057289753948,-0.041192312400538625,-0.040151793365160976,35.0,0.0,0.0
1,5,0.03228057289753948,-0.041192312400538625,-0.040151793365160976,35.0,0.0,0.0
1,6,0.0324825560044069,-0.04122291590157914,-0.04009670706328804,35.0,0.0,0.0
1,7,0.03228057289753948,-0.04104541559554413,-0.04023136246786632,35.0,0.0,0.0
1,8,0.03228057289753948,-0.04104541559554413,-0.04023136246786632,35.0,0.0,0.0
1,9,0.032433590402742074,-0.041149467499081896,-0.040310931570571674,35.0,0.0,0.0
1,10,0.03231117639858,-0.04120455380095483,-0.040151793365160976,35.0,0.0,0.0
1,11,0.03231117639858,-0.04120455380095483,-0.040151793365160976,35.0,0.0,0.0
1,12,0.03252540090586363,-0.04115558819929,-0.040151793365160976,35.0,0.0,0.0
1,13,0.03245195250336638,-0.041094381197208964,-0.03999265515975027,35.0,0.0,0.0
1,14,0.03245195250336638,-0.04118619170033051,-0.040451707675358065,35.0,0.0,0.0
1,15,0.032390745501285345,-0.04118619170033051,-0.040451707675358065,35.0,0.0,0.0
1,16,0.032286693597747586,-0.04129636430407639,-0.04024360386828253,35.0,0.0,0.0
1,17,0.032390745501285345,-0.04098420859346309,-0.04012731056432856,35.0,0.0,0.0
1,18,0.032390745501285345,-0.04098420859346309,-0.04012731056432856,35.0,0.0,0.0
1,19,0.03224384869629086,-0.04117395029991431,-0.04021300036724201,35.0,0.0,0.0
1,20,0.03246419390378259,-0.04121067450116293,-0.04000489656016648,35.0,0.0,0.0
1,21,0.03246419390378259,-0.04121067450116293,-0.04000489656016648,35.0,0.0,0.0
1,22,0.03222548659566654,-0.04119843310074672,-0.04021300036724201,35.0,0.0,0.0
1,23,0.032292814297955684,-0.04097196719304688,-0.04012731056432856,35.0,0.0,0.0
1,24,0.032292814297955684,-0.04097196719304688,-0.04012731056432856,35.0,0.0,0.0
1,25,0.03219488309462602,-0.041180071000122415,-0.04024972456849064,35.0,0.0,0.0
1,26,0.03252540090586363,-0.04094748439221447,-0.04013343126453666,35.0,0.0,0.0
1,27,0.03252540090586363,-0.04094748439221447,-0.03994981025829355,35.0,0.0,0.0
1,28,0.03245807320357449,-0.04111886399804138,-0.03994981025829355,35.0,0.0,0.0
1,29,0.03235402130003672,-0.04115558819929,-0.04017627616599339,35.0,0.0,0.0
1,30,0.03240910760190966,-0.041124984698249475,-0.0401885175664096,35.0,0.0,0.0
1,31,0.03240910760190966,-0.041124984698249475,-0.0401885175664096,35.0,0.0,0.0
1,32,0.03234790059982862,-0.04134532990574122,-0.04037825927286082,35.0,0.0,0.0
1,33,0.032378504100869135,-0.041278002203452076,-0.04031705227077978,35.0,0.0,0.0
1,34,0.032378504100869135,-0.041278002203452076,-0.04031705227077978,35.0,0.0,0.0
1,35,0.03233565919941241,-0.04119843310074672,-0.04024360386828253,35.0,0.0,0.0
1,36,0.03228057289753948,-0.0411617088994981,-0.040568000979312034,35.0,0.0,0.0
1,37,0.03228057289753948,-0.0411617088994981,-0.040568000979312034,35.0,0.0,0.0
1,38,0.03235402130003672,-0.04108826049700086,-0.04009058636307994,35.0,0.0,0.0
1,39,0.03233565919941241,-0.041308605704492594,-0.03998041375933407,35.0,0.0,0.0
1,40,0.03231117639858,-0.04133308850532501,-0.04044558697514995,35.0,0.0,0.0
1,41,0.03231117639858,-0.04133308850532501,-0.04044558697514995,35.0,0.0,0.0
1,42,0.03236626270045293,-0.041180071000122415,-0.04030481087036357,35.0,0.0,0.0
1,43,0.03231117639858,-0.041192312400538625,-0.04037213857265271,35.0,0.0,0.0
1,44,0.03231117639858,-0.041192312400538625,-0.04037213857265271,35.0,0.0,0.0
1,45,0.03239686620149345,-0.04117395029991431,-0.04028644876973926,35.0,0.0,0.0
1,46,0.03229893499816379,-0.04093524299179826,-0.04021300036724201,35.0,0.0,0.0
1,47,0.03229893499816379,-0.04093524299179826,-0.04021300036724201,35.0,0.0,0.0
1,48,0.032286693597747586,-0.04110050189741706,-0.04017627616599339,35.0,0.0,0.0
1,49,0.032133676092544985,-0.0413269678051169,-0.04012118986412046,35.0,0.0,0.0
1,50,0.032133676092544985,-0.0413269678051169,-0.04012118986412046,35.0,0.0,0.0
1,51,0.03234177989962052,-0.04152895091198433,-0.040182396866201495,35.0,0.0,0.0
1,52,0.032286693597747586,-0.04097808789325499,-0.04028032806953115,35.0,0.0,0.0
1,53,0.03241522830211776,-0.041278002203452076,-0.04007222426245562,35.0,0.0,0.0
1,54,0.03245807320357449,-0.04125351940261966,-0.04032929367119599,35.0,0.0,0.0
1,55,0.03224384869629086,-0.04115558819929,-0.04021912106745011,35.0,0.0,0.0
1,56,0.03240910760190966,-0.041020932794711716,-0.04012118986412046,35.0,0.0,0.0
1,57,0.03245195250336638,-0.04110662259762517,-0.039913086057044925,35.0,0.0,0.0
1,58,0.03232341779899621,-0.04122291590157914,-0.040298690170155464,35.0,0.0,0.0
1,59,0.032574366507528464,-0.04122291590157914,-0.0403598971722365,35.0,0.0,0.0
1,60,0.03220712449504223,-0.04110662259762517,-0.040439466274941854,35.0,0.0,0.0
1,61,0.032390745501285345,-0.04111274329783327,-0.04020687966703391,35.0,0.0,0.0
1,62,0.032274452197331376,-0.040953605092422574,-0.04007222426245562,35.0,0.0,0.0
1,63,0.0323172970987881,-0.041492226710735707,-0.04013343126453666,35.0,0.0,0.0
1,64,0.03259272860815277,-0.041278002203452076,-0.04009058636307994,35.0,0.0,0.0
1,65,0.03249479740482311,-0.04108826049700086,-0.04007222426245562,35.0,0.0,0.0
1,66,0.032390745501285345,-0.041265760803035866,-0.04023136246786632,35.0,0.0,0.0
1,67,0.03234790059982862,-0.0411617088994981,-0.04021300036724201,35.0,0.0,0.0
1,68,0.03241522830211776,-0.041351450605949316,-0.04017627616599339,35.0,0.0,0.0
1,69,0.03245195250336638,-0.04105765699596034,-0.04020687966703391,35.0,0.0,0.0
1,70,0.03221936589545844,-0.04094748439221447,-0.040255845268698735,35.0,0.0,0.0
1,71,0.032145917492961196,-0.04118619170033051,-0.04037825927286082,35.0,0.0,0.0
1,72,0.0323172970987881,-0.04110662259762517,-0.04032929367119599,35.0,0.0,0.0
1,73,0.03258660790794467,-0.04106989839637655,-0.040066103562247525,35.0,0.0,0.0
1,74,0.03258660790794467,-0.04106989839637655,-0.04023136246786632,35.0,0.0,0.0
1,75,0.032390745501285345,-0.041137226098665686,-0.04023136246786632,35.0,0.0,0.0
1,76,0.03236626270045293,-0.04115558819929,-0.040139551964744766,35.0,0.0,0.0
1,77,0.032274452197331376,-0.04108826049700086,-0.040035500061207,35.0,0.0,0.0
1,78,0.03226833149712327,-0.04107601909658465,-0.04014567266495287,35.0,0.0,0.0
1,79,0.03235402130003672,-0.040923001591382055,-0.04059860448035255,35.0,0.0,0.0
1,80,0.032390745501285345,-0.041565675113232954,-0.04039050067327703,35.0,0.0,0.0
1,81,0.03239686620149345,-0.041094381197208964,-0.0401946382666177,35.0,0.0,0.0
1,82,0.032292814297955684,-0.0413147264047007,-0.040164034765577186,35.0,0.0,0.0
1,83,0.032292814297955684,-0.04122903660178724,-0.04017627616599339,35.0,0.0,0.0
1,84,0.032421349002325864,-0.04146162320969519,-0.040170155465785284,35.0,0.0,0.0
1,85,0.03234790059982862,-0.041137226098665686,-0.040268086669114946,35.0,0.0,0.0
1,86,0.0323172970987881,-0.040965846492838784,-0.040427224874525644,35.0,0.0,0.0
1,87,0.03246419390378259,-0.0414799853103195,-0.04040274207369323,35.0,0.0,0.0
1,88,0.03235402130003672,-0.04115558819929,-0.0402007589668258,35.0,0.0,0.0
1,89,0.03246419390378259,-0.041192312400538625,-0.040011017260374586,35.0,0.0,0.0
1,90,0.032305055698371894,-0.04108826049700086,-0.04036601787244461,35.0,0.0,0.0
1,91,0.032378504100869135,-0.04119843310074672,-0.04010894846370425,35.0,0.0,0.0
1,92,0.03233565919941241,-0.041149467499081896,-0.0402007589668258,35.0,0.0,0.0
1,93,0.03251315950544743,-0.041351450605949316,-0.040396621373485125,35.0,0.0,0.0
1,94,0.03235402130003672,-0.04121067450116293,-0.04011506916391235,35.0,0.0,0.0
1,95,0.032360142000244826,-0.040892398090341536,-0.04040274207369323,35.0,0.0,0.0
1,96,0.032360142000244826,-0.040892398090341536,-0.04040274207369323,35.0,0.0,0.0
1,97,0.03226221079691517,-0.04128412290366018,-0.04023136246786632,35.0,0.0,0.0
1,98,0.032378504100869135,-0.041137226098665686,-0.04040274207369323,35.0,0.0,0.0
1,99,0.03220712449504223,-0.04122903660178724,-0.040298690170155464,35.0,0.0,0.0
2,0,-0.049198188272738405,0.05457216305545355,-0.051511812951401635,0.0,35.0,0.0
2,1,-0.04922879177377892,0.05471905986044804,-0.05137715754682336,0.0,35.0,0.0
2,2,-0.04922879177377892,0.05471905986044804,-0.05137715754682336,0.0,35.0,0.0
2,3,-0.04930836087648427,0.054455869751499575,-0.0516036234545232,0.0,35.0,0.0
2,4,-0.04921042967315461,0.05454155955441302,-0.0512914677439099,0.0,35.0,0.0
2,5,-0.04921042967315461,0.05454155955441302,-0.0512914677439099,0.0,35.0,0.0
2,6,-0.049400171379605826,0.05422940384379973,-0.051193536540580245,0.0,35.0,0.0
2,7,-0.04922879177377892,0.05459052515607785,-0.05142612314848819,0.0,35.0,0.0
2,8,-0.04922879177377892,0.05459052515607785,-0.05142612314848819,0.0,35.0,0.0
2,9,-0.049412412780022036,0.05474354266128045,-0.0512914677439099,0.0,35.0,0.0
2,10,-0.04925327457461133,0.05432733504712939,-0.05133431264536663,0.0,35.0,0.0
2,11,-0.04925327457461133,0.05432733504712939,-0.05133431264536663,0.0,35.0,0.0
2,12,-0.049216550373362714,0.05452931815399682,-0.051438364548904394,0.0,35.0,0.0
2,13,-0.04917982617211409,0.05446199045170767,-0.051236381442036974,0.0,35.0,0.0
2,14,-0.04917982617211409,0.05446199045170767,-0.0511323295384992,0.0,35.0,0.0
2,15,-0.04924715387440323,0.054345697147753703,-0.0511323295384992,0.0,35.0,0.0
2,16,-0.04911249846982495,0.05432733504712939,-0.051352674745990944,0.0,35.0,0.0
2,17,-0.049424654180438246,0.05426612804504836,-0.05165870975639612,0.0,35.0,0.0
2,18,-0.049424654180438246,0.05426612804504836,-0.05165870975639612,0.0,35.0,0.0
2,19,-0.04925327457461133,0.05478638756273718,-0.05122414004162076,0.0,35.0,0.0
2,20,-0.04916146407148978,0.05429673154608887,-0.051591382054106995,0.0,35.0,0.0
2,21,-0.04916146407148978,0.05429673154608887,-0.051591382054106995,0.0,35.0,0.0
2,22,-0.04965112008813809,0.05436405924837802,-0.051065001836210065,0.0,35.0,0.0
2,23,-0.049326722977108585,0.054443628351083365,-0.05138939894723956,0.0,35.0,0.0
2,24,-0.049326722977108585,0.054443628351083365,-0.05138939894723956,0.0,35.0,0.0
2,25,-0.04922879177377892,0.05443138695066716,-0.051352674745990944,0.0,35.0,0.0
2,26,-0.04902068796670339,0.05446199045170767,-0.05134043334557473,0.0,35.0,0.0
2,27,-0.04902068796670339,0.05446199045170767,-0.05134043334557473,0.0,35.0,0.0
2,28,-0.0495103439833517,0.05451095605337251,-0.051511812951401635,0.0,35.0,0.0
2,29,-0.04936956787856531,0.054174317541926795,-0.051236381442036974,0.0,35.0,0.0
2,30,-0.04936956787856531,0.054474231852123876,-0.05134043334557473,0.0,35.0,0.0
2,31,-0.04936956787856531,0.054474231852123876,-0.05134043334557473,0.0,35.0,0.0
2,32,-0.04925939527481944,0.05448035255233199,-0.0516036234545232,0.0,35.0,0.0
2,33,-0.049185946872322195,0.05444974905129146,-0.051266984943077486,0.0,35.0,0.0
2,34,-0.049185946872322195,0.05444974905129146,-0.051266984943077486,0.0,35.0,0.0
2,35,-0.04922879177377892,0.05449259395274819,-0.051371036846615245,0.0,35.0,0.0
2,36,-0.04939405067939772,0.05452319745378872,-0.0517566409597258,0.0,35.0,0.0
2,37,-0.04939405067939772,0.05452319745378872,-0.0517566409597258,0.0,35.0,0.0
2,38,-0.049130860570449256,0.054400783449626636,-0.051450605949320605,0.0,35.0,0.0
2,39,-0.04912473987024116,0.054455869751499575,-0.0517627616599339,0.0,35.0,0.0
2,40,-0.04912473987024116,0.054455869751499575,-0.0517627616599339,0.0,35.0,0.0
2,41,-0.04929611947606806,0.054443628351083365,-0.05104051903537765,0.0,35.0,0.0
2,42,-0.04940629207981393,0.054070265638389035,-0.05121801934141266,0.0,35.0,0.0
2,43,-0.04946749908189497,0.054517076753580605,-0.051511812951401635,0.0,35.0,0.0
2,44,-0.04946749908189497,0.054517076753580605,-0.051511812951401635,0.0,35.0,0.0
2,45,-0.04929611947606806,0.05427836944546456,-0.051309829844534215,0.0,35.0,0.0
2,46,-0.04911249846982495,0.05446199045170767,-0.051413881748071974,0.0,35.0,0.0
2,47,-0.04911249846982495,0.05446199045170767,-0.051413881748071974,0.0,35.0,0.0
2,48,-0.04948586118251928,0.054455869751499575,-0.051395519647447666,0.0,35.0,0.0
2,49,-0.04943689558085445,0.05446199045170767,-0.05131595054474232,0.0,35.0,0.0
2,50,-0.04943689558085445,0.05446199045170767,-0.05131595054474232,0.0,35.0,0.0
2,51,-0.04939405067939772,0.054155955441302486,-0.05149957155098543,0.0,35.0,0.0
2,52,-0.049271636675235646,0.05439466274941853,-0.05098543273350471,0.0,35.0,0.0
2,53,-0.0490390500673277,0.054260007344840246,-0.051352674745990944,0.0,35.0,0.0
2,54,-0.04922879177377892,0.05436405924837802,-0.05149957155098543,0.0,35.0,0.0
2,55,-0.04928999877585996,0.05426612804504836,-0.05184233076263924,0.0,35.0,0.0
2,56,-0.04930836087648427,0.054657852858366995,-0.05143224384869629,0.0,35.0,0.0
2,57,-0.049430774880646344,0.05452931815399682,-0.05136491614640715,0.0,35.0,0.0
2,58,-0.04916758477169788,0.0545048353531644,-0.05118129514016403,0.0,35.0,0.0
2,59,-0.0492043089729465,0.05458440445586975,-0.051438364548904394,0.0,35.0,0.0
2,60,-0.049155343371281676,0.05443750765087526,-0.05153629575223405,0.0,35.0,0.0
2,61,-0.04908189496878443,0.0543518178479618,-0.051450605949320605,0.0,35.0,0.0
2,62,-0.0492043089729465,0.05444974905129146,-0.051438364548904394,0.0,35.0,0.0
2,63,-0.04956543028522463,0.054663973558575094,-0.051236381442036974,0.0,35.0,0.0
2,64,-0.0490329293671196,0.05427836944546456,-0.05154241645244216,0.0,35.0,0.0
2,65,-0.04934508507773289,0.054596645856285965,-0.05167095115681234,0.0,35.0,0.0
2,66,-0.04911249846982495,0.05437017994858612,-0.05158526135389888,0.0,35.0,0.0
2,67,-0.049088015668992534,0.054517076753580605,-0.05122414004162076,0.0,35.0,0.0
2,68,-0.04937568857877341,0.054694577059615626,-0.05143224384869629,0.0,35.0,0.0
2,69,-0.049283878075651856,0.05422328314359163,-0.05168319255722855,0.0,35.0,0.0
2,70,-0.0492043089729465,0.05452319745378872,-0.0512792263434937,0.0,35.0,0.0
2,71,-0.04933284367731668,0.054260007344840246,-0.051750520259517686,0.0,35.0,0.0
2,72,-0.04933284367731668,0.05425388664463214,-0.05154241645244216,0.0,35.0,0.0
2,73,-0.049443016281062555,0.05425388664463214,-0.05154241645244216,0.0,35.0,0.0
2,74,-0.04917982617211409,0.054400783449626636,-0.051169053739747825,0.0,35.0,0.0
2,75,-0.04966336148855429,0.05459052515607785,-0.05142612314848819,0.0,35.0,0.0
2,76,-0.04927775737544375,0.05430897294650509,-0.051156812339331614,0.0,35.0,0.0
2,77,-0.049443016281062555,0.05413759334067817,-0.05138327824703146,0.0,35.0,0.0
2,78,-0.049412412780022036,0.05468233565919941,-0.05144448524911251,0.0,35.0,0.0
2,79,-0.04923491247398702,0.05430897294650509,-0.05117517443995593,0.0,35.0,0.0
2,80,-0.04932060227690048,0.05459052515607785,-0.05118741584037214,0.0,35.0,0.0
2,81,-0.049143101970865466,0.05446811115191578,-0.051352674745990944,0.0,35.0,0.0
2,82,-0.049198188272738405,0.05437017994858612,-0.051548537152650266,0.0,35.0,0.0
2,83,-0.0492043089729465,0.054419145550250944,-0.051205777940996455,0.0,35.0,0.0
2,84,-0.049418533480230134,0.05428449014567267,-0.05156689925327458,0.0,35.0,0.0
2,85,-0.0492043089729465,0.0543395764475456,-0.05184233076263924,0.0,35.0,0.0
2,86,-0.04934508507773289,0.05443138695066716,-0.051413881748071974,0.0,35.0,0.0
2,87,-0.04936956787856531,0.05448035255233199,-0.05157914065369078,0.0,35.0,0.0
2,88,-0.04929611947606806,0.05440690414983475,-0.051413881748071974,0.0,35.0,0.0
2,89,-0.049002325866079076,0.05443138695066716,-0.05140164034765578,0.0,35.0,0.0
2,90,-0.04927775737544375,0.05458440445586975,-0.05125474354266128,0.0,35.0,0.0
2,91,-0.049185946872322195,0.05439466274941853,-0.05107724323662627,0.0,35.0,0.0
2,92,-0.04925939527481944,0.05438854204921043,-0.05152405435181785,0.0,35.0,0.0
2,93,-0.04925939527481944,0.05438854204921043,-0.05152405435181785,0.0,35.0,0.0
2,94,-0.04927775737544375,0.05456604235524544,-0.05125474354266128,0.0,35.0,0.0
2,95,-0.04933896437752479,0.054357938548169914,-0.051450605949320605,0.0,35.0,0.0
2,96,-0.04922879177377892,0.05428449014567267,-0.05125474354266128,0.0,35.0,0.0
2,97,-0.049283878075651856,0.05489656016648305,-0.05124250214224507,0.0,35.0,0.0
2,98,-0.04933284367731668,0.0543518178479618,-0.0511139674378749,0.0,35.0,0.0
2,99,-0.04922267107357082,0.054517076753580605,-0.051205777940996455,0.0,35.0,0.0
3,0,0.04181662382176521,0.06792753090953604,-0.10426612804504835,35.0,35.0,0.0
3,1,0.04174317541926796,0.06802546211286571,-0.10410698983963766,35.0,35.0,0.0
3,2,0.04173705471905986,0.06782347900599829,-0.10430285224629698,35.0,35.0,0.0
3,3,0.04173705471905986,0.06782347900599829,-0.10430285224629698,35.0,35.0,0.0
3,4,0.04173705471905986,0.0681784796180683,-0.10452931815399683,35.0,35.0,0.0
3,5,0.04185946872322194,0.06812951401640348,-0.1038437997306892,35.0,35.0,0.0
3,6,0.04185946872322194,0.06812951401640348,-0.1038437997306892,35.0,35.0,0.0
3,7,0.04194515852613539,0.06807442771453054,-0.10441302485004285,35.0,35.0,0.0
3,8,0.042018606928632636,0.06798261721140898,-0.10428449014567268,35.0,35.0,0.0
3,9,0.042018606928632636,0.06798261721140898,-0.10428449014567268,35.0,35.0,0.0
3,10,0.04200024482800833,0.06775615130370914,-0.10438242134900233,35.0,35.0,0.0
3,11,0.04176765822010038,0.0681539968172359,-0.10435181784796181,35.0,35.0,0.0
3,12,0.04176765822010038,0.0681539968172359,-0.10435181784796181,35.0,35.0,0.0
3,13,0.04185334802301383,0.06792753090953604,-0.10429061084588076,35.0,35.0,0.0
3,14,0.04194515852613539,0.06811727261598727,-0.10421104174317541,35.0,35.0,0.0
3,15,0.04185946872322194,0.06807442771453054,-0.1041681968417187,35.0,35.0,0.0
3,16,0.04185946872322194,0.06807442771453054,-0.1041681968417187,35.0,35.0,0.0
3,17,0.041908434324886765,0.0678418411066226,-0.10446811115191579,35.0,35.0,0.0
3,18,0.042018606928632636,0.06825192802056555,-0.10422940384379972,35.0,35.0,0.0
3,19,0.042018606928632636,0.06825192802056555,-0.10422940384379972,35.0,35.0,0.0
3,20,0.04181662382176521,0.06792753090953604,-0.10446811115191579,35.0,35.0,0.0
3,21,0.04157791651364916,0.06780511690537397,-0.10431509364671318,35.0,35.0,0.0
3,22,0.04157791651364916,0.06780511690537397,-0.10431509364671318,35.0,35.0,0.0
3,23,0.042006365528216426,0.06790304810870364,-0.10437017994858613,35.0,35.0,0.0
3,24,0.041963520626759704,0.06793977230995227,-0.10416207614151059,35.0,35.0,0.0
3,25,0.041963520626759704,0.06793977230995227,-0.10416207614151059,35.0,35.0,0.0
3,26,0.04173093401885176,0.06806830701432244,-0.10450483535316439,35.0,35.0,0.0
3,27,0.041920675725302975,0.06804994491369812,-0.10411311053984576,35.0,35.0,0.0
3,28,0.04171257191822745,0.0681784796180683,-0.10435793854816991,35.0,35.0,0.0
3,29,0.04171257191822745,0.0681784796180683,-0.10435793854816991,35.0,35.0,0.0
3,30,0.041779899620516585,0.06805606561390623,-0.10438242134900233,35.0,35.0,0.0
3,31,0.04176765822010038,0.06805606561390623,-0.10431509364671318,35.0,35.0,0.0
3,32,0.04176765822010038,0.06805606561390623,-0.10431509364671318,35.0,35.0,0.0
3,33,0.04170033051781123,0.06793365160974416,-0.1045109560533725,35.0,35.0,0.0
3,34,0.0419696413269678,0.06806830701432244,-0.10442526625045905,35.0,35.0,0.0
3,35,0.0419696413269678,0.06806830701432244,-0.10442526625045905,35.0,35.0,0.0
3,36,0.041779899620516585,0.06800710001224139,-0.10444362835108337,35.0,35.0,0.0
3,37,0.041706451218019344,0.06787856530787122,-0.1044987146529563,35.0,35.0,0.0
3,38,0.041822744521973314,0.06797649651120088,-0.10427836944546456,35.0,35.0,0.0
3,39,0.041822744521973314,0.06797649651120088,-0.10427836944546456,35.0,35.0,0.0
3,40,0.0417982617211409,0.06790916880891174,-0.1044925939527482,35.0,35.0,0.0
3,41,0.04167584771697882,0.06793365160974416,-0.10436405924837802,35.0,35.0,0.0
3,42,0.04167584771697882,0.06793365160974416,-0.10436405924837802,35.0,35.0,0.0
3,43,0.04176765822010038,0.06800097931203329,-0.10429673154608887,35.0,35.0,0.0
3,44,0.041706451218019344,0.06817235891786019,-0.10437630064879422,35.0,35.0,0.0
3,45,0.041706451218019344,0.06817235891786019,-0.10437630064879422,35.0,35.0,0.0
3,46,0.04181662382176521,0.06811115191577917,-0.10431509364671318,35.0,35.0,0.0
3,47,0.04175541681968417,0.06791528950911985,-0.10444362835108337,35.0,35.0,0.0
3,48,0.04175541681968417,0.06791528950911985,-0.10444362835108337,35.0,35.0,0.0
3,49,0.041761537519892276,0.0681784796180683,-0.10438242134900233,35.0,35.0,0.0
3,50,0.04208593463092178,0.06842330762639245,-0.10442526625045905,35.0,35.0,0.0
3,51,0.04172481331864365,0.06836210062431142,-0.10410698983963766,35.0,35.0,0.0
3,52,0.04188395152405435,0.06793365160974416,-0.10443138695066716,35.0,35.0,0.0
3,53,0.041963520626759704,0.06795813441057656,-0.10429673154608887,35.0,35.0,0.0
3,54,0.04173705471905986,0.06789692740849554,-0.10436405924837802,35.0,35.0,0.0
3,55,0.041792141020932795,0.06825192802056555,-0.10446199045170768,35.0,35.0,0.0
3,56,0.0419696413269678,0.0679887379116171,-0.10471905986044802,35.0,35.0,0.0
3,57,0.04199412412780022,0.06790916880891174,-0.10437630064879422,35.0,35.0,0.0
3,58,0.041681968417186924,0.06790304810870364,-0.1040213000367242,35.0,35.0,0.0
3,59,0.041706451218019344,0.0681784796180683,-0.10455380095482922,35.0,35.0,0.0
3,60,0.04191455502509487,0.06809278981515485,-0.10430897294650507,35.0,35.0,0.0
3,61,0.041651364916146405,0.06804994491369812,-0.10436405924837802,35.0,35.0,0.0
3,62,0.04184110662259762,0.06807442771453054,-0.10440078344962664,35.0,35.0,0.0
3,63,0.04184110662259762,0.06807442771453054,-0.10440078344962664,35.0,35.0,0.0
3,64,0.04194515852613539,0.06801934141265761,-0.10443750765087526,35.0,35.0,0.0
3,65,0.042018606928632636,0.06789692740849554,-0.10406414493818092,35.0,35.0,0.0
3,66,0.04174317541926796,0.06808054841473865,-0.10445586975149956,35.0,35.0,0.0
3,67,0.04164524421593831,0.06800710001224139,-0.10458440445586976,35.0,35.0,0.0
3,68,0.04177377892030849,0.06782347900599829,-0.10430897294650507,35.0,35.0,0.0
3,69,0.04201248622842453,0.06779899620516587,-0.10428449014567268,35.0,35.0,0.0
3,70,0.041779899620516585,0.06823968662014934,-0.10426612804504835,35.0,35.0,0.0
3,71,0.04178602032072469,0.06786020320724691,-0.1043334557473375,35.0,35.0,0.0
3,72,0.041792141020932795,0.06797037581099277,-0.1043334557473375,35.0,35.0,0.0
3,73,0.04199412412780022,0.06796425511078467,-0.10463337005753459,35.0,35.0,0.0
3,74,0.04184110662259762,0.06812339331619537,-0.10422328314359161,35.0,35.0,0.0
3,75,0.04191455502509487,0.0681662382176521,-0.10427224874525647,35.0,35.0,0.0
3,76,0.04184722732280573,0.06785408250703881,-0.10429061084588076,35.0,35.0,0.0
3,77,0.04184722732280573,0.06797037581099277,-0.10410698983963766,35.0,35.0,0.0
3,78,0.04206757253029746,0.06789080670828743,-0.1044925939527482,35.0,35.0,0.0
3,79,0.0419573999265516,0.06777451340433346,-0.10412535194026196,35.0,35.0,0.0
3,80,0.0419573999265516,0.06789692740849554,-0.10415595544130249,35.0,35.0,0.0
3,81,0.04198188272738401,0.06789692740849554,-0.10415595544130249,35.0,35.0,0.0
3,82,0.04175541681968417,0.06805606561390623,-0.10427836944546456,35.0,35.0,0.0
3,83,0.04173093401885176,0.06779899620516587,-0.10453543885420494,35.0,35.0,0.0
3,84,0.041932917125719185,0.06782959970620639,-0.10417431754192678,35.0,35.0,0.0
3,85,0.0419573999265516,0.06813563471661158,-0.10453543885420494,35.0,35.0,0.0
3,86,0.04193903782592728,0.06787244460766312,-0.10437017994858613,35.0,35.0,0.0
3,87,0.041822744521973314,0.0679887379116171,-0.10429061084588076,35.0,35.0,0.0
3,88,0.041822744521973314,0.0679887379116171,-0.10410086913942955,35.0,35.0,0.0
3,89,0.0419696413269678,0.06792753090953604,-0.10410086913942955,35.0,35.0,0.0
3,90,0.04184722732280573,0.06788468600807931,-0.10421716244338353,35.0,35.0,0.0
3,91,0.041681968417186924,0.06790916880891174,-0.10441914555025096,35.0,35.0,0.0
3,92,0.04181050312155711,0.06799485861182519,-0.10418655894234301,35.0,35.0,0.0
3,93,0.04178602032072469,0.06797037581099277,-0.10427836944546456,35.0,35.0,0.0
3,94,0.041920675725302975,0.06800097931203329,-0.10426000734484024,35.0,35.0,0.0
3,95,0.04173705471905986,0.0681539968172359,-0.10421716244338353,35.0,35.0,0.0
3,96,0.04200024482800833,0.06800710001224139,-0.10469457705961563,35.0,35.0,0.0
3,97,0.041761537519892276,0.06799485861182519,-0.10437630064879422,35.0,35.0,0.0
3,98,0.04193903782592728,0.06783572040641449,-0.10459664585628596,35.0,35.0,0.0
3,99,0.041822744521973314,0.06808666911494675,-0.10407638633859713,35.0,35.0,0.0
