values,,Magnetometer,Magnetometer,Magnetometer,position,position,position
axis,,x,y,z,x,y,z
Sensor,Sample,,,,,,
0,0,-0.05734484024972457,-0.040806708287428085,-0.07543763006487943,0.0,0.0,0.0
0,1,-0.05709389154119231,-0.04064144938180928,-0.0753886644632146,0.0,0.0,0.0
0,2,-0.05709389154119231,-0.04064144938180928,-0.0753886644632146,0.0,0.0,0.0
0,3,-0.0572285469457706,-0.040696535683682214,-0.0754009058636308,0.0,0.0,0.0
0,4,-0.05728975394785163,-0.040384379973068915,-0.0754009058636308,0.0,0.0,0.0
0,5,-0.05728975394785163,-0.040384379973068915,-0.0754009058636308,0.0,0.0,0.0
0,6,-0.05721630554535438,-0.04056188027910393,-0.07502754315093647,0.0,0.0,0.0
0,7,-0.057179581344105765,-0.04050067327702289,-0.0753947851634227,0.0,0.0,0.0
0,8,-0.057179581344105765,-0.04050067327702289,-0.0753947851634227,0.0,0.0,0.0
0,9,-0.057167339943689555,-0.04081894968784429,-0.07518056065613907,0.0,0.0,0.0
0,10,-0.05731423674868404,-0.04060472518056066,-0.07551719916758477,0.0,0.0,0.0
0,11,-0.05731423674868404,-0.04060472518056066,-0.07551719916758477,0.0,0.0,0.0
0,12,-0.05743053005263802,-0.04069041498347411,-0.07530297466030114,0.0,0.0,0.0
0,13,-0.05712449504223284,-0.04059248378014445,-0.07519280205655528,0.0,0.0,0.0
0,14,-0.05728363324764353,-0.04054351817847962,-0.07536418166238218,0.0,0.0,0.0
0,15,-0.05728363324764353,-0.04054351817847962,-0.07536418166238218,0.0,0.0,0.0
0,16,-0.05713061574244094,-0.04073325988493083,-0.07496021544864732,0.0,0.0,0.0
0,17,-0.05729587464805974,-0.04064144938180928,-0.07527849185946872,0.0,0.0,0.0
0,18,-0.05729587464805974,-0.04064144938180928,-0.07527849185946872,0.0,0.0,0.0
0,19,-0.05735708165014077,-0.040537397478271515,-0.07532745746113355,0.0,0.0,0.0
0,20,-0.05719794344473008,-0.04054351817847962,-0.07526625045905252,0.0,0.0,0.0
0,21,-0.05719794344473008,-0.04054351817847962,-0.07526625045905252,0.0,0.0,0.0
0,22,-0.05745501285347043,-0.04055575957889583,-0.07546211286571183,0.0,0.0,0.0
0,23,-0.05711837434202473,-0.04069041498347411,-0.07566409597257925,0.0,0.0,0.0
0,24,-0.05711837434202473,-0.04069041498347411,-0.07566409597257925,0.0,0.0,0.0
0,25,-0.057277512547435426,-0.040665932182641695,-0.07507038805239319,0.0,0.0,0.0
0,26,-0.05708165014077611,-0.040610845880768756,-0.07549883706696045,0.0,0.0,0.0
0,27,-0.05708165014077611,-0.040610845880768756,-0.07549883706696045,0.0,0.0,0.0
0,28,-0.057179581344105765,-0.040623087281184966,-0.07514995715509855,0.0,0.0,0.0
0,29,-0.05719794344473008,-0.040672052882849793,-0.07499081894968784,0.0,0.0,0.0
0,30,-0.05719794344473008,-0.040672052882849793,-0.07499081894968784,0.0,0.0,0.0
0,31,-0.0572346676459787,-0.04050067327702289,-0.07552331986779287,0.0,0.0,0.0
0,32,-0.05714285714285714,-0.040684294283266004,-0.07515607785530665,0.0,0.0,0.0
0,33,-0.05714285714285714,-0.040684294283266004,-0.07515607785530665,0.0,0.0,0.0
0,34,-0.05733259884930836,-0.04059860448035255,-0.07530909536050924,0.0,0.0,0.0
0,35,-0.057136736442649036,-0.04046394907577427,-0.07516831925572286,0.0,0.0,0.0
0,36,-0.05718570204431387,-0.04042110417431754,-0.07527237115926062,0.0,0.0,0.0
0,37,-0.05718570204431387,-0.04042110417431754,-0.07527237115926062,0.0,0.0,0.0
0,38,-0.05731423674868404,-0.04056188027910393,-0.0755600440690415,0.0,0.0,0.0
0,39,-0.05719182274452197,-0.04043334557473375,-0.0752478883584282,0.0,0.0,0.0
0,40,-0.05719182274452197,-0.04043334557473375,-0.0752478883584282,0.0,0.0,0.0
0,41,-0.05749785775492716,-0.040623087281184966,-0.07526012975884441,0.0,0.0,0.0
0,42,-0.05725302974660301,-0.04075774268576325,-0.07544375076508752,0.0,0.0,0.0
0,43,-0.05725302974660301,-0.04075774268576325,-0.07544375076508752,0.0,0.0,0.0
0,44,-0.05725915044681111,-0.04069041498347411,-0.07548659566654425,0.0,0.0,0.0
0,45,-0.05705104663973558,-0.04055575957889583,-0.075413147264047,0.0,0.0,0.0
0,46,-0.05705104663973558,-0.04055575957889583,-0.075413147264047,0.0,0.0,0.0
0,47,-0.05741216795201372,-0.040427224874525644,-0.07549271636675235,0.0,0.0,0.0
0,48,-0.05735708165014077,-0.040580242379728244,-0.07554780266862529,0.0,0.0,0.0
0,49,-0.0572346676459787,-0.040525156077855305,-0.075413147264047,0.0,0.0,0.0
0,50,-0.05725915044681111,-0.04077610478638756,-0.07523564695801199,0.0,0.0,0.0
0,51,-0.05737544375076509,-0.04073938058513894,-0.07532133676092545,0.0,0.0,0.0
0,52,-0.05712449504223284,-0.040751621985555146,-0.07532745746113355,0.0,0.0,0.0
0,53,-0.05728975394785163,-0.0405129146774391,-0.0754192679642551,0.0,0.0,0.0
0,54,-0.0573876851511813,-0.040568000979312034,-0.07517443995593096,0.0,0.0,0.0
0,55,-0.05727139184722733,-0.040812828987636184,-0.07546823356591995,0.0,0.0,0.0
0,56,-0.05743665075284613,-0.04050067327702289,-0.0754192679642551,0.0,0.0,0.0
0,57,-0.057381564450973185,-0.04084343248867671,-0.07514383645489045,0.0,0.0,0.0
0,58,-0.05718570204431387,-0.04072713918472273,-0.07576814787611703,0.0,0.0,0.0
0,59,-0.057277512547435426,-0.04050067327702289,-0.07544375076508752,0.0,0.0,0.0
0,60,-0.057277512547435426,-0.04050067327702289,-0.07544375076508752,0.0,0.0,0.0
0,61,-0.05727139184722733,-0.04045782837556616,-0.07545599216550374,0.0,0.0,0.0
0,62,-0.05751621985555148,-0.04053127677806341,-0.07500306035010405,0.0,0.0,0.0
0,63,-0.05712449504223284,-0.040904639490757747,-0.07535806096217408,0.0,0.0,0.0
0,64,-0.05721630554535438,-0.040763863385971356,-0.07562737177133064,0.0,0.0,0.0
0,65,-0.057491737054719064,-0.04058636307993634,-0.07519892275676338,0.0,0.0,0.0
0,66,-0.05715509854327335,-0.04059248378014445,-0.07516219855551474,0.0,0.0,0.0
0,67,-0.05710001224140041,-0.04043334557473375,-0.0752417676582201,0.0,0.0,0.0
0,68,-0.057204064144938185,-0.040653690782225485,-0.07544375076508752,0.0,0.0,0.0
0,69,-0.057210184845146284,-0.040696535683682214,-0.07543763006487943,0.0,0.0,0.0
0,70,-0.05733259884930836,-0.04050679397723099,-0.07528461255967682,0.0,0.0,0.0
0,71,-0.057075529440568,-0.040451707675358065,-0.07533969886154976,0.0,0.0,0.0
0,72,-0.057277512547435426,-0.04064757008201738,-0.07531521606071735,0.0,0.0,0.0
0,73,-0.05719794344473008,-0.04058636307993634,-0.07505202595176888,0.0,0.0,0.0
0,74,-0.05719182274452197,-0.040427224874525644,-0.07510711225364182,0.0,0.0,0.0
0,75,-0.05719182274452197,-0.040427224874525644,-0.07536418166238218,0.0,0.0,0.0
0,76,-0.05735708165014077,-0.04070877708409842,-0.07536418166238218,0.0,0.0,0.0
0,77,-0.05728363324764353,-0.04047619047619048,-0.0754192679642551,0.0,0.0,0.0
0,78,-0.05745501285347043,-0.04064144938180928,-0.075413147264047,0.0,0.0,0.0
0,79,-0.05713061574244094,-0.040678173583057906,-0.07535194026196597,0.0,0.0,0.0
0,80,-0.05711225364181662,-0.04076998408617946,-0.07512547435426613,0.0,0.0,0.0
0,81,-0.05730199534826784,-0.04073325988493083,-0.07540702656383891,0.0,0.0,0.0
0,82,-0.05699596033786265,-0.040568000979312034,-0.07502754315093647,0.0,0.0,0.0
0,83,-0.057265271147019216,-0.040568000979312034,-0.0753886644632146,0.0,0.0,0.0
0,84,-0.05725915044681111,-0.040672052882849793,-0.07544987146529562,0.0,0.0,0.0
0,85,-0.057167339943689555,-0.040653690782225485,-0.07540702656383891,0.0,0.0,0.0
0,86,-0.05699596033786265,-0.040580242379728244,-0.0753947851634227,0.0,0.0,0.0
0,87,-0.05699596033786265,-0.040580242379728244,-0.07543763006487943,0.0,0.0,0.0
0,88,-0.0572346676459787,-0.040482311176398576,-0.07543763006487943,0.0,0.0,0.0
0,89,-0.05736932305055699,-0.04053127677806341,-0.07528461255967682,0.0,0.0,0.0
0,90,-0.05752846125596768,-0.04056188027910393,-0.07537030236259028,0.0,0.0,0.0
0,91,-0.056824580732035744,-0.04057412167952014,-0.075413147264047,0.0,0.0,0.0
0,92,-0.05744277145305423,-0.04047006977598237,-0.0752295262578039,0.0,0.0,0.0
0,93,-0.05708165014077611,-0.040751621985555146,-0.07532745746113355,0.0,0.0,0.0
0,94,-0.05713061574244094,-0.040751621985555146,-0.07552331986779287,0.0,0.0,0.0
0,95,-0.05728363324764353,-0.040482311176398576,-0.07538254376300649,0.0,0.0,0.0
0,96,-0.057167339943689555,-0.040482311176398576,-0.07530297466030114,0.0,0.0,0.0
0,97,-0.05708777084098421,-0.04040274207369323,-0.07538254376300649,0.0,0.0,0.0
0,98,-0.057204064144938185,-0.04065981148243359,-0.07554168196841718,0.0,0.0,0.0
0,99,-0.057136736442649036,-0.0405129146774391,-0.07515607785530665,0.0,0.0,0.0
1,0,0.030334190231362468,-0.03380462724935733,-0.04513404333455747,35.0,0.0,0.0
1,1,0.03013832782470315,-0.033755661647692496,-0.04490145672664953,35.0,0.0,0.0
1,2,0.03013832782470315,-0.033755661647692496,-0.04490145672664953,35.0,0.0,0.0
1,3,0.030462724935732648,-0.033633247643530415,-0.04499938792997919,35.0,0.0,0.0
1,4,0.03027298322928143,-0.03371893744644387,-0.04526257803892765,35.0,0.0,0.0
1,5,0.03035867303219488,-0.03369445464561146,-0.04514628473497368,35.0,0.0,0.0
1,6,0.03035867303219488,-0.03369445464561146,-0.04514628473497368,35.0,0.0,0.0
1,7,0.030279103929489532,-0.03353531644020076,-0.04507895703268454,35.0,0.0,0.0
1,8,0.030260741828865224,-0.03346186803770351,-0.04525033663851145,35.0,0.0,0.0
1,9,0.030260741828865224,-0.03346186803770351,-0.04525033663851145,35.0,0.0,0.0
1,10,0.030309707430530054,-0.033547557840616964,-0.045225853837679034,35.0,0.0,0.0
1,11,0.030015913820541067,-0.03350471293916024,-0.045170767535806094,35.0,0.0,0.0
1,12,0.030015913820541067,-0.03350471293916024,-0.045170767535806094,35.0,0.0,0.0
1,13,0.030040396621373484,-0.0335965234422818,-0.04514628473497368,35.0,0.0,0.0
1,14,0.03024237972824091,-0.03352307503978455,-0.04520749173705472,35.0,0.0,0.0
1,15,0.03024237972824091,-0.03352307503978455,-0.04520749173705472,35.0,0.0,0.0
1,16,0.030236259028032807,-0.03333333333333333,-0.0451768882360142,35.0,0.0,0.0
1,17,0.03040151793365161,-0.03362100624311421,-0.045140164034765576,35.0,0.0,0.0
1,18,0.030236259028032807,-0.03357816134165749,-0.04514628473497368,35.0,0.0,0.0
1,19,0.030236259028032807,-0.03357816134165749,-0.04514628473497368,35.0,0.0,0.0
1,20,0.030279103929489532,-0.033259884930836085,-0.04500550863018729,35.0,0.0,0.0
1,21,0.0302240176276166,-0.033412902436038686,-0.0451768882360142,35.0,0.0,0.0
1,22,0.0302240176276166,-0.033412902436038686,-0.0451768882360142,35.0,0.0,0.0
1,23,0.03024237972824091,-0.03366385114457094,-0.04498102582935488,35.0,0.0,0.0
1,24,0.030352552331986783,-0.03373729954706818,-0.04496266372873057,35.0,0.0,0.0
1,25,0.030352552331986783,-0.03373729954706818,-0.04496266372873057,35.0,0.0,0.0
1,26,0.030328069531154363,-0.03349247153874403,-0.045225853837679034,35.0,0.0,0.0
1,27,0.030279103929489532,-0.03378014444852491,-0.044956543028522464,35.0,0.0,0.0
1,28,0.030279103929489532,-0.03378014444852491,-0.044956543028522464,35.0,0.0,0.0
1,29,0.030493328436773166,-0.033627126943322316,-0.044925939527481945,35.0,0.0,0.0
1,30,0.03037091443261109,-0.03381074794956543,-0.04511568123393316,35.0,0.0,0.0
1,31,0.030285224629697637,-0.03381074794956543,-0.045225853837679034,35.0,0.0,0.0
1,32,0.030285224629697637,-0.03381074794956543,-0.045225853837679034,35.0,0.0,0.0
1,33,0.030377035132819197,-0.033657730444362835,-0.04499326722977108,35.0,0.0,0.0
1,34,0.030334190231362468,-0.03351695433957645,-0.04504223283143592,35.0,0.0,0.0
1,35,0.030334190231362468,-0.03351695433957645,-0.04504223283143592,35.0,0.0,0.0
1,36,0.030352552331986783,-0.03324764353041988,-0.04487697392581712,35.0,0.0,0.0
1,37,0.03049944913698127,-0.0336026441424899,-0.04507283633247643,35.0,0.0,0.0
1,38,0.03049944913698127,-0.0336026441424899,-0.04507283633247643,35.0,0.0,0.0
1,39,0.03035867303219488,-0.03359040274207369,-0.04499326722977108,35.0,0.0,0.0
1,40,0.030456604235524543,-0.033486350838535926,-0.044895336026441426,35.0,0.0,0.0
1,41,0.030456604235524543,-0.033486350838535926,-0.044895336026441426,35.0,0.0,0.0
1,42,0.030162810625535563,-0.03356591994124128,-0.045054474231852125,35.0,0.0,0.0
1,43,0.03029134532990574,-0.033774023748316805,-0.04504835353164402,35.0,0.0,0.0
1,44,0.030297466030113844,-0.03341902313624679,-0.0451768882360142,35.0,0.0,0.0
1,45,0.030297466030113844,-0.03341902313624679,-0.0451768882360142,35.0,0.0,0.0
1,46,0.03035867303219488,-0.03312522952625781,-0.04491981882727384,35.0,0.0,0.0
1,47,0.03018117272615987,-0.03365160974415473,-0.045170767535806094,35.0,0.0,0.0
1,48,0.030126086424286942,-0.03356591994124128,-0.04507895703268454,35.0,0.0,0.0
1,49,0.0303831558330273,-0.03351695433957645,-0.04518912963643041,35.0,0.0,0.0
1,50,0.03029134532990574,-0.033871954951646466,-0.04526257803892765,35.0,0.0,0.0
1,51,0.030254621128657115,-0.03355367854082507,-0.04504835353164402,35.0,0.0,0.0
1,52,0.030407638633859712,-0.03337617823479006,-0.045054474231852125,35.0,0.0,0.0
1,53,0.030493328436773166,-0.033559799241033174,-0.04523197453788713,35.0,0.0,0.0
1,54,0.030572897539478516,-0.0336026441424899,-0.04523197453788713,35.0,0.0,0.0
1,55,0.030334190231362468,-0.033700575345819564,-0.0453299057412168,35.0,0.0,0.0
1,56,0.030346431631778675,-0.03356591994124128,-0.04528706083976007,35.0,0.0,0.0
1,57,0.030346431631778675,-0.03356591994124128,-0.04528706083976007,35.0,0.0,0.0
1,58,0.03035867303219488,-0.033345574733749536,-0.045023870730811606,35.0,0.0,0.0
1,59,0.030254621128657115,-0.033645489043946625,-0.0447055943199902,35.0,0.0,0.0
1,60,0.030285224629697637,-0.03325376423062799,-0.045140164034765576,35.0,0.0,0.0
1,61,0.03024237972824091,-0.03347410943811972,-0.04497490512914677,35.0,0.0,0.0
1,62,0.030315828130738152,-0.033431264536662994,-0.04510343983351696,35.0,0.0,0.0
1,63,0.030462724935732648,-0.03351083363936834,-0.045066715632268335,35.0,0.0,0.0
1,64,0.03024237972824091,-0.033669971844779045,-0.04500550863018729,35.0,0.0,0.0
1,65,0.030474966336148858,-0.033669971844779045,-0.0451768882360142,35.0,0.0,0.0
1,66,0.030456604235524543,-0.033547557840616964,-0.04498714652956298,35.0,0.0,0.0
1,67,0.0303831558330273,-0.033486350838535926,-0.04491981882727384,35.0,0.0,0.0
1,68,0.030554535438854204,-0.03337617823479006,-0.045152405435181786,35.0,0.0,0.0
1,69,0.030126086424286942,-0.03359040274207369,-0.0451768882360142,35.0,0.0,0.0
1,70,0.030315828130738152,-0.033816868649773534,-0.045183008936222305,35.0,0.0,0.0
1,71,0.030199534826784186,-0.03367609254498714,-0.04503611213122781,35.0,0.0,0.0
1,72,0.03013832782470315,-0.03348023013832783,-0.045152405435181786,35.0,0.0,0.0
1,73,0.030487207736565065,-0.03378014444852491,-0.04488921532623332,35.0,0.0,0.0
1,74,0.030236259028032807,-0.0335965234422818,-0.04507895703268454,35.0,0.0,0.0
1,75,0.030236259028032807,-0.0335965234422818,-0.04507895703268454,35.0,0.0,0.0
1,76,0.03043212143469213,-0.03319255722854695,-0.04507895703268454,35.0,0.0,0.0
1,77,0.030150569225119356,-0.03346798873791162,-0.04484637042477659,35.0,0.0,0.0
1,78,0.030303586730321946,-0.03371281674623577,-0.04512792263434937,35.0,0.0,0.0
1,79,0.030438242134900234,-0.033688333945403354,-0.04507895703268454,35.0,0.0,0.0
1,80,0.03027298322928143,-0.03349247153874403,-0.045011629330395396,35.0,0.0,0.0
1,81,0.030315828130738152,-0.0337617823479006,-0.04509119843310075,35.0,0.0,0.0
1,82,0.030279103929489532,-0.033859713551230256,-0.0451768882360142,35.0,0.0,0.0
1,83,0.030328069531154363,-0.03373117884686008,-0.04502999143101971,35.0,0.0,0.0
1,84,0.030523931937813685,-0.033957644754559924,-0.04503611213122781,35.0,0.0,0.0
1,85,0.0303831558330273,-0.033541437140408865,-0.04520749173705472,35.0,0.0,0.0
1,86,0.03037091443261109,-0.033700575345819564,-0.04487697392581712,35.0,0.0,0.0
1,87,0.030334190231362468,-0.033608764842698,-0.04498102582935488,35.0,0.0,0.0
1,88,0.030205655526992288,-0.033669971844779045,-0.04490145672664953,35.0,0.0,0.0
1,89,0.030205655526992288,-0.033627126943322316,-0.04526257803892765,35.0,0.0,0.0
1,90,0.03035867303219488,-0.033627126943322316,-0.04526257803892765,35.0,0.0,0.0
1,91,0.03041988003427592,-0.03372505814665198,-0.045085077732892644,35.0,0.0,0.0
1,92,0.030377035132819197,-0.03357816134165749,-0.045085077732892644,35.0,0.0,0.0
1,93,0.03036479373240299,-0.03356591994124128,-0.04523809523809524,35.0,0.0,0.0
1,94,0.0302240176276166,-0.033896437752478886,-0.04532378504100869,35.0,0.0,0.0
1,95,0.03041988003427592,-0.03374954094748439,-0.045085077732892644,35.0,0.0,0.0
1,96,0.03027298322928143,-0.033767903048108706,-0.045011629330395396,35.0,0.0,0.0
1,97,0.030285224629697637,-0.033755661647692496,-0.04523809523809524,35.0,0.0,0.0
1,98,0.030077120822622105,-0.03365160974415473,-0.04514628473497368,35.0,0.0,0.0
1,99,0.030334190231362468,-0.03378014444852491,-0.04510343983351696,35.0,0.0,0.0
2,0,-0.038303341902313624,0.05004896560166483,-0.0448586118251928,0.0,35.0,0.0
2,1,-0.038431876606683804,0.05005508630187293,-0.04468111151915779,0.0,35.0,0.0
2,2,-0.038187048598359655,0.050208103807075535,-0.044944301628106254,0.0,35.0,0.0
2,3,-0.038187048598359655,0.050208103807075535,-0.044944301628106254,0.0,35.0,0.0
2,4,-0.03833394540335414,0.04990206879667034,-0.0448524911249847,0.0,35.0,0.0
2,5,-0.03838291100501897,0.05007956910270535,-0.04459542171624434,0.0,35.0,0.0
2,6,-0.03838291100501897,0.05007956910270535,-0.04459542171624434,0.0,35.0,0.0
2,7,-0.03805239319378137,0.05013465540457829,-0.04471783572040641,0.0,35.0,0.0
2,8,-0.03829110050189742,0.050483535316440196,-0.04488921532623332,0.0,35.0,0.0
2,9,-0.03827885910148121,0.050183621006243115,-0.044925939527481945,0.0,35.0,0.0
2,10,-0.03827885910148121,0.050183621006243115,-0.044925939527481945,0.0,35.0,0.0
2,11,-0.03800342759211654,0.050269310809156566,-0.04466274941853348,0.0,35.0,0.0
2,12,-0.03827885910148121,0.050416207614151054,-0.04496266372873057,0.0,35.0,0.0
2,13,-0.03827885910148121,0.050416207614151054,-0.04496266372873057,0.0,35.0,0.0
2,14,-0.03837679030481087,0.05007344840249724,-0.0451768882360142,0.0,35.0,0.0
2,15,-0.03820541069898396,0.05029379360998898,-0.044938180927898155,0.0,35.0,0.0
2,16,-0.03820541069898396,0.05029379360998898,-0.044938180927898155,0.0,35.0,0.0
2,17,-0.03847472150814053,0.05004896560166483,-0.04490757742685763,0.0,35.0,0.0
2,18,-0.038144203696902926,0.050165258905618806,-0.0447055943199902,0.0,35.0,0.0
2,19,-0.038144203696902926,0.050165258905618806,-0.0447055943199902,0.0,35.0,0.0
2,20,-0.03832782470314604,0.05,-0.044644387317909165,0.0,35.0,0.0
2,21,-0.038260497000856895,0.05023870730811605,-0.04486473252540091,0.0,35.0,0.0
2,22,-0.038260497000856895,0.05029379360998898,-0.04461378381686865,0.0,35.0,0.0
2,23,-0.03849920430897295,0.05029379360998898,-0.04461378381686865,0.0,35.0,0.0
2,24,-0.03848084220834864,0.050030603501040515,-0.04491981882727384,0.0,35.0,0.0
2,25,-0.03830946260252173,0.050165258905618806,-0.04449136981270657,0.0,35.0,0.0
2,26,-0.03830946260252173,0.050165258905618806,-0.04449136981270657,0.0,35.0,0.0
2,27,-0.038389031705227075,0.050250948708532264,-0.04498714652956298,0.0,35.0,0.0
2,28,-0.03832782470314604,0.050067327702289145,-0.04452197331374709,0.0,35.0,0.0
2,29,-0.03832782470314604,0.050067327702289145,-0.04452197331374709,0.0,35.0,0.0
2,30,-0.03823601420002448,0.05001224140041621,-0.044644387317909165,0.0,35.0,0.0
2,31,-0.038144203696902926,0.05022034520749173,-0.044687232219365894,0.0,35.0,0.0
2,32,-0.038144203696902926,0.05022034520749173,-0.044687232219365894,0.0,35.0,0.0
2,33,-0.0384257559064757,0.050024482800832416,-0.04519525033663851,0.0,35.0,0.0
2,34,-0.03835230750397846,0.05005508630187293,-0.044626025217284856,0.0,35.0,0.0
2,35,-0.03835230750397846,0.05005508630187293,-0.044626025217284856,0.0,35.0,0.0
2,36,-0.038144203696902926,0.05018974170645122,-0.04513404333455747,0.0,35.0,0.0
2,37,-0.038431876606683804,0.05024482800832415,-0.04460154241645244,0.0,35.0,0.0
2,38,-0.03849920430897295,0.05005508630187293,-0.04484637042477659,0.0,35.0,0.0
2,39,-0.03849920430897295,0.05005508630187293,-0.04484637042477659,0.0,35.0,0.0
2,40,-0.03855429061084588,0.0500061207002081,-0.04488921532623332,0.0,35.0,0.0
2,41,-0.038089117395029994,0.050110172603745874,-0.04473619782103073,0.0,35.0,0.0
2,42,-0.038089117395029994,0.050110172603745874,-0.04473619782103073,0.0,35.0,0.0
2,43,-0.038260497000856895,0.050140776104786386,-0.04499938792997919,0.0,35.0,0.0
2,44,-0.038168686497735346,0.050422328314359166,-0.04461990451707675,0.0,35.0,0.0
2,45,-0.038168686497735346,0.050422328314359166,-0.04461990451707675,0.0,35.0,0.0
2,46,-0.03819316929856776,0.050416207614151054,-0.044754559921655036,0.0,35.0,0.0
2,47,-0.038627739013343126,0.05007956910270535,-0.04467499081894969,0.0,35.0,0.0
2,48,-0.03838291100501897,0.04998163789937569,-0.04509731913330885,0.0,35.0,0.0
2,49,-0.03829110050189742,0.05033051781123761,-0.04483412902436039,0.0,35.0,0.0
2,50,-0.03809523809523809,0.050495776716856414,-0.045011629330395396,0.0,35.0,0.0
2,51,-0.03829722120210552,0.050183621006243115,-0.04456481821520382,0.0,35.0,0.0
2,52,-0.03837679030481087,0.049914310197086545,-0.044944301628106254,0.0,35.0,0.0
2,53,-0.03806463459419758,0.05011629330395397,-0.04496266372873057,0.0,35.0,0.0
2,54,-0.038174807197943444,0.050214224507283634,-0.04460766311666055,0.0,35.0,0.0
2,55,-0.03811360019586241,0.05029379360998898,-0.044570938915411924,0.0,35.0,0.0
2,56,-0.03829722120210552,0.050177500306035,-0.04466274941853348,0.0,35.0,0.0
2,57,-0.038168686497735346,0.04997551719916758,-0.04473007712082262,0.0,35.0,0.0
2,58,-0.038542049210429676,0.050416207614151054,-0.04496266372873057,0.0,35.0,0.0
2,59,-0.038542049210429676,0.050416207614151054,-0.04496266372873057,0.0,35.0,0.0
2,60,-0.038413514506059496,0.050024482800832416,-0.04460154241645244,0.0,35.0,0.0
2,61,-0.03828497980168931,0.05037948341290244,-0.04466274941853348,0.0,35.0,0.0
2,62,-0.03845023870730811,0.05037336271269434,-0.04480964622352797,0.0,35.0,0.0
2,63,-0.03833394540335414,0.04974905129146774,-0.04493206022769004,0.0,35.0,0.0
2,64,-0.03820541069898396,0.050208103807075535,-0.044828008324152284,0.0,35.0,0.0
2,65,-0.03804015179336516,0.04997551719916758,-0.044938180927898155,0.0,35.0,0.0
2,66,-0.03833394540335414,0.05020198310686742,-0.04473619782103073,0.0,35.0,0.0
2,67,-0.03833394540335414,0.04996939649895948,-0.0447055943199902,0.0,35.0,0.0
2,68,-0.038266617701065,0.05004284490145673,-0.04490145672664953,0.0,35.0,0.0
2,69,-0.038174807197943444,0.0504774146162321,-0.044913698127065735,0.0,35.0,0.0
2,70,-0.03845023870730811,0.05022034520749173,-0.04496266372873057,0.0,35.0,0.0
2,71,-0.038346186803770346,0.05028767290978088,-0.04480964622352797,0.0,35.0,0.0
2,72,-0.03829110050189742,0.05005508630187293,-0.04467499081894969,0.0,35.0,0.0
2,73,-0.03839515240543519,0.05046517321581588,-0.04458930101603624,0.0,35.0,0.0
2,74,-0.03828497980168931,0.05053250091810503,-0.044693352919574,0.0,35.0,0.0
2,75,-0.038119720896070505,0.050165258905618806,-0.04491981882727384,0.0,35.0,0.0
2,76,-0.038119720896070505,0.05022646590769984,-0.044797404823111765,0.0,35.0,0.0
2,77,-0.038266617701065,0.05022646590769984,-0.044797404823111765,0.0,35.0,0.0
2,78,-0.03829722120210552,0.05029379360998898,-0.04467499081894969,0.0,35.0,0.0
2,79,-0.03830946260252173,0.04996327579875138,-0.04473619782103073,0.0,35.0,0.0
2,80,-0.03846860080793243,0.05009793120332966,-0.044895336026441426,0.0,35.0,0.0
2,81,-0.0384196352062676,0.050422328314359166,-0.04477904272248745,0.0,35.0,0.0
2,82,-0.038144203696902926,0.050312155710613295,-0.04510343983351696,0.0,35.0,0.0
2,83,-0.038315583302729835,0.05029991431019709,-0.04488921532623332,0.0,35.0,0.0
2,84,-0.03840739380585139,0.05023258660790795,-0.04473007712082262,0.0,35.0,0.0
2,85,-0.03815032439711103,0.0500061207002081,-0.04443628351083364,0.0,35.0,0.0
2,86,-0.03798506549149223,0.050416207614151054,-0.045054474231852125,0.0,35.0,0.0
2,87,-0.038162565797527234,0.05023870730811605,-0.04496878442893867,0.0,35.0,0.0
2,88,-0.03848084220834864,0.05033051781123761,-0.045066715632268335,0.0,35.0,0.0
2,89,-0.038162565797527234,0.050140776104786386,-0.04510956053372506,0.0,35.0,0.0
2,90,-0.038162565797527234,0.050140776104786386,-0.0445403354143714,0.0,35.0,0.0
2,91,-0.03833394540335414,0.050452931815399685,-0.0445403354143714,0.0,35.0,0.0
2,92,-0.038272738401273106,0.050214224507283634,-0.044687232219365894,0.0,35.0,0.0
2,93,-0.03860325621251071,0.05009181050312156,-0.044956543028522464,0.0,35.0,0.0
2,94,-0.038303341902313624,0.05001836210062431,-0.0443750765087526,0.0,35.0,0.0
2,95,-0.03856653201126209,0.050165258905618806,-0.04476068062186314,0.0,35.0,0.0
2,96,-0.03846248010772432,0.05031827641082139,-0.04488921532623332,0.0,35.0,0.0
2,97,-0.038260497000856895,0.05001224140041621,-0.04477904272248745,0.0,35.0,0.0
2,98,-0.038542049210429676,0.05009181050312156,-0.044925939527481945,0.0,35.0,0.0
2,99,-0.038187048598359655,0.05039784551352675,-0.04496878442893867,0.0,35.0,0.0
3,0,0.028675480474966337,0.06117639857999755,-0.08932549883706696,35.0,35.0,0.0
3,1,0.028828497980168934,0.061066225976251685,-0.08942343004039663,35.0,35.0,0.0
3,2,0.02870608397600686,0.06107234667645979,-0.08928265393561023,35.0,35.0,0.0
3,3,0.02870608397600686,0.06107234667645979,-0.08928265393561023,35.0,35.0,0.0
3,4,0.02884073938058514,0.061268209083119106,-0.0892214469335292,35.0,35.0,0.0
3,5,0.028675480474966337,0.061066225976251685,-0.08932549883706696,35.0,35.0,0.0
3,6,0.028675480474966337,0.061066225976251685,-0.08932549883706696,35.0,35.0,0.0
3,7,0.02866323907455013,0.06112131227812462,-0.08947851634226955,35.0,35.0,0.0
3,8,0.028883584282041862,0.06098665687354633,-0.08939282653935611,35.0,35.0,0.0
3,9,0.028883584282041862,0.06098665687354633,-0.08939282653935611,35.0,35.0,0.0
3,10,0.028846860080793242,0.061151915779165136,-0.08934998163789938,35.0,35.0,0.0
3,11,0.028559187171012364,0.060992777573754445,-0.08931325743665075,35.0,35.0,0.0
3,12,0.02869384257559065,0.06121924348145428,-0.08949687844289386,35.0,35.0,0.0
3,13,0.02869384257559065,0.06121924348145428,-0.08949687844289386,35.0,35.0,0.0
3,14,0.02890806708287428,0.0611029501775003,-0.08929489533602644,35.0,35.0,0.0
3,15,0.02865099767413392,0.060968294772922024,-0.08927653323540213,35.0,35.0,0.0
3,16,0.02865099767413392,0.060968294772922024,-0.08927653323540213,35.0,35.0,0.0
3,17,0.028669359774758228,0.06086424286938426,-0.08926429183498592,35.0,35.0,0.0
3,18,0.028724446076631167,0.061011139674378746,-0.08930713673644265,35.0,35.0,0.0
3,19,0.028724446076631167,0.061011139674378746,-0.08930713673644265,35.0,35.0,0.0
3,20,0.028528583669971845,0.061127432978332716,-0.08956420614518301,35.0,35.0,0.0
3,21,0.028785653078712205,0.06120088138082996,-0.08958868894601543,35.0,35.0,0.0
3,22,0.028785653078712205,0.06120088138082996,-0.08958868894601543,35.0,35.0,0.0
3,23,0.028822377279960825,0.061066225976251685,-0.0893805851389399,35.0,35.0,0.0
3,24,0.028767290978087896,0.061439588688946015,-0.08950299914310197,35.0,35.0,0.0
3,25,0.028638756273717713,0.061268209083119106,-0.0894050679397723,35.0,35.0,0.0
3,26,0.028638756273717713,0.061268209083119106,-0.0894050679397723,35.0,35.0,0.0
3,27,0.028559187171012364,0.061415105888113594,-0.0892275676337373,35.0,35.0,0.0
3,28,0.02874892887746358,0.06131717468478394,-0.08961929244705594,35.0,35.0,0.0
3,29,0.02874892887746358,0.06131717468478394,-0.08961929244705594,35.0,35.0,0.0
3,30,0.02870608397600686,0.06120088138082996,-0.0892336883339454,35.0,35.0,0.0
3,31,0.028546945770596154,0.06097441547313013,-0.08918472273228058,35.0,35.0,0.0
3,32,0.028546945770596154,0.06097441547313013,-0.08918472273228058,35.0,35.0,0.0
3,33,0.028644876973925815,0.061151915779165136,-0.08944179214102094,35.0,35.0,0.0
3,34,0.02870608397600686,0.06118251928020566,-0.08937446443873179,35.0,35.0,0.0
3,35,0.02870608397600686,0.06118251928020566,-0.08937446443873179,35.0,35.0,0.0
3,36,0.02892642918349859,0.06132329538499204,-0.08944791284122904,35.0,35.0,0.0
3,37,0.028963153384747215,0.06117639857999755,-0.08919084343248868,35.0,35.0,0.0
3,38,0.02885910148120945,0.06107234667645979,-0.08934998163789938,35.0,35.0,0.0
3,39,0.02885910148120945,0.06107234667645979,-0.08934998163789938,35.0,35.0,0.0
3,40,0.02869384257559065,0.061268209083119106,-0.08925817113477783,35.0,35.0,0.0
3,41,0.028595911372260984,0.06113967437874893,-0.08964989594809646,35.0,35.0,0.0
3,42,0.028595911372260984,0.06113967437874893,-0.08964989594809646,35.0,35.0,0.0
3,43,0.02885910148120945,0.06139674378748929,-0.08958868894601543,35.0,35.0,0.0
3,44,0.028846860080793242,0.06111519157791652,-0.08935610233810748,35.0,35.0,0.0
3,45,0.028846860080793242,0.06111519157791652,-0.08935610233810748,35.0,35.0,0.0
3,46,0.02866323907455013,0.061311053984575835,-0.08952748194393438,35.0,35.0,0.0
3,47,0.02881013587954462,0.06106010527604357,-0.08960705104663974,35.0,35.0,0.0
3,48,0.028852980781001347,0.06098665687354633,-0.08944179214102094,35.0,35.0,0.0
3,49,0.02884073938058514,0.061237605582078594,-0.08967437874892888,35.0,35.0,0.0
3,50,0.028773411678295994,0.0609376912718815,-0.08933161953727506,35.0,35.0,0.0
3,51,0.029048843187660666,0.061127432978332716,-0.08928265393561023,35.0,35.0,0.0
3,52,0.028871342881625656,0.061207002081038075,-0.0894111886399804,35.0,35.0,0.0
3,53,0.028736687477047374,0.06107846737666789,-0.08936222303831558,35.0,35.0,0.0
3,54,0.028957032684539113,0.061268209083119106,-0.08960093034643163,35.0,35.0,0.0
3,55,0.02857142857142857,0.06110907087770841,-0.08903170522707797,35.0,35.0,0.0
3,56,0.02879177377892031,0.06121924348145428,-0.08931325743665075,35.0,35.0,0.0
3,57,0.029103929489533602,0.06111519157791652,-0.08912351573019953,35.0,35.0,0.0
3,58,0.02887746358183376,0.06110907087770841,-0.08936834373852369,35.0,35.0,0.0
3,59,0.028712204676214957,0.060949932672297716,-0.08959480964622353,35.0,35.0,0.0
3,60,0.028901946382666178,0.06116415717958135,-0.08941730934018852,35.0,35.0,0.0
3,61,0.028901946382666178,0.06116415717958135,-0.08941730934018852,35.0,35.0,0.0
3,62,0.028834618680377032,0.0610907087770841,-0.08905618802791039,35.0,35.0,0.0
3,63,0.028724446076631167,0.06090096707063288,-0.08935610233810748,35.0,35.0,0.0
3,64,0.028865222181417554,0.06107846737666789,-0.0890745501285347,35.0,35.0,0.0
3,65,0.02881013587954462,0.06129269188395152,-0.08942343004039663,35.0,35.0,0.0
3,66,0.028773411678295994,0.060925449871465295,-0.08939282653935611,35.0,35.0,0.0
3,67,0.028822377279960825,0.06118251928020566,-0.0892275676337373,35.0,35.0,0.0
3,68,0.028583669971844777,0.06113967437874893,-0.08949687844289386,35.0,35.0,0.0
3,69,0.02892030848329049,0.06098665687354633,-0.08953972334435059,35.0,35.0,0.0
3,70,0.028834618680377032,0.06106010527604357,-0.08933161953727506,35.0,35.0,0.0
3,71,0.028546945770596154,0.061151915779165136,-0.08958868894601543,35.0,35.0,0.0
3,72,0.028865222181417554,0.06098053617333823,-0.08930713673644265,35.0,35.0,0.0
3,73,0.028559187171012364,0.06107846737666789,-0.08960093034643163,35.0,35.0,0.0
3,74,0.028963153384747215,0.06118863998041376,-0.08944791284122904,35.0,35.0,0.0
3,75,0.02857142857142857,0.06084588076875994,-0.08958868894601543,35.0,35.0,0.0
3,76,0.02881013587954462,0.06108458807687599,-0.08945403354143713,35.0,35.0,0.0
3,77,0.028816256579752723,0.0609193291712572,-0.08942343004039663,35.0,35.0,0.0
3,78,0.028412290366017872,0.06124372628228669,-0.08933161953727506,35.0,35.0,0.0
3,79,0.028412290366017872,0.06124372628228669,-0.08917860203207248,35.0,35.0,0.0
3,80,0.028804015179336517,0.06094381197208961,-0.08917860203207248,35.0,35.0,0.0
3,81,0.028822377279960825,0.061213122781246174,-0.08963765454768026,35.0,35.0,0.0
3,82,0.028828497980168934,0.06131717468478394,-0.0892214469335292,35.0,35.0,0.0
3,83,0.02879789447912841,0.06114579507895703,-0.08958256824580732,35.0,35.0,0.0
3,84,0.028779532378504103,0.06131717468478394,-0.0895458440445587,35.0,35.0,0.0
3,85,0.028944791284122907,0.06106010527604357,-0.08951524054351818,35.0,35.0,0.0
3,86,0.028632635573509608,0.061237605582078594,-0.08988248255600441,35.0,35.0,0.0
3,87,0.028638756273717713,0.06084588076875994,-0.08928877463581833,35.0,35.0,0.0
3,88,0.028718325376423066,0.06113355367854082,-0.089386705839148,35.0,35.0,0.0
3,89,0.028883584282041862,0.06123148488187049,-0.08943567144081283,35.0,35.0,0.0
3,90,0.0286203941730934,0.06107846737666789,-0.08928265393561023,35.0,35.0,0.0
3,91,0.02874280817725548,0.06110907087770841,-0.08941730934018852,35.0,35.0,0.0
3,92,0.02892030848329049,0.06120088138082996,-0.08927041253519402,35.0,35.0,0.0
3,93,0.0286203941730934,0.06122536418166238,-0.0890623087281185,35.0,35.0,0.0
3,94,0.028583669971844777,0.0611029501775003,-0.08918472273228058,35.0,35.0,0.0
3,95,0.02898763618557963,0.061372260986656865,-0.08925817113477783,35.0,35.0,0.0
3,96,0.028687721875382544,0.06126208838291101,-0.08953972334435059,35.0,35.0,0.0
3,97,0.028687721875382544,0.061237605582078594,-0.0894050679397723,35.0,35.0,0.0
3,98,0.028963153384747215,0.061237605582078594,-0.0894050679397723,35.0,35.0,0.0
3,99,0.028871342881625656,0.06114579507895703,-0.08925817113477783,35.0,35.0,0.0
