values,,Magnetometer,Magnetometer,Magnetometer,position,position,position
axis,,x,y,z,x,y,z
Sensor,Sample,,,,,,
0,0,-0.053421471416330024,-0.042379728240910755,-0.06910270534949198,0.0,0.0,0.0
0,1,-0.053421471416330024,-0.042379728240910755,-0.06910270534949198,0.0,0.0,0.0
0,2,-0.053219488309462604,-0.04245317664340801,-0.06890072224262456,0.0,0.0,0.0
0,3,-0.05339698861549761,-0.04256946994736198,-0.06871710123638144,0.0,0.0,0.0
0,4,-0.05339698861549761,-0.04256946994736198,-0.06871710123638144,0.0,0.0,0.0
0,5,-0.05372138572652711,-0.042575590647570084,-0.06901701554657853,0.0,0.0,0.0
0,6,-0.05335414371404089,-0.042606194148610596,-0.06846003182764107,0.0,0.0,0.0
0,7,-0.05335414371404089,-0.042606194148610596,-0.06846003182764107,0.0,0.0,0.0
0,8,-0.0535438854204921,-0.042428693842575596,-0.06872322193658956,0.0,0.0,0.0
0,9,-0.053568368221324526,-0.04259395274819439,-0.06905986044803526,0.0,0.0,0.0
0,10,-0.053568368221324526,-0.04259395274819439,-0.06905986044803526,0.0,0.0,0.0
0,11,-0.05330517811237605,-0.042575590647570084,-0.06877218753825438,0.0,0.0,0.0
0,12,-0.05362957522340556,-0.042447055943199904,-0.06907210184845146,0.0,0.0,0.0
0,13,-0.05362957522340556,-0.042447055943199904,-0.06907210184845146,0.0,0.0,0.0
0,14,-0.053660178724446075,-0.04235524544007834,-0.06890684294283266,0.0,0.0,0.0
0,15,-0.053562247521116414,-0.042575590647570084,-0.06911494674990819,0.0,0.0,0.0
0,16,-0.053562247521116414,-0.042575590647570084,-0.06910882604970009,0.0,0.0,0.0
0,17,-0.05349491981882727,-0.042422573142367484,-0.06910882604970009,0.0,0.0,0.0
0,18,-0.05358673032194883,-0.04258171134777818,-0.06852123882972212,0.0,0.0,0.0
0,19,-0.05330517811237605,-0.04249602154486473,-0.06887623944179214,0.0,0.0,0.0
0,20,-0.05330517811237605,-0.04249602154486473,-0.06887623944179214,0.0,0.0,0.0
0,21,-0.05346431631778675,-0.042520504345697145,-0.06830089362223038,0.0,0.0,0.0
0,22,-0.05346431631778675,-0.04237360754070266,-0.0692924470559432,0.0,0.0,0.0
0,23,-0.05346431631778675,-0.04237360754070266,-0.0692924470559432,0.0,0.0,0.0
0,24,-0.05340310931570572,-0.042275676337372996,-0.06900477414616232,0.0,0.0,0.0
0,25,-0.05326845391112743,-0.04241645244215938,-0.06905373974782715,0.0,0.0,0.0
0,26,-0.05326845391112743,-0.04241645244215938,-0.06905373974782715,0.0,0.0,0.0
0,27,-0.0535255233198678,-0.04253886644632146,-0.0691516709511568,0.0,0.0,0.0
0,28,-0.05336638511445709,-0.04255110784673767,-0.06883339454033541,0.0,0.0,0.0
0,29,-0.05336638511445709,-0.04255110784673767,-0.06883339454033541,0.0,0.0,0.0
0,30,-0.05332354021300036,-0.042447055943199904,-0.06904149834741094,0.0,0.0,0.0
0,31,-0.053537764720284,-0.04262455624923491,-0.0692924470559432,0.0,0.0,0.0
0,32,-0.053537764720284,-0.04262455624923491,-0.0692924470559432,0.0,0.0,0.0
0,33,-0.053519402619659685,-0.04249602154486473,-0.06913942955074061,0.0,0.0,0.0
0,34,-0.05344595421716244,-0.042404211041743176,-0.06888848084220835,0.0,0.0,0.0
0,35,-0.05344595421716244,-0.042404211041743176,-0.06888848084220835,0.0,0.0,0.0
0,36,-0.053635695923613655,-0.04252662504590525,-0.06886399804137593,0.0,0.0,0.0
0,37,-0.05333578161341658,-0.04221446933529196,-0.06869261843554902,0.0,0.0,0.0
0,38,-0.05333578161341658,-0.04283878075651855,-0.06893744644387317,0.0,0.0,0.0
0,39,-0.05346431631778675,-0.04283878075651855,-0.06893744644387317,0.0,0.0,0.0
0,40,-0.053574488921532624,-0.04250826294528094,-0.0689802913453299,0.0,0.0,0.0
0,41,-0.05355000612070021,-0.04230015913820541,-0.06913330885053251,0.0,0.0,0.0
0,42,-0.05355000612070021,-0.04230015913820541,-0.06913330885053251,0.0,0.0,0.0
0,43,-0.05345207491737055,-0.04245929734361611,-0.06887623944179214,0.0,0.0,0.0
0,44,-0.05350716121924348,-0.04261231484881871,-0.06892520504345698,0.0,0.0,0.0
0,45,-0.05350716121924348,-0.04261231484881871,-0.06892520504345698,0.0,0.0,0.0
0,46,-0.05312767780634105,-0.04247765944424042,-0.06908434324886767,0.0,0.0,0.0
0,47,-0.053568368221324526,-0.0424409352429918,-0.06886399804137593,0.0,0.0,0.0
0,48,-0.05340923001591382,-0.04259395274819439,-0.06883339454033541,0.0,0.0,0.0
0,49,-0.05323172970987881,-0.04234300403966214,-0.06890684294283266,0.0,0.0,0.0
0,50,-0.05325621251071122,-0.042575590647570084,-0.06893744644387317,0.0,0.0,0.0
0,51,-0.053635695923613655,-0.042434814542783694,-0.06882727384012731,0.0,0.0,0.0
0,52,-0.053286816011751746,-0.0426000734484025,-0.0689741706451218,0.0,0.0,0.0
0,53,-0.05326845391112743,-0.04231240053862162,-0.06918227445219734,0.0,0.0,0.0
0,54,-0.05348879911861917,-0.04258171134777818,-0.06910882604970009,0.0,0.0,0.0
0,55,-0.05326233321091933,-0.042422573142367484,-0.0689802913453299,0.0,0.0,0.0
0,56,-0.05348267841841107,-0.04252662504590525,-0.06902313624678663,0.0,0.0,0.0
0,57,-0.05348267841841107,-0.04252662504590525,-0.06902313624678663,0.0,0.0,0.0
0,58,-0.053421471416330024,-0.042422573142367484,-0.06907822254865956,0.0,0.0,0.0
0,59,-0.05336638511445709,-0.04245317664340801,-0.0691271881503244,0.0,0.0,0.0
0,60,-0.05331129881258416,-0.042294038437997304,-0.06895580854449748,0.0,0.0,0.0
0,61,-0.053219488309462604,-0.04233076263924593,-0.06891296364304075,0.0,0.0,0.0
0,62,-0.053531644020075896,-0.042532745746113355,-0.06920675725302974,0.0,0.0,0.0
0,63,-0.05343983351695434,-0.04234300403966214,-0.06894356714408129,0.0,0.0,0.0
0,64,-0.05340310931570572,-0.04236136614028645,-0.06913330885053251,0.0,0.0,0.0
0,65,-0.053421471416330024,-0.042404211041743176,-0.06902925694699473,0.0,0.0,0.0
0,66,-0.0533725058146652,-0.04250214224507284,-0.0691455502509487,0.0,0.0,0.0
0,67,-0.053415350716121926,-0.04250826294528094,-0.06884563594075163,0.0,0.0,0.0
0,68,-0.05334190231362468,-0.04279593585506182,-0.0689680499449137,0.0,0.0,0.0
0,69,-0.05334190231362468,-0.04279593585506182,-0.0689680499449137,0.0,0.0,0.0
0,70,-0.05320112620883829,-0.04247153874403232,-0.06887011874158404,0.0,0.0,0.0
0,71,-0.05349491981882727,-0.04256946994736198,-0.06885787734116783,0.0,0.0,0.0
0,72,-0.05326845391112743,-0.0422817970375811,-0.06917003305178113,0.0,0.0,0.0
0,73,-0.053133798506549146,-0.04204308972946505,-0.06886399804137593,0.0,0.0,0.0
0,74,-0.05340310931570572,-0.04235524544007834,-0.06931080915656751,0.0,0.0,0.0
0,75,-0.05350716121924348,-0.042520504345697145,-0.06851511812951402,0.0,0.0,0.0
0,76,-0.05334802301383278,-0.042404211041743176,-0.06916391235157301,0.0,0.0,0.0
0,77,-0.053427592116538136,-0.04254498714652956,-0.06908434324886767,0.0,0.0,0.0
0,78,-0.0535438854204921,-0.04223283143591627,-0.06875382543763006,0.0,0.0,0.0
0,79,-0.05355000612070021,-0.04258783204798629,-0.06925572285469458,0.0,0.0,0.0
0,80,-0.053274574611335536,-0.04247153874403232,-0.0689680499449137,0.0,0.0,0.0
0,81,-0.053390867915289505,-0.042802056555269925,-0.06887623944179214,0.0,0.0,0.0
0,82,-0.053458195617578655,-0.042673521850899745,-0.06891296364304075,0.0,0.0,0.0
0,83,-0.05345207491737055,-0.042520504345697145,-0.06911494674990819,0.0,0.0,0.0
0,84,-0.05345207491737055,-0.042520504345697145,-0.06867425633492472,0.0,0.0,0.0
0,85,-0.05345207491737055,-0.042422573142367484,-0.06867425633492472,0.0,0.0,0.0
0,86,-0.053537764720284,-0.04247765944424042,-0.06883951524054352,0.0,0.0,0.0
0,87,-0.053415350716121926,-0.04269800465173216,-0.068808911739503,0.0,0.0,0.0
0,88,-0.053562247521116414,-0.04251438364548905,-0.0689619292447056,0.0,0.0,0.0
0,89,-0.0537091443261109,-0.04234300403966214,-0.06894356714408129,0.0,0.0,0.0
0,90,-0.05330517811237605,-0.042606194148610596,-0.0691455502509487,0.0,0.0,0.0
0,91,-0.05325009181050312,-0.042434814542783694,-0.06910882604970009,0.0,0.0,0.0
0,92,-0.05329905741216795,-0.04247153874403232,-0.06912106745011629,0.0,0.0,0.0
0,93,-0.05359285102215694,-0.04264291834985922,-0.06891296364304075,0.0,0.0,0.0
0,94,-0.053390867915289505,-0.04259395274819439,-0.06889460154241646,0.0,0.0,0.0
0,95,-0.053433712816746234,-0.04234300403966214,-0.06893744644387317,0.0,0.0,0.0
0,96,-0.053360264414248994,-0.042391969641326965,-0.0689619292447056,0.0,0.0,0.0
0,97,-0.053501040519035384,-0.04232464193903783,-0.06918227445219734,0.0,0.0,0.0
0,98,-0.05348267841841107,-0.042434814542783694,-0.06894968784428938,0.0,0.0,0.0
0,99,-0.05339698861549761,-0.04255110784673767,-0.06902313624678663,0.0,0.0,0.0
1,0,0.026539356102338107,-0.03634471783572041,-0.03615497612926919,35.0,0.0,0.0
1,1,0.026539356102338107,-0.03634471783572041,-0.03615497612926919,35.0,0.0,0.0
1,2,0.02615375198922757,-0.03646101113967438,-0.03625902803280696,35.0,0.0,0.0
1,3,0.02644142489900845,-0.03623454523197454,-0.03611825192802057,35.0,0.0,0.0
1,4,0.02644142489900845,-0.03623454523197454,-0.03611825192802057,35.0,0.0,0.0
1,5,0.026594442404211042,-0.036093769127188154,-0.036124372628228665,35.0,0.0,0.0
1,6,0.026355735096094995,-0.036277390133431266,-0.03598971722365039,35.0,0.0,0.0
1,7,0.026355735096094995,-0.036277390133431266,-0.03598971722365039,35.0,0.0,0.0
1,8,0.02639857999755172,-0.03615497612926919,-0.03611825192802057,35.0,0.0,0.0
1,9,0.02657608030358673,-0.03647325254009058,-0.03619782103072591,35.0,0.0,0.0
1,10,0.026380217896927412,-0.03624678663239074,-0.03602644142489901,35.0,0.0,0.0
1,11,0.026380217896927412,-0.03624678663239074,-0.03602644142489901,35.0,0.0,0.0
1,12,0.026631166605459666,-0.03648549394050679,-0.03619782103072591,35.0,0.0,0.0
1,13,0.026465907699840863,-0.036167217529685394,-0.03631411433467989,35.0,0.0,0.0
1,14,0.026465907699840863,-0.036167217529685394,-0.03631411433467989,35.0,0.0,0.0
1,15,0.02639245929734362,-0.03611825192802057,-0.03608764842698005,35.0,0.0,0.0
1,16,0.02625780389276533,-0.036320235034887995,-0.036050924225731425,35.0,0.0,0.0
1,17,0.02625780389276533,-0.036320235034887995,-0.036050924225731425,35.0,0.0,0.0
1,18,0.026312890194638266,-0.03613049332843678,-0.035910148120945035,35.0,0.0,0.0
1,19,0.026557718202962422,-0.036497735340923,-0.03627126943322316,35.0,0.0,0.0
1,20,0.026557718202962422,-0.036497735340923,-0.03627126943322316,35.0,0.0,0.0
1,21,0.02647814910025707,-0.03650385604113111,-0.03620394173093402,35.0,0.0,0.0
1,22,0.026416942098176032,-0.03625290733259885,-0.03648549394050679,35.0,0.0,0.0
1,23,0.026508752601297585,-0.03606316562614763,-0.036179458930101605,35.0,0.0,0.0
1,24,0.026508752601297585,-0.03606316562614763,-0.036179458930101605,35.0,0.0,0.0
1,25,0.026472028400048964,-0.03632635573509609,-0.03629575223405558,35.0,0.0,0.0
1,26,0.02672297710858122,-0.03631411433467989,-0.03625290733259885,35.0,0.0,0.0
1,27,0.02672297710858122,-0.03631411433467989,-0.03625290733259885,35.0,0.0,0.0
1,28,0.026545476802546215,-0.036350838535928506,-0.035995837923858486,35.0,0.0,0.0
1,29,0.026539356102338107,-0.036350838535928506,-0.03636307993634472,35.0,0.0,0.0
1,30,0.026539356102338107,-0.036350838535928506,-0.03636307993634472,35.0,0.0,0.0
1,31,0.02634961439588689,-0.036222303831558327,-0.03606316562614763,35.0,0.0,0.0
1,32,0.026263924592973435,-0.03613049332843678,-0.036179458930101605,35.0,0.0,0.0
1,33,0.026263924592973435,-0.03613049332843678,-0.036179458930101605,35.0,0.0,0.0
1,34,0.0265271147019219,-0.03637532133676093,-0.036179458930101605,35.0,0.0,0.0
1,35,0.026539356102338107,-0.036393683437385235,-0.036320235034887995,35.0,0.0,0.0
1,36,0.026343493695678788,-0.03619782103072591,-0.03619782103072591,35.0,0.0,0.0
1,37,0.026343493695678788,-0.03619782103072591,-0.03619782103072591,35.0,0.0,0.0
1,38,0.02638633859713551,-0.036179458930101605,-0.036265148733015055,35.0,0.0,0.0
1,39,0.026282286693597744,-0.036632390745501286,-0.03609988982739625,35.0,0.0,0.0
1,40,0.026282286693597744,-0.036632390745501286,-0.03609988982739625,35.0,0.0,0.0
1,41,0.026416942098176032,-0.03636307993634472,-0.03628351083363937,35.0,0.0,0.0
1,42,0.026306769494430164,-0.03634471783572041,-0.03608152772677194,35.0,0.0,0.0
1,43,0.026306769494430164,-0.03634471783572041,-0.03608152772677194,35.0,0.0,0.0
1,44,0.02642918349859224,-0.03608152772677194,-0.03613049332843678,35.0,0.0,0.0
1,45,0.02653323540213,-0.036424286938425754,-0.036222303831558327,35.0,0.0,0.0
1,46,0.026214958991308608,-0.03636920063655282,-0.03631411433467989,35.0,0.0,0.0
1,47,0.026343493695678788,-0.03621618313135023,-0.03597135512302607,35.0,0.0,0.0
1,48,0.026514873301505693,-0.03637532133676093,-0.03630187293426368,35.0,0.0,0.0
1,49,0.026551597502754314,-0.03636920063655282,-0.036277390133431266,35.0,0.0,0.0
1,50,0.026447545599216547,-0.03636920063655282,-0.03627126943322316,35.0,0.0,0.0
1,51,0.02634961439588689,-0.036265148733015055,-0.036136614028644876,35.0,0.0,0.0
1,52,0.026221079691516706,-0.0361733382298935,-0.03606316562614763,35.0,0.0,0.0
1,53,0.026221079691516706,-0.0361733382298935,-0.03606316562614763,35.0,0.0,0.0
1,54,0.026594442404211042,-0.03625902803280696,-0.036191700330517815,35.0,0.0,0.0
1,55,0.026447545599216547,-0.03606316562614763,-0.035952993022401764,35.0,0.0,0.0
1,56,0.026447545599216547,-0.036179458930101605,-0.0361855796303097,35.0,0.0,0.0
1,57,0.026447545599216547,-0.036350838535928506,-0.03611213122781246,35.0,0.0,0.0
1,58,0.026288407393805852,-0.03627126943322316,-0.03611213122781246,35.0,0.0,0.0
1,59,0.026423062798384134,-0.03638756273717713,-0.03597135512302607,35.0,0.0,0.0
1,60,0.02639245929734362,-0.036136614028644876,-0.036020320724690906,35.0,0.0,0.0
1,61,0.026453666299424656,-0.036191700330517815,-0.0361855796303097,35.0,0.0,0.0
1,62,0.026178234790059984,-0.036546700942587836,-0.03623454523197454,35.0,0.0,0.0
1,63,0.026355735096094995,-0.03638756273717713,-0.03648549394050679,35.0,0.0,0.0
1,64,0.026306769494430164,-0.03638756273717713,-0.03631411433467989,35.0,0.0,0.0
1,65,0.02633125229526258,-0.036565063043212144,-0.03627126943322316,35.0,0.0,0.0
1,66,0.026325131595054473,-0.036307993634471784,-0.036179458930101605,35.0,0.0,0.0
1,67,0.026325131595054473,-0.03660178724446077,-0.0361855796303097,35.0,0.0,0.0
1,68,0.02661280450483535,-0.03660178724446077,-0.0361855796303097,35.0,0.0,0.0
1,69,0.02647814910025707,-0.03624678663239074,-0.03605704492593953,35.0,0.0,0.0
1,70,0.026416942098176032,-0.036491614640714896,-0.03615497612926919,35.0,0.0,0.0
1,71,0.026447545599216547,-0.036136614028644876,-0.03613049332843678,35.0,0.0,0.0
1,72,0.026245562492349123,-0.03623454523197454,-0.0358428204186559,35.0,0.0,0.0
1,73,0.026361855796303096,-0.03627126943322316,-0.036093769127188154,35.0,0.0,0.0
1,74,0.026355735096094995,-0.036393683437385235,-0.03605704492593953,35.0,0.0,0.0
1,75,0.02644142489900845,-0.03621618313135023,-0.03593463092177745,35.0,0.0,0.0
1,76,0.026588321704002937,-0.036320235034887995,-0.03583669971844779,35.0,0.0,0.0
1,77,0.026502631901089486,-0.0361855796303097,-0.036050924225731425,35.0,0.0,0.0
1,78,0.026539356102338107,-0.036405924837801446,-0.03594075162198555,35.0,0.0,0.0
1,79,0.02666789080670829,-0.03608152772677194,-0.03598359652344228,35.0,0.0,0.0
1,80,0.02665564940629208,-0.03638144203696903,-0.036167217529685394,35.0,0.0,0.0
1,81,0.026282286693597744,-0.03622842453176643,-0.0363324764353042,35.0,0.0,0.0
1,82,0.026282286693597744,-0.036032562125107116,-0.036222303831558327,35.0,0.0,0.0
1,83,0.026649528706083975,-0.036020320724690906,-0.03600195862406659,35.0,0.0,0.0
1,84,0.026453666299424656,-0.03598971722365039,-0.03629575223405558,35.0,0.0,0.0
1,85,0.026557718202962422,-0.03638756273717713,-0.03624678663239074,35.0,0.0,0.0
1,86,0.02653323540213,-0.03611213122781246,-0.03630187293426368,35.0,0.0,0.0
1,87,0.02653323540213,-0.03646713183988248,-0.03610601052760436,35.0,0.0,0.0
1,88,0.026508752601297585,-0.03646713183988248,-0.03610601052760436,35.0,0.0,0.0
1,89,0.026416942098176032,-0.03631411433467989,-0.03607540702656384,35.0,0.0,0.0
1,90,0.026465907699840863,-0.03616109682947729,-0.03607540702656384,35.0,0.0,0.0
1,91,0.026374097196719303,-0.036222303831558327,-0.03629575223405558,35.0,0.0,0.0
1,92,0.02672297710858122,-0.03619782103072591,-0.03606316562614763,35.0,0.0,0.0
1,93,0.026453666299424656,-0.03644264903905007,-0.03629575223405558,35.0,0.0,0.0
1,94,0.02639857999755172,-0.03624066593218264,-0.03613049332843678,35.0,0.0,0.0
1,95,0.02648426980046517,-0.03651609744154731,-0.036136614028644876,35.0,0.0,0.0
1,96,0.026404700697759825,-0.03647325254009058,-0.036179458930101605,35.0,0.0,0.0
1,97,0.026600563104419144,-0.036424286938425754,-0.036277390133431266,35.0,0.0,0.0
1,98,0.026423062798384134,-0.03621618313135023,-0.036277390133431266,35.0,0.0,0.0
1,99,0.026459786999632758,-0.03638144203696903,-0.03620394173093402,35.0,0.0,0.0
2,0,-0.04659689068429428,0.047931203329660915,-0.05046517321581588,0.0,35.0,0.0
2,1,-0.04671318398824826,0.048035255233198675,-0.05075896682580487,0.0,35.0,0.0
2,2,-0.046762149589913087,0.048090341535071614,-0.05078957032684539,0.0,35.0,0.0
2,3,-0.046762149589913087,0.048090341535071614,-0.05078957032684539,0.0,35.0,0.0
2,4,-0.0466274941853348,0.04822499693964989,-0.0506426735218509,0.0,35.0,0.0
2,5,-0.04631533847472151,0.04815154853715265,-0.05070388052393193,0.0,35.0,0.0
2,6,-0.04631533847472151,0.04815154853715265,-0.05070388052393193,0.0,35.0,0.0
2,7,-0.046682580487207734,0.04839637654547681,-0.050630432121434685,0.0,35.0,0.0
2,8,-0.046425511078467374,0.04819439343860938,-0.05114457093891541,0.0,35.0,0.0
2,9,-0.046425511078467374,0.04819439343860938,-0.05114457093891541,0.0,35.0,0.0
2,10,-0.04658464928387808,0.04822499693964989,-0.05061819072101849,0.0,35.0,0.0
2,11,-0.04659689068429428,0.04832904884318766,-0.050911984331007465,0.0,35.0,0.0
2,12,-0.04659689068429428,0.04832904884318766,-0.050911984331007465,0.0,35.0,0.0
2,13,-0.04644387317909169,0.04822499693964989,-0.05098543273350471,0.0,35.0,0.0
2,14,-0.04680499449136981,0.04834741094381197,-0.050850777328926434,0.0,35.0,0.0
2,15,-0.04680499449136981,0.04834741094381197,-0.05074060472518056,0.0,35.0,0.0
2,16,-0.046694821887623944,0.0482372383400661,-0.05074060472518056,0.0,35.0,0.0
2,17,-0.0467743909903293,0.04821275553923369,-0.05089974293059126,0.0,35.0,0.0
2,18,-0.046449993879299795,0.04836577304443628,-0.05062431142122659,0.0,35.0,0.0
2,19,-0.046449993879299795,0.04836577304443628,-0.05062431142122659,0.0,35.0,0.0
2,20,-0.04660301138450239,0.04828620394173093,-0.05090586363079937,0.0,35.0,0.0
2,21,-0.046425511078467374,0.04828008324152283,-0.05074672542538866,0.0,35.0,0.0
2,22,-0.046425511078467374,0.04828008324152283,-0.05074672542538866,0.0,35.0,0.0
2,23,-0.046462235279716005,0.04815154853715265,-0.050954829232464194,0.0,35.0,0.0
2,24,-0.04649283878075652,0.04813318643652834,-0.05086301872934264,0.0,35.0,0.0
2,25,-0.04649283878075652,0.04813318643652834,-0.05086301872934264,0.0,35.0,0.0
2,26,-0.04660913208471049,0.048273962541314726,-0.05082017382788591,0.0,35.0,0.0
2,27,-0.04671318398824826,0.04805973803403109,-0.05124250214224507,0.0,35.0,0.0
2,28,-0.04671318398824826,0.04805973803403109,-0.05124250214224507,0.0,35.0,0.0
2,29,-0.04684783939282654,0.048078100134655403,-0.05074672542538866,0.0,35.0,0.0
2,30,-0.04658464928387808,0.048316807442771455,-0.05047129391602399,0.0,35.0,0.0
2,31,-0.046462235279716005,0.04832292814297955,-0.051009915534337126,0.0,35.0,0.0
2,32,-0.046462235279716005,0.04832292814297955,-0.051009915534337126,0.0,35.0,0.0
2,33,-0.04657240788346187,0.04831068674256335,-0.05077732892642919,0.0,35.0,0.0
2,34,-0.04659689068429428,0.04848206634839026,-0.05085689802913453,0.0,35.0,0.0
2,35,-0.04659689068429428,0.04848206634839026,-0.05085689802913453,0.0,35.0,0.0
2,36,-0.04647447668013221,0.04810258293548782,-0.05090586363079937,0.0,35.0,0.0
2,37,-0.04676827029012119,0.0483841351450606,-0.050807932427469706,0.0,35.0,0.0
2,38,-0.04676827029012119,0.0483841351450606,-0.050807932427469706,0.0,35.0,0.0
2,39,-0.04648671808054842,0.04820663483902558,-0.05082017382788591,0.0,35.0,0.0
2,40,-0.04661525278491859,0.048359652344228184,-0.05083241522830212,0.0,35.0,0.0
2,41,-0.04661525278491859,0.048359652344228184,-0.05083241522830212,0.0,35.0,0.0
2,42,-0.04663361488554291,0.04828620394173093,-0.05107112253641817,0.0,35.0,0.0
2,43,-0.046639735585751005,0.047918961929244705,-0.05097931203329661,0.0,35.0,0.0
2,44,-0.046639735585751005,0.047918961929244705,-0.05097931203329661,0.0,35.0,0.0
2,45,-0.046780511690537395,0.0482372383400661,-0.0508018117272616,0.0,35.0,0.0
2,46,-0.046707063288040154,0.04793732402986901,-0.05068551842330763,0.0,35.0,0.0
2,47,-0.04637654547680255,0.0480658587342392,-0.05088750153017505,0.0,35.0,0.0
2,48,-0.04633370057534582,0.04837189374464439,-0.05082629452809402,0.0,35.0,0.0
2,49,-0.046535683682213246,0.04815154853715265,-0.05048965601664831,0.0,35.0,0.0
2,50,-0.04657852858366997,0.0482372383400661,-0.050807932427469706,0.0,35.0,0.0
2,51,-0.04657240788346187,0.04839637654547681,-0.05086301872934264,0.0,35.0,0.0
2,52,-0.046437752478883584,0.04831068674256335,-0.05104663973558575,0.0,35.0,0.0
2,53,-0.04675602888970498,0.04813318643652834,-0.05079569102705349,0.0,35.0,0.0
2,54,-0.04686008079324275,0.04802301383278247,-0.05073448402497246,0.0,35.0,0.0
2,55,-0.046688701187415846,0.04802301383278247,-0.050850777328926434,0.0,35.0,0.0
2,56,-0.0467866323907455,0.04820663483902558,-0.050673277022891414,0.0,35.0,0.0
2,57,-0.046639735585751005,0.04812706573632024,-0.05067939772309952,0.0,35.0,0.0
2,58,-0.046639735585751005,0.048316807442771455,-0.051095605337250584,0.0,35.0,0.0
2,59,-0.046554045782837554,0.048316807442771455,-0.051095605337250584,0.0,35.0,0.0
2,60,-0.046394907577426855,0.048231117639858004,-0.05070388052393193,0.0,35.0,0.0
2,61,-0.04664585628595912,0.04808422083486351,-0.0508018117272616,0.0,35.0,0.0
2,62,-0.04658464928387808,0.0482372383400661,-0.05072224262455625,0.0,35.0,0.0
2,63,-0.04636430407638634,0.04804137593340678,-0.050869139429550736,0.0,35.0,0.0
2,64,-0.04648671808054842,0.048218876239441794,-0.05078957032684539,0.0,35.0,0.0
2,65,-0.04648671808054842,0.047918961929244705,-0.050526380217896925,0.0,35.0,0.0
2,66,-0.04648671808054842,0.04837801444485249,-0.05055086301872934,0.0,35.0,0.0
2,67,-0.046554045782837554,0.048218876239441794,-0.05076508752601298,0.0,35.0,0.0
2,68,-0.04638266617701065,0.04812094503611213,-0.050771208226221075,0.0,35.0,0.0
2,69,-0.046762149589913087,0.048047496633614885,-0.05084465662871832,0.0,35.0,0.0
2,70,-0.046694821887623944,0.048218876239441794,-0.050667156322683315,0.0,35.0,0.0
2,71,-0.046554045782837554,0.048047496633614885,-0.05055086301872934,0.0,35.0,0.0
2,72,-0.046554045782837554,0.048047496633614885,-0.05055086301872934,0.0,35.0,0.0
2,73,-0.046437752478883584,0.04815154853715265,-0.050850777328926434,0.0,35.0,0.0
2,74,-0.04636430407638634,0.048359652344228184,-0.05058146651976986,0.0,35.0,0.0
2,75,-0.04654180438242135,0.048231117639858004,-0.050850777328926434,0.0,35.0,0.0
2,76,-0.04657240788346187,0.048029134532990576,-0.050697759823723834,0.0,35.0,0.0
2,77,-0.04654180438242135,0.04828620394173093,-0.05072836332476436,0.0,35.0,0.0
2,78,-0.046707063288040154,0.04796792753090954,-0.05068551842330763,0.0,35.0,0.0
2,79,-0.04638266617701065,0.04826784184110662,-0.05062431142122659,0.0,35.0,0.0
2,80,-0.04635818337617824,0.04801077243236626,-0.050814053127677804,0.0,35.0,0.0
2,81,-0.04658464928387808,0.04828620394173093,-0.05075284612559677,0.0,35.0,0.0
2,82,-0.04659076998408618,0.048586118251928025,-0.05110172603745868,0.0,35.0,0.0
2,83,-0.04651732158158893,0.048402497245684906,-0.0506365528216428,0.0,35.0,0.0
2,84,-0.04648059738034031,0.048176031337985065,-0.05073448402497246,0.0,35.0,0.0
2,85,-0.04658464928387808,0.04813930713673644,-0.05082629452809402,0.0,35.0,0.0
2,86,-0.046694821887623944,0.04818215203819317,-0.050814053127677804,0.0,35.0,0.0
2,87,-0.04673766678908067,0.048359652344228184,-0.05079569102705349,0.0,35.0,0.0
2,88,-0.04659689068429428,0.04851266984943077,-0.05103439833516954,0.0,35.0,0.0
2,89,-0.04667033908679153,0.048543273350471296,-0.05073448402497246,0.0,35.0,0.0
2,90,-0.04665809768637532,0.048273962541314726,-0.05066103562247522,0.0,35.0,0.0
2,91,-0.0466274941853348,0.048390255845268695,-0.050556983718937444,0.0,35.0,0.0
2,92,-0.04657240788346187,0.04818215203819317,-0.05073448402497246,0.0,35.0,0.0
2,93,-0.04657240788346187,0.04818215203819317,-0.05073448402497246,0.0,35.0,0.0
2,94,-0.046823356591994124,0.04828620394173093,-0.050771208226221075,0.0,35.0,0.0
2,95,-0.046682580487207734,0.04825560044069042,-0.05059982862039417,0.0,35.0,0.0
2,96,-0.04661525278491859,0.04820663483902558,-0.05044681111519158,0.0,35.0,0.0
2,97,-0.046639735585751005,0.047949565430285224,-0.050911984331007465,0.0,35.0,0.0
2,98,-0.04654180438242135,0.04824335904027421,-0.05070388052393193,0.0,35.0,0.0
2,99,-0.04624801077243237,0.048169910637776966,-0.05097931203329661,0.0,35.0,0.0
3,0,0.037789203084832905,0.0609315705716734,-0.10574121679520136,35.0,35.0,0.0
3,1,0.037789203084832905,0.0609315705716734,-0.10574121679520136,35.0,35.0,0.0
3,2,0.037917737789203085,0.060570449259395275,-0.10620026931080914,35.0,35.0,0.0
3,3,0.03755661647692496,0.06065001836210062,-0.10602276900477414,35.0,35.0,0.0
3,4,0.03755661647692496,0.06065001836210062,-0.10602276900477414,35.0,35.0,0.0
3,5,0.03767903048108704,0.06082139796792753,-0.10606561390623089,35.0,35.0,0.0
3,6,0.03800342759211654,0.06059493206022769,-0.10601052760435795,35.0,35.0,0.0
3,7,0.037758599583792386,0.06066225976251684,-0.10588199289998776,35.0,35.0,0.0
3,8,0.037758599583792386,0.06066225976251684,-0.10588199289998776,35.0,35.0,0.0
3,9,0.03767903048108704,0.06072958746480598,-0.10630432121434692,35.0,35.0,0.0
3,10,0.037789203084832905,0.06072958746480598,-0.10616966580976864,35.0,35.0,0.0
3,11,0.037789203084832905,0.06072958746480598,-0.10616966580976864,35.0,35.0,0.0
3,12,0.037617823479005996,0.06058269065981148,-0.10598604480352551,35.0,35.0,0.0
3,13,0.037648426980046515,0.06053372505814665,-0.10611457950789571,35.0,35.0,0.0
3,14,0.037648426980046515,0.06053372505814665,-0.10611457950789571,35.0,35.0,0.0
3,15,0.037715754682335664,0.06052148365773045,-0.10599828620394174,35.0,35.0,0.0
3,16,0.03776472028400049,0.06053984575835476,-0.10607173460643897,35.0,35.0,0.0
3,17,0.03776472028400049,0.06053984575835476,-0.10607173460643897,35.0,35.0,0.0
3,18,0.03792385848941119,0.06076019096584649,-0.10599216550373362,35.0,35.0,0.0
3,19,0.037617823479005996,0.06082139796792753,-0.10621863141143346,35.0,35.0,0.0
3,20,0.03783204798628963,0.06062553556126821,-0.10582078589790671,35.0,35.0,0.0
3,21,0.03783204798628963,0.06062553556126821,-0.10582078589790671,35.0,35.0,0.0
3,22,0.03752601297588444,0.060668380462724936,-0.10609009670706329,35.0,35.0,0.0
3,23,0.037887134288162566,0.06059493206022769,-0.10615742440935243,35.0,35.0,0.0
3,24,0.037887134288162566,0.06059493206022769,-0.10615742440935243,35.0,35.0,0.0
3,25,0.037660668380462725,0.06058269065981148,-0.10607173460643897,35.0,35.0,0.0
3,26,0.037703513281919454,0.06073570816501408,-0.10604725180560656,35.0,35.0,0.0
3,27,0.037703513281919454,0.06073570816501408,-0.10604725180560656,35.0,35.0,0.0
3,28,0.03795446199045171,0.060680621863141146,-0.10623699351205777,35.0,35.0,0.0
3,29,0.03758721997796548,0.06074794956543028,-0.10613294160852,35.0,35.0,0.0
3,30,0.03758721997796548,0.06074794956543028,-0.10613294160852,35.0,35.0,0.0
3,31,0.037630064879422206,0.06074794956543028,-0.10624311421226589,35.0,35.0,0.0
3,32,0.03756885787734117,0.06058881136001959,-0.1059309585016526,35.0,35.0,0.0
3,33,0.03913575713061575,0.06052148365773045,-0.10573509609499328,35.0,35.0,0.0
3,34,0.037746358183376176,0.06052148365773045,-0.10573509609499328,35.0,35.0,0.0
3,35,0.037887134288162566,0.060809156567511326,-0.10593707920186068,35.0,35.0,0.0
3,36,0.03764230627983841,0.06047251805606561,-0.10589423430040397,35.0,35.0,0.0
3,37,0.03764230627983841,0.06047251805606561,-0.10589423430040397,35.0,35.0,0.0
3,38,0.03785653078712205,0.060527604357938546,-0.10618802791039295,35.0,35.0,0.0
3,39,0.03797894479128412,0.060698983963765454,-0.10615130370914432,35.0,35.0,0.0
3,40,0.03797894479128412,0.060698983963765454,-0.10615130370914432,35.0,35.0,0.0
3,41,0.03756885787734117,0.060613294160852,-0.10575345819561759,35.0,35.0,0.0
3,42,0.03783204798628963,0.06072958746480598,-0.10569225119353653,35.0,35.0,0.0
3,43,0.03783204798628963,0.06072958746480598,-0.10569225119353653,35.0,35.0,0.0
3,44,0.03764230627983841,0.06082139796792753,-0.10592483780144449,35.0,35.0,0.0
3,45,0.0377830823846248,0.06069286326355735,-0.10590647570082017,35.0,35.0,0.0
3,46,0.037672909780878935,0.06061941486106011,-0.10585138939894725,35.0,35.0,0.0
3,47,0.037819806585873424,0.06065001836210062,-0.10623087281184969,35.0,35.0,0.0
3,48,0.037562737177133064,0.06052148365773045,-0.10586975149957153,35.0,35.0,0.0
3,49,0.03769739258171135,0.06072958746480598,-0.10590035500061208,35.0,35.0,0.0
3,50,0.03764230627983841,0.06082751866813564,-0.10591871710123638,35.0,35.0,0.0
3,51,0.03758109927775737,0.06050924225731423,-0.10619414861060106,35.0,35.0,0.0
3,52,0.037874892887746356,0.06087648426980047,-0.10597380340310932,35.0,35.0,0.0
3,53,0.03786877218753825,0.06072346676459787,-0.10595544130248499,35.0,35.0,0.0
3,54,0.037562737177133064,0.0607663116660546,-0.10589423430040397,35.0,35.0,0.0
3,55,0.037562737177133064,0.0607663116660546,-0.10589423430040397,35.0,35.0,0.0
3,56,0.03759334067817358,0.06060105276043579,-0.10602888970498225,35.0,35.0,0.0
3,57,0.03786265148733015,0.06082751866813564,-0.10599828620394174,35.0,35.0,0.0
3,58,0.03784428938670584,0.06051536295752234,-0.10605949320602277,35.0,35.0,0.0
3,59,0.03759946137838169,0.060558207858979064,-0.10594932060227691,35.0,35.0,0.0
3,60,0.037672909780878935,0.06076019096584649,-0.1056310441914555,35.0,35.0,0.0
3,61,0.03782592728608153,0.06078467376667891,-0.10610233810747949,35.0,35.0,0.0
3,62,0.03779532378504101,0.06072958746480598,-0.10605949320602277,35.0,35.0,0.0
3,63,0.03792385848941119,0.060668380462724936,-0.10610233810747949,35.0,35.0,0.0
3,64,0.03772187538254376,0.06077855306647081,-0.10592483780144449,35.0,35.0,0.0
3,65,0.0377830823846248,0.060674501162933034,-0.10599216550373362,35.0,35.0,0.0
3,66,0.03756885787734117,0.060564328559187176,-0.10620026931080914,35.0,35.0,0.0
3,67,0.0376117027787979,0.060564328559187176,-0.10607785530664708,35.0,35.0,0.0
3,68,0.03785041008691394,0.06058269065981148,-0.10597380340310932,35.0,35.0,0.0
3,69,0.03785041008691394,0.06058269065981148,-0.10597380340310932,35.0,35.0,0.0
3,70,0.03770963398212755,0.060809156567511326,-0.10583302729832293,35.0,35.0,0.0
3,71,0.03776472028400049,0.06086424286938426,-0.10590035500061208,35.0,35.0,0.0
3,72,0.03768515118129514,0.060882604970008566,-0.1057840616966581,35.0,35.0,0.0
3,73,0.03779532378504101,0.06078467376667891,-0.10572285469457705,35.0,35.0,0.0
3,74,0.037789203084832905,0.06033786265148733,-0.10583914799853103,35.0,35.0,0.0
3,75,0.037691271881503244,0.060466397355857515,-0.10589423430040397,35.0,35.0,0.0
3,76,0.03775247888358428,0.060772432366262695,-0.10603501040519034,35.0,35.0,0.0
3,77,0.03773411678295997,0.06080303586730322,-0.10574121679520136,35.0,35.0,0.0
3,78,0.03805239319378137,0.060815277267719424,-0.10575957889582568,35.0,35.0,0.0
3,79,0.03788101358795446,0.060631656261476305,-0.10604113110539845,35.0,35.0,0.0
3,80,0.037617823479005996,0.060680621863141146,-0.10603501040519034,35.0,35.0,0.0
3,81,0.037948341290243603,0.06068674256334925,-0.10608397600685518,35.0,35.0,0.0
3,82,0.03759334067817358,0.06069286326355735,-0.10560044069041499,35.0,35.0,0.0
3,83,0.037887134288162566,0.060680621863141146,-0.10597992410331743,35.0,35.0,0.0
3,84,0.037519892275676335,0.06047251805606561,-0.1057963030970743,35.0,35.0,0.0
3,85,0.03765454768025462,0.060558207858979064,-0.10609009670706329,35.0,35.0,0.0
3,86,0.037703513281919454,0.060698983963765454,-0.10602276900477414,35.0,35.0,0.0
3,87,0.03766678908067082,0.06066225976251684,-0.10597992410331743,35.0,35.0,0.0
3,88,0.03785041008691394,0.06083976006855184,-0.10615742440935243,35.0,35.0,0.0
3,89,0.037929979189619295,0.060815277267719424,-0.10586975149957153,35.0,35.0,0.0
3,90,0.03766678908067082,0.060631656261476305,-0.10586363079936345,35.0,35.0,0.0
3,91,0.03766678908067082,0.060631656261476305,-0.10586363079936345,35.0,35.0,0.0
3,92,0.03754437507650875,0.06059493206022769,-0.10588199289998776,35.0,35.0,0.0
3,93,0.03766678908067082,0.060968294772922024,-0.10590035500061208,35.0,35.0,0.0
3,94,0.0377830823846248,0.06060105276043579,-0.10593707920186068,35.0,35.0,0.0
3,95,0.03768515118129514,0.06112131227812462,-0.1061207002081038,35.0,35.0,0.0
3,96,0.03759334067817358,0.06061941486106011,-0.1057840616966581,35.0,35.0,0.0
3,97,0.037715754682335664,0.060656139062308725,-0.10582078589790671,35.0,35.0,0.0
3,98,0.03767903048108704,0.06079079446688701,-0.10621251071122537,35.0,35.0,0.0
3,99,0.037391357571306155,0.06086424286938426,-0.10583914799853103,35.0,35.0,0.0
