values,,Magnetometer,Magnetometer,Magnetometer,position,position,position
axis,,x,y,z,x,y,z
Sensor,Sample,,,,,,
0,0,-0.07824703146039907,-0.04355490268086669,-0.08403109315705717,0.0,0.0,0.0
0,1,-0.0782776349614396,-0.043683437385236876,-0.0840739380585139,0.0,0.0,0.0
0,2,-0.0782776349614396,-0.043683437385236876,-0.0840739380585139,0.0,0.0,0.0
0,3,-0.07817970375810993,-0.043903782592728605,-0.08400661035622475,0.0,0.0,0.0
0,4,-0.07848573876851513,-0.04364059248378015,-0.08396988615497612,0.0,0.0,0.0
0,5,-0.07848573876851513,-0.04364059248378015,-0.08396988615497612,0.0,0.0,0.0
0,6,-0.07806341045415596,-0.04369567878565308,-0.08382298934998164,0.0,0.0,0.0
0,7,-0.07830823846248011,-0.04358550618190721,-0.08417798996205166,0.0,0.0,0.0
0,8,-0.07830823846248011,-0.04358550618190721,-0.08417798996205166,0.0,0.0,0.0
0,9,-0.0782959970620639,-0.0437324029869017,-0.08395764475455993,0.0,0.0,0.0
0,10,-0.07849185946872322,-0.043628351083363937,-0.08403109315705717,0.0,0.0,0.0
0,11,-0.07849185946872322,-0.043628351083363937,-0.08403109315705717,0.0,0.0,0.0
0,12,-0.0784428938670584,-0.04355490268086669,-0.08409842085934631,0.0,0.0,0.0
0,13,-0.07828375566164769,-0.04371404088627739,-0.08383523075039785,0.0,0.0,0.0
0,14,-0.07828375566164769,-0.04371404088627739,-0.08383523075039785,0.0,0.0,0.0
0,15,-0.07821030725915044,-0.04369567878565308,-0.0840739380585139,0.0,0.0,0.0
0,16,-0.07828987636185579,-0.043542661280450486,-0.08358428204186559,0.0,0.0,0.0
0,17,-0.07828987636185579,-0.043542661280450486,-0.08358428204186559,0.0,0.0,0.0
0,18,-0.07823479005998286,-0.04359774758232342,-0.08385971355123026,0.0,0.0,0.0
0,19,-0.07834496266372873,-0.04349369567878565,-0.08414738646101114,0.0,0.0,0.0
0,20,-0.07834496266372873,-0.04349369567878565,-0.08414738646101114,0.0,0.0,0.0
0,21,-0.07832047986289632,-0.043542661280450486,-0.08389031705227078,0.0,0.0,0.0
0,22,-0.07821030725915044,-0.04360386828253152,-0.08417186926184356,0.0,0.0,0.0
0,23,-0.07806341045415596,-0.043561023381074794,-0.08392704125351941,0.0,0.0,0.0
0,24,-0.07806341045415596,-0.043561023381074794,-0.08392704125351941,0.0,0.0,0.0
0,25,-0.0781368588566532,-0.043273350471293916,-0.08392704125351941,0.0,0.0,0.0
0,26,-0.0781307381564451,-0.043756885787734116,-0.08414738646101114,0.0,0.0,0.0
0,27,-0.0781307381564451,-0.043756885787734116,-0.08414738646101114,0.0,0.0,0.0
0,28,-0.07819194515852614,-0.04376912718815033,-0.0837679030481087,0.0,0.0,0.0
0,29,-0.07840616966580977,-0.04349981637899376,-0.08399436895580854,0.0,0.0,0.0
0,30,-0.07840616966580977,-0.04349981637899376,-0.08399436895580854,0.0,0.0,0.0
0,31,-0.07823479005998286,-0.043701799485861184,-0.08398212755539233,0.0,0.0,0.0
0,32,-0.07836944546456115,-0.04360386828253152,-0.08422083486350838,0.0,0.0,0.0
0,33,-0.07836944546456115,-0.04360386828253152,-0.08422083486350838,0.0,0.0,0.0
0,34,-0.07817970375810993,-0.04375076508752601,-0.08404333455747337,0.0,0.0,0.0
0,35,-0.07836332476435304,-0.04346921287795324,-0.08394540335414372,0.0,0.0,0.0
0,36,-0.07836332476435304,-0.04346921287795324,-0.08394540335414372,0.0,0.0,0.0
0,37,-0.0784490145672665,-0.043903782592728605,-0.084080058758722,0.0,0.0,0.0
0,38,-0.07843065246664219,-0.04366507528461256,-0.08414738646101114,0.0,0.0,0.0
0,39,-0.07843065246664219,-0.04366507528461256,-0.08414738646101114,0.0,0.0,0.0
0,40,-0.07830823846248011,-0.04353654058024238,-0.08370057534581957,0.0,0.0,0.0
0,41,-0.07843065246664219,-0.04332843677316685,-0.08388419635206268,0.0,0.0,0.0
0,42,-0.07817970375810993,-0.044001713796058266,-0.0837740237483168,0.0,0.0,0.0
0,43,-0.07817970375810993,-0.044001713796058266,-0.0837740237483168,0.0,0.0,0.0
0,44,-0.07853470437017995,-0.04360386828253152,-0.08417798996205166,0.0,0.0,0.0
0,45,-0.07831435916268821,-0.04386705839147999,-0.08368221324519524,0.0,0.0,0.0
0,46,-0.07831435916268821,-0.04386705839147999,-0.08368221324519524,0.0,0.0,0.0
0,47,-0.07824091076019096,-0.04371404088627739,-0.08396376545476802,0.0,0.0,0.0
0,48,-0.07851634226955564,-0.04383645489043946,-0.08399436895580854,0.0,0.0,0.0
0,49,-0.07851634226955564,-0.04383645489043946,-0.08399436895580854,0.0,0.0,0.0
0,50,-0.07839392826539357,-0.04359162688211531,-0.08397600685518423,0.0,0.0,0.0
0,51,-0.07815522095727752,-0.0440506793977231,-0.08421471416330029,0.0,0.0,0.0
0,52,-0.07815522095727752,-0.0440506793977231,-0.08421471416330029,0.0,0.0,0.0
0,53,-0.07817358305790181,-0.04385481699106378,-0.08388419635206268,0.0,0.0,0.0
0,54,-0.0781368588566532,-0.04343860937691272,-0.08415350716121925,0.0,0.0,0.0
0,55,-0.0781368588566532,-0.04343860937691272,-0.08415350716121925,0.0,0.0,0.0
0,56,-0.07819194515852614,-0.043561023381074794,-0.08401273105643285,0.0,0.0,0.0
0,57,-0.07819194515852614,-0.043701799485861184,-0.08417798996205166,0.0,0.0,0.0
0,58,-0.07819194515852614,-0.043701799485861184,-0.08417798996205166,0.0,0.0,0.0
0,59,-0.07852246296976374,-0.04376912718815033,-0.08411066225976252,0.0,0.0,0.0
0,60,-0.0782715142612315,-0.043548781980658584,-0.08415350716121925,0.0,0.0,0.0
0,61,-0.0782715142612315,-0.04358550618190721,-0.08401885175664095,0.0,0.0,0.0
0,62,-0.0784367731668503,-0.04358550618190721,-0.08401885175664095,0.0,0.0,0.0
0,63,-0.07852246296976374,-0.04346309217774513,-0.08400661035622475,0.0,0.0,0.0
0,64,-0.07836332476435304,-0.04384869629085568,-0.08379238584894112,0.0,0.0,0.0
0,65,-0.07836332476435304,-0.04384869629085568,-0.08379238584894112,0.0,0.0,0.0
0,66,-0.0782715142612315,-0.04374464438731791,-0.0840861794589301,0.0,0.0,0.0
0,67,-0.0784367731668503,-0.043658954584404455,-0.08385359285102215,0.0,0.0,0.0
0,68,-0.0784367731668503,-0.043658954584404455,-0.08385359285102215,0.0,0.0,0.0
0,69,-0.07831435916268821,-0.04353654058024238,-0.0840923001591382,0.0,0.0,0.0
0,70,-0.07836332476435304,-0.04375076508752601,-0.0839392826539356,0.0,0.0,0.0
0,71,-0.07836332476435304,-0.04375076508752601,-0.0839392826539356,0.0,0.0,0.0
0,72,-0.07817970375810993,-0.04380585138939895,-0.084080058758722,0.0,0.0,0.0
0,73,-0.07835720406414494,-0.043671195984820665,-0.08443505937079201,0.0,0.0,0.0
0,74,-0.07835720406414494,-0.043671195984820665,-0.08443505937079201,0.0,0.0,0.0
0,75,-0.07814297955686131,-0.04370792018606929,-0.08428816256579753,0.0,0.0,0.0
0,76,-0.07825927286081527,-0.04369567878565308,-0.0839086791528951,0.0,0.0,0.0
0,77,-0.07825927286081527,-0.04369567878565308,-0.0839086791528951,0.0,0.0,0.0
0,78,-0.07837556616476925,-0.04347533357816134,-0.0837679030481087,0.0,0.0,0.0
0,79,-0.07838780756518546,-0.04403231729709879,-0.08400661035622475,0.0,0.0,0.0
0,80,-0.07838780756518546,-0.04403231729709879,-0.08400661035622475,0.0,0.0,0.0
0,81,-0.07823479005998286,-0.043346798873791156,-0.08379850654914922,0.0,0.0,0.0
0,82,-0.07833884196352062,-0.04336516097441547,-0.08415350716121925,0.0,0.0,0.0
0,83,-0.07833884196352062,-0.04336516097441547,-0.08417798996205166,0.0,0.0,0.0
0,84,-0.07833884196352062,-0.043683437385236876,-0.08417798996205166,0.0,0.0,0.0
0,85,-0.07825315216060717,-0.04370792018606929,-0.08415350716121925,0.0,0.0,0.0
0,86,-0.07834496266372873,-0.04360998898273963,-0.0837434202472763,0.0,0.0,0.0
0,87,-0.07834496266372873,-0.04360998898273963,-0.0837434202472763,0.0,0.0,0.0
0,88,-0.07841229036601786,-0.04348145427836945,-0.0842453176643408,0.0,0.0,0.0
0,89,-0.0781307381564451,-0.04342024727628841,-0.08353531644020076,0.0,0.0,0.0
0,90,-0.0781307381564451,-0.04342024727628841,-0.08353531644020076,0.0,0.0,0.0
0,91,-0.07828987636185579,-0.04362223038315584,-0.0839209205533113,0.0,0.0,0.0
0,92,-0.07816134165748562,-0.043542661280450486,-0.08400048965601666,0.0,0.0,0.0
0,93,-0.07816134165748562,-0.043542661280450486,-0.08400048965601666,0.0,0.0,0.0
0,94,-0.07835108336393684,-0.043542661280450486,-0.08386583425143837,0.0,0.0,0.0
0,95,-0.07803892765332354,-0.04349981637899376,-0.08331497123270902,0.0,0.0,0.0
0,96,-0.07803892765332354,-0.04349981637899376,-0.08331497123270902,0.0,0.0,0.0
0,97,-0.07843065246664219,-0.04353654058024238,-0.08400661035622475,0.0,0.0,0.0
0,98,-0.07828375566164769,-0.043756885787734116,-0.08415962786142735,0.0,0.0,0.0
0,99,-0.07828375566164769,-0.043756885787734116,-0.08415962786142735,0.0,0.0,0.0
1,0,0.053213367609254505,-0.05167095115681234,-0.07575590647570082,35.0,0.0,0.0
1,1,0.05326233321091933,-0.05156689925327458,-0.07593952748194394,35.0,0.0,0.0
1,2,0.05326233321091933,-0.05156689925327458,-0.07593952748194394,35.0,0.0,0.0
1,3,0.05313991920675726,-0.051511812951401635,-0.07589056188027911,35.0,0.0,0.0
1,4,0.05295017750030604,-0.05133431264536663,-0.07597013098298445,35.0,0.0,0.0
1,5,0.05312767780634105,-0.05137715754682336,-0.07587219977965479,35.0,0.0,0.0
1,6,0.05312767780634105,-0.05137715754682336,-0.07587219977965479,35.0,0.0,0.0
1,7,0.053219488309462604,-0.05159750275431509,-0.0757375443750765,35.0,0.0,0.0
1,8,0.05310931570571673,-0.05136491614640715,-0.07592728608152773,35.0,0.0,0.0
1,9,0.05310931570571673,-0.05136491614640715,-0.07592728608152773,35.0,0.0,0.0
1,10,0.053133798506549146,-0.05153017505202595,-0.07587219977965479,35.0,0.0,0.0
1,11,0.05325009181050312,-0.05134043334557473,-0.0760435793854817,35.0,0.0,0.0
1,12,0.05325009181050312,-0.05134043334557473,-0.0760435793854817,35.0,0.0,0.0
1,13,0.05323172970987881,-0.05135879544619905,-0.07581099277757375,35.0,0.0,0.0
1,14,0.05304198800342759,-0.05158526135389888,-0.07589056188027911,35.0,0.0,0.0
1,15,0.05304198800342759,-0.05158526135389888,-0.07589056188027911,35.0,0.0,0.0
1,16,0.05309095360509243,-0.05104663973558575,-0.07583547557840617,35.0,0.0,0.0
1,17,0.0530542294038438,-0.05148733015056922,-0.07562125107112254,35.0,0.0,0.0
1,18,0.05323172970987881,-0.05132207124495042,-0.07611702778797894,35.0,0.0,0.0
1,19,0.05323172970987881,-0.05132207124495042,-0.07611702778797894,35.0,0.0,0.0
1,20,0.053035867303219485,-0.05133431264536663,-0.07601909658464928,35.0,0.0,0.0
1,21,0.053286816011751746,-0.0512792263434937,-0.07581099277757375,35.0,0.0,0.0
1,22,0.053286816011751746,-0.0512792263434937,-0.07581099277757375,35.0,0.0,0.0
1,23,0.0530481087036357,-0.051150691639123516,-0.07600685518423309,35.0,0.0,0.0
1,24,0.05332354021300036,-0.05149957155098543,-0.07575590647570082,35.0,0.0,0.0
1,25,0.05332354021300036,-0.05149957155098543,-0.07575590647570082,35.0,0.0,0.0
1,26,0.053146039906965356,-0.051095605337250584,-0.07623944179214101,35.0,0.0,0.0
1,27,0.05335414371404089,-0.05124862284245317,-0.07593340678173584,35.0,0.0,0.0
1,28,0.05335414371404089,-0.05124862284245317,-0.07593340678173584,35.0,0.0,0.0
1,29,0.05336638511445709,-0.05146284734973681,-0.07571918227445221,35.0,0.0,0.0
1,30,0.052919573999265515,-0.051150691639123516,-0.07611090708777084,35.0,0.0,0.0
1,31,0.05315216060717346,-0.05156077855306647,-0.07575590647570082,35.0,0.0,0.0
1,32,0.05315216060717346,-0.05156077855306647,-0.07575590647570082,35.0,0.0,0.0
1,33,0.05312155710613294,-0.05148733015056922,-0.07579875137715755,35.0,0.0,0.0
1,34,0.05331129881258416,-0.051591382054106995,-0.07585995837923859,35.0,0.0,0.0
1,35,0.05331129881258416,-0.051591382054106995,-0.07585995837923859,35.0,0.0,0.0
1,36,0.0530481087036357,-0.05134655404578283,-0.07590892398090342,35.0,0.0,0.0
1,37,0.05309095360509243,-0.051303709144326116,-0.07565185457216306,35.0,0.0,0.0
1,38,0.05309095360509243,-0.051303709144326116,-0.07565185457216306,35.0,0.0,0.0
1,39,0.05318276410821397,-0.0512853470437018,-0.07587219977965479,35.0,0.0,0.0
1,40,0.05326233321091933,-0.051554657852858364,-0.07568857877341167,35.0,0.0,0.0
1,41,0.05326233321091933,-0.05312155710613294,-0.07561513037091443,35.0,0.0,0.0
1,42,0.053078712204676214,-0.0517750030603501,-0.07561513037091443,35.0,0.0,0.0
1,43,0.053133798506549146,-0.05143224384869629,-0.07591504468111152,35.0,0.0,0.0
1,44,0.05299914310197087,-0.05161586485493941,-0.0760435793854817,35.0,0.0,0.0
1,45,0.05299914310197087,-0.05161586485493941,-0.0760435793854817,35.0,0.0,0.0
1,46,0.053133798506549146,-0.05164646835597993,-0.0758783204798629,35.0,0.0,0.0
1,47,0.05336638511445709,-0.05153017505202595,-0.07593340678173584,35.0,0.0,0.0
1,48,0.05336638511445709,-0.05153017505202595,-0.07593340678173584,35.0,0.0,0.0
1,49,0.05333578161341658,-0.051371036846615245,-0.07598849308360876,35.0,0.0,0.0
1,50,0.05301750520259517,-0.05135879544619905,-0.07595176888236013,35.0,0.0,0.0
1,51,0.05301750520259517,-0.05135879544619905,-0.07595176888236013,35.0,0.0,0.0
1,52,0.05326233321091933,-0.051169053739747825,-0.07630064879422206,35.0,0.0,0.0
1,53,0.05309095360509243,-0.05153017505202595,-0.07586607907944669,35.0,0.0,0.0
1,54,0.05309095360509243,-0.05153017505202595,-0.07583547557840617,35.0,0.0,0.0
1,55,0.05294405680009793,-0.0514567266495287,-0.07583547557840617,35.0,0.0,0.0
1,56,0.05301750520259517,-0.051621985555147507,-0.07593340678173584,35.0,0.0,0.0
1,57,0.05290121189864121,-0.051407761047863876,-0.07596401028277636,35.0,0.0,0.0
1,58,0.05290121189864121,-0.051407761047863876,-0.07596401028277636,35.0,0.0,0.0
1,59,0.053219488309462604,-0.051438364548904394,-0.07583547557840617,35.0,0.0,0.0
1,60,0.05313991920675726,-0.05127310564328559,-0.07559676827029013,35.0,0.0,0.0
1,61,0.05313991920675726,-0.05127310564328559,-0.07559676827029013,35.0,0.0,0.0
1,62,0.05309707430530053,-0.05163422695556371,-0.07592728608152773,35.0,0.0,0.0
1,63,0.05326845391112743,-0.051511812951401635,-0.07570082017382788,35.0,0.0,0.0
1,64,0.05326845391112743,-0.051511812951401635,-0.07570082017382788,35.0,0.0,0.0
1,65,0.05319500550863019,-0.051511812951401635,-0.07576202717590892,35.0,0.0,0.0
1,66,0.05290733259884931,-0.0511323295384992,-0.07563961317174685,35.0,0.0,0.0
1,67,0.05290733259884931,-0.0511323295384992,-0.07582935487819806,35.0,0.0,0.0
1,68,0.05316440200758967,-0.05158526135389888,-0.07582935487819806,35.0,0.0,0.0
1,69,0.053188884808422085,-0.05124250214224507,-0.07562737177133064,35.0,0.0,0.0
1,70,0.05333578161341658,-0.05181784796180683,-0.0757253029746603,35.0,0.0,0.0
1,71,0.05333578161341658,-0.05181784796180683,-0.0757253029746603,35.0,0.0,0.0
1,72,0.053133798506549146,-0.051303709144326116,-0.07589668258048721,35.0,0.0,0.0
1,73,0.05324397111029502,-0.0512792263434937,-0.07560900967070633,35.0,0.0,0.0
1,74,0.05324397111029502,-0.0512792263434937,-0.07560900967070633,35.0,0.0,0.0
1,75,0.05301750520259517,-0.051371036846615245,-0.07594564818215203,35.0,0.0,0.0
1,76,0.05320724690904639,-0.05156689925327458,-0.07564573387195496,35.0,0.0,0.0
1,77,0.05320724690904639,-0.05156689925327458,-0.07564573387195496,35.0,0.0,0.0
1,78,0.05315828130738156,-0.05153017505202595,-0.07593952748194394,35.0,0.0,0.0
1,79,0.05309707430530053,-0.05148120945036112,-0.07575590647570082,35.0,0.0,0.0
1,80,0.05309707430530053,-0.05148120945036112,-0.07575590647570082,35.0,0.0,0.0
1,81,0.05325009181050312,-0.051548537152650266,-0.07581099277757375,35.0,0.0,0.0
1,82,0.05317052270779778,-0.05154241645244216,-0.07592728608152773,35.0,0.0,0.0
1,83,0.05315216060717346,-0.051609744154731296,-0.07586607907944669,35.0,0.0,0.0
1,84,0.05315216060717346,-0.051609744154731296,-0.07586607907944669,35.0,0.0,0.0
1,85,0.05323172970987881,-0.05148733015056922,-0.07585383767903048,35.0,0.0,0.0
1,86,0.05294405680009793,-0.05137715754682336,-0.07595788958256824,35.0,0.0,0.0
1,87,0.05294405680009793,-0.05137715754682336,-0.07595788958256824,35.0,0.0,0.0
1,88,0.05301750520259517,-0.05142000244828008,-0.07575590647570082,35.0,0.0,0.0
1,89,0.05304198800342759,-0.05140164034765578,-0.07585995837923859,35.0,0.0,0.0
1,90,0.05304198800342759,-0.05140164034765578,-0.07585995837923859,35.0,0.0,0.0
1,91,0.053115436405924844,-0.05143224384869629,-0.07568245807320358,35.0,0.0,0.0
1,92,0.05302362590280328,-0.05118741584037214,-0.07568857877341167,35.0,0.0,0.0
1,93,0.05302362590280328,-0.05118741584037214,-0.07603133798506549,35.0,0.0,0.0
1,94,0.05306647080426,-0.05127310564328559,-0.07603133798506549,35.0,0.0,0.0
1,95,0.053035867303219485,-0.05142000244828008,-0.07606806218631411,35.0,0.0,0.0
1,96,0.053329660913208475,-0.051407761047863876,-0.07618435549026809,35.0,0.0,0.0
1,97,0.053329660913208475,-0.051407761047863876,-0.07618435549026809,35.0,0.0,0.0
1,98,0.052993022401762756,-0.051407761047863876,-0.07609254498714653,35.0,0.0,0.0
1,99,0.05317052270779778,-0.05185457216305546,-0.07589056188027911,35.0,0.0,0.0
2,0,-0.03894601542416452,0.059144326110907086,-0.03414738646101114,0.0,35.0,0.0
2,1,-0.03894601542416452,0.059144326110907086,-0.03414738646101114,0.0,35.0,0.0
2,2,-0.03902558452686987,0.05887501530175052,-0.03395152405435182,0.0,35.0,0.0
2,3,-0.03909291222915902,0.05910148120945036,-0.033816868649773534,0.0,35.0,0.0
2,4,-0.03909291222915902,0.05910148120945036,-0.033816868649773534,0.0,35.0,0.0
2,5,-0.03908067082874281,0.059150446811115184,-0.03399436895580855,0.0,35.0,0.0
2,6,-0.039001101726037456,0.05881992899987759,-0.03373117884686008,0.0,35.0,0.0
2,7,-0.03895213612437263,0.058801566899253276,-0.03446566287183254,0.0,35.0,0.0
2,8,-0.03895213612437263,0.058801566899253276,-0.03446566287183254,0.0,35.0,0.0
2,9,-0.03899498102582936,0.05904027420736933,-0.0339209205533113,0.0,35.0,0.0
2,10,-0.03931325743665075,0.05913820541069899,-0.03373729954706818,0.0,35.0,0.0
2,11,-0.03931325743665075,0.05913820541069899,-0.03373729954706818,0.0,35.0,0.0
2,12,-0.03900722242624556,0.058972946505080184,-0.033645489043946625,0.0,35.0,0.0
2,13,-0.03897661892520504,0.059144326110907086,-0.0342453176643408,0.0,35.0,0.0
2,14,-0.03897661892520504,0.059144326110907086,-0.0342453176643408,0.0,35.0,0.0
2,15,-0.03897661892520504,0.05909536050924226,-0.03393928265393561,0.0,35.0,0.0
2,16,-0.0390745501285347,0.05931570571673399,-0.033774023748316805,0.0,35.0,0.0
2,17,-0.0390745501285347,0.05931570571673399,-0.033774023748316805,0.0,35.0,0.0
2,18,-0.03903782592728608,0.05904027420736933,-0.03386583425143837,0.0,35.0,0.0
2,19,-0.03879911861917003,0.05918105031215572,-0.033700575345819564,0.0,35.0,0.0
2,20,-0.03879911861917003,0.05918105031215572,-0.033700575345819564,0.0,35.0,0.0
2,21,-0.03894601542416452,0.05925449871465296,-0.03373729954706818,0.0,35.0,0.0
2,22,-0.03896437752478883,0.058972946505080184,-0.03365160974415473,0.0,35.0,0.0
2,23,-0.03906230872811849,0.05896070510466397,-0.03374954094748439,0.0,35.0,0.0
2,24,-0.03906230872811849,0.05896070510466397,-0.03374954094748439,0.0,35.0,0.0
2,25,-0.03903170522707798,0.05913820541069899,-0.03381074794956543,0.0,35.0,0.0
2,26,-0.038897049822499696,0.05924225731423675,-0.033608764842698,0.0,35.0,0.0
2,27,-0.038897049822499696,0.05924225731423675,-0.033608764842698,0.0,35.0,0.0
2,28,-0.03880523931937814,0.058948463704247764,-0.033774023748316805,0.0,35.0,0.0
2,29,-0.03887868772187538,0.05881992899987759,-0.033700575345819564,0.0,35.0,0.0
2,30,-0.03887868772187538,0.05881992899987759,-0.033700575345819564,0.0,35.0,0.0
2,31,-0.03903782592728608,0.058770963398212764,-0.03378014444852491,0.0,35.0,0.0
2,32,-0.038915411923124005,0.059076998408617944,-0.03372505814665198,0.0,35.0,0.0
2,33,-0.038915411923124005,0.059076998408617944,-0.03372505814665198,0.0,35.0,0.0
2,34,-0.03885420492104297,0.05930958501652589,-0.03352307503978455,0.0,35.0,0.0
2,35,-0.03900722242624556,0.058905618802791035,-0.033443505937079204,0.0,35.0,0.0
2,36,-0.03900722242624556,0.058905618802791035,-0.03369445464561146,0.0,35.0,0.0
2,37,-0.03893989472395642,0.058942343004039666,-0.03369445464561146,0.0,35.0,0.0
2,38,-0.03892153262333211,0.05883829110050189,-0.03378014444852491,0.0,35.0,0.0
2,39,-0.03919084343248867,0.059156567511323296,-0.033859713551230256,0.0,35.0,0.0
2,40,-0.03919084343248867,0.059156567511323296,-0.033859713551230256,0.0,35.0,0.0
2,41,-0.038884808422083486,0.05920553311298813,-0.03372505814665198,0.0,35.0,0.0
2,42,-0.03890929122291591,0.058936222303831554,-0.033633247643530415,0.0,35.0,0.0
2,43,-0.03890929122291591,0.058936222303831554,-0.033633247643530415,0.0,35.0,0.0
2,44,-0.038927653323540215,0.05905251560778553,-0.033767903048108706,0.0,35.0,0.0
2,45,-0.03894601542416452,0.05896682580487208,-0.033859713551230256,0.0,35.0,0.0
2,46,-0.03894601542416452,0.05896682580487208,-0.033859713551230256,0.0,35.0,0.0
2,47,-0.03925817113477782,0.059046394907577425,-0.03365160974415473,0.0,35.0,0.0
2,48,-0.03903782592728608,0.05895458440445587,-0.03362100624311421,0.0,35.0,0.0
2,49,-0.03902558452686987,0.059174929611947605,-0.03383523075039784,0.0,35.0,0.0
2,50,-0.03902558452686987,0.059174929611947605,-0.03383523075039784,0.0,35.0,0.0
2,51,-0.03917860203207247,0.05885053250091811,-0.03357204064144938,0.0,35.0,0.0
2,52,-0.03903782592728608,0.05889949810258294,-0.033859713551230256,0.0,35.0,0.0
2,53,-0.03903782592728608,0.05889949810258294,-0.033859713551230256,0.0,35.0,0.0
2,54,-0.038903170522707795,0.059150446811115184,-0.03371281674623577,0.0,35.0,0.0
2,55,-0.03908067082874281,0.05934630921777452,-0.033688333945403354,0.0,35.0,0.0
2,56,-0.03908067082874281,0.05934630921777452,-0.033688333945403354,0.0,35.0,0.0
2,57,-0.038970498224996944,0.05924225731423675,-0.03357816134165749,0.0,35.0,0.0
2,58,-0.03893377402374832,0.05899130860570449,-0.033774023748316805,0.0,35.0,0.0
2,59,-0.03893377402374832,0.05899130860570449,-0.033774023748316805,0.0,35.0,0.0
2,60,-0.038884808422083486,0.05891786020320725,-0.03401885175664096,0.0,35.0,0.0
2,61,-0.03895213612437263,0.05889949810258294,-0.033455747337495415,0.0,35.0,0.0
2,62,-0.03895213612437263,0.05889949810258294,-0.033455747337495415,0.0,35.0,0.0
2,63,-0.039141877830823846,0.059297343616109686,-0.03398212755539234,0.0,35.0,0.0
2,64,-0.038860325621251066,0.05919329171257191,-0.033829110050189744,0.0,35.0,0.0
2,65,-0.03923980903415351,0.05905251560778553,-0.03406781735830579,0.0,35.0,0.0
2,66,-0.03923980903415351,0.05905251560778553,-0.03406781735830579,0.0,35.0,0.0
2,67,-0.039141877830823846,0.05871587709633982,-0.03373117884686008,0.0,35.0,0.0
2,68,-0.03916023993144816,0.059083119108826056,-0.03363936834373853,0.0,35.0,0.0
2,69,-0.03916023993144816,0.059083119108826056,-0.03363936834373853,0.0,35.0,0.0
2,70,-0.03920920553311299,0.0591626882115314,-0.03350471293916024,0.0,35.0,0.0
2,71,-0.038860325621251066,0.058660790794466885,-0.033755661647692496,0.0,35.0,0.0
2,72,-0.038860325621251066,0.058660790794466885,-0.033755661647692496,0.0,35.0,0.0
2,73,-0.03911127432978333,0.05881992899987759,-0.03374342024727629,0.0,35.0,0.0
2,74,-0.03871342881625658,0.05920553311298813,-0.03381074794956543,0.0,35.0,0.0
2,75,-0.03871342881625658,0.05920553311298813,-0.03381074794956543,0.0,35.0,0.0
2,76,-0.03896437752478883,0.05905863630799364,-0.03374342024727629,0.0,35.0,0.0
2,77,-0.03893989472395642,0.058936222303831554,-0.033767903048108706,0.0,35.0,0.0
2,78,-0.03893989472395642,0.058936222303831554,-0.033559799241033174,0.0,35.0,0.0
2,79,-0.03903782592728608,0.05907087770840984,-0.033559799241033174,0.0,35.0,0.0
2,80,-0.038970498224996944,0.05906475700820174,-0.033608764842698,0.0,35.0,0.0
2,81,-0.039154119231240056,0.05913208471049088,-0.03373117884686008,0.0,35.0,0.0
2,82,-0.039154119231240056,0.05913208471049088,-0.03373117884686008,0.0,35.0,0.0
2,83,-0.03932549883706696,0.059144326110907086,-0.03402497245684906,0.0,35.0,0.0
2,84,-0.03884808422083486,0.05897906720528828,-0.033559799241033174,0.0,35.0,0.0
2,85,-0.03884808422083486,0.05897906720528828,-0.033559799241033174,0.0,35.0,0.0
2,86,-0.039172481331864364,0.05906475700820174,-0.033767903048108706,0.0,35.0,0.0
2,87,-0.038915411923124005,0.05913820541069899,-0.03347410943811972,0.0,35.0,0.0
2,88,-0.038915411923124005,0.05913820541069899,-0.03347410943811972,0.0,35.0,0.0
2,89,-0.03897661892520504,0.05889949810258294,-0.03401885175664096,0.0,35.0,0.0
2,90,-0.03892153262333211,0.05911372260986657,-0.033957644754559924,0.0,35.0,0.0
2,91,-0.03892153262333211,0.05911372260986657,-0.033957644754559924,0.0,35.0,0.0
2,92,-0.03894601542416452,0.05919329171257191,-0.033829110050189744,0.0,35.0,0.0
2,93,-0.03895213612437263,0.05925449871465296,-0.03384135145060595,0.0,35.0,0.0
2,94,-0.03914799853103195,0.05930346431631779,-0.033657730444362835,0.0,35.0,0.0
2,95,-0.03914799853103195,0.05930346431631779,-0.033657730444362835,0.0,35.0,0.0
2,96,-0.038970498224996944,0.058930101603623455,-0.033455747337495415,0.0,35.0,0.0
2,97,-0.03905006732770229,0.05881380829966948,-0.03379850654914922,0.0,35.0,0.0
2,98,-0.03905006732770229,0.05881380829966948,-0.03379850654914922,0.0,35.0,0.0
2,99,-0.03882360142000245,0.05913208471049088,-0.03371281674623577,0.0,35.0,0.0
3,0,0.02919573999265516,0.08040763863385972,-0.0799057412167952,35.0,35.0,0.0
3,1,0.02934875749785775,0.08035867303219488,-0.07991798261721142,35.0,35.0,0.0
3,2,0.02916513649161464,0.08057901823968662,-0.07978944791284123,35.0,35.0,0.0
3,3,0.02916513649161464,0.08057901823968662,-0.07978944791284123,35.0,35.0,0.0
3,4,0.029171257191822748,0.08022401762761659,-0.07983229281429796,35.0,35.0,0.0
3,5,0.029385481699106382,0.08032194883094626,-0.07982617211408985,35.0,35.0,0.0
3,6,0.029281429795568616,0.08029746603011384,-0.08001591382054107,35.0,35.0,0.0
3,7,0.029281429795568616,0.08029746603011384,-0.08001591382054107,35.0,35.0,0.0
3,8,0.029238584894111887,0.08053617333822989,-0.07967315460888726,35.0,35.0,0.0
3,9,0.029091688089117395,0.08048720773656506,-0.08002815522095727,35.0,35.0,0.0
3,10,0.029091688089117395,0.08048720773656506,-0.08002815522095727,35.0,35.0,0.0
3,11,0.029367119598482067,0.08019341412657607,-0.08003427592116538,35.0,35.0,0.0
3,12,0.02919573999265516,0.08032194883094626,-0.08010160362345452,35.0,35.0,0.0
3,13,0.02919573999265516,0.08032194883094626,-0.08010160362345452,35.0,35.0,0.0
3,14,0.02944056800097931,0.08036479373240299,-0.07983841351450606,35.0,35.0,0.0
3,15,0.029287550495776714,0.08026074182886522,-0.07997306891908434,35.0,35.0,0.0
3,16,0.029287550495776714,0.08026074182886522,-0.07997306891908434,35.0,35.0,0.0
3,17,0.029299791896192924,0.08034031093157057,-0.080071000122414,35.0,35.0,0.0
3,18,0.029471171502019833,0.08027910392948953,-0.08000367242012486,35.0,35.0,0.0
3,19,0.029452809401395517,0.08015668992532746,-0.0802362590280328,35.0,35.0,0.0
3,20,0.029452809401395517,0.08015668992532746,-0.0802362590280328,35.0,35.0,0.0
3,21,0.029458930101603626,0.08041988003427593,-0.07992410331741952,35.0,35.0,0.0
3,22,0.029287550495776714,0.08032194883094626,-0.08000979312033296,35.0,35.0,0.0
3,23,0.029287550495776714,0.08032194883094626,-0.08000979312033296,35.0,35.0,0.0
3,24,0.029336516097441544,0.0804015179336516,-0.0798996205165871,35.0,35.0,0.0
3,25,0.029061084588076873,0.07999755171991677,-0.07993634471783571,35.0,35.0,0.0
3,26,0.029061084588076873,0.07999755171991677,-0.07993634471783571,35.0,35.0,0.0
3,27,0.029336516097441544,0.08002815522095727,-0.0798996205165871,35.0,35.0,0.0
3,28,0.029342636797649653,0.07994858611825192,-0.07996694821887625,35.0,35.0,0.0
3,29,0.029342636797649653,0.07994858611825192,-0.07996694821887625,35.0,35.0,0.0
3,30,0.02916513649161464,0.08024237972824091,-0.07984453421471416,35.0,35.0,0.0
3,31,0.02944668870118742,0.08035255233198678,-0.07993634471783571,35.0,35.0,0.0
3,32,0.029299791896192924,0.08019953482678419,-0.07996694821887625,35.0,35.0,0.0
3,33,0.029299791896192924,0.08019953482678419,-0.07996694821887625,35.0,35.0,0.0
3,34,0.02913453299057412,0.08041988003427593,-0.08022401762761659,35.0,35.0,0.0
3,35,0.029281429795568616,0.08018117272615988,-0.08027910392948953,35.0,35.0,0.0
3,36,0.029281429795568616,0.08018117272615988,-0.08027910392948953,35.0,35.0,0.0
3,37,0.02921410209327947,0.08033419023136247,-0.08005263802178969,35.0,35.0,0.0
3,38,0.029238584894111887,0.08018729342636798,-0.07982005141388174,35.0,35.0,0.0
3,39,0.029238584894111887,0.08018729342636798,-0.07982005141388174,35.0,35.0,0.0
3,40,0.02934875749785775,0.08019953482678419,-0.0798996205165871,35.0,35.0,0.0
3,41,0.02934875749785775,0.08027298322928142,-0.07966703390867916,35.0,35.0,0.0
3,42,0.02934875749785775,0.08027298322928142,-0.07966703390867916,35.0,35.0,0.0
3,43,0.02943444730077121,0.08011384502387073,-0.07983841351450606,35.0,35.0,0.0
3,44,0.029367119598482067,0.0802056555269923,-0.08019953482678419,35.0,35.0,0.0
3,45,0.029330395397233443,0.08016893132574367,-0.08010160362345452,35.0,35.0,0.0
3,46,0.029330395397233443,0.08016893132574367,-0.08010160362345452,35.0,35.0,0.0
3,47,0.029226343493695676,0.08035255233198678,-0.07992410331741952,35.0,35.0,0.0
3,48,0.029367119598482067,0.08033419023136247,-0.0798996205165871,35.0,35.0,0.0
3,49,0.029367119598482067,0.08033419023136247,-0.0798996205165871,35.0,35.0,0.0
3,50,0.029471171502019833,0.08016893132574367,-0.07979556861304933,35.0,35.0,0.0
3,51,0.029428326600563104,0.08033419023136247,-0.08016281062553557,35.0,35.0,0.0
3,52,0.029428326600563104,0.08033419023136247,-0.08016281062553557,35.0,35.0,0.0
3,53,0.029293671195984822,0.08043212143469212,-0.07991798261721142,35.0,35.0,0.0
3,54,0.029079446688701188,0.08029746603011384,-0.08000367242012486,35.0,35.0,0.0
3,55,0.029079446688701188,0.08029746603011384,-0.08000367242012486,35.0,35.0,0.0
3,56,0.029330395397233443,0.08026686252907332,-0.07962418900722243,35.0,35.0,0.0
3,57,0.028999877585995835,0.0802178969274085,-0.07979556861304933,35.0,35.0,0.0
3,58,0.029110050189741703,0.08016893132574367,-0.08010160362345452,35.0,35.0,0.0
3,59,0.029110050189741703,0.08016893132574367,-0.08010160362345452,35.0,35.0,0.0
3,60,0.02944056800097931,0.08051781123760558,-0.07967927530909537,35.0,35.0,0.0
3,61,0.029171257191822748,0.08029134532990574,-0.07999755171991677,35.0,35.0,0.0
3,62,0.029171257191822748,0.08029134532990574,-0.07999755171991677,35.0,35.0,0.0
3,63,0.029342636797649653,0.0803892765332354,-0.07991186191700331,35.0,35.0,0.0
3,64,0.02912229159015791,0.08030358673032195,-0.080071000122414,35.0,35.0,0.0
3,65,0.02912229159015791,0.08030358673032195,-0.080071000122414,35.0,35.0,0.0
3,66,0.029477292202227934,0.08026074182886522,-0.07991798261721142,35.0,35.0,0.0
3,67,0.029342636797649653,0.0803831558330273,-0.079893499816379,35.0,35.0,0.0
3,68,0.029342636797649653,0.0803831558330273,-0.079893499816379,35.0,35.0,0.0
3,69,0.029207981393071368,0.08035867303219488,-0.07996694821887625,35.0,35.0,0.0
3,70,0.029244705594319992,0.08003427592116538,-0.07979556861304933,35.0,35.0,0.0
3,71,0.028785653078712205,0.08026686252907332,-0.07995470681846004,35.0,35.0,0.0
3,72,0.028785653078712205,0.08026686252907332,-0.07995470681846004,35.0,35.0,0.0
3,73,0.029367119598482067,0.08062798384135145,-0.07986289631533847,35.0,35.0,0.0
3,74,0.02936099889827396,0.08041988003427593,-0.07985065491492227,35.0,35.0,0.0
3,75,0.02936099889827396,0.08041988003427593,-0.07985065491492227,35.0,35.0,0.0
3,76,0.029079446688701188,0.08043212143469212,-0.07994858611825192,35.0,35.0,0.0
3,77,0.029232464193903785,0.08031582813073815,-0.07992410331741952,35.0,35.0,0.0
3,78,0.029232464193903785,0.08031582813073815,-0.07992410331741952,35.0,35.0,0.0
3,79,0.02935487819806586,0.08029134532990574,-0.08003427592116538,35.0,35.0,0.0
3,80,0.029367119598482067,0.08002815522095727,-0.07982617211408985,35.0,35.0,0.0
3,81,0.029367119598482067,0.08002815522095727,-0.07982617211408985,35.0,35.0,0.0
3,82,0.029385481699106382,0.08011384502387073,-0.07997918961929244,35.0,35.0,0.0
3,83,0.029110050189741703,0.0807136736442649,-0.07991186191700331,35.0,35.0,0.0
3,84,0.02917737789203085,0.08010772432366263,-0.07996694821887625,35.0,35.0,0.0
3,85,0.02917737789203085,0.08010772432366263,-0.07996694821887625,35.0,35.0,0.0
3,86,0.028993756885787737,0.08019341412657607,-0.07996694821887625,35.0,35.0,0.0
3,87,0.029232464193903785,0.0800648794222059,-0.08007712082262211,35.0,35.0,0.0
3,88,0.029232464193903785,0.0800648794222059,-0.08007712082262211,35.0,35.0,0.0
3,89,0.029250826294528093,0.08009548292324642,-0.07993634471783571,35.0,35.0,0.0
3,90,0.029379360998898273,0.08029746603011384,-0.0798996205165871,35.0,35.0,0.0
3,91,0.029379360998898273,0.08029746603011384,-0.0798996205165871,35.0,35.0,0.0
3,92,0.029275309095360507,0.08026074182886522,-0.0802178969274085,35.0,35.0,0.0
3,93,0.02922022279348758,0.0802301383278247,-0.07985677561513037,35.0,35.0,0.0
3,94,0.02922022279348758,0.0802301383278247,-0.07985677561513037,35.0,35.0,0.0
3,95,0.029091688089117395,0.08019953482678419,-0.08001591382054107,35.0,35.0,0.0
3,96,0.029226343493695676,0.08035255233198678,-0.07975884441180071,35.0,35.0,0.0
3,97,0.0292630676949443,0.08045660423552455,-0.07974048231117639,35.0,35.0,0.0
3,98,0.0292630676949443,0.08045660423552455,-0.07974048231117639,35.0,35.0,0.0
3,99,0.029207981393071368,0.08030358673032195,-0.07999143101970865,35.0,35.0,0.0
