values,,Magnetometer,Magnetometer,Magnetometer,position,position,position
axis,,x,y,z,x,y,z
Sensor,Sample,,,,,,
0,0,-0.059468723221936595,-0.040292569469947366,-0.07191822744521972,0.0,0.0,0.0
0,1,-0.05962174072713918,-0.0403598971722365,-0.07191210674501163,0.0,0.0,0.0
0,2,-0.05935855061819072,-0.04010282776349615,-0.07162443383523075,0.0,0.0,0.0
0,3,-0.05935855061819072,-0.04010282776349615,-0.07162443383523075,0.0,0.0,0.0
0,4,-0.05949932672297711,-0.04014567266495287,-0.0718631411433468,0.0,0.0,0.0
0,5,-0.05949932672297711,-0.040439466274941854,-0.0717162443383523,0.0,0.0,0.0
0,6,-0.05949932672297711,-0.040439466274941854,-0.0717162443383523,0.0,0.0,0.0
0,7,-0.05951768882360142,-0.0403476557718203,-0.07172236503856042,0.0,0.0,0.0
0,8,-0.059603378626514866,-0.04042110417431754,-0.07177745134043334,0.0,0.0,0.0
0,9,-0.059603378626514866,-0.04042110417431754,-0.07177745134043334,0.0,0.0,0.0
0,10,-0.05959113722609867,-0.04023748316807443,-0.07156322683314971,0.0,0.0,0.0
0,11,-0.059291222915901574,-0.04021300036724201,-0.07174072713918472,0.0,0.0,0.0
0,12,-0.059291222915901574,-0.04021300036724201,-0.07174072713918472,0.0,0.0,0.0
0,13,-0.05924837801444486,-0.04021300036724201,-0.07166727873668748,0.0,0.0,0.0
0,14,-0.059585016525890565,-0.04013343126453666,-0.07102460521483658,0.0,0.0,0.0
0,15,-0.059585016525890565,-0.04013343126453666,-0.07102460521483658,0.0,0.0,0.0
0,16,-0.05956053372505815,-0.040292569469947366,-0.071520381931693,0.0,0.0,0.0
0,17,-0.0593340678173583,-0.040298690170155464,-0.07199167584771697,0.0,0.0,0.0
0,18,-0.05950544742318521,-0.04044558697514995,-0.07155710613294161,0.0,0.0,0.0
0,19,-0.05950544742318521,-0.04044558697514995,-0.07155710613294161,0.0,0.0,0.0
0,20,-0.05949320602276901,-0.04037825927286082,-0.07129391602399314,0.0,0.0,0.0
0,21,-0.05970130982984453,-0.04046394907577427,-0.0716917615375199,0.0,0.0,0.0
0,22,-0.05970130982984453,-0.04046394907577427,-0.0716917615375199,0.0,0.0,0.0
0,23,-0.05941363692006365,-0.04037825927286082,-0.071226588321704,0.0,0.0,0.0
0,24,-0.05923613661402864,-0.04037825927286082,-0.07172236503856042,0.0,0.0,0.0
0,25,-0.05923613661402864,-0.04037825927286082,-0.07172236503856042,0.0,0.0,0.0
0,26,-0.059444240421104175,-0.040396621373485125,-0.07161219243481455,0.0,0.0,0.0
0,27,-0.059425878320479866,-0.04031705227077978,-0.07148365773044436,0.0,0.0,0.0
0,28,-0.059425878320479866,-0.04031705227077978,-0.07148365773044436,0.0,0.0,0.0
0,29,-0.059468723221936595,-0.040439466274941854,-0.07175296853960092,0.0,0.0,0.0
0,30,-0.0593340678173583,-0.04020687966703391,-0.07161219243481455,0.0,0.0,0.0
0,31,-0.0593340678173583,-0.04020687966703391,-0.07161219243481455,0.0,0.0,0.0
0,32,-0.05957889582568245,-0.04039050067327703,-0.07167952013710369,0.0,0.0,0.0
0,33,-0.059529930224017626,-0.0405129146774391,-0.07141020932794712,0.0,0.0,0.0
0,34,-0.059529930224017626,-0.0405129146774391,-0.07141020932794712,0.0,0.0,0.0
0,35,-0.059297343616109686,-0.040408862773901336,-0.0715509854327335,0.0,0.0,0.0
0,36,-0.05946260252172848,-0.04010282776349615,-0.07102460521483658,0.0,0.0,0.0
0,37,-0.05946260252172848,-0.04010282776349615,-0.07102460521483658,0.0,0.0,0.0
0,38,-0.05926674011506916,-0.04021912106745011,-0.07150201983106867,0.0,0.0,0.0
0,39,-0.05927898151548537,-0.04023136246786632,-0.07181417554168197,0.0,0.0,0.0
0,40,-0.059670706328804016,-0.04044558697514995,-0.07174072713918472,0.0,0.0,0.0
0,41,-0.059670706328804016,-0.04044558697514995,-0.07174072713918472,0.0,0.0,0.0
0,42,-0.059468723221936595,-0.04065981148243359,-0.07177745134043334,0.0,0.0,0.0
0,43,-0.0593218264169421,-0.04021912106745011,-0.07167339943689557,0.0,0.0,0.0
0,44,-0.0593218264169421,-0.04021912106745011,-0.07167339943689557,0.0,0.0,0.0
0,45,-0.05941363692006365,-0.04030481087036357,-0.07162443383523075,0.0,0.0,0.0
0,46,-0.059431999020687964,-0.040053862161831315,-0.0718815032439711,0.0,0.0,0.0
0,47,-0.059431999020687964,-0.040053862161831315,-0.0718815032439711,0.0,0.0,0.0
0,48,-0.05946260252172848,-0.04036601787244461,-0.07166727873668748,0.0,0.0,0.0
0,49,-0.05938303341902314,-0.04031705227077978,-0.0716917615375199,0.0,0.0,0.0
0,50,-0.05938303341902314,-0.04031705227077978,-0.0716917615375199,0.0,0.0,0.0
0,51,-0.05936467131839882,-0.0402007589668258,-0.07150814053127677,0.0,0.0,0.0
0,52,-0.05937691271881503,-0.04040274207369323,-0.0716917615375199,0.0,0.0,0.0
0,53,-0.05937691271881503,-0.04040274207369323,-0.0716917615375199,0.0,0.0,0.0
0,54,-0.05969518912963643,-0.04048843187660668,-0.07172848573876851,0.0,0.0,0.0
0,55,-0.059572775125474355,-0.04034153507161219,-0.071520381931693,0.0,0.0,0.0
0,56,-0.059572775125474355,-0.04034153507161219,-0.071520381931693,0.0,0.0,0.0
0,57,-0.05945648182152038,-0.04032317297098788,-0.07141020932794712,0.0,0.0,0.0
0,58,-0.059285102215693476,-0.04011506916391235,-0.07175296853960092,0.0,0.0,0.0
0,59,-0.059585016525890565,-0.04039050067327703,-0.07183253764230628,0.0,0.0,0.0
0,60,-0.059585016525890565,-0.04039050067327703,-0.07183253764230628,0.0,0.0,0.0
0,61,-0.05935855061819072,-0.040580242379728244,-0.07181417554168197,0.0,0.0,0.0
0,62,-0.05965846492838781,-0.040292569469947366,-0.07187538254376301,0.0,0.0,0.0
0,63,-0.05965846492838781,-0.040292569469947366,-0.07187538254376301,0.0,0.0,0.0
0,64,-0.059511568123393324,-0.04042110417431754,-0.0716917615375199,0.0,0.0,0.0
0,65,-0.05950544742318521,-0.04027420736932305,-0.07175908923980903,0.0,0.0,0.0
0,66,-0.05950544742318521,-0.04027420736932305,-0.07175908923980903,0.0,0.0,0.0
0,67,-0.05946260252172848,-0.04009670706328804,-0.07183865834251438,0.0,0.0,0.0
0,68,-0.05934630921777452,-0.04028644876973926,-0.07139796792753092,0.0,0.0,0.0
0,69,-0.05934630921777452,-0.04028644876973926,-0.07139796792753092,0.0,0.0,0.0
0,70,-0.05936467131839882,-0.04021300036724201,-0.07142245072836333,0.0,0.0,0.0
0,71,-0.059431999020687964,-0.040298690170155464,-0.07153262333210919,0.0,0.0,0.0
0,72,-0.059431999020687964,-0.040298690170155464,-0.07153262333210919,0.0,0.0,0.0
0,73,-0.059670706328804016,-0.04032929367119599,-0.07147141633002815,0.0,0.0,0.0
0,74,-0.05937691271881503,-0.04046394907577427,-0.07161219243481455,0.0,0.0,0.0
0,75,-0.05937691271881503,-0.04046394907577427,-0.07161219243481455,0.0,0.0,0.0
0,76,-0.05945648182152038,-0.040310931570571674,-0.07175296853960092,0.0,0.0,0.0
0,77,-0.059389154119231236,-0.04039050067327703,-0.07167339943689557,0.0,0.0,0.0
0,78,-0.059389154119231236,-0.04039050067327703,-0.07167339943689557,0.0,0.0,0.0
0,79,-0.05941975762027176,-0.0403598971722365,-0.07180805484147387,0.0,0.0,0.0
0,80,-0.05952380952380952,-0.039839637654547684,-0.07179581344105765,0.0,0.0,0.0
0,81,-0.059542171624433836,-0.04028644876973926,-0.071226588321704,0.0,0.0,0.0
0,82,-0.059542171624433836,-0.04028644876973926,-0.071226588321704,0.0,0.0,0.0
0,83,-0.05927286081527727,-0.04012118986412046,-0.07156322683314971,0.0,0.0,0.0
0,84,-0.05945648182152038,-0.0403476557718203,-0.0717101236381442,0.0,0.0,0.0
0,85,-0.05945648182152038,-0.0403476557718203,-0.0717101236381442,0.0,0.0,0.0
0,86,-0.059487085322560904,-0.04026196596890684,-0.07142857142857142,0.0,0.0,0.0
0,87,-0.05948096462235279,-0.04032317297098788,-0.0720100379483413,0.0,0.0,0.0
0,88,-0.05948096462235279,-0.04032317297098788,-0.0720100379483413,0.0,0.0,0.0
0,89,-0.0596339821275554,-0.04044558697514995,-0.07158158893377402,0.0,0.0,0.0
0,90,-0.05947484392214469,-0.040451707675358065,-0.07197943444730077,0.0,0.0,0.0
0,91,-0.05947484392214469,-0.040451707675358065,-0.07197943444730077,0.0,0.0,0.0
0,92,-0.059585016525890565,-0.040255845268698735,-0.0716856408373118,0.0,0.0,0.0
0,93,-0.059187171012363815,-0.040225241767658224,-0.07172236503856042,0.0,0.0,0.0
0,94,-0.059187171012363815,-0.040225241767658224,-0.07172236503856042,0.0,0.0,0.0
0,95,-0.05947484392214469,-0.04027420736932305,-0.07179581344105765,0.0,0.0,0.0
0,96,-0.05947484392214469,-0.04032929367119599,-0.07150201983106867,0.0,0.0,0.0
0,97,-0.05947484392214469,-0.04032929367119599,-0.07150201983106867,0.0,0.0,0.0
0,98,-0.059670706328804016,-0.04024972456849064,-0.0716917615375199,0.0,0.0,0.0
0,99,-0.059511568123393324,-0.04056188027910393,-0.07162443383523075,0.0,0.0,0.0
1,0,0.030285224629697637,-0.04192679642551107,-0.04981025829354878,35.0,0.0,0.0
1,1,0.03018729342636798,-0.04166972701677072,-0.04961439588688946,35.0,0.0,0.0
1,2,0.03017505202595177,-0.04194515852613539,-0.04965112008813809,35.0,0.0,0.0
1,3,0.03017505202595177,-0.04194515852613539,-0.04965112008813809,35.0,0.0,0.0
1,4,0.030389276533235404,-0.0421226588321704,-0.04981025829354878,35.0,0.0,0.0
1,5,0.030101603623454525,-0.0421165381319623,-0.049644999387929975,35.0,0.0,0.0
1,6,0.030101603623454525,-0.0421165381319623,-0.049644999387929975,35.0,0.0,0.0
1,7,0.030077120822622105,-0.04201248622842453,-0.04976129269188395,35.0,0.0,0.0
1,8,0.030028155220957274,-0.04192679642551107,-0.049644999387929975,35.0,0.0,0.0
1,9,0.030028155220957274,-0.04192679642551107,-0.049644999387929975,35.0,0.0,0.0
1,10,0.03018729342636798,-0.04200024482800833,-0.04990818949687844,35.0,0.0,0.0
1,11,0.030285224629697637,-0.04218386583425144,-0.04985922389521361,35.0,0.0,0.0
1,12,0.030285224629697637,-0.04218386583425144,-0.04985922389521361,35.0,0.0,0.0
1,13,0.029985310319500552,-0.04190231362467866,-0.04982249969396499,35.0,0.0,0.0
1,14,0.0302301383278247,-0.04209817603133799,-0.04963275798751377,35.0,0.0,0.0
1,15,0.030260741828865224,-0.042159383033419026,-0.0498347410943812,35.0,0.0,0.0
1,16,0.030260741828865224,-0.042159383033419026,-0.0498347410943812,35.0,0.0,0.0
1,17,0.030101603623454525,-0.042153262333210914,-0.049644999387929975,35.0,0.0,0.0
1,18,0.030015913820541067,-0.04171869261843555,-0.04976741339209206,35.0,0.0,0.0
1,19,0.030015913820541067,-0.04171869261843555,-0.04976741339209206,35.0,0.0,0.0
1,20,0.030309707430530054,-0.042006365528216426,-0.049785775492716365,35.0,0.0,0.0
1,21,0.030377035132819197,-0.04202472762884074,-0.04979189619292447,35.0,0.0,0.0
1,22,0.030377035132819197,-0.04202472762884074,-0.04979189619292447,35.0,0.0,0.0
1,23,0.0302301383278247,-0.0421165381319623,-0.04998163789937569,35.0,0.0,0.0
1,24,0.030346431631778675,-0.04236748684049455,-0.0495103439833517,35.0,0.0,0.0
1,25,0.030346431631778675,-0.04236748684049455,-0.0495103439833517,35.0,0.0,0.0
1,26,0.03018729342636798,-0.04200024482800833,-0.04966336148855429,35.0,0.0,0.0
1,27,0.030285224629697637,-0.04208593463092178,-0.04981637899375689,35.0,0.0,0.0
1,28,0.0302240176276166,-0.0421165381319623,-0.04993267229771085,35.0,0.0,0.0
1,29,0.0302240176276166,-0.0421165381319623,-0.04993267229771085,35.0,0.0,0.0
1,30,0.030211776227200393,-0.042165503733627124,-0.04962051658709756,35.0,0.0,0.0
1,31,0.030303586730321946,-0.04201248622842453,-0.049687844289386704,35.0,0.0,0.0
1,32,0.030303586730321946,-0.04201248622842453,-0.049687844289386704,35.0,0.0,0.0
1,33,0.030548414738646102,-0.04199412412780022,-0.049687844289386704,35.0,0.0,0.0
1,34,0.030297466030113844,-0.04170033051781123,-0.049657240788346185,35.0,0.0,0.0
1,35,0.030297466030113844,-0.04170033051781123,-0.049657240788346185,35.0,0.0,0.0
1,36,0.030266862529073325,-0.04181050312155711,-0.049798016893132575,35.0,0.0,0.0
1,37,0.03017505202595177,-0.0417982617211409,-0.04977353409230016,35.0,0.0,0.0
1,38,0.03017505202595177,-0.0417982617211409,-0.04977353409230016,35.0,0.0,0.0
1,39,0.030217896927408495,-0.041694209817603134,-0.04979189619292447,35.0,0.0,0.0
1,40,0.030487207736565065,-0.04225731423674868,-0.049712327090219124,35.0,0.0,0.0
1,41,0.030083241522830213,-0.041822744521973314,-0.04976129269188395,35.0,0.0,0.0
1,42,0.030083241522830213,-0.041822744521973314,-0.04976129269188395,35.0,0.0,0.0
1,43,0.030211776227200393,-0.04219610723466764,-0.04963887868772188,35.0,0.0,0.0
1,44,0.030168931325743664,-0.041975762027175914,-0.049785775492716365,35.0,0.0,0.0
1,45,0.030168931325743664,-0.041975762027175914,-0.049785775492716365,35.0,0.0,0.0
1,46,0.03013220712449504,-0.0419696413269678,-0.04961439588688946,35.0,0.0,0.0
1,47,0.030156689925327457,-0.04167584771697882,-0.04958379238584894,35.0,0.0,0.0
1,48,0.030156689925327457,-0.04167584771697882,-0.04958379238584894,35.0,0.0,0.0
1,49,0.030377035132819197,-0.04208593463092178,-0.0496817235891786,35.0,0.0,0.0
1,50,0.030346431631778675,-0.04206757253029746,-0.04966336148855429,35.0,0.0,0.0
1,51,0.030346431631778675,-0.04206757253029746,-0.04966336148855429,35.0,0.0,0.0
1,52,0.030107724323662627,-0.041975762027175914,-0.049798016893132575,35.0,0.0,0.0
1,53,0.029942465418043823,-0.0421287795323785,-0.0496817235891786,35.0,0.0,0.0
1,54,0.030266862529073325,-0.041951279226343494,-0.04985922389521361,35.0,0.0,0.0
1,55,0.030266862529073325,-0.041951279226343494,-0.04985922389521361,35.0,0.0,0.0
1,56,0.03024237972824091,-0.04189619292447056,-0.04993267229771085,35.0,0.0,0.0
1,57,0.030168931325743664,-0.042061451830089365,-0.049687844289386704,35.0,0.0,0.0
1,58,0.030168931325743664,-0.042061451830089365,-0.049687844289386704,35.0,0.0,0.0
1,59,0.030511690537397478,-0.04188395152405435,-0.04990206879667034,35.0,0.0,0.0
1,60,0.030260741828865224,-0.042153262333210914,-0.049424654180438246,35.0,0.0,0.0
1,61,0.030260741828865224,-0.042153262333210914,-0.049424654180438246,35.0,0.0,0.0
1,62,0.030340310931570573,-0.04207369323050557,-0.04974905129146774,35.0,0.0,0.0
1,63,0.030077120822622105,-0.04207369323050557,-0.04976129269188395,35.0,0.0,0.0
1,64,0.030077120822622105,-0.04207369323050557,-0.04976129269188395,35.0,0.0,0.0
1,65,0.030211776227200393,-0.04211041743175419,-0.049644999387929975,35.0,0.0,0.0
1,66,0.0302240176276166,-0.04214102093279471,-0.04976129269188395,35.0,0.0,0.0
1,67,0.030248500428449017,-0.04174317541926796,-0.04962663728730567,35.0,0.0,0.0
1,68,0.030248500428449017,-0.04174317541926796,-0.04962663728730567,35.0,0.0,0.0
1,69,0.030205655526992288,-0.04206757253029746,-0.049871465295629816,35.0,0.0,0.0
1,70,0.030285224629697637,-0.04205533112988126,-0.04995103439833517,35.0,0.0,0.0
1,71,0.030285224629697637,-0.04205533112988126,-0.04995103439833517,35.0,0.0,0.0
1,72,0.0303831558330273,-0.041804382421349,-0.04969396498959481,35.0,0.0,0.0
1,73,0.030285224629697637,-0.042165503733627124,-0.049828620394173094,35.0,0.0,0.0
1,74,0.030285224629697637,-0.042165503733627124,-0.049828620394173094,35.0,0.0,0.0
1,75,0.030193414126576078,-0.042287917737789206,-0.04987758599583793,35.0,0.0,0.0
1,76,0.03018729342636798,-0.04201248622842453,-0.04972456849063533,35.0,0.0,0.0
1,77,0.03018729342636798,-0.04201248622842453,-0.04972456849063533,35.0,0.0,0.0
1,78,0.030217896927408495,-0.041890072224262456,-0.04985922389521361,35.0,0.0,0.0
1,79,0.030407638633859712,-0.042134900232586606,-0.04982249969396499,35.0,0.0,0.0
1,80,0.03009548292324642,-0.04207369323050557,-0.04981025829354878,35.0,0.0,0.0
1,81,0.03009548292324642,-0.04207369323050557,-0.04981025829354878,35.0,0.0,0.0
1,82,0.030156689925327457,-0.04232464193903783,-0.04966336148855429,35.0,0.0,0.0
1,83,0.03013832782470315,-0.04218386583425144,-0.04973068919084343,35.0,0.0,0.0
1,84,0.03013832782470315,-0.04218386583425144,-0.04973068919084343,35.0,0.0,0.0
1,85,0.0302301383278247,-0.04193903782592728,-0.04981025829354878,35.0,0.0,0.0
1,86,0.030113845023870732,-0.04225119353654058,-0.04973680989105154,35.0,0.0,0.0
1,87,0.030113845023870732,-0.04225119353654058,-0.04973680989105154,35.0,0.0,0.0
1,88,0.03013220712449504,-0.042006365528216426,-0.04981025829354878,35.0,0.0,0.0
1,89,0.03013832782470315,-0.04207981393071367,-0.04987758599583793,35.0,0.0,0.0
1,90,0.03013832782470315,-0.04207981393071367,-0.04987758599583793,35.0,0.0,0.0
1,91,0.030071000122414003,-0.041975762027175914,-0.04963275798751377,35.0,0.0,0.0
1,92,0.030107724323662627,-0.04167584771697882,-0.049553188884808426,35.0,0.0,0.0
1,93,0.03027298322928143,-0.042006365528216426,-0.04965112008813809,35.0,0.0,0.0
1,94,0.03027298322928143,-0.042006365528216426,-0.04965112008813809,35.0,0.0,0.0
1,95,0.030119965724078834,-0.04192679642551107,-0.05005508630187293,35.0,0.0,0.0
1,96,0.03009548292324642,-0.04214102093279471,-0.0498469824947974,35.0,0.0,0.0
1,97,0.03009548292324642,-0.04214102093279471,-0.0498469824947974,35.0,0.0,0.0
1,98,0.030119965724078834,-0.042049210429673155,-0.04974905129146774,35.0,0.0,0.0
1,99,0.0302240176276166,-0.041920675725302975,-0.04947361978210307,35.0,0.0,0.0
2,0,-0.04206757253029746,0.04981637899375689,-0.041265760803035866,0.0,35.0,0.0
2,1,-0.04217162443383523,0.049742930591259636,-0.04111274329783327,0.0,35.0,0.0
2,2,-0.04206757253029746,0.04985310319500551,-0.041547313012608646,0.0,35.0,0.0
2,3,-0.04206757253029746,0.04985310319500551,-0.041547313012608646,0.0,35.0,0.0
2,4,-0.04192679642551107,0.04966336148855429,-0.04122291590157914,0.0,35.0,0.0
2,5,-0.04202472762884074,0.04960827518668136,-0.04119843310074672,0.0,35.0,0.0
2,6,-0.04202472762884074,0.04960827518668136,-0.04119843310074672,0.0,35.0,0.0
2,7,-0.04201248622842453,0.049516464683559795,-0.04118619170033051,0.0,35.0,0.0
2,8,-0.04202472762884074,0.04969396498959481,-0.04160239931448158,0.0,35.0,0.0
2,9,-0.04202472762884074,0.04969396498959481,-0.04160239931448158,0.0,35.0,0.0
2,10,-0.0421287795323785,0.04972456849063533,-0.04119843310074672,0.0,35.0,0.0
2,11,-0.04188395152405435,0.049828620394173094,-0.041137226098665686,0.0,35.0,0.0
2,12,-0.041877830823846246,0.049785775492716365,-0.04104541559554413,0.0,35.0,0.0
2,13,-0.041877830823846246,0.049785775492716365,-0.04104541559554413,0.0,35.0,0.0
2,14,-0.04207981393071367,0.049540947484392216,-0.0416330028155221,0.0,35.0,0.0
2,15,-0.041951279226343494,0.04981025829354878,-0.04115558819929,0.0,35.0,0.0
2,16,-0.041951279226343494,0.04981025829354878,-0.04115558819929,0.0,35.0,0.0
2,17,-0.04182886522218142,0.049516464683559795,-0.0409964499938793,0.0,35.0,0.0
2,18,-0.04208593463092178,0.049687844289386704,-0.04129024360386828,0.0,35.0,0.0
2,19,-0.04208593463092178,0.049687844289386704,-0.04129024360386828,0.0,35.0,0.0
2,20,-0.041963520626759704,0.05007956910270535,-0.041094381197208964,0.0,35.0,0.0
2,21,-0.04194515852613539,0.04956543028522463,-0.041051536295752235,0.0,35.0,0.0
2,22,-0.04194515852613539,0.04956543028522463,-0.041051536295752235,0.0,35.0,0.0
2,23,-0.04194515852613539,0.04958991308605705,-0.041167829599706204,0.0,35.0,0.0
2,24,-0.041779899620516585,0.049553188884808426,-0.04122903660178724,0.0,35.0,0.0
2,25,-0.041779899620516585,0.049553188884808426,-0.04122903660178724,0.0,35.0,0.0
2,26,-0.04190231362467866,0.0500061207002081,-0.041167829599706204,0.0,35.0,0.0
2,27,-0.041908434324886765,0.04996327579875138,-0.0411617088994981,0.0,35.0,0.0
2,28,-0.04214102093279471,0.049944913698127064,-0.041192312400538625,0.0,35.0,0.0
2,29,-0.04214102093279471,0.049944913698127064,-0.041192312400538625,0.0,35.0,0.0
2,30,-0.04198188272738401,0.04977353409230016,-0.040904639490757747,0.0,35.0,0.0
2,31,-0.0419696413269678,0.049571550985432734,-0.04121679520137104,0.0,35.0,0.0
2,32,-0.0419696413269678,0.049571550985432734,-0.04121679520137104,0.0,35.0,0.0
2,33,-0.041865589423430036,0.04982249969396499,-0.041308605704492594,0.0,35.0,0.0
2,34,-0.04184110662259762,0.04970620639001101,-0.041192312400538625,0.0,35.0,0.0
2,35,-0.04184110662259762,0.04970620639001101,-0.041192312400538625,0.0,35.0,0.0
2,36,-0.04207981393071367,0.049712327090219124,-0.04117395029991431,0.0,35.0,0.0
2,37,-0.041779899620516585,0.0496817235891786,-0.04114334679887379,0.0,35.0,0.0
2,38,-0.041779899620516585,0.0496817235891786,-0.04114334679887379,0.0,35.0,0.0
2,39,-0.04200024482800833,0.049742930591259636,-0.04119843310074672,0.0,35.0,0.0
2,40,-0.041865589423430036,0.04977965479250827,-0.04130248500428449,0.0,35.0,0.0
2,41,-0.041908434324886765,0.049785775492716365,-0.041020932794711716,0.0,35.0,0.0
2,42,-0.041908434324886765,0.049785775492716365,-0.041020932794711716,0.0,35.0,0.0
2,43,-0.0421226588321704,0.04963887868772188,-0.04124127800220345,0.0,35.0,0.0
2,44,-0.04178602032072469,0.049938792997918965,-0.04106377769616844,0.0,35.0,0.0
2,45,-0.04178602032072469,0.049938792997918965,-0.04106377769616844,0.0,35.0,0.0
2,46,-0.04203696902925695,0.04945525768147876,-0.041094381197208964,0.0,35.0,0.0
2,47,-0.042006365528216426,0.0500061207002081,-0.041235157301995354,0.0,35.0,0.0
2,48,-0.042006365528216426,0.0500061207002081,-0.041235157301995354,0.0,35.0,0.0
2,49,-0.04204308972946505,0.04973680989105154,-0.04117395029991431,0.0,35.0,0.0
2,50,-0.04217162443383523,0.049669482188762396,-0.04110662259762517,0.0,35.0,0.0
2,51,-0.04217162443383523,0.049669482188762396,-0.04110662259762517,0.0,35.0,0.0
2,52,-0.042134900232586606,0.04976741339209206,-0.041033174195127926,0.0,35.0,0.0
2,53,-0.041975762027175914,0.04977353409230016,-0.0410025706940874,0.0,35.0,0.0
2,54,-0.041975762027175914,0.04977353409230016,-0.04136981270657363,0.0,35.0,0.0
2,55,-0.04193903782592728,0.04988982739625413,-0.04136981270657363,0.0,35.0,0.0
2,56,-0.04198188272738401,0.049798016893132575,-0.041394295507406045,0.0,35.0,0.0
2,57,-0.04208593463092178,0.04990206879667034,-0.04104541559554413,0.0,35.0,0.0
2,58,-0.04208593463092178,0.04990206879667034,-0.04104541559554413,0.0,35.0,0.0
2,59,-0.04214102093279471,0.049895948096462236,-0.04138205410698984,0.0,35.0,0.0
2,60,-0.04191455502509487,0.04961439588688946,-0.04128412290366018,0.0,35.0,0.0
2,61,-0.04191455502509487,0.04961439588688946,-0.04128412290366018,0.0,35.0,0.0
2,62,-0.042006365528216426,0.0496817235891786,-0.041137226098665686,0.0,35.0,0.0
2,63,-0.041951279226343494,0.04972456849063533,-0.04101481209450361,0.0,35.0,0.0
2,64,-0.041951279226343494,0.04972456849063533,-0.04101481209450361,0.0,35.0,0.0
2,65,-0.04217162443383523,0.04963887868772188,-0.04097196719304688,0.0,35.0,0.0
2,66,-0.041890072224262456,0.049798016893132575,-0.04093524299179826,0.0,35.0,0.0
2,67,-0.041890072224262456,0.049798016893132575,-0.04093524299179826,0.0,35.0,0.0
2,68,-0.041792141020932795,0.049957155098543274,-0.04122903660178724,0.0,35.0,0.0
2,69,-0.04219610723466764,0.049798016893132575,-0.041149467499081896,0.0,35.0,0.0
2,70,-0.041877830823846246,0.04965112008813809,-0.04127188150324397,0.0,35.0,0.0
2,71,-0.041877830823846246,0.04965112008813809,-0.04127188150324397,0.0,35.0,0.0
2,72,-0.04191455502509487,0.0498347410943812,-0.041051536295752235,0.0,35.0,0.0
2,73,-0.042006365528216426,0.04972456849063533,-0.04110662259762517,0.0,35.0,0.0
2,74,-0.042006365528216426,0.04972456849063533,-0.04110662259762517,0.0,35.0,0.0
2,75,-0.04181662382176521,0.04976129269188395,-0.04104541559554413,0.0,35.0,0.0
2,76,-0.04202472762884074,0.04996327579875138,-0.04134532990574122,0.0,35.0,0.0
2,77,-0.04202472762884074,0.04996327579875138,-0.04134532990574122,0.0,35.0,0.0
2,78,-0.041951279226343494,0.04979189619292447,-0.04093524299179826,0.0,35.0,0.0
2,79,-0.04193903782592728,0.049883706696046026,-0.04124127800220345,0.0,35.0,0.0
2,80,-0.04193903782592728,0.049883706696046026,-0.04124127800220345,0.0,35.0,0.0
2,81,-0.04219610723466764,0.04965112008813809,-0.041033174195127926,0.0,35.0,0.0
2,82,-0.042189986534459545,0.04986534459542172,-0.04111886399804138,0.0,35.0,0.0
2,83,-0.042189986534459545,0.04986534459542172,-0.04111886399804138,0.0,35.0,0.0
2,84,-0.04214102093279471,0.049883706696046026,-0.04100869139429551,0.0,35.0,0.0
2,85,-0.04206757253029746,0.04946137838168686,-0.041394295507406045,0.0,35.0,0.0
2,86,-0.041877830823846246,0.04981637899375689,-0.041235157301995354,0.0,35.0,0.0
2,87,-0.041877830823846246,0.04981637899375689,-0.041235157301995354,0.0,35.0,0.0
2,88,-0.041975762027175914,0.04981637899375689,-0.04107601909658465,0.0,35.0,0.0
2,89,-0.0419573999265516,0.04971844779042722,-0.04133920920553311,0.0,35.0,0.0
2,90,-0.0419573999265516,0.04971844779042722,-0.04133920920553311,0.0,35.0,0.0
2,91,-0.04175541681968417,0.04960215448647325,-0.041192312400538625,0.0,35.0,0.0
2,92,-0.04188395152405435,0.04971844779042722,-0.04086179458930102,0.0,35.0,0.0
2,93,-0.04188395152405435,0.04971844779042722,-0.04086179458930102,0.0,35.0,0.0
2,94,-0.04191455502509487,0.049571550985432734,-0.041180071000122415,0.0,35.0,0.0
2,95,-0.041822744521973314,0.04976741339209206,-0.041094381197208964,0.0,35.0,0.0
2,96,-0.041822744521973314,0.04976741339209206,-0.041094381197208964,0.0,35.0,0.0
2,97,-0.04193903782592728,0.049687844289386704,-0.041265760803035866,0.0,35.0,0.0
2,98,-0.04207369323050557,0.04965112008813809,-0.04152283021177623,0.0,35.0,0.0
2,99,-0.041865589423430036,0.04953482678418411,-0.041039294895336025,0.0,35.0,0.0
3,0,0.0302301383278247,0.06959236136614029,-0.10039784551352675,35.0,35.0,0.0
3,1,0.0302240176276166,0.06995348267841842,-0.10006732770228914,35.0,35.0,0.0
3,2,0.030297466030113844,0.06980046517321582,-0.10030603501040518,35.0,35.0,0.0
3,3,0.030297466030113844,0.06980046517321582,-0.10030603501040518,35.0,35.0,0.0
3,4,0.030126086424286942,0.06968417186926185,-0.10020198310686743,35.0,35.0,0.0
3,5,0.030107724323662627,0.06959236136614029,-0.10027543150936466,35.0,35.0,0.0
3,6,0.030107724323662627,0.06959236136614029,-0.10027543150936466,35.0,35.0,0.0
3,7,0.03008936222303831,0.06976986167217529,-0.10044681111519158,35.0,35.0,0.0
3,8,0.03014444852491125,0.06964132696780512,-0.10037336271269433,35.0,35.0,0.0
3,9,0.03018729342636798,0.06987391357571307,-0.10022646590769983,35.0,35.0,0.0
3,10,0.03018729342636798,0.06987391357571307,-0.10022646590769983,35.0,35.0,0.0
3,11,0.03014444852491125,0.06980046517321582,-0.10052638021789692,35.0,35.0,0.0
3,12,0.030285224629697637,0.06967193046884564,-0.09993267229771086,35.0,35.0,0.0
3,13,0.030285224629697637,0.06967193046884564,-0.09993267229771086,35.0,35.0,0.0
3,14,0.030168931325743664,0.06968417186926185,-0.10011629330395397,35.0,35.0,0.0
3,15,0.03000367242012486,0.06972089607051046,-0.10011017260374586,35.0,35.0,0.0
3,16,0.03000367242012486,0.06972089607051046,-0.10011017260374586,35.0,35.0,0.0
3,17,0.03040151793365161,0.06969029256946994,-0.10036112131227812,35.0,35.0,0.0
3,18,0.030126086424286942,0.06980046517321582,-0.10012241400416208,35.0,35.0,0.0
3,19,0.030126086424286942,0.06980046517321582,-0.10012241400416208,35.0,35.0,0.0
3,20,0.030064879422205898,0.06988615497612927,-0.10008568980291346,35.0,35.0,0.0
3,21,0.030022034520749176,0.06995960337862651,-0.10007344840249725,35.0,35.0,0.0
3,22,0.030119965724078834,0.06960460276655649,-0.10014077610478637,35.0,35.0,0.0
3,23,0.030119965724078834,0.06960460276655649,-0.10014077610478637,35.0,35.0,0.0
3,24,0.030113845023870732,0.0697821030725915,-0.10020810380707552,35.0,35.0,0.0
3,25,0.030217896927408495,0.069928999877586,-0.10020198310686743,35.0,35.0,0.0
3,26,0.030217896927408495,0.069928999877586,-0.10020198310686743,35.0,35.0,0.0
3,27,0.030162810625535563,0.06966580976863754,-0.10021422450728364,35.0,35.0,0.0
3,28,0.0302240176276166,0.06951279226343494,-0.09996327579875137,35.0,35.0,0.0
3,29,0.0302240176276166,0.06951279226343494,-0.09996327579875137,35.0,35.0,0.0
3,30,0.030064879422205898,0.06972089607051046,-0.09995715509854328,35.0,35.0,0.0
3,31,0.030077120822622105,0.06981882727384012,-0.10004896560166483,35.0,35.0,0.0
3,32,0.030077120822622105,0.06981882727384012,-0.10004896560166483,35.0,35.0,0.0
3,33,0.030168931325743664,0.06970253396988615,-0.10033051781123761,35.0,35.0,0.0
3,34,0.029740482311176396,0.06969641326967804,-0.09995103439833516,35.0,35.0,0.0
3,35,0.03009548292324642,0.06965356836822131,-0.10028767290978088,35.0,35.0,0.0
3,36,0.03009548292324642,0.06965356836822131,-0.10028767290978088,35.0,35.0,0.0
3,37,0.030352552331986783,0.06968417186926185,-0.10039172481331864,35.0,35.0,0.0
3,38,0.030279103929489532,0.06986779287550496,-0.10023258660790794,35.0,35.0,0.0
3,39,0.030279103929489532,0.06986779287550496,-0.10023258660790794,35.0,35.0,0.0
3,40,0.030236259028032807,0.06990451707675358,-0.10003060350104051,35.0,35.0,0.0
3,41,0.030217896927408495,0.06974537887134288,-0.10006120700208103,35.0,35.0,0.0
3,42,0.030217896927408495,0.06974537887134288,-0.10006120700208103,35.0,35.0,0.0
3,43,0.030248500428449017,0.06988003427592117,-0.09993267229771086,35.0,35.0,0.0
3,44,0.030211776227200393,0.06953115436405924,-0.10034275921165381,35.0,35.0,0.0
3,45,0.030211776227200393,0.06953115436405924,-0.10034275921165381,35.0,35.0,0.0
3,46,0.03018729342636798,0.069928999877586,-0.10005508630187294,35.0,35.0,0.0
3,47,0.030334190231362468,0.07013098298445342,-0.10039172481331864,35.0,35.0,0.0
3,48,0.029924103317419515,0.06948830946260252,-0.10007956910270535,35.0,35.0,0.0
3,49,0.029924103317419515,0.06948830946260252,-0.10007956910270535,35.0,35.0,0.0
3,50,0.030107724323662627,0.06973313747092667,-0.09998775859958378,35.0,35.0,0.0
3,51,0.030162810625535563,0.06973925817113477,-0.10007956910270535,35.0,35.0,0.0
3,52,0.030162810625535563,0.06973925817113477,-0.10007956910270535,35.0,35.0,0.0
3,53,0.03008936222303831,0.06973925817113477,-0.1001897417064512,35.0,35.0,0.0
3,54,0.030107724323662627,0.06978822377279961,-0.10022034520749175,35.0,35.0,0.0
3,55,0.030107724323662627,0.06978822377279961,-0.10022034520749175,35.0,35.0,0.0
3,56,0.030040396621373484,0.06976986167217529,-0.10008568980291346,35.0,35.0,0.0
3,57,0.030168931325743664,0.06986779287550496,-0.09995715509854328,35.0,35.0,0.0
3,58,0.030168931325743664,0.06986779287550496,-0.09995715509854328,35.0,35.0,0.0
3,59,0.030377035132819197,0.06986779287550496,-0.10003672420124862,35.0,35.0,0.0
3,60,0.03000367242012486,0.06981882727384012,-0.10021422450728364,35.0,35.0,0.0
3,61,0.030248500428449017,0.06989227567633736,-0.10017137960582692,35.0,35.0,0.0
3,62,0.030248500428449017,0.06989227567633736,-0.10017137960582692,35.0,35.0,0.0
3,63,0.030022034520749176,0.0699167584771698,-0.10001836210062431,35.0,35.0,0.0
3,64,0.030162810625535563,0.06988003427592117,-0.09972456849063532,35.0,35.0,0.0
3,65,0.030162810625535563,0.06988003427592117,-0.09972456849063532,35.0,35.0,0.0
3,66,0.030407638633859712,0.06969641326967804,-0.10016525890561881,35.0,35.0,0.0
3,67,0.030254621128657115,0.0699228791773779,-0.09995103439833516,35.0,35.0,0.0
3,68,0.030254621128657115,0.0699228791773779,-0.09995103439833516,35.0,35.0,0.0
3,69,0.030254621128657115,0.06983718937446444,-0.10010405190353777,35.0,35.0,0.0
3,70,0.02986901701554658,0.0697576202717591,-0.10009793120332966,35.0,35.0,0.0
3,71,0.02986901701554658,0.0697576202717591,-0.10009793120332966,35.0,35.0,0.0
3,72,0.03036479373240299,0.06982494797404823,-0.09998163789937568,35.0,35.0,0.0
3,73,0.030107724323662627,0.06966580976863754,-0.10018362100624312,35.0,35.0,0.0
3,74,0.030205655526992288,0.06956787856530787,-0.09996939649895949,35.0,35.0,0.0
3,75,0.030205655526992288,0.06956787856530787,-0.09996939649895949,35.0,35.0,0.0
3,76,0.030193414126576078,0.06982494797404823,-0.10013465540457829,35.0,35.0,0.0
3,77,0.03017505202595177,0.06997796547925082,-0.10013465540457829,35.0,35.0,0.0
3,78,0.03017505202595177,0.06997796547925082,-0.10013465540457829,35.0,35.0,0.0
3,79,0.030168931325743664,0.06964132696780512,-0.09988370669604603,35.0,35.0,0.0
3,80,0.030248500428449017,0.06957399926551597,-0.10011017260374586,35.0,35.0,0.0
3,81,0.030248500428449017,0.06957399926551597,-0.10011017260374586,35.0,35.0,0.0
3,82,0.030156689925327457,0.06967805116905375,-0.10029379360998898,35.0,35.0,0.0
3,83,0.030101603623454525,0.06974537887134288,-0.10000612070020812,35.0,35.0,0.0
3,84,0.030101603623454525,0.06974537887134288,-0.10000612070020812,35.0,35.0,0.0
3,85,0.030279103929489532,0.06976374097196719,-0.10023870730811606,35.0,35.0,0.0
3,86,0.029991431019708654,0.06972089607051046,-0.10022646590769983,35.0,35.0,0.0
3,87,0.030211776227200393,0.06974537887134288,-0.10004896560166483,35.0,35.0,0.0
3,88,0.030211776227200393,0.06974537887134288,-0.10004896560166483,35.0,35.0,0.0
3,89,0.030309707430530054,0.06980658587342392,-0.09985922389521361,35.0,35.0,0.0
3,90,0.03009548292324642,0.06937813685885666,-0.09998775859958378,35.0,35.0,0.0
3,91,0.03009548292324642,0.06937813685885666,-0.09998775859958378,35.0,35.0,0.0
3,92,0.03018729342636798,0.06976374097196719,-0.1001897417064512,35.0,35.0,0.0
3,93,0.030156689925327457,0.07005753458195617,-0.10036724201248623,35.0,35.0,0.0
3,94,0.030156689925327457,0.07005753458195617,-0.10036724201248623,35.0,35.0,0.0
3,95,0.030101603623454525,0.06984943077488065,-0.10030603501040518,35.0,35.0,0.0
3,96,0.030107724323662627,0.06965356836822131,-0.10003060350104051,35.0,35.0,0.0
3,97,0.030107724323662627,0.06965356836822131,-0.10003060350104051,35.0,35.0,0.0
3,98,0.030248500428449017,0.06947606806218631,-0.10034887991186192,35.0,35.0,0.0
3,99,0.030199534826784186,0.06958011996572408,-0.09988982739625413,35.0,35.0,0.0
