values,,position,position,position,Magnetometer,Magnetometer,Magnetometer
axis,,x,y,z,x,y,z
Sensor,Sample,,,,,,
0,0,0,0,0,-0.032702901211898644,0.008146651976986167,0.10616354510956054
0,1,0,0,0,-0.032917125719182275,0.00797527237115926,0.10618802791039295
0,2,0,0,0,-0.03308238462480108,0.008281307381564452,0.10612682090831191
0,3,0,0,0,-0.03283755661647693,0.00808544497490513,0.10638389031705227
0,4,0,0,0,-0.03302117762272004,0.008024237972824092,0.1062553556126821
0,5,0,0,0,-0.03299669482188762,0.007993634471783572,0.10620639001101725
0,6,0,0,0,-0.03300893622230383,0.007950789570326845,0.1062737177133064
0,7,0,0,0,-0.03286816011751744,0.00823234177989962,0.10601664830456606
0,8,0,0,0,-0.03300281552209573,0.008036479373240299,0.1059431999020688
0,9,0,0,0,-0.03281307381564451,0.008091565675113233,0.1060962174072714
0,10,0,0,0,-0.03318031582813074,0.008195617578650997,0.10618802791039295
0,11,0,0,0,-0.033161953727506424,0.008067082874280818,0.10621251071122537
0,12,0,0,0,-0.032800832415228305,0.00818337617823479,0.10599828620394174
0,13,0,0,0,-0.033027298322928146,0.007871220467621495,0.10616966580976864
0,14,0,0,0,-0.03319255722854695,0.00818337617823479,0.1064512180193414
0,15,0,0,0,-0.03283755661647693,0.007963030970743053,0.10621251071122537
0,16,0,0,0,-0.03294772922022279,0.007920186069286326,0.10640225241767658
0,17,0,0,0,-0.03294772922022279,0.008287428081772555,0.10631044191455503
0,18,0,0,0,-0.03300281552209573,0.008287428081772555,0.10624923491247398
0,19,0,0,0,-0.03297221202105521,0.007938548169910638,0.10624923491247398
0,20,0,0,0,-0.03308238462480108,0.008238462480107725,0.10608397600685518
0,21,0,0,0,-0.032788591014812095,0.008011996572407884,0.10617578650997675
0,22,0,0,0,-0.03293548781980658,0.00805484147386461,0.10616354510956054
0,23,0,0,0,-0.032959970620639004,0.00810380707552944,0.1062553556126821
0,24,0,0,0,-0.03292936711959848,0.008128289876361857,0.10614518300893623
0,25,0,0,0,-0.03297221202105521,0.008079324274697024,0.10608397600685518
0,26,0,0,0,-0.03284367731668503,0.008220100379483413,0.1061207002081038
0,27,0,0,0,-0.032904884318766064,0.008079324274697024,0.10633492471538744
0,28,0,0,0,-0.03308238462480108,0.008207858979067204,0.1062553556126821
0,29,0,0,0,-0.033015056922511936,0.00813441057656996,0.10646958011996573
0,30,0,0,0,-0.032898763618557966,0.008067082874280818,0.10620026931080914
0,31,0,0,0,-0.03303953972334435,0.008116048475945648,0.10624923491247398
0,32,0,0,0,-0.03303953972334435,0.008116048475945648,0.10642673521850901
0,33,0,0,0,-0.033033419023136244,0.008220100379483413,0.10642673521850901
0,34,0,0,0,-0.03298445342147142,0.007877341167829599,0.10615130370914432
0,35,0,0,0,-0.03310686742563349,0.008336393683437384,0.10618802791039295
0,36,0,0,0,-0.03307626392459297,0.008287428081772555,0.10605337250581466
0,37,0,0,0,-0.032745746113355366,0.008097686375321336,0.10620026931080914
0,38,0,0,0,-0.03316807442771453,0.008067082874280818,0.10651854572163055
0,39,0,0,0,-0.03306402252417677,0.008152772677194272,0.10602276900477414
0,40,0,0,0,-0.032959970620639004,0.008091565675113233,0.10607173460643897
0,41,0,0,0,-0.03297833272126331,0.00813441057656996,0.10618802791039295
0,42,0,0,0,-0.03323540213000367,0.008146651976986167,0.10599216550373362
0,43,0,0,0,-0.03296609132084711,0.008244583180315828,0.10608397600685518
0,44,0,0,0,-0.03300893622230383,0.007963030970743053,0.10612682090831191
0,45,0,0,0,-0.032917125719182275,0.008171134777818582,0.10613906230872812
0,46,0,0,0,-0.03275186681356347,0.008024237972824092,0.10635940751621986
0,47,0,0,0,-0.032672297710858125,0.00800587587219978,0.10580242379728241
0,48,0,0,0,-0.03297833272126331,0.00779777206512425,0.10613906230872812
0,49,0,0,0,-0.0329538499204309,0.008067082874280818,0.10644509731913332
0,50,0,0,0,-0.03308238462480108,0.007950789570326845,0.10637776961684417
0,51,0,0,0,-0.03308238462480108,0.007950789570326845,0.10637776961684417
0,52,0,0,0,-0.033045660423552455,0.00813441057656996,0.10644509731913332
0,53,0,0,0,-0.03286816011751744,0.008275186681356347,0.10621251071122537
0,54,0,0,0,-0.03298445342147142,0.00800587587219978,0.10609009670706329
0,55,0,0,0,-0.03292324641939038,0.008067082874280818,0.10601664830456606
0,56,0,0,0,-0.03284979801689313,0.008067082874280818,0.10608397600685518
0,57,0,0,0,-0.03315583302729832,0.00800587587219978,0.10598604480352551
0,58,0,0,0,-0.03286203941730934,0.00813441057656996,0.10609009670706329
0,59,0,0,0,-0.03292936711959848,0.007644754559921656,0.10620639001101725
0,60,0,0,0,-0.03307626392459297,0.008091565675113233,0.10623087281184969
0,61,0,0,0,-0.03315583302729832,0.00805484147386461,0.10623087281184969
0,62,0,0,0,-0.03284367731668503,0.00810380707552944,0.10641449381809279
0,63,0,0,0,-0.033015056922511936,0.008060962174072714,0.10605949320602277
0,64,0,0,0,-0.03298445342147142,0.007987513771575468,0.10624923491247398
0,65,0,0,0,-0.03298445342147142,0.00810380707552944,0.10629820051413881
0,66,0,0,0,-0.032941608520014695,0.00810380707552944,0.10629820051413881
0,67,0,0,0,-0.03276410821397968,0.00808544497490513,0.10611457950789571
0,68,0,0,0,-0.032562125107112254,0.008287428081772555,0.10613906230872812
0,69,0,0,0,-0.03308238462480108,0.008042600073448402,0.10637776961684417
0,70,0,0,0,-0.03319255722854695,0.008079324274697024,0.10629820051413881
0,71,0,0,0,-0.03294772922022279,0.008244583180315828,0.10617578650997675
0,72,0,0,0,-0.03283143591626882,0.007969151670951156,0.1061084588076876
0,73,0,0,0,-0.03278247031460399,0.00818337617823479,0.10620639001101725
0,74,0,0,0,-0.032702901211898644,0.008177255478026686,0.10635328681601175
0,75,0,0,0,-0.03298445342147142,0.007944668870118741,0.10585138939894725
0,76,0,0,0,-0.03276410821397968,0.008116048475945648,0.10620639001101725
0,77,0,0,0,-0.03303953972334435,0.008067082874280818,0.10620639001101725
0,78,0,0,0,-0.03273350471293916,0.00808544497490513,0.10639001101726038
0,79,0,0,0,-0.0331129881258416,0.008122169176153753,0.10615130370914432
0,80,0,0,0,-0.0331129881258416,0.008122169176153753,0.10643897661892521
0,81,0,0,0,-0.03288040151793365,0.007914065369078222,0.10643897661892521
0,82,0,0,0,-0.03300893622230383,0.00810380707552944,0.10632880401517934
0,83,0,0,0,-0.033015056922511936,0.008067082874280818,0.10623699351205777
0,84,0,0,0,-0.032800832415228305,0.008128289876361857,0.10621863141143346
0,85,0,0,0,-0.03285591871710124,0.008250703880523933,0.10651854572163055
0,86,0,0,0,-0.03329660913208471,0.00810380707552944,0.1061207002081038
0,87,0,0,0,-0.03294772922022279,0.00810380707552944,0.10611457950789571
0,88,0,0,0,-0.03278247031460399,0.008318031582813074,0.10622475211164158
0,89,0,0,0,-0.0327947117150202,0.008060962174072714,0.10634104541559555
0,90,0,0,0,-0.032959970620639004,0.00813441057656996,0.1060962174072714
0,91,0,0,0,-0.03284979801689313,0.008195617578650997,0.10639001101726038
0,92,0,0,0,-0.03282531521606072,0.00826294528094014,0.10611457950789571
0,93,0,0,0,-0.03299057412167952,0.008042600073448402,0.10629820051413881
0,94,0,0,0,-0.03307014322438487,0.008207858979067204,0.10632268331497123
0,95,0,0,0,-0.03308850532500918,0.00823234177989962,0.10605949320602277
0,96,0,0,0,-0.03308850532500918,0.00823234177989962,0.10605949320602277
0,97,0,0,0,-0.03294772922022279,0.0082017382788591,0.10620026931080914
0,98,0,0,0,-0.03292936711959848,0.00805484147386461,0.10637776961684417
0,99,0,0,0,-0.033045660423552455,0.008042600073448402,0.10616966580976864
1,0,35,0,0,-0.04467499081894969,0.015283388419635205,0.007993634471783572
1,1,35,0,0,-0.044326110907087775,0.015185457216305546,0.00826294528094014
1,2,35,0,0,-0.04461378381686865,0.015014077610478637,0.007981393071367363
1,3,35,0,0,-0.04447912841229036,0.015479250826294528,0.008091565675113233
1,4,35,0,0,-0.0445403354143714,0.015387440323172972,0.007969151670951156
1,5,35,0,0,-0.04467499081894969,0.015216060717346064,0.007950789570326845
1,6,35,0,0,-0.04482188762394418,0.015295629820051415,0.007981393071367363
1,7,35,0,0,-0.0445342147141633,0.014971232709021912,0.00800587587219978
1,8,35,0,0,-0.044870853225609006,0.015424164524421594,0.008226221079691516
1,9,35,0,0,-0.04467499081894969,0.015381319622964868,0.008140531276778063
1,10,35,0,0,-0.044570938915411924,0.015118129514016403,0.007938548169910638
1,11,35,0,0,-0.04480352552331987,0.01519157791651365,0.008122169176153753
1,12,35,0,0,-0.04449136981270657,0.015283388419635205,0.007901823968662016
1,13,35,0,0,-0.04458318031582813,0.01516097441547313,0.008030358673032196
1,14,35,0,0,-0.04449749051291468,0.015307871220467622,0.008116048475945648
1,15,35,0,0,-0.04460154241645244,0.015522095727751256,0.008067082874280818
1,16,35,0,0,-0.04463214591749296,0.015069163912351574,0.007895703268453912
1,17,35,0,0,-0.044552576814787616,0.015222181417554168,0.008158893377402375
1,18,35,0,0,-0.04473007712082262,0.014916146407148978,0.007969151670951156
1,19,35,0,0,-0.04473007712082262,0.015020198310686742,0.008042600073448402
1,20,35,0,0,-0.04473619782103073,0.015020198310686742,0.007914065369078222
1,21,35,0,0,-0.04477292202227935,0.015252784918594687,0.007914065369078222
1,22,35,0,0,-0.04447300771208226,0.015130370914432612,0.007901823968662016
1,23,35,0,0,-0.04450973191333089,0.014989594809646224,0.008146651976986167
1,24,35,0,0,-0.044442404211041744,0.015167095115681234,0.008189496878442894
1,25,35,0,0,-0.044656628718325375,0.015307871220467622,0.008091565675113233
1,26,35,0,0,-0.04457705961562003,0.01517933651609744,0.008446566287183254
1,27,35,0,0,-0.04449136981270657,0.015283388419635205,0.007877341167829599
1,28,35,0,0,-0.04460766311666055,0.015081405312767781,0.007926306769494431
1,29,35,0,0,-0.044399559309585016,0.015075284612559678,0.00813441057656996
1,30,35,0,0,-0.04473619782103073,0.014879422205900356,0.007987513771575468
1,31,35,0,0,-0.04465050801811728,0.014989594809646224,0.008287428081772555
1,32,35,0,0,-0.04461378381686865,0.015124250214224508,0.008152772677194272
1,33,35,0,0,-0.04449136981270657,0.014965112008813808,0.008116048475945648
1,34,35,0,0,-0.044515852613538985,0.014891663606316562,0.008079324274697024
1,35,35,0,0,-0.04452197331374709,0.014971232709021912,0.008091565675113233
1,36,35,0,0,-0.04460154241645244,0.015283388419635205,0.008140531276778063
1,37,35,0,0,-0.04473007712082262,0.015136491614640715,0.007950789570326845
1,38,35,0,0,-0.04447300771208226,0.0149528706083976,0.008226221079691516
1,39,35,0,0,-0.04447300771208226,0.0149528706083976,0.008226221079691516
1,40,35,0,0,-0.044668870118741585,0.014971232709021912,0.00826294528094014
1,41,35,0,0,-0.044754559921655036,0.01525890561880279,0.00831191088260497
1,42,35,0,0,-0.04460154241645244,0.015056922511935366,0.008360876484269801
1,43,35,0,0,-0.04446076631166605,0.01519157791651365,0.008109927775737543
1,44,35,0,0,-0.04458930101603624,0.015118129514016403,0.007999755171991677
1,45,35,0,0,-0.0445403354143714,0.014818215203819318,0.008293548781980659
1,46,35,0,0,-0.04463214591749296,0.014989594809646224,0.008079324274697024
1,47,35,0,0,-0.04454645611457951,0.014989594809646224,0.00795691027053495
1,48,35,0,0,-0.04448524911249847,0.01500183621006243,0.008165014077610479
1,49,35,0,0,-0.04480964622352797,0.014738646101113967,0.00795691027053495
1,50,35,0,0,-0.04450361121312278,0.015020198310686742,0.00782837556616477
1,51,35,0,0,-0.04443628351083364,0.014971232709021912,0.008060962174072714
1,52,35,0,0,-0.044644387317909165,0.014922267107357081,0.008293548781980659
1,53,35,0,0,-0.04446076631166605,0.01509364671318399,0.008128289876361857
1,54,35,0,0,-0.04456481821520382,0.015026319010894846,0.008036479373240299
1,55,35,0,0,-0.04466274941853348,0.0149528706083976,0.008146651976986167
1,56,35,0,0,-0.04471783572040641,0.014910025706940874,0.008177255478026686
1,57,35,0,0,-0.04471783572040641,0.014910025706940874,0.00823234177989962
1,58,35,0,0,-0.04487697392581712,0.015069163912351574,0.00823234177989962
1,59,35,0,0,-0.044711715020198314,0.01509364671318399,0.007754927163667523
1,60,35,0,0,-0.0447055943199902,0.015307871220467622,0.008226221079691516
1,61,35,0,0,-0.04460766311666055,0.015020198310686742,0.008189496878442894
1,62,35,0,0,-0.044424042110417436,0.015105888113600197,0.008152772677194272
1,63,35,0,0,-0.044644387317909165,0.01516097441547313,0.007816134165748561
1,64,35,0,0,-0.04463214591749296,0.015216060717346064,0.008165014077610479
1,65,35,0,0,-0.04476068062186314,0.015069163912351574,0.007883461868037704
1,66,35,0,0,-0.04452197331374709,0.015038560411311052,0.007950789570326845
1,67,35,0,0,-0.044656628718325375,0.015167095115681234,0.008146651976986167
1,68,35,0,0,-0.04447300771208226,0.015228302117762271,0.00810380707552944
1,69,35,0,0,-0.044399559309585016,0.01535071612192435,0.007932427469702534
1,70,35,0,0,-0.044644387317909165,0.015240543518178478,0.00800587587219978
1,71,35,0,0,-0.04467499081894969,0.015467009425878319,0.008073203574488921
1,72,35,0,0,-0.044668870118741585,0.015252784918594687,0.008073203574488921
1,73,35,0,0,-0.04456481821520382,0.015332354021300038,0.008060962174072714
1,74,35,0,0,-0.04466274941853348,0.015405802423797282,0.008109927775737543
1,75,35,0,0,-0.04463214591749296,0.015130370914432612,0.008116048475945648
1,76,35,0,0,-0.04460154241645244,0.015038560411311052,0.00818337617823479
1,77,35,0,0,-0.04460154241645244,0.015252784918594687,0.008158893377402375
1,78,35,0,0,-0.04446688701187416,0.015277267719427102,0.008195617578650997
1,79,35,0,0,-0.04446688701187416,0.015277267719427102,0.008195617578650997
1,80,35,0,0,-0.044442404211041744,0.015185457216305546,0.008091565675113233
1,81,35,0,0,-0.04463214591749296,0.01509364671318399,0.007999755171991677
1,82,35,0,0,-0.04447912841229036,0.015326233321091934,0.00805484147386461
1,83,35,0,0,-0.04468111151915779,0.01536907822254866,0.008146651976986167
1,84,35,0,0,-0.044552576814787616,0.015228302117762271,0.008299669482188762
1,85,35,0,0,-0.044570938915411924,0.014965112008813808,0.008195617578650997
1,86,35,0,0,-0.044528094013955195,0.01509364671318399,0.008269065981148243
1,87,35,0,0,-0.044644387317909165,0.015467009425878319,0.007865099767413392
1,88,35,0,0,-0.0445342147141633,0.015148733015056922,0.008018117272615987
1,89,35,0,0,-0.04461378381686865,0.015130370914432612,0.00800587587219978
1,90,35,0,0,-0.0447055943199902,0.015228302117762271,0.007932427469702534
1,91,35,0,0,-0.044711715020198314,0.015105888113600197,0.008477169788223774
1,92,35,0,0,-0.044687232219365894,0.015289509119843312,0.00784673766678908
1,93,35,0,0,-0.04463826661770107,0.014971232709021912,0.008116048475945648
1,94,35,0,0,-0.04447912841229036,0.015301750520259519,0.00833027298322928
1,95,35,0,0,-0.04444852491124985,0.015289509119843312,0.008177255478026686
1,96,35,0,0,-0.04465050801811728,0.01517933651609744,0.007993634471783572
1,97,35,0,0,-0.04465050801811728,0.01517933651609744,0.00821397967927531
1,98,35,0,0,-0.04443628351083364,0.015167095115681234,0.00821397967927531
1,99,35,0,0,-0.044925939527481945,0.015038560411311052,0.008250703880523933
2,0,0,35,0,-0.005710613294160852,-0.04342636797649651,0.015044681111519156
2,1,0,35,0,-0.0053494919818827275,-0.0432488676704615,0.014818215203819318
2,2,0,35,0,-0.005251560778553066,-0.04348145427836945,0.014946749908189496
2,3,0,35,0,-0.005508630187293426,-0.04351817847961807,0.014971232709021912
2,4,0,35,0,-0.005814665197698616,-0.043903782592728605,0.015069163912351574
2,5,0,35,0,-0.005582078589790672,-0.04364671318398825,0.014750887501530174
2,6,0,35,0,-0.005624923491247399,-0.04353654058024238,0.014922267107357081
2,7,0,35,0,-0.005624923491247399,-0.04375076508752601,0.01474476680132207
2,8,0,35,0,-0.005759578895825682,-0.04375076508752601,0.01474476680132207
2,9,0,35,0,-0.00564328559187171,-0.043542661280450486,0.014946749908189496
2,10,0,35,0,-0.005600440690414984,-0.043830334190231364,0.015032439711102949
2,11,0,35,0,-0.005533112988125841,-0.043616109682947726,0.014781491002570693
2,12,0,35,0,-0.005735096094993267,-0.04369567878565308,0.014879422205900356
2,13,0,35,0,-0.005637164891663606,-0.04351817847961807,0.015148733015056922
2,14,0,35,0,-0.0053862161831313505,-0.043573264781491,0.015105888113600197
2,15,0,35,0,-0.005698371893744644,-0.04379973068919084,0.015056922511935366
2,16,0,35,0,-0.005435181784796181,-0.043456971477537035,0.015050801811727263
2,17,0,35,0,-0.005539233688333946,-0.043401885175664096,0.01461011139674379
2,18,0,35,0,-0.005741216795201371,-0.04371404088627739,0.01461011139674379
2,19,0,35,0,-0.005533112988125841,-0.04346309217774513,0.01500183621006243
2,20,0,35,0,-0.0058207858979067205,-0.04383645489043946,0.015007956910270534
2,21,0,35,0,-0.005422940384379973,-0.04331007467254254,0.014542783694454645
2,22,0,35,0,-0.0056494062920798135,-0.04332843677316685,0.01516097441547313
2,23,0,35,0,-0.0054596645856285955,-0.04386093769127188,0.014897784306524667
2,24,0,35,0,-0.005520871587709634,-0.043616109682947726,0.014457093891541192
2,25,0,35,0,-0.005526992287917738,-0.04360386828253152,0.015044681111519156
2,26,0,35,0,-0.005496388786877219,-0.043561023381074794,0.014542783694454645
2,27,0,35,0,-0.0054596645856285955,-0.043683437385236876,0.014848818704859837
2,28,0,35,0,-0.0054596645856285955,-0.043683437385236876,0.015234422817970375
2,29,0,35,0,-0.005508630187293426,-0.04370792018606929,0.015234422817970375
2,30,0,35,0,-0.005569837189374464,-0.04351205777940996,0.015099767413392093
2,31,0,35,0,-0.0058207858979067205,-0.04366507528461256,0.014928387807565186
2,32,0,35,0,-0.005422940384379973,-0.04366507528461256,0.01509364671318399
2,33,0,35,0,-0.0055759578895825685,-0.04349981637899376,0.014867180805484149
2,34,0,35,0,-0.00567388909291223,-0.04346309217774513,0.01500183621006243
2,35,0,35,0,-0.005471905986044803,-0.04352429917982617,0.014720284000489655
2,36,0,35,0,-0.005551475088750153,-0.04378136858856653,0.015203819316929856
2,37,0,35,0,-0.005520871587709634,-0.04364059248378015,0.015038560411311052
2,38,0,35,0,-0.005361733382298935,-0.043561023381074794,0.014916146407148978
2,39,0,35,0,-0.005777940996449994,-0.04366507528461256,0.014910025706940874
2,40,0,35,0,-0.005618802791039295,-0.04372016158648549,0.014671318398824826
2,41,0,35,0,-0.005331129881258416,-0.043787489288774635,0.015130370914432612
2,42,0,35,0,-0.0055943199902068795,-0.04349981637899376,0.014995715509854327
2,43,0,35,0,-0.005710613294160852,-0.04331007467254254,0.014781491002570693
2,44,0,35,0,-0.005422940384379973,-0.043303953972334434,0.01493450850777329
2,45,0,35,0,-0.00564328559187171,-0.04352429917982617,0.01500183621006243
2,46,0,35,0,-0.0056494062920798135,-0.043787489288774635,0.014652956298200515
2,47,0,35,0,-0.005496388786877219,-0.04383645489043946,0.015007956910270534
2,48,0,35,0,-0.005490268086669115,-0.043701799485861184,0.014879422205900356
2,49,0,35,0,-0.005490268086669115,-0.043701799485861184,0.014879422205900356
2,50,0,35,0,-0.005906475700820174,-0.04353654058024238,0.014971232709021912
2,51,0,35,0,-0.0056494062920798135,-0.043683437385236876,0.014946749908189496
2,52,0,35,0,-0.005490268086669115,-0.043573264781491,0.015007956910270534
2,53,0,35,0,-0.005496388786877219,-0.043542661280450486,0.015081405312767781
2,54,0,35,0,-0.0056494062920798135,-0.043573264781491,0.014812094503611215
2,55,0,35,0,-0.005331129881258416,-0.043561023381074794,0.014983474109438118
2,56,0,35,0,-0.005716733994368955,-0.04355490268086669,0.01483657730444363
2,57,0,35,0,-0.005600440690414984,-0.04351205777940996,0.014873301505692252
2,58,0,35,0,-0.005704492593952748,-0.04348145427836945,0.014365283388419636
2,59,0,35,0,-0.005637164891663606,-0.043487574978577546,0.014757008201738277
2,60,0,35,0,-0.005471905986044803,-0.04353654058024238,0.0149528706083976
2,61,0,35,0,-0.0054596645856285955,-0.04351817847961807,0.015081405312767781
2,62,0,35,0,-0.005490268086669115,-0.043616109682947726,0.014812094503611215
2,63,0,35,0,-0.005496388786877219,-0.04327947117150202,0.015014077610478637
2,64,0,35,0,-0.005502509487085323,-0.04364671318398825,0.015081405312767781
2,65,0,35,0,-0.005502509487085323,-0.04365283388419635,0.015118129514016403
2,66,0,35,0,-0.0056861304933284364,-0.04365283388419635,0.015118129514016403
2,67,0,35,0,-0.005257681478761171,-0.04349981637899376,0.015099767413392093
2,68,0,35,0,-0.005551475088750153,-0.04359162688211531,0.014793732402986901
2,69,0,35,0,-0.005667768392704125,-0.043530419880034275,0.014989594809646224
2,70,0,35,0,-0.005557595788958257,-0.04334067817358306,0.014671318398824826
2,71,0,35,0,-0.005618802791039295,-0.04355490268086669,0.014946749908189496
2,72,0,35,0,-0.005569837189374464,-0.04348145427836945,0.015136491614640715
2,73,0,35,0,-0.0054045782837556615,-0.04372016158648549,0.014958991308605705
2,74,0,35,0,-0.005392336883339454,-0.04346921287795324,0.015069163912351574
2,75,0,35,0,-0.005502509487085323,-0.04332843677316685,0.0149528706083976
2,76,0,35,0,-0.005667768392704125,-0.04364671318398825,0.014983474109438118
2,77,0,35,0,-0.005582078589790672,-0.043444730077120824,0.014708042600073449
2,78,0,35,0,-0.005520871587709634,-0.04349369567878565,0.015007956910270534
2,79,0,35,0,-0.005747337495409475,-0.0434080058758722,0.014842698004651734
2,80,0,35,0,-0.0055759578895825685,-0.04355490268086669,0.015130370914432612
2,81,0,35,0,-0.00567388909291223,-0.04352429917982617,0.014885542906108459
2,82,0,35,0,-0.005471905986044803,-0.04325498837066961,0.014922267107357081
2,83,0,35,0,-0.0055759578895825685,-0.04346921287795324,0.014640714897784308
2,84,0,35,0,-0.005655526992287918,-0.043548781980658584,0.014689680499449137
2,85,0,35,0,-0.005655526992287918,-0.04349981637899376,0.015167095115681234
2,86,0,35,0,-0.00554535438854205,-0.04349981637899376,0.014928387807565186
2,87,0,35,0,-0.005588199289998775,-0.04359162688211531,0.014928387807565186
2,88,0,35,0,-0.0056126820908311914,-0.043671195984820665,0.015295629820051415
2,89,0,35,0,-0.005539233688333946,-0.043530419880034275,0.014683559799241033
2,90,0,35,0,-0.005698371893744644,-0.04360998898273963,0.014769249602154486
2,91,0,35,0,-0.00567388909291223,-0.043316195372750645,0.014995715509854327
2,92,0,35,0,-0.005728975394785164,-0.0432427469702534,0.014830456604235525
2,93,0,35,0,-0.005765699596033786,-0.04351205777940996,0.014665197698616721
2,94,0,35,0,-0.005833027298322928,-0.04376912718815033,0.015136491614640715
2,95,0,35,0,-0.005661647692496022,-0.04366507528461256,0.01457950789570327
2,96,0,35,0,-0.005557595788958257,-0.04335291957399927,0.01493450850777329
2,97,0,35,0,-0.005435181784796181,-0.04366507528461256,0.014805973803403108
2,98,0,35,0,-0.0053862161831313505,-0.04392214469335292,0.014879422205900356
2,99,0,35,0,-0.005661647692496022,-0.04364671318398825,0.014720284000489655
3,0,35,35,0,-0.03148488187048598,-0.009058636307993634,-0.028210307259150448
3,1,35,35,0,-0.031148243359040272,-0.009101481209450361,-0.028289876361855797
3,2,35,35,0,-0.031148243359040272,-0.008905618802791039,-0.02786754804749663
3,3,35,35,0,-0.03133186436528339,-0.008905618802791039,-0.028112376055820787
3,4,35,35,0,-0.03110539845758355,-0.00861794589301016,-0.027971599951034397
3,5,35,35,0,-0.03138695066715632,-0.008752601297588444,-0.027971599951034397
3,6,35,35,0,-0.031148243359040272,-0.008844411800710002,-0.02838780756518546
3,7,35,35,0,-0.03114212265883217,-0.00882604970008569,-0.028161341657485617
3,8,35,35,0,-0.03115436405924838,-0.008923980903415351,-0.02823479005998286
3,9,35,35,0,-0.03130126086424287,-0.009138205410698983,-0.028204186558942346
3,10,35,35,0,-0.031240053862161832,-0.008728118496756029,-0.028265393561023384
3,11,35,35,0,-0.03144203696902926,-0.008813808299669481,-0.028283755661647692
3,12,35,35,0,-0.03110539845758355,-0.00877708409842086,-0.028069531154364058
3,13,35,35,0,-0.031136001958624065,-0.009113722609866568,-0.0284551352674746
3,14,35,35,0,-0.03101358795446199,-0.008832170400293795,-0.028191945158526133
3,15,35,35,0,-0.031197208960705103,-0.009101481209450361,-0.02837556616476925
3,16,35,35,0,-0.03116048475945648,-0.008624066593218264,-0.02800220345207492
3,17,35,35,0,-0.03116048475945648,-0.008948463704247766,-0.02823479005998286
3,18,35,35,0,-0.031307381564450974,-0.008795446199045171,-0.028485738768515116
3,19,35,35,0,-0.031307381564450974,-0.008948463704247766,-0.028289876361855797
3,20,35,35,0,-0.03112376055820786,-0.008832170400293795,-0.02843065246664218
3,21,35,35,0,-0.03106255355612682,-0.008966825804872078,-0.02836332476435304
3,22,35,35,0,-0.030952380952380953,-0.008758721997796547,-0.028449014567266496
3,23,35,35,0,-0.031136001958624065,-0.009015791406536907,-0.028332721263312523
3,24,35,35,0,-0.03109927775737544,-0.0090035500061207,-0.028259272860815275
3,25,35,35,0,-0.03087893254988371,-0.008917860203207246,-0.028142979556861302
3,26,35,35,0,-0.030952380952380953,-0.008660790794466886,-0.027904272248745254
3,27,35,35,0,-0.030952380952380953,-0.008660790794466886,-0.029471171502019833
3,28,35,35,0,-0.03135634716611581,-0.008850532500918105,-0.028314359162688214
3,29,35,35,0,-0.031044191455502513,-0.008856653201126208,-0.028081772554780265
3,30,35,35,0,-0.031044191455502513,-0.008911739502999142,-0.02814910025706941
3,31,35,35,0,-0.0313441057656996,-0.009101481209450361,-0.0284551352674746
3,32,35,35,0,-0.03106255355612682,-0.009101481209450361,-0.028204186558942346
3,33,35,35,0,-0.0310319500550863,-0.008997429305912597,-0.028112376055820787
3,34,35,35,0,-0.03128289876361856,-0.009076998408617946,-0.02838780756518546
3,35,35,35,0,-0.031221691761537516,-0.00906475700820174,-0.028259272860815275
3,36,35,35,0,-0.031184967560288896,-0.00887501530175052,-0.0282959970620639
3,37,35,35,0,-0.031276778063410456,-0.008770963398212756,-0.027977720651242505
3,38,35,35,0,-0.03147876117027788,-0.008813808299669481,-0.028332721263312523
3,39,35,35,0,-0.031215571061329418,-0.008679152895091198,-0.02838168686497735
3,40,35,35,0,-0.031264536662994245,-0.008887256702166727,-0.028259272860815275
3,41,35,35,0,-0.031166605459664588,-0.00874648059738034,-0.028302117762272004
3,42,35,35,0,-0.03125229526257804,-0.008813808299669481,-0.02811849675602889
3,43,35,35,0,-0.03125841596278614,-0.008783204798628963,-0.028106255355612682
3,44,35,35,0,-0.031068674256334926,-0.009028032806953116,-0.028418411066225974
3,45,35,35,0,-0.031350226465907696,-0.008923980903415351,-0.028265393561023384
3,46,35,35,0,-0.031240053862161832,-0.008850532500918105,-0.028320479862896313
3,47,35,35,0,-0.03133186436528339,-0.008691394295507405,-0.02823479005998286
3,48,35,35,0,-0.03130126086424287,-0.008679152895091198,-0.028130738156445095
3,49,35,35,0,-0.03130126086424287,-0.008679152895091198,-0.028130738156445095
3,50,35,35,0,-0.031111519157791652,-0.00877708409842086,-0.028026686252907336
3,51,35,35,0,-0.03112376055820786,-0.008930101603623454,-0.028198065858734238
3,52,35,35,0,-0.031038070755294404,-0.008923980903415351,-0.028179703758109926
3,53,35,35,0,-0.031184967560288896,-0.008709756396131718,-0.028442893867058394
3,54,35,35,0,-0.031362467866323906,-0.008783204798628963,-0.0282959970620639
3,55,35,35,0,-0.03128289876361856,-0.008899498102582936,-0.028559187171012364
3,56,35,35,0,-0.03098298445342147,-0.009021912106745012,-0.02810013465540458
3,57,35,35,0,-0.03127065736320235,-0.008979067205288285,-0.028259272860815275
3,58,35,35,0,-0.031215571061329418,-0.008893377402374832,-0.028210307259150448
3,59,35,35,0,-0.03115436405924838,-0.008660790794466886,-0.02815522095727751
3,60,35,35,0,-0.031246174562369933,-0.008832170400293795,-0.028418411066225974
3,61,35,35,0,-0.031111519157791652,-0.00887501530175052,-0.028259272860815275
3,62,35,35,0,-0.03088505325009181,-0.008948463704247766,-0.028338841963520628
3,63,35,35,0,-0.031197208960705103,-0.008734239196964134,-0.027971599951034397
3,64,35,35,0,-0.03125841596278614,-0.008673032194883095,-0.02792263434936957
3,65,35,35,0,-0.03125229526257804,-0.008917860203207246,-0.028283755661647692
3,66,35,35,0,-0.03125229526257804,-0.008979067205288285,-0.028283755661647692
3,67,35,35,0,-0.031068674256334926,-0.008979067205288285,-0.028283755661647692
3,68,35,35,0,-0.031087036356959235,-0.009034153507161219,-0.0281368588566532
3,69,35,35,0,-0.03146039906965357,-0.00882604970008569,-0.028589790672052882
3,70,35,35,0,-0.03133186436528339,-0.008660790794466886,-0.02822866935977476
3,71,35,35,0,-0.031166605459664588,-0.008893377402374832,-0.02836332476435304
3,72,35,35,0,-0.031038070755294404,-0.008979067205288285,-0.028400048965601665
3,73,35,35,0,-0.031001346554045784,-0.008850532500918105,-0.028198065858734238
3,74,35,35,0,-0.031233933161953727,-0.008605704492593954,-0.028081772554780265
3,75,35,35,0,-0.031166605459664588,-0.00845880768759946,-0.028406169665809767
3,76,35,35,0,-0.031111519157791652,-0.008691394295507405,-0.028253152160607177
3,77,35,35,0,-0.03112376055820786,-0.008819928999877585,-0.027708409842085936
3,78,35,35,0,-0.031129881258415964,-0.009028032806953116,-0.02816746235769372
3,79,35,35,0,-0.03147876117027788,-0.008862773901334314,-0.028289876361855797
3,80,35,35,0,-0.03106255355612682,-0.009028032806953116,-0.028210307259150448
3,81,35,35,0,-0.031136001958624065,-0.008630187293426368,-0.028173583057901824
3,82,35,35,0,-0.031038070755294404,-0.008850532500918105,-0.028210307259150448
3,83,35,35,0,-0.0313441057656996,-0.009248378014444853,-0.02823479005998286
3,84,35,35,0,-0.031197208960705103,-0.008923980903415351,-0.028412290366017872
3,85,35,35,0,-0.03120945036112131,-0.008979067205288285,-0.028210307259150448
3,86,35,35,0,-0.031080915656751133,-0.008881136001958624,-0.02818582445831803
3,87,35,35,0,-0.031215571061329418,-0.008801566899253275,-0.028320479862896313
3,88,35,35,0,-0.031215571061329418,-0.008819928999877585,-0.02805116905373975
3,89,35,35,0,-0.031038070755294404,-0.008819928999877585,-0.02805116905373975
3,90,35,35,0,-0.031417554168196846,-0.008758721997796547,-0.028289876361855797
3,91,35,35,0,-0.031111519157791652,-0.008721997796547925,-0.028485738768515116
3,92,35,35,0,-0.03115436405924838,-0.008960705104663975,-0.027953237850410085
3,93,35,35,0,-0.031233933161953727,-0.00869751499571551,-0.028265393561023384
3,94,35,35,0,-0.03116048475945648,-0.008795446199045171,-0.0282959970620639
3,95,35,35,0,-0.031393071367364425,-0.008942343004039661,-0.028173583057901824
3,96,35,35,0,-0.031136001958624065,-0.008752601297588444,-0.028026686252907336
3,97,35,35,0,-0.031215571061329418,-0.008807687599461378,-0.028216427959358553
3,98,35,35,0,-0.031215571061329418,-0.008923980903415351,-0.028265393561023384
3,99,35,35,0,-0.03109927775737544,-0.008966825804872078,-0.028491859468723225
