values,,position,position,position,Magnetometer,Magnetometer,Magnetometer
axis,,x,y,z,x,y,z
Sensor,Sample,,,,,,
0,0,0,0,0,-0.04271024605214836,-0.0035255233198677933,0.09527481943934386
0,1,0,0,0,-0.04271024605214836,-0.0035255233198677933,0.09527481943934386
0,2,0,0,0,-0.04279593585506182,-0.0032868160117517442,0.09523197453788713
0,3,0,0,0,-0.042759211653813196,-0.0033969886154976126,0.09482188762394418
0,4,0,0,0,-0.042759211653813196,-0.0033969886154976126,0.09482188762394418
0,5,0,0,0,-0.0427653323540213,-0.003219488309462602,0.09490757742685764
0,6,0,0,0,-0.04296731546088873,-0.00336026441424899,0.09494430162810626
0,7,0,0,0,-0.04296731546088873,-0.00336026441424899,0.09494430162810626
0,8,0,0,0,-0.042899987758599586,-0.003586730321948831,0.09537275064267352
0,9,0,0,0,-0.04259395274819439,-0.003568368221324519,0.0956604235524544
0,10,0,0,0,-0.04259395274819439,-0.003568368221324519,0.0956604235524544
0,11,0,0,0,-0.04286326355735096,-0.0033786265148733016,0.09512180193414127
0,12,0,0,0,-0.042802056555269925,-0.0033786265148733016,0.09502387073081162
0,13,0,0,0,-0.042802056555269925,-0.0033786265148733016,0.09502387073081162
0,14,0,0,0,-0.04289386705839148,-0.003458195617578651,0.09515240543518179
0,15,0,0,0,-0.04263067694944302,-0.003574488921532623,0.09498102582935489
0,16,0,0,0,-0.04290610845880769,-0.0031460399069653568,0.0950055086301873
0,17,0,0,0,-0.04290610845880769,-0.0031460399069653568,0.0950055086301873
0,18,0,0,0,-0.04285714285714286,-0.003305178112376056,0.09512792263434937
0,19,0,0,0,-0.04274084955318889,-0.003366385114457094,0.09520137103684662
0,20,0,0,0,-0.04274084955318889,-0.003366385114457094,0.09520137103684662
0,21,0,0,0,-0.04272248745256457,-0.003109315705716734,0.0951891296364304
0,22,0,0,0,-0.042802056555269925,-0.003562247521116416,0.09512180193414127
0,23,0,0,0,-0.042802056555269925,-0.003562247521116416,0.09512180193414127
0,24,0,0,0,-0.04281429795568613,-0.0033725058146651977,0.09537275064267352
0,25,0,0,0,-0.04272248745256457,-0.0032745746113355366,0.09505447423185212
0,26,0,0,0,-0.04272248745256457,-0.0032745746113355366,0.09505447423185212
0,27,0,0,0,-0.042618435549026806,-0.003341902313624678,0.09506059493206023
0,28,0,0,0,-0.04254498714652956,-0.003433712816746236,0.09496878442893866
0,29,0,0,0,-0.04254498714652956,-0.003433712816746236,0.09496878442893866
0,30,0,0,0,-0.04297955686130493,-0.0037275064267352186,0.09501162933039539
0,31,0,0,0,-0.0429367119598482,-0.0032806953115436404,0.09512180193414127
0,32,0,0,0,-0.0429367119598482,-0.0032806953115436404,0.09512180193414127
0,33,0,0,0,-0.042924470559432,-0.0033112988125841595,0.09506059493206023
0,34,0,0,0,-0.04269800465173216,-0.003329660913208471,0.09481576692373608
0,35,0,0,0,-0.04269800465173216,-0.003329660913208471,0.09481576692373608
0,36,0,0,0,-0.04310809156567511,-0.0038621618313135022,0.09512792263434937
0,37,0,0,0,-0.042961194760680624,-0.0035071612192434814,0.09503611213122781
0,38,0,0,0,-0.0426000734484025,-0.0034031093157057164,0.09499938792997918
0,39,0,0,0,-0.0426000734484025,-0.0034031093157057164,0.09499938792997918
0,40,0,0,0,-0.04282653935610234,-0.0036479373240298693,0.09504223283143591
0,41,0,0,0,-0.04283266005631044,-0.0034214714163300283,0.09499326722977108
0,42,0,0,0,-0.04283266005631044,-0.0034214714163300283,0.09499326722977108
0,43,0,0,0,-0.042820418655894234,-0.003470437017994859,0.09506059493206023
0,44,0,0,0,-0.0427653323540213,-0.003550006120700208,0.09524421593830334
0,45,0,0,0,-0.0427653323540213,-0.003550006120700208,0.09524421593830334
0,46,0,0,0,-0.042875504957767166,-0.0030848329048843185,0.09509731913330885
0,47,0,0,0,-0.042875504957767166,-0.003243971110295018,0.09531766434080059
0,48,0,0,0,-0.042875504957767166,-0.003243971110295018,0.09531766434080059
0,49,0,0,0,-0.042746970253396986,-0.0032929367119598485,0.09496878442893866
0,50,0,0,0,-0.04254498714652956,-0.003225609009670706,0.09496878442893866
0,51,0,0,0,-0.04263067694944302,-0.0035438854204921043,0.09526869873913577
0,52,0,0,0,-0.04277757375443751,-0.0032684539111274328,0.09514628473497369
0,53,0,0,0,-0.04286326355735096,-0.003550006120700208,0.09530542294038438
0,54,0,0,0,-0.04284490145672665,-0.003568368221324519,0.09510956053372506
0,55,0,0,0,-0.04267964255110785,-0.0032745746113355366,0.09512792263434937
0,56,0,0,0,-0.04252662504590525,-0.0036479373240298693,0.09505447423185212
0,57,0,0,0,-0.042887746358183376,-0.0034092300159138207,0.09521361243726281
0,58,0,0,0,-0.042887746358183376,-0.003335781613416575,0.09530542294038438
0,59,0,0,0,-0.04274084955318889,-0.003335781613416575,0.09530542294038438
0,60,0,0,0,-0.042808177255478023,-0.0034398335169543394,0.09515852613538989
0,61,0,0,0,-0.042746970253396986,-0.003262333210919329,0.09536662994246542
0,62,0,0,0,-0.04286326355735096,-0.003433712816746236,0.09534826784184111
0,63,0,0,0,-0.04274084955318889,-0.003458195617578651,0.09509731913330885
0,64,0,0,0,-0.042618435549026806,-0.003684661525278492,0.09525645733871954
0,65,0,0,0,-0.042930591259640105,-0.0033786265148733016,0.0951768882360142
0,66,0,0,0,-0.04277757375443751,-0.003562247521116416,0.09503611213122781
0,67,0,0,0,-0.042716366752356474,-0.003207246909046395,0.09495654302852247
0,68,0,0,0,-0.04283266005631044,-0.0035194026196596886,0.09528094013955196
0,69,0,0,0,-0.04272248745256457,-0.003452074917370547,0.09496266372873056
0,70,0,0,0,-0.04258171134777818,-0.0035255233198677933,0.09495042232831435
0,71,0,0,0,-0.042759211653813196,-0.003562247521116416,0.09577671685640837
0,72,0,0,0,-0.04285714285714286,-0.003568368221324519,0.09504835353164402
0,73,0,0,0,-0.04299179826172114,-0.0036050924225731426,0.0951768882360142
0,74,0,0,0,-0.04274084955318889,-0.0034398335169543394,0.09510343983351696
0,75,0,0,0,-0.042759211653813196,-0.003262333210919329,0.09514016403476558
0,76,0,0,0,-0.042759211653813196,-0.003262333210919329,0.0950177500306035
0,77,0,0,0,-0.04286326355735096,-0.0033174195127922633,0.0950177500306035
0,78,0,0,0,-0.042759211653813196,-0.003348023013832783,0.09514628473497369
0,79,0,0,0,-0.04283266005631044,-0.003580609621740727,0.09508507773289264
0,80,0,0,0,-0.042887746358183376,-0.0033908679152895088,0.09507895703268454
0,81,0,0,0,-0.042820418655894234,-0.0032500918105031217,0.0950177500306035
0,82,0,0,0,-0.042899987758599586,-0.0032806953115436404,0.09509731913330885
0,83,0,0,0,-0.0427714530542294,-0.0036907822254865956,0.0950055086301873
0,84,0,0,0,-0.04296731546088873,-0.0035010405190353776,0.09523809523809523
0,85,0,0,0,-0.042649039050067325,-0.003305178112376056,0.09506671563226833
0,86,0,0,0,-0.04275309095360509,-0.0035071612192434814,0.0950055086301873
0,87,0,0,0,-0.042961194760680624,-0.0032806953115436404,0.09496266372873056
0,88,0,0,0,-0.042961194760680624,-0.0035132819194515852,0.09521361243726281
0,89,0,0,0,-0.04273472885298078,-0.0035132819194515852,0.09521361243726281
0,90,0,0,0,-0.04278369445464561,-0.0035132819194515852,0.09495654302852247
0,91,0,0,0,-0.0429367119598482,-0.003329660913208471,0.09508507773289264
0,92,0,0,0,-0.04265515975027544,-0.003323540213000367,0.09509731913330885
0,93,0,0,0,-0.04297343616109683,-0.003660178724446077,0.09521361243726281
0,94,0,0,0,-0.042820418655894234,-0.0032868160117517442,0.09515240543518179
0,95,0,0,0,-0.04291222915901579,-0.003323540213000367,0.09529318153996817
0,96,0,0,0,-0.04277757375443751,-0.003445954217162443,0.09509119843310074
0,97,0,0,0,-0.042802056555269925,-0.0032745746113355366,0.09532378504100869
0,98,0,0,0,-0.04267964255110785,-0.0030419880034275922,0.09528706083976007
0,99,0,0,0,-0.04279593585506182,-0.003348023013832783,0.09529930224017627
1,0,35,0,0,-0.04036601787244461,0.012841229036601787,0.006243114212265883
1,1,35,0,0,-0.04036601787244461,0.012841229036601787,0.006243114212265883
1,2,35,0,0,-0.040525156077855305,0.012743297833272127,0.006328804015179336
1,3,35,0,0,-0.04047006977598237,0.012761659933896437,0.006132941608520015
1,4,35,0,0,-0.04047006977598237,0.012761659933896437,0.006132941608520015
1,5,35,0,0,-0.04070877708409842,0.012853470437017993,0.006212510711225364
1,6,35,0,0,-0.04053127677806341,0.012761659933896437,0.006377769616844167
1,7,35,0,0,-0.04080058758721998,0.012743297833272127,0.0062553556126820915
1,8,35,0,0,-0.04080058758721998,0.012743297833272127,0.0062553556126820915
1,9,35,0,0,-0.040427224874525644,0.012920798139307138,0.006145183008936223
1,10,35,0,0,-0.04060472518056066,0.012890194638266617,0.006279838413514506
1,11,35,0,0,-0.04060472518056066,0.012890194638266617,0.006279838413514506
1,12,35,0,0,-0.04059860448035255,0.012926918839515241,0.006408373117884686
1,13,35,0,0,-0.04064757008201738,0.012737177133064024,0.006096217407271392
1,14,35,0,0,-0.04064757008201738,0.012737177133064024,0.006096217407271392
1,15,35,0,0,-0.04050679397723099,0.012651487330150568,0.006096217407271392
1,16,35,0,0,-0.04041498347410944,0.013024850042844902,0.006426735218508997
1,17,35,0,0,-0.04041498347410944,0.013024850042844902,0.006426735218508997
1,18,35,0,0,-0.04061696658097687,0.01282898763618558,0.006077855306647081
1,19,35,0,0,-0.040678173583057906,0.01282898763618558,0.00641449381809279
1,20,35,0,0,-0.040525156077855305,0.013245195250336638,0.006175786509976741
1,21,35,0,0,-0.040525156077855305,0.013245195250336638,0.006175786509976741
1,22,35,0,0,-0.04073938058513894,0.01295752234055576,0.006126820908311911
1,23,35,0,0,-0.04056188027910393,0.012902436038682824,0.006126820908311911
1,24,35,0,0,-0.04056188027910393,0.012902436038682824,0.006126820908311911
1,25,35,0,0,-0.040580242379728244,0.012755539233688334,0.0060656139062308725
1,26,35,0,0,-0.040672052882849793,0.012675970130982983,0.006151303709144326
1,27,35,0,0,-0.040672052882849793,0.012675970130982983,0.006151303709144326
1,28,35,0,0,-0.040580242379728244,0.012865711837434202,0.006096217407271392
1,29,35,0,0,-0.04063532868160118,0.012859591137226099,0.006365528216427959
1,30,35,0,0,-0.04063532868160118,0.012859591137226099,0.006365528216427959
1,31,35,0,0,-0.040806708287428085,0.012982005141388175,0.006114579507895703
1,32,35,0,0,-0.04046394907577427,0.012578038927653324,0.006218631411433468
1,33,35,0,0,-0.04050067327702289,0.012841229036601787,0.006298200514138817
1,34,35,0,0,-0.04050067327702289,0.012841229036601787,0.006298200514138817
1,35,35,0,0,-0.040482311176398576,0.012865711837434202,0.00615742440935243
1,36,35,0,0,-0.04057412167952014,0.01295752234055576,0.006163545109560534
1,37,35,0,0,-0.04057412167952014,0.01295752234055576,0.006163545109560534
1,38,35,0,0,-0.04047006977598237,0.012553556126820908,0.006298200514138817
1,39,35,0,0,-0.04072101848451463,0.012982005141388175,0.006224752111641572
1,40,35,0,0,-0.04072101848451463,0.012982005141388175,0.006224752111641572
1,41,35,0,0,-0.04048843187660668,0.0127004529318154,0.006359407516219856
1,42,35,0,0,-0.04072101848451463,0.013067694944301628,0.006175786509976741
1,43,35,0,0,-0.04072101848451463,0.013067694944301628,0.006175786509976741
1,44,35,0,0,-0.040384379973068915,0.013024850042844902,0.006175786509976741
1,45,35,0,0,-0.04050679397723099,0.012951401640347656,0.006163545109560534
1,46,35,0,0,-0.04039050067327703,0.013128901946382665,0.006096217407271392
1,47,35,0,0,-0.04039050067327703,0.013128901946382665,0.006096217407271392
1,48,35,0,0,-0.040825070388052394,0.013153384747215082,0.00597992410331742
1,49,35,0,0,-0.040568000979312034,0.012877953237850409,0.006016648304566043
1,50,35,0,0,-0.0405190353776472,0.013012608642428694,0.006175786509976741
1,51,35,0,0,-0.04044558697514995,0.01293916023993145,0.006371648916636064
1,52,35,0,0,-0.04072713918472273,0.013018729342636797,0.006298200514138817
1,53,35,0,0,-0.04049455257681479,0.013018729342636797,0.006469580119965725
1,54,35,0,0,-0.040396621373485125,0.013000367242012487,0.006365528216427959
1,55,35,0,0,-0.040396621373485125,0.013000367242012487,0.006261476312890195
1,56,35,0,0,-0.040672052882849793,0.012969763740971968,0.006261476312890195
1,57,35,0,0,-0.04075774268576325,0.013018729342636797,0.006304321214346921
1,58,35,0,0,-0.04056188027910393,0.01268209083119109,0.006396131717468478
1,59,35,0,0,-0.04048843187660668,0.012798384135145061,0.006218631411433468
1,60,35,0,0,-0.04046394907577427,0.013079936344717834,0.006341045415595545
1,61,35,0,0,-0.040580242379728244,0.013092177745134043,0.006004406904149834
1,62,35,0,0,-0.040298690170155464,0.012822866935977475,0.006096217407271392
1,63,35,0,0,-0.040427224874525644,0.012639245929734361,0.006206390011017261
1,64,35,0,0,-0.0403598971722365,0.01293916023993145,0.006377769616844167
1,65,35,0,0,-0.040678173583057906,0.013153384747215082,0.006432855918717101
1,66,35,0,0,-0.0405129146774391,0.012871832537642305,0.006445097319133309
1,67,35,0,0,-0.04049455257681479,0.012810625535561268,0.006200269310809157
1,68,35,0,0,-0.040568000979312034,0.01289631533847472,0.0063104419145550246
1,69,35,0,0,-0.04046394907577427,0.013135022646590768,0.006139062308728118
1,70,35,0,0,-0.040672052882849793,0.012890194638266617,0.0060288897049822505
1,71,35,0,0,-0.04060472518056066,0.01295752234055576,0.006132941608520015
1,72,35,0,0,-0.040568000979312034,0.01321459174929612,0.006114579507895703
1,73,35,0,0,-0.04039050067327703,0.012951401640347656,0.0062369935120577796
1,74,35,0,0,-0.040537397478271515,0.012816746235769371,0.00628595911372261
1,75,35,0,0,-0.04056188027910393,0.012884073938058512,0.006328804015179336
1,76,35,0,0,-0.04054963887868772,0.013190108948463706,0.005937079201860693
1,77,35,0,0,-0.04054963887868772,0.013092177745134043,0.006188027910392949
1,78,35,0,0,-0.040427224874525644,0.013092177745134043,0.006188027910392949
1,79,35,0,0,-0.04069041498347411,0.012822866935977475,0.006249234912473986
1,80,35,0,0,-0.040537397478271515,0.012963643040763865,0.00585138939894724
1,81,35,0,0,-0.04064144938180928,0.012718815032439712,0.006016648304566043
1,82,35,0,0,-0.04070265638389032,0.01308605704492594,0.006194148610601053
1,83,35,0,0,-0.04042110417431754,0.013061574244093524,0.006114579507895703
1,84,35,0,0,-0.04053127677806341,0.013055453543885421,0.006457338719549515
1,85,35,0,0,-0.04063532868160118,0.012890194638266617,0.006469580119965725
1,86,35,0,0,-0.040678173583057906,0.01319622964867181,0.006383890317052271
1,87,35,0,0,-0.040696535683682214,0.013043212143469212,0.006096217407271392
1,88,35,0,0,-0.040525156077855305,0.013037091443261109,0.006328804015179336
1,89,35,0,0,-0.04054351817847962,0.013018729342636797,0.005986044803525523
1,90,35,0,0,-0.040482311176398576,0.012694332231607297,0.0060288897049822505
1,91,35,0,0,-0.040482311176398576,0.012982005141388175,0.006145183008936223
1,92,35,0,0,-0.040310931570571674,0.012982005141388175,0.006145183008936223
1,93,35,0,0,-0.04073938058513894,0.013177867548047497,0.006175786509976741
1,94,35,0,0,-0.04054963887868772,0.013012608642428694,0.006328804015179336
1,95,35,0,0,-0.040408862773901336,0.013049332843677316,0.006194148610601053
1,96,35,0,0,-0.04059248378014445,0.012969763740971968,0.006175786509976741
1,97,35,0,0,-0.04085567388909291,0.012926918839515241,0.006200269310809157
1,98,35,0,0,-0.040568000979312034,0.012951401640347656,0.00628595911372261
1,99,35,0,0,-0.0403476557718203,0.013226833149712328,0.0062737177133064025
2,0,0,35,0,-0.007510099155343371,-0.038272738401273106,0.011231484881870486
2,1,0,35,0,-0.0074244093524299185,-0.03807687599461378,0.01041743175419268
2,2,0,35,0,-0.0074244093524299185,-0.03807687599461378,0.01041743175419268
2,3,0,35,0,-0.007381564450973191,-0.038046272493573265,0.011292691883951524
2,4,0,35,0,-0.007626392459297343,-0.038046272493573265,0.010998898273962542
2,5,0,35,0,-0.007571306157424409,-0.03808299669482189,0.011139674378748929
2,6,0,35,0,-0.007571306157424409,-0.03808299669482189,0.011139674378748929
2,7,0,35,0,-0.0076508752601297594,-0.03819928999877586,0.011188639980413759
2,8,0,35,0,-0.007595788958256825,-0.037942220590035505,0.01123760558207859
2,9,0,35,0,-0.007595788958256825,-0.037942220590035505,0.01123760558207859
2,10,0,35,0,-0.007387685151181295,-0.037887134288162566,0.01136614028644877
2,11,0,35,0,-0.0074978577549271634,-0.037819806585873424,0.010827518668135635
2,12,0,35,0,-0.0074978577549271634,-0.037819806585873424,0.010827518668135635
2,13,0,35,0,-0.00715509854327335,-0.03797282409107602,0.011262088382911005
2,14,0,35,0,-0.007608030358673032,-0.038034031093157054,0.011053984575835476
2,15,0,35,0,-0.007608030358673032,-0.038034031093157054,0.011053984575835476
2,16,0,35,0,-0.007644754559921656,-0.03800954829232464,0.01102950177500306
2,17,0,35,0,-0.007467254253886645,-0.03809523809523809,0.010925449871465296
2,18,0,35,0,-0.007467254253886645,-0.03809523809523809,0.010925449871465296
2,19,0,35,0,-0.007528461255967683,-0.03802178969274085,0.011041743175419267
2,20,0,35,0,-0.007620271759089239,-0.037801444485249115,0.010735708165014079
2,21,0,35,0,-0.007583547557840617,-0.038027910392948956,0.011194760680621862
2,22,0,35,0,-0.007583547557840617,-0.038027910392948956,0.011194760680621862
2,23,0,35,0,-0.007565185457216306,-0.037758599583792386,0.011268209083119108
2,24,0,35,0,-0.007601909658464928,-0.03835230750397846,0.011311053984575836
2,25,0,35,0,-0.007601909658464928,-0.03835230750397846,0.011311053984575836
2,26,0,35,0,-0.007467254253886645,-0.03791161708899498,0.011231484881870486
2,27,0,35,0,-0.007620271759089239,-0.03799118619170033,0.010998898273962542
2,28,0,35,0,-0.007620271759089239,-0.03799118619170033,0.010998898273962542
2,29,0,35,0,-0.007638633859713551,-0.03797282409107602,0.011225364181662383
2,30,0,35,0,-0.007601909658464928,-0.038034031093157054,0.011127432978332722
2,31,0,35,0,-0.007601909658464928,-0.038034031093157054,0.011127432978332722
2,32,0,35,0,-0.007522340555759578,-0.037691271881503244,0.011274329783327212
2,33,0,35,0,-0.0074978577549271634,-0.03772799608275187,0.011151915779165137
2,34,0,35,0,-0.0074978577549271634,-0.03772799608275187,0.011151915779165137
2,35,0,35,0,-0.007681478761170278,-0.03795446199045171,0.011182519280205656
2,36,0,35,0,-0.007534581956175787,-0.03773411678295997,0.010717346064389765
2,37,0,35,0,-0.007436650752846126,-0.03768515118129514,0.01134777818582446
2,38,0,35,0,-0.007436650752846126,-0.03768515118129514,0.01134777818582446
2,39,0,35,0,-0.00758966825804872,-0.03800954829232464,0.01123760558207859
2,40,0,35,0,-0.007473374954094748,-0.037917737789203085,0.011145795078957032
2,41,0,35,0,-0.007473374954094748,-0.037917737789203085,0.011145795078957032
2,42,0,35,0,-0.007583547557840617,-0.03783204798628963,0.010986656873546333
2,43,0,35,0,-0.007510099155343371,-0.03783204798628963,0.011298812584159627
2,44,0,35,0,-0.007510099155343371,-0.03783204798628963,0.011298812584159627
2,45,0,35,0,-0.007571306157424409,-0.038027910392948956,0.010925449871465296
2,46,0,35,0,-0.007534581956175787,-0.03812584159627862,0.011145795078957032
2,47,0,35,0,-0.007534581956175787,-0.03812584159627862,0.011145795078957032
2,48,0,35,0,-0.00758966825804872,-0.037960582690659814,0.011243726282286693
2,49,0,35,0,-0.007632513159505447,-0.03786265148733015,0.010968294772922023
2,50,0,35,0,-0.00779777206512425,-0.03799118619170033,0.010735708165014079
2,51,0,35,0,-0.007767168564083732,-0.03822377279960827,0.011053984575835476
2,52,0,35,0,-0.007601909658464928,-0.03805239319378137,0.011102950177500306
2,53,0,35,0,-0.007595788958256825,-0.03804015179336516,0.010429673154608887
2,54,0,35,0,-0.007228546945770596,-0.037948341290243603,0.011011139674378749
2,55,0,35,0,-0.007301995348267842,-0.037617823479005996,0.011053984575835476
2,56,0,35,0,-0.007503978455135267,-0.03821153139919207,0.011139674378748929
2,57,0,35,0,-0.007608030358673032,-0.03776472028400049,0.01110907087770841
2,58,0,35,0,-0.007608030358673032,-0.03779532378504101,0.010858122169176154
2,59,0,35,0,-0.00731423674868405,-0.03779532378504101,0.010858122169176154
2,60,0,35,0,-0.007485616354510956,-0.03775247888358428,0.01121924348145428
2,61,0,35,0,-0.007528461255967683,-0.037899375688578776,0.011170277879789447
2,62,0,35,0,-0.007467254253886645,-0.03791161708899498,0.011078467376667891
2,63,0,35,0,-0.007510099155343371,-0.03822377279960827,0.011427347288529807
2,64,0,35,0,-0.007693720161586486,-0.038187048598359655,0.011053984575835476
2,65,0,35,0,-0.0077426857632513155,-0.038156445097319136,0.011213122781246174
2,66,0,35,0,-0.007387685151181295,-0.037893254988370664,0.011096829477292203
2,67,0,35,0,-0.007675358060962175,-0.0382543763006488,0.011017260374586852
2,68,0,35,0,-0.007540702656383891,-0.03788101358795446,0.0110907087770841
2,69,0,35,0,-0.007522340555759578,-0.037887134288162566,0.011072346676459786
2,70,0,35,0,-0.007681478761170278,-0.0377830823846248,0.011139674378748929
2,71,0,35,0,-0.007534581956175787,-0.03783204798628963,0.011225364181662383
2,72,0,35,0,-0.007748806463459419,-0.03800954829232464,0.011292691883951524
2,73,0,35,0,-0.007583547557840617,-0.03772799608275187,0.011078467376667891
2,74,0,35,0,-0.007699840861794589,-0.03800342759211654,0.011341657485616354
2,75,0,35,0,-0.00758966825804872,-0.038089117395029994,0.011041743175419267
2,76,0,35,0,-0.0076692373607540705,-0.037672909780878935,0.011121312278124618
2,77,0,35,0,-0.007522340555759578,-0.03783204798628963,0.011280450483535317
2,78,0,35,0,-0.007748806463459419,-0.03800342759211654,0.010968294772922023
2,79,0,35,0,-0.007748806463459419,-0.038089117395029994,0.011311053984575836
2,80,0,35,0,-0.007552944056800098,-0.038089117395029994,0.011311053984575836
2,81,0,35,0,-0.007363202350348879,-0.037899375688578776,0.011372260986656873
2,82,0,35,0,-0.007620271759089239,-0.03797894479128412,0.011005018974170645
2,83,0,35,0,-0.007754927163667523,-0.038015668992532746,0.01121924348145428
2,84,0,35,0,-0.00758966825804872,-0.03800954829232464,0.011274329783327212
2,85,0,35,0,-0.007430530052638022,-0.03780756518545721,0.011017260374586852
2,86,0,35,0,-0.007565185457216306,-0.03800954829232464,0.011151915779165137
2,87,0,35,0,-0.007595788958256825,-0.03781368588566532,0.011102950177500306
2,88,0,35,0,-0.007620271759089239,-0.03819316929856776,0.010864242869384259
2,89,0,35,0,-0.007822254865956665,-0.037887134288162566,0.011145795078957032
2,90,0,35,0,-0.007308116048475946,-0.03792385848941119,0.010399069653568368
2,91,0,35,0,-0.007705961562002693,-0.037929979189619295,0.011225364181662383
2,92,0,35,0,-0.007705961562002693,-0.037942220590035505,0.011170277879789447
2,93,0,35,0,-0.007608030358673032,-0.037942220590035505,0.011170277879789447
2,94,0,35,0,-0.007510099155343371,-0.03797894479128412,0.011023381074794957
2,95,0,35,0,-0.007503978455135267,-0.037942220590035505,0.011249846982494798
2,96,0,35,0,-0.007608030358673032,-0.038089117395029994,0.011170277879789447
2,97,0,35,0,-0.007608030358673032,-0.03783816868649774,0.010796915167095116
2,98,0,35,0,-0.007663116660545967,-0.037887134288162566,0.011133553678540825
2,99,0,35,0,-0.007479495654302852,-0.03776472028400049,0.011096829477292203
3,0,35,35,0,-0.029318153996817236,-0.007369323050556984,-0.028779532378504103
3,1,35,35,0,-0.02916513649161464,-0.007228546945770596,-0.028546945770596154
3,2,35,35,0,-0.029012118986412046,-0.007069408740359898,-0.028785653078712205
3,3,35,35,0,-0.029012118986412046,-0.007069408740359898,-0.028785653078712205
3,4,35,35,0,-0.029275309095360507,-0.007430530052638022,-0.02898763618557963
3,5,35,35,0,-0.0292630676949443,-0.007326478149100257,-0.028755049577671686
3,6,35,35,0,-0.0292630676949443,-0.007326478149100257,-0.028755049577671686
3,7,35,35,0,-0.029116170889949812,-0.007228546945770596,-0.028755049577671686
3,8,35,35,0,-0.029116170889949812,-0.007161219243481454,-0.028595911372260984
3,9,35,35,0,-0.029116170889949812,-0.007161219243481454,-0.028595911372260984
3,10,35,35,0,-0.02922022279348758,-0.006959236136614029,-0.028638756273717713
3,11,35,35,0,-0.029269188395152405,-0.007301995348267842,-0.028779532378504103
3,12,35,35,0,-0.029269188395152405,-0.007301995348267842,-0.028779532378504103
3,13,35,35,0,-0.029232464193903785,-0.0070082017382788585,-0.028510221569347533
3,14,35,35,0,-0.029336516097441544,-0.007210184845146285,-0.028865222181417554
3,15,35,35,0,-0.029336516097441544,-0.007161219243481454,-0.02887746358183376
3,16,35,35,0,-0.029244705594319992,-0.007161219243481454,-0.02887746358183376
3,17,35,35,0,-0.029103929489533602,-0.00731423674868405,-0.028718325376423066
3,18,35,35,0,-0.029238584894111887,-0.006983718937446444,-0.02874280817725548
3,19,35,35,0,-0.029238584894111887,-0.006983718937446444,-0.02874280817725548
3,20,35,35,0,-0.029012118986412046,-0.006879667033908679,-0.02879177377892031
3,21,35,35,0,-0.029275309095360507,-0.0071795813441057664,-0.028669359774758228
3,22,35,35,0,-0.029275309095360507,-0.0071795813441057664,-0.028669359774758228
3,23,35,35,0,-0.029336516097441544,-0.006787856530787122,-0.028822377279960825
3,24,35,35,0,-0.02912229159015791,-0.0069714775370302365,-0.028736687477047374
3,25,35,35,0,-0.02912229159015791,-0.0069714775370302365,-0.028736687477047374
3,26,35,35,0,-0.029367119598482067,-0.007320357448892154,-0.028626514873301506
3,27,35,35,0,-0.028999877585995835,-0.007253029746603011,-0.02838168686497735
3,28,35,35,0,-0.029250826294528093,-0.00705716733994369,-0.02892030848329049
3,29,35,35,0,-0.029250826294528093,-0.00705716733994369,-0.02892030848329049
3,30,35,35,0,-0.029330395397233443,-0.007191822744521974,-0.028681601175174442
3,31,35,35,0,-0.029287550495776714,-0.007130615742440935,-0.028828497980168934
3,32,35,35,0,-0.029287550495776714,-0.007130615742440935,-0.028828497980168934
3,33,35,35,0,-0.029250826294528093,-0.006922511935365405,-0.028681601175174442
3,34,35,35,0,-0.028938670583914798,-0.007191822744521974,-0.028669359774758228
3,35,35,35,0,-0.028938670583914798,-0.007191822744521974,-0.028669359774758228
3,36,35,35,0,-0.02895091198433101,-0.006891908434324886,-0.028191945158526133
3,37,35,35,0,-0.029061084588076873,-0.006855184233076264,-0.02856530787122047
3,38,35,35,0,-0.029061084588076873,-0.006855184233076264,-0.02856530787122047
3,39,35,35,0,-0.029238584894111887,-0.007210184845146285,-0.02879789447912841
3,40,35,35,0,-0.028736687477047374,-0.0071979434447300775,-0.028871342881625656
3,41,35,35,0,-0.028736687477047374,-0.007142857142857143,-0.028534704370179947
3,42,35,35,0,-0.029079446688701188,-0.007142857142857143,-0.028534704370179947
3,43,35,35,0,-0.029012118986412046,-0.007357081650140776,-0.028779532378504103
3,44,35,35,0,-0.028975394785163422,-0.007075529440568001,-0.02888970498224997
3,45,35,35,0,-0.028975394785163422,-0.007075529440568001,-0.02888970498224997
3,46,35,35,0,-0.029171257191822748,-0.007222426245562493,-0.028669359774758228
3,47,35,35,0,-0.02912841229036602,-0.007075529440568001,-0.02881013587954462
3,48,35,35,0,-0.02912841229036602,-0.007075529440568001,-0.02881013587954462
3,49,35,35,0,-0.029201860692863263,-0.007295874648059739,-0.02892642918349859
3,50,35,35,0,-0.029232464193903785,-0.007081650140776105,-0.028736687477047374
3,51,35,35,0,-0.029116170889949812,-0.006898029134532991,-0.02879177377892031
3,52,35,35,0,-0.029244705594319992,-0.0071979434447300775,-0.02881013587954462
3,53,35,35,0,-0.029042722487452564,-0.007051046639735587,-0.028761170277879788
3,54,35,35,0,-0.029269188395152405,-0.007142857142857143,-0.028773411678295994
3,55,35,35,0,-0.029061084588076873,-0.00710613294160852,-0.028785653078712205
3,56,35,35,0,-0.02908556738890929,-0.007081650140776105,-0.028834618680377032
3,57,35,35,0,-0.02913453299057412,-0.007467254253886645,-0.02874280817725548
3,58,35,35,0,-0.029097808789325497,-0.007069408740359898,-0.02874892887746358
3,59,35,35,0,-0.029030481087036358,-0.00728363324764353,-0.02879789447912841
3,60,35,35,0,-0.028957032684539113,-0.007148977843065246,-0.028712204676214957
3,61,35,35,0,-0.0292569469947362,-0.006898029134532991,-0.02887746358183376
3,62,35,35,0,-0.029207981393071368,-0.007100012241400416,-0.028993756885787737
3,63,35,35,0,-0.029207981393071368,-0.007100012241400416,-0.028993756885787737
3,64,35,35,0,-0.029079446688701188,-0.006934753335781614,-0.028308238462480106
3,65,35,35,0,-0.02890806708287428,-0.007393805851389398,-0.028669359774758228
3,66,35,35,0,-0.02908556738890929,-0.007002081038070755,-0.028687721875382544
3,67,35,35,0,-0.02912841229036602,-0.007081650140776105,-0.02851634226955564
3,68,35,35,0,-0.029287550495776714,-0.007130615742440935,-0.0284551352674746
3,69,35,35,0,-0.02915901579140654,-0.007259150446811115,-0.028834618680377032
3,70,35,35,0,-0.0292569469947362,-0.007246909046394907,-0.028755049577671686
3,71,35,35,0,-0.029250826294528093,-0.006928632635573509,-0.028730566776839273
3,72,35,35,0,-0.029171257191822748,-0.007191822744521974,-0.02857142857142857
3,73,35,35,0,-0.029146774390990327,-0.006983718937446444,-0.02890806708287428
3,74,35,35,0,-0.02916513649161464,-0.007069408740359898,-0.028626514873301506
3,75,35,35,0,-0.029318153996817236,-0.007308116048475946,-0.02870608397600686
3,76,35,35,0,-0.028975394785163422,-0.007032684539111274,-0.028785653078712205
3,77,35,35,0,-0.02901823968662015,-0.007173460643897662,-0.028822377279960825
3,78,35,35,0,-0.029110050189741703,-0.0070265638389031704,-0.028681601175174442
3,79,35,35,0,-0.029318153996817236,-0.0072346676459786995,-0.028559187171012364
3,80,35,35,0,-0.02948341290243604,-0.007204064144938181,-0.028736687477047374
3,81,35,35,0,-0.02930591259640103,-0.006916391235157302,-0.02908556738890929
3,82,35,35,0,-0.029073325988493083,-0.0070265638389031704,-0.028577549271636676
3,83,35,35,0,-0.029189619292447056,-0.00667156322683315,-0.028834618680377032
3,84,35,35,0,-0.029201860692863263,-0.0070265638389031704,-0.02887746358183376
3,85,35,35,0,-0.029201860692863263,-0.0070265638389031704,-0.028724446076631167
3,86,35,35,0,-0.0289325498837067,-0.0072713918472273225,-0.028724446076631167
3,87,35,35,0,-0.02919573999265516,-0.007210184845146285,-0.028712204676214957
3,88,35,35,0,-0.029116170889949812,-0.006922511935365405,-0.028804015179336517
3,89,35,35,0,-0.029042722487452564,-0.006708287428081773,-0.028632635573509608
3,90,35,35,0,-0.029024360386828253,-0.007259150446811115,-0.02856530787122047
3,91,35,35,0,-0.02912841229036602,-0.007161219243481454,-0.028779532378504103
3,92,35,35,0,-0.028944791284122907,-0.006904149834741094,-0.028675480474966337
3,93,35,35,0,-0.029054963887868775,-0.00710613294160852,-0.028669359774758228
3,94,35,35,0,-0.029030481087036358,-0.006793977230995225,-0.028785653078712205
3,95,35,35,0,-0.02917737789203085,-0.006983718937446444,-0.028534704370179947
3,96,35,35,0,-0.028963153384747215,-0.007136736442649038,-0.028755049577671686
3,97,35,35,0,-0.029091688089117395,-0.007063288040151794,-0.028773411678295994
3,98,35,35,0,-0.029250826294528093,-0.007173460643897662,-0.02874280817725548
3,99,35,35,0,-0.028944791284122907,-0.007118374342024727,-0.028724446076631167
