values,,position,position,position,Magnetometer,Magnetometer,Magnetometer
axis,,x,y,z,x,y,z
Sensor,Sample,,,,,,
0,0,0,0,0,-0.051952503366385114,-0.019457705961562002,0.09995715509854328
0,1,0,0,0,-0.051952503366385114,-0.019457705961562002,0.09995715509854328
0,2,0,0,0,-0.05202595176888236,-0.019506671563226833,0.10002448280083243
0,3,0,0,0,-0.0517750030603501,-0.019414861060105277,0.09989594809646224
0,4,0,0,0,-0.0517750030603501,-0.019414861060105277,0.09989594809646224
0,5,0,0,0,-0.05216672787366875,-0.019849430774880647,0.09989594809646224
0,6,0,0,0,-0.052050434569714775,-0.01987391357571306,0.09979801689313259
0,7,0,0,0,-0.05174439955930958,-0.01943322316072959,0.09989594809646224
0,8,0,0,0,-0.05174439955930958,-0.01943322316072959,0.09989594809646224
0,9,0,0,0,-0.052038193169298565,-0.019482188762394416,0.09993267229771086
0,10,0,0,0,-0.05181784796180683,-0.019849430774880647,0.09990818949687844
0,11,0,0,0,-0.05181784796180683,-0.019849430774880647,0.09990818949687844
0,12,0,0,0,-0.052050434569714775,-0.019947361978210308,0.09989594809646224
0,13,0,0,0,-0.05187293426367976,-0.019451585261353897,0.09973680989105153
0,14,0,0,0,-0.05187293426367976,-0.019451585261353897,0.09973680989105153
0,15,0,0,0,-0.05165870975639612,-0.01958011996572408,0.0996756028889705
0,16,0,0,0,-0.05191577916513649,-0.019525033663851145,0.09977353409230016
0,17,0,0,0,-0.05191577916513649,-0.019525033663851145,0.09977353409230016
0,18,0,0,0,-0.05213000367242012,-0.0196107234667646,0.10002448280083243
0,19,0,0,0,-0.05205655526992288,-0.019751499571550986,0.09981025829354878
0,20,0,0,0,-0.05205655526992288,-0.019751499571550986,0.09981025829354878
0,21,0,0,0,-0.05186069286326356,-0.019567878565307874,0.10010405190353777
0,22,0,0,0,-0.052007589668258046,-0.01943322316072959,0.10022034520749175
0,23,0,0,0,-0.052007589668258046,-0.01943322316072959,0.10022034520749175
0,24,0,0,0,-0.052050434569714775,-0.019555637164891664,0.09991431019708655
0,25,0,0,0,-0.05202595176888236,-0.01988615497612927,0.09993879299791895
0,26,0,0,0,-0.05202595176888236,-0.01988615497612927,0.09993879299791895
0,27,0,0,0,-0.05199534826784184,-0.019720896070510467,0.10024482800832415
0,28,0,0,0,-0.05189741706451219,-0.0196168441669727,0.0996694821887624
0,29,0,0,0,-0.051866813563471656,-0.019622964867180806,0.09979189619292447
0,30,0,0,0,-0.051866813563471656,-0.019622964867180806,0.09979189619292447
0,31,0,0,0,-0.051891296364304076,-0.019604602766556494,0.0999938792997919
0,32,0,0,0,-0.05210552087158771,-0.01972701677071857,0.09996939649895949
0,33,0,0,0,-0.05210552087158771,-0.01972701677071857,0.09996939649895949
0,34,0,0,0,-0.05189741706451219,-0.019525033663851145,0.09981637899375688
0,35,0,0,0,-0.05178112376055821,-0.019396498959480965,0.10019586240665931
0,36,0,0,0,-0.05178112376055821,-0.019396498959480965,0.10019586240665931
0,37,0,0,0,-0.05206879667033909,-0.019531154364059247,0.10023258660790794
0,38,0,0,0,-0.051934141265760805,-0.019427102460521484,0.09981025829354878
0,39,0,0,0,-0.051934141265760805,-0.019427102460521484,0.09981025829354878
0,40,0,0,0,-0.05178724446076631,-0.019763740971967193,0.0998653445954217
0,41,0,0,0,-0.051934141265760805,-0.01946994736197821,0.09994491369812707
0,42,0,0,0,-0.051934141265760805,-0.01946994736197821,0.09994491369812707
0,43,0,0,0,-0.05206879667033909,-0.01953727506426735,0.09977353409230016
0,44,0,0,0,-0.051946382666177016,-0.019494430162810626,0.10006732770228914
0,45,0,0,0,-0.051946382666177016,-0.019494430162810626,0.10006732770228914
0,46,0,0,0,-0.051866813563471656,-0.01965968906842943,0.09976741339209205
0,47,0,0,0,-0.051805606561390626,-0.019567878565307874,0.0998408617945893
0,48,0,0,0,-0.051805606561390626,-0.019567878565307874,0.0998408617945893
0,49,0,0,0,-0.05191577916513649,-0.019414861060105277,0.09976741339209205
0,50,0,0,0,-0.05189741706451219,-0.01964744766801322,0.10018362100624312
0,51,0,0,0,-0.05201371036846615,-0.0196168441669727,0.09974293059125963
0,52,0,0,0,-0.05201371036846615,-0.0196168441669727,0.09974293059125963
0,53,0,0,0,-0.051976986167217534,-0.01980658587342392,0.09977353409230016
0,54,0,0,0,-0.05178724446076631,-0.01956175786509977,0.1
0,55,0,0,0,-0.05178724446076631,-0.01956175786509977,0.1
0,56,0,0,0,-0.05179948586118251,-0.019476068062186314,0.09979801689313259
0,57,0,0,0,-0.05188517566409597,-0.01964744766801322,0.09989594809646224
0,58,0,0,0,-0.05188517566409597,-0.01964744766801322,0.09989594809646224
0,59,0,0,0,-0.051940261965968904,-0.019733137470926674,0.1000122414004162
0,60,0,0,0,-0.05191577916513649,-0.01946994736197821,0.09974293059125963
0,61,0,0,0,-0.05191577916513649,-0.01946994736197821,0.09974293059125963
0,62,0,0,0,-0.052081038070755294,-0.019782103072591505,0.10006732770228914
0,63,0,0,0,-0.051940261965968904,-0.01972701677071857,0.10007956910270535
0,64,0,0,0,-0.051940261965968904,-0.01972701677071857,0.10007956910270535
0,65,0,0,0,-0.051909658464928385,-0.0196168441669727,0.10009793120332966
0,66,0,0,0,-0.05185457216305546,-0.01988615497612927,0.09975517199167586
0,67,0,0,0,-0.05185457216305546,-0.01988615497612927,0.09975517199167586
0,68,0,0,0,-0.05186069286326356,-0.01962908556738891,0.10009793120332966
0,69,0,0,0,-0.05201371036846615,-0.019622964867180806,0.09958379238584894
0,70,0,0,0,-0.05201371036846615,-0.019622964867180806,0.09958379238584894
0,71,0,0,0,-0.051940261965968904,-0.019720896070510467,0.10003672420124862
0,72,0,0,0,-0.05189741706451219,-0.0196168441669727,0.09985922389521361
0,73,0,0,0,-0.05212388297221202,-0.0196168441669727,0.10006732770228914
0,74,0,0,0,-0.05212388297221202,-0.0196168441669727,0.10006732770228914
0,75,0,0,0,-0.05207491737054719,-0.019500550863018728,0.09972456849063532
0,76,0,0,0,-0.05191577916513649,-0.019671930468845637,0.0997000856898029
0,77,0,0,0,-0.05191577916513649,-0.019671930468845637,0.0997000856898029
0,78,0,0,0,-0.0519280205655527,-0.019635206267597013,0.09993267229771086
0,79,0,0,0,-0.051952503366385114,-0.019794344473007715,0.09981637899375688
0,80,0,0,0,-0.051952503366385114,-0.019794344473007715,0.09981637899375688
0,81,0,0,0,-0.052050434569714775,-0.019714775370302362,0.09985310319500551
0,82,0,0,0,-0.05201371036846615,-0.019427102460521484,0.09976129269188395
0,83,0,0,0,-0.05201371036846615,-0.019427102460521484,0.09976129269188395
0,84,0,0,0,-0.05201983106867426,-0.0196168441669727,0.09980413759334068
0,85,0,0,0,-0.05207491737054719,-0.019641326967805118,0.10042844901456727
0,86,0,0,0,-0.05207491737054719,-0.019641326967805118,0.10042844901456727
0,87,0,0,0,-0.051976986167217534,-0.019684171869261843,0.09988370669604603
0,88,0,0,0,-0.05198922756763373,-0.019708654670094257,0.10011629330395397
0,89,0,0,0,-0.05198922756763373,-0.019708654670094257,0.10011629330395397
0,90,0,0,0,-0.051940261965968904,-0.01958011996572408,0.0998653445954217
0,91,0,0,0,-0.05191577916513649,-0.019463826661770108,0.09994491369812707
0,92,0,0,0,-0.05191577916513649,-0.019463826661770108,0.09994491369812707
0,93,0,0,0,-0.05210552087158771,-0.01965968906842943,0.09982862039417309
0,94,0,0,0,-0.05226465907699841,-0.019751499571550986,0.09987146529562982
0,95,0,0,0,-0.05226465907699841,-0.019751499571550986,0.0998408617945893
0,96,0,0,0,-0.05202595176888236,-0.019622964867180806,0.0998408617945893
0,97,0,0,0,-0.05183008936222304,-0.019476068062186314,0.09984698249479741
0,98,0,0,0,-0.0517750030603501,-0.019457705961562002,0.0996756028889705
0,99,0,0,0,-0.0517750030603501,-0.019457705961562002,0.0996756028889705
1,0,35,0,0,-0.03947239564206145,0.010472518056065614,0.004602766556494063
1,1,35,0,0,-0.039423430040396626,0.009976741339209205,0.004272248745256457
1,2,35,0,0,-0.039356102338107476,0.010227690047741461,0.004284490145672665
1,3,35,0,0,-0.039356102338107476,0.010227690047741461,0.004284490145672665
1,4,35,0,0,-0.03949075774268576,0.01016036234545232,0.00438854204921043
1,5,35,0,0,-0.039429550740604724,0.010399069653568368,0.004535438854204921
1,6,35,0,0,-0.039429550740604724,0.010399069653568368,0.004535438854204921
1,7,35,0,0,-0.039288774635818334,0.00995225853837679,0.004504835353164402
1,8,35,0,0,-0.039386705839148,0.010142000244828009,0.004474231852123883
1,9,35,0,0,-0.039386705839148,0.010142000244828009,0.004474231852123883
1,10,35,0,0,-0.03932549883706696,0.010337862651487329,0.004413024850042845
1,11,35,0,0,-0.039558085444974904,0.010264414248990085,0.004529318153996817
1,12,35,0,0,-0.0393805851389399,0.010197086546700942,0.004615007956910271
1,13,35,0,0,-0.0393805851389399,0.010197086546700942,0.004615007956910271
1,14,35,0,0,-0.03936222303831559,0.010086913942955075,0.00422940384379973
1,15,35,0,0,-0.03936222303831559,0.01003182764108214,0.004370179948586119
1,16,35,0,0,-0.03936222303831559,0.01003182764108214,0.004370179948586119
1,17,35,0,0,-0.039141877830823846,0.010343983351695434,0.0044252662504590526
1,18,35,0,0,-0.03945403354143714,0.01005018974170645,0.00430897294650508
1,19,35,0,0,-0.03945403354143714,0.01005018974170645,0.00430897294650508
1,20,35,0,0,-0.03950911984331008,0.010221569347533358,0.004535438854204921
1,21,35,0,0,-0.03945403354143714,0.010203207246909046,0.004413024850042845
1,22,35,0,0,-0.03945403354143714,0.010203207246909046,0.004413024850042845
1,23,35,0,0,-0.03945403354143714,0.009927775737544376,0.00443750765087526
1,24,35,0,0,-0.039398947239564205,0.010350104051903538,0.004211041743175419
1,25,35,0,0,-0.039398947239564205,0.010539845758354757,0.004400783449626637
1,26,35,0,0,-0.03946627494185335,0.010539845758354757,0.004400783449626637
1,27,35,0,0,-0.03963153384747215,0.010117517443995593,0.004247765944424042
1,28,35,0,0,-0.03916023993144816,0.010472518056065614,0.004608887256702167
1,29,35,0,0,-0.03916023993144816,0.010472518056065614,0.004608887256702167
1,30,35,0,0,-0.03946015424164524,0.010313379850654916,0.004168196841718692
1,31,35,0,0,-0.03960093034643163,0.010319500550863019,0.004413024850042845
1,32,35,0,0,-0.03960093034643163,0.010319500550863019,0.004413024850042845
1,33,35,0,0,-0.03953972334435059,0.009689068429428327,0.004455869751499571
1,34,35,0,0,-0.0392336883339454,0.010441914555025095,0.004327335047129391
1,35,35,0,0,-0.0392336883339454,0.010441914555025095,0.004327335047129391
1,36,35,0,0,-0.03958256824580732,0.009927775737544376,0.004247765944424042
1,37,35,0,0,-0.03927653323540213,0.010233810747949565,0.004725180560656139
1,38,35,0,0,-0.039429550740604724,0.010258293548781982,0.004302852246296977
1,39,35,0,0,-0.039429550740604724,0.010258293548781982,0.004302852246296977
1,40,35,0,0,-0.03961929244705594,0.01017872444607663,0.004351817847961807
1,41,35,0,0,-0.0398641204553801,0.010313379850654916,0.004253886644632146
1,42,35,0,0,-0.0398641204553801,0.010313379850654916,0.004253886644632146
1,43,35,0,0,-0.03947851634226955,0.0101297588444118,0.004468111151915779
1,44,35,0,0,-0.039643775247888355,0.010154241645244217,0.004419145550250949
1,45,35,0,0,-0.039643775247888355,0.010154241645244217,0.004419145550250949
1,46,35,0,0,-0.039515240543518175,0.010142000244828009,0.0041804382421349005
1,47,35,0,0,-0.039356102338107476,0.010166483045660424,0.0042355245440078345
1,48,35,0,0,-0.039356102338107476,0.010166483045660424,0.0042355245440078345
1,49,35,0,0,-0.0392336883339454,0.010197086546700942,0.004278369445464561
1,50,35,0,0,-0.03946627494185335,0.00977475823234178,0.004712939160239932
1,51,35,0,0,-0.03968049944913698,0.009884930836087647,0.004639490757742686
1,52,35,0,0,-0.03968049944913698,0.009884930836087647,0.004639490757742686
1,53,35,0,0,-0.039411188639980416,0.009995103439833517,0.004510956053372506
1,54,35,0,0,-0.039558085444974904,0.01003182764108214,0.004272248745256457
1,55,35,0,0,-0.039558085444974904,0.01003182764108214,0.004272248745256457
1,56,35,0,0,-0.03950299914310197,0.010203207246909046,0.004590525156077855
1,57,35,0,0,-0.039398947239564205,0.01006243114212266,0.004553800954829232
1,58,35,0,0,-0.039398947239564205,0.01006243114212266,0.004553800954829232
1,59,35,0,0,-0.03934998163789938,0.010117517443995593,0.004413024850042845
1,60,35,0,0,-0.039441792141020934,0.01016036234545232,0.004455869751499571
1,61,35,0,0,-0.039441792141020934,0.01016036234545232,0.004455869751499571
1,62,35,0,0,-0.03943567144081283,0.010184845146284736,0.004198800342759212
1,63,35,0,0,-0.03949075774268576,0.010197086546700942,0.004413024850042845
1,64,35,0,0,-0.03949075774268576,0.009762516831925572,0.00459664585628596
1,65,35,0,0,-0.0393928265393561,0.009762516831925572,0.00459664585628596
1,66,35,0,0,-0.03920920553311299,0.01003182764108214,0.004315093646713184
1,67,35,0,0,-0.039386705839148,0.010197086546700942,0.004621128657118374
1,68,35,0,0,-0.039386705839148,0.010197086546700942,0.004621128657118374
1,69,35,0,0,-0.03953360264414249,0.010068551842330763,0.004376300648794222
1,70,35,0,0,-0.0393928265393561,0.010386828253152161,0.004480352552331987
1,71,35,0,0,-0.0393928265393561,0.010386828253152161,0.004480352552331987
1,72,35,0,0,-0.03957644754559922,0.009897172236503857,0.004645611457950789
1,73,35,0,0,-0.03944791284122904,0.010221569347533358,0.004602766556494063
1,74,35,0,0,-0.03944791284122904,0.010221569347533358,0.004602766556494063
1,75,35,0,0,-0.0393805851389399,0.00982372383400661,0.004400783449626637
1,76,35,0,0,-0.03923980903415351,0.009964499938792998,0.00426000734484025
1,77,35,0,0,-0.03923980903415351,0.009964499938792998,0.004468111151915779
1,78,35,0,0,-0.03960705104663974,0.010148120945036112,0.004468111151915779
1,79,35,0,0,-0.039423430040396626,0.010019586240665932,0.004278369445464561
1,80,35,0,0,-0.039429550740604724,0.010093034643163178,0.00443750765087526
1,81,35,0,0,-0.039429550740604724,0.010093034643163178,0.00443750765087526
1,82,35,0,0,-0.03946015424164524,0.00990329293671196,0.004070265638389032
1,83,35,0,0,-0.039398947239564205,0.009995103439833517,0.004211041743175419
1,84,35,0,0,-0.039398947239564205,0.009995103439833517,0.004211041743175419
1,85,35,0,0,-0.03944791284122904,0.01008079324274697,0.004633370057534582
1,86,35,0,0,-0.039668258048720775,0.009786999632757988,0.004272248745256457
1,87,35,0,0,-0.039668258048720775,0.009786999632757988,0.004272248745256457
1,88,35,0,0,-0.03958256824580732,0.010356224752111641,0.004382421349002326
1,89,35,0,0,-0.03945403354143714,0.01003182764108214,0.004241645244215939
1,90,35,0,0,-0.03945403354143714,0.01003182764108214,0.004241645244215939
1,91,35,0,0,-0.039172481331864364,0.010190965846492839,0.004663973558575101
1,92,35,0,0,-0.03946015424164524,0.01017872444607663,0.004486473252540091
1,93,35,0,0,-0.03967437874892888,0.009817603133798506,0.004327335047129391
1,94,35,0,0,-0.03967437874892888,0.009817603133798506,0.004327335047129391
1,95,35,0,0,-0.03947851634226955,0.010215448647325254,0.004657852858366998
1,96,35,0,0,-0.03949075774268576,0.010215448647325254,0.004455869751499571
1,97,35,0,0,-0.03949075774268576,0.010215448647325254,0.004455869751499571
1,98,35,0,0,-0.03950911984331008,0.009964499938792998,0.004339576447545599
1,99,35,0,0,-0.03929489533602644,0.010068551842330763,0.004553800954829232
2,0,0,35,0,-0.008734239196964134,-0.03401885175664096,0.005373974782715143
2,1,0,35,0,-0.008385359285102216,-0.03409842085934631,0.005239319378136859
2,2,0,35,0,-0.008385359285102216,-0.03422695556371649,0.005220957277512548
2,3,0,35,0,-0.008366997184477904,-0.03396376545476802,0.005680009793120333
2,4,0,35,0,-0.008366997184477904,-0.03396376545476802,0.005680009793120333
2,5,0,35,0,-0.00833027298322928,-0.03403721385726527,0.005416819684171869
2,6,0,35,0,-0.008403721385726527,-0.03420859346309218,0.00564328559187171
2,7,0,35,0,-0.008403721385726527,-0.03420859346309218,0.00564328559187171
2,8,0,35,0,-0.008526135389888603,-0.03413514506059494,0.005331129881258416
2,9,0,35,0,-0.008415962786142735,-0.03410454155955441,0.005288284979801689
2,10,0,35,0,-0.008415962786142735,-0.03410454155955441,0.005288284979801689
2,11,0,35,0,-0.00833027298322928,-0.033927041253519405,0.005331129881258416
2,12,0,35,0,-0.008483290488431878,-0.03402497245684906,0.0055759578895825685
2,13,0,35,0,-0.008483290488431878,-0.03402497245684906,0.0055759578895825685
2,14,0,35,0,-0.008550618190721018,-0.0342391969641327,0.005508630187293426
2,15,0,35,0,-0.008605704492593954,-0.03420247276288407,0.0054596645856285955
2,16,0,35,0,-0.008605704492593954,-0.03420247276288407,0.0054596645856285955
2,17,0,35,0,-0.008636307993634473,-0.034153507161219246,0.00564328559187171
2,18,0,35,0,-0.008660790794466886,-0.033829110050189744,0.005294405680009793
2,19,0,35,0,-0.008471049088015669,-0.034300403966213734,0.004890439466274942
2,20,0,35,0,-0.008471049088015669,-0.034300403966213734,0.004890439466274942
2,21,0,35,0,-0.008336393683437384,-0.03398212755539234,0.005135267474599094
2,22,0,35,0,-0.008593463092177745,-0.03383523075039784,0.005416819684171869
2,23,0,35,0,-0.008593463092177745,-0.03383523075039784,0.005416819684171869
2,24,0,35,0,-0.008122169176153753,-0.03398212755539234,0.0058575100991553435
2,25,0,35,0,-0.008556738890929122,-0.03393316195372751,0.005637164891663606
2,26,0,35,0,-0.008556738890929122,-0.03393316195372751,0.005637164891663606
2,27,0,35,0,-0.008415962786142735,-0.03407393805851389,0.005202595176888236
2,28,0,35,0,-0.00856898029134533,-0.03406781735830579,0.005520871587709634
2,29,0,35,0,-0.00856898029134533,-0.03406781735830579,0.005520871587709634
2,30,0,35,0,-0.008336393683437384,-0.03395152405435182,0.005502509487085323
2,31,0,35,0,-0.008446566287183254,-0.034269800465173215,0.005539233688333946
2,32,0,35,0,-0.008446566287183254,-0.03434936956787856,0.00572285469457706
2,33,0,35,0,-0.008734239196964134,-0.03434936956787856,0.00572285469457706
2,34,0,35,0,-0.008660790794466886,-0.03411678295997062,0.005484147386461012
2,35,0,35,0,-0.008544497490512915,-0.034282041865589426,0.005582078589790672
2,36,0,35,0,-0.008544497490512915,-0.034282041865589426,0.005582078589790672
2,37,0,35,0,-0.008526135389888603,-0.03422695556371649,0.0056310441914555025
2,38,0,35,0,-0.008538376790304811,-0.03427592116538132,0.005392336883339454
2,39,0,35,0,-0.008538376790304811,-0.03427592116538132,0.005392336883339454
2,40,0,35,0,-0.008562859591137225,-0.03403109315705717,0.00551475088750153
2,41,0,35,0,-0.008562859591137225,-0.03374342024727629,0.0056494062920798135
2,42,0,35,0,-0.008562859591137225,-0.03374342024727629,0.0056494062920798135
2,43,0,35,0,-0.008526135389888603,-0.034055575957889585,0.0053862161831313505
2,44,0,35,0,-0.00833027298322928,-0.03413514506059494,0.0055759578895825685
2,45,0,35,0,-0.00833027298322928,-0.03413514506059494,0.0055759578895825685
2,46,0,35,0,-0.008483290488431878,-0.03434936956787856,0.005471905986044803
2,47,0,35,0,-0.008489411188639981,-0.03420859346309218,0.005380095482923246
2,48,0,35,0,-0.008446566287183254,-0.03407393805851389,0.005343371281674623
2,49,0,35,0,-0.008446566287183254,-0.03407393805851389,0.005343371281674623
2,50,0,35,0,-0.008477169788223774,-0.03393928265393561,0.005282164279593585
2,51,0,35,0,-0.008360876484269801,-0.03394540335414371,0.005490268086669115
2,52,0,35,0,-0.008360876484269801,-0.03394540335414371,0.005490268086669115
2,53,0,35,0,-0.008630187293426368,-0.03422695556371649,0.005380095482923246
2,54,0,35,0,-0.008299669482188762,-0.03419023136246786,0.005380095482923246
2,55,0,35,0,-0.008299669482188762,-0.03419023136246786,0.005380095482923246
2,56,0,35,0,-0.008526135389888603,-0.03370669604602767,0.005710613294160852
2,57,0,35,0,-0.008526135389888603,-0.033871954951646466,0.005557595788958257
2,58,0,35,0,-0.008526135389888603,-0.033871954951646466,0.005557595788958257
2,59,0,35,0,-0.008477169788223774,-0.03384135145060595,0.005624923491247399
2,60,0,35,0,-0.00839147998531032,-0.03419023136246786,0.005306647080426001
2,61,0,35,0,-0.00839147998531032,-0.03419023136246786,0.005306647080426001
2,62,0,35,0,-0.008489411188639981,-0.03399436895580855,0.005251560778553066
2,63,0,35,0,-0.008495531888848084,-0.03407393805851389,0.005074060472518056
2,64,0,35,0,-0.008556738890929122,-0.034000489656016646,0.005490268086669115
2,65,0,35,0,-0.008556738890929122,-0.034000489656016646,0.005490268086669115
2,66,0,35,0,-0.00831191088260497,-0.03406169665809768,0.005367854082507039
2,67,0,35,0,-0.008379238584894113,-0.033969886154976134,0.005526992287917738
2,68,0,35,0,-0.008379238584894113,-0.033969886154976134,0.005526992287917738
2,69,0,35,0,-0.008354755784061698,-0.03387807565185457,0.005655526992287918
2,70,0,35,0,-0.008336393683437384,-0.033755661647692496,0.005478026686252907
2,71,0,35,0,-0.008336393683437384,-0.033755661647692496,0.005478026686252907
2,72,0,35,0,-0.008360876484269801,-0.034141265760803036,0.005502509487085323
2,73,0,35,0,-0.008397600685518423,-0.03401885175664096,0.005269922879177378
2,74,0,35,0,-0.008397600685518423,-0.03401885175664096,0.005269922879177378
2,75,0,35,0,-0.008422083486350838,-0.03423307626392459,0.005526992287917738
2,76,0,35,0,-0.008795446199045171,-0.033957644754559924,0.005618802791039295
2,77,0,35,0,-0.008795446199045171,-0.033957644754559924,0.005312767780634105
2,78,0,35,0,-0.008544497490512915,-0.034012731056432856,0.005312767780634105
2,79,0,35,0,-0.008415962786142735,-0.03406169665809768,0.0056126820908311914
2,80,0,35,0,-0.008489411188639981,-0.03398824825560044,0.005398457583547558
2,81,0,35,0,-0.008489411188639981,-0.03398824825560044,0.005398457583547558
2,82,0,35,0,-0.008483290488431878,-0.034086179458930096,0.0053862161831313505
2,83,0,35,0,-0.008336393683437384,-0.03423307626392459,0.0051597502754315095
2,84,0,35,0,-0.008336393683437384,-0.03423307626392459,0.0051597502754315095
2,85,0,35,0,-0.008642428693842576,-0.03398212755539234,0.0054596645856285955
2,86,0,35,0,-0.008409842085934632,-0.03382298934998164,0.005435181784796181
2,87,0,35,0,-0.008409842085934632,-0.03382298934998164,0.005435181784796181
2,88,0,35,0,-0.008471049088015669,-0.03420247276288407,0.004798628963153384
2,89,0,35,0,-0.008238462480107725,-0.03415962786142735,0.005282164279593585
2,90,0,35,0,-0.008238462480107725,-0.03415962786142735,0.005282164279593585
2,91,0,35,0,-0.008269065981148243,-0.03415962786142735,0.0054045782837556615
2,92,0,35,0,-0.0085200146896805,-0.03394540335414371,0.005600440690414984
2,93,0,35,0,-0.008538376790304811,-0.03436161096829478,0.0053862161831313505
2,94,0,35,0,-0.008538376790304811,-0.03436161096829478,0.0053862161831313505
2,95,0,35,0,-0.00826294528094014,-0.03403109315705717,0.005067939772309953
2,96,0,35,0,-0.008685273595299301,-0.03433712816746236,0.0056310441914555025
2,97,0,35,0,-0.008685273595299301,-0.03433712816746236,0.0056310441914555025
2,98,0,35,0,-0.008397600685518423,-0.03406781735830579,0.0054045782837556615
2,99,0,35,0,-0.008679152895091198,-0.033829110050189744,0.005606561390623087
3,0,35,35,0,-0.027488064634594196,-0.006151303709144326,-0.030377035132819197
3,1,35,35,0,-0.027518668135634715,-0.006445097319133309,-0.03009548292324642
3,2,35,35,0,-0.027518668135634715,-0.006445097319133309,-0.03009548292324642
3,3,35,35,0,-0.027212633125229525,-0.006359407516219856,-0.02948953360264414
3,4,35,35,0,-0.027212633125229525,-0.006267597013098298,-0.029985310319500552
3,5,35,35,0,-0.027212633125229525,-0.006267597013098298,-0.029985310319500552
3,6,35,35,0,-0.027402374831680742,-0.0064818215203819324,-0.030022034520749176
3,7,35,35,0,-0.027371771330640227,-0.006328804015179336,-0.03008936222303831
3,8,35,35,0,-0.027530909536050925,-0.006420614518300893,-0.03004651732158159
3,9,35,35,0,-0.027530909536050925,-0.006420614518300893,-0.03004651732158159
3,10,35,35,0,-0.02746358183376178,-0.006243114212265883,-0.030126086424286942
3,11,35,35,0,-0.027286081527726776,-0.006494062920798139,-0.030285224629697637
3,12,35,35,0,-0.027286081527726776,-0.006494062920798139,-0.030285224629697637
3,13,35,35,0,-0.02735340923001591,-0.006402252417676582,-0.02999755171991676
3,14,35,35,0,-0.02741461623209695,-0.0062369935120577796,-0.03014444852491125
3,15,35,35,0,-0.02741461623209695,-0.0062369935120577796,-0.03014444852491125
3,16,35,35,0,-0.027439099032929366,-0.006077855306647081,-0.030101603623454525
3,17,35,35,0,-0.0274941853348023,-0.006243114212265883,-0.029973068919084345
3,18,35,35,0,-0.0274941853348023,-0.006243114212265883,-0.029973068919084345
3,19,35,35,0,-0.02742685763251316,-0.006224752111641572,-0.030199534826784186
3,20,35,35,0,-0.02755539233688334,-0.006494062920798139,-0.029875137715754684
3,21,35,35,0,-0.02755539233688334,-0.006175786509976741,-0.03014444852491125
3,22,35,35,0,-0.027647202840004898,-0.006175786509976741,-0.03014444852491125
3,23,35,35,0,-0.027432978332721264,-0.006267597013098298,-0.030015913820541067
3,24,35,35,0,-0.02739625413147264,-0.00585138939894724,-0.02982617211408985
3,25,35,35,0,-0.02739625413147264,-0.00585138939894724,-0.02982617211408985
3,26,35,35,0,-0.027341167829599704,-0.006457338719549515,-0.03029134532990574
3,27,35,35,0,-0.027567633737299545,-0.006347166115803648,-0.03024237972824091
3,28,35,35,0,-0.027567633737299545,-0.006347166115803648,-0.03024237972824091
3,29,35,35,0,-0.027151426123148487,-0.006445097319133309,-0.029966948218876237
3,30,35,35,0,-0.027298322928142982,-0.006298200514138817,-0.030217896927408495
3,31,35,35,0,-0.027298322928142982,-0.006298200514138817,-0.030217896927408495
3,32,35,35,0,-0.02753703023625903,-0.006200269310809157,-0.03018729342636798
3,33,35,35,0,-0.027524788835842823,-0.006218631411433468,-0.03013832782470315
3,34,35,35,0,-0.027420736932305057,-0.006304321214346921,-0.029611947606806216
3,35,35,35,0,-0.027420736932305057,-0.006304321214346921,-0.029611947606806216
3,36,35,35,0,-0.027292202227934874,-0.006145183008936223,-0.030083241522830213
3,37,35,35,0,-0.027341167829599704,-0.0061023381074794955,-0.029966948218876237
3,38,35,35,0,-0.027341167829599704,-0.0061023381074794955,-0.029966948218876237
3,39,35,35,0,-0.027500306035010406,-0.006249234912473986,-0.030107724323662627
3,40,35,35,0,-0.027292202227934874,-0.006230872811849675,-0.03017505202595177
3,41,35,35,0,-0.027292202227934874,-0.006230872811849675,-0.03017505202595177
3,42,35,35,0,-0.027469702533969888,-0.006145183008936223,-0.030340310931570573
3,43,35,35,0,-0.02746358183376178,-0.006298200514138817,-0.029924103317419515
3,44,35,35,0,-0.02746358183376178,-0.006298200514138817,-0.029924103317419515
3,45,35,35,0,-0.027475823234177986,-0.006304321214346921,-0.02999755171991676
3,46,35,35,0,-0.027347288529807813,-0.006224752111641572,-0.030199534826784186
3,47,35,35,0,-0.027469702533969888,-0.0062553556126820915,-0.030211776227200393
3,48,35,35,0,-0.027469702533969888,-0.0062553556126820915,-0.030211776227200393
3,49,35,35,0,-0.027647202840004898,-0.006328804015179336,-0.03013220712449504
3,50,35,35,0,-0.027347288529807813,-0.006396131717468478,-0.030193414126576078
3,51,35,35,0,-0.027347288529807813,-0.006396131717468478,-0.030193414126576078
3,52,35,35,0,-0.027708409842085936,-0.006445097319133309,-0.02975884441180071
3,53,35,35,0,-0.027341167829599704,-0.0061207002081038065,-0.030077120822622105
3,54,35,35,0,-0.027341167829599704,-0.0061207002081038065,-0.030077120822622105
3,55,35,35,0,-0.027292202227934874,-0.006328804015179336,-0.03009548292324642
3,56,35,35,0,-0.02742685763251316,-0.00597992410331742,-0.030217896927408495
3,57,35,35,0,-0.02742685763251316,-0.00597992410331742,-0.030217896927408495
3,58,35,35,0,-0.02740849553188885,-0.006494062920798139,-0.030009793120332966
3,59,35,35,0,-0.027322805728975396,-0.006188027910392949,-0.030199534826784186
3,60,35,35,0,-0.027322805728975396,-0.0060839760068551844,-0.03005263802178969
3,61,35,35,0,-0.027077977720651243,-0.0060839760068551844,-0.03005263802178969
3,62,35,35,0,-0.027335047129391603,-0.006347166115803648,-0.030309707430530054
3,63,35,35,0,-0.027579875137715752,-0.006322683314971232,-0.030334190231362468
3,64,35,35,0,-0.027579875137715752,-0.006322683314971232,-0.030334190231362468
3,65,35,35,0,-0.027243236626270047,-0.0064634594197576205,-0.02994858611825193
3,66,35,35,0,-0.027481943934386095,-0.006200269310809157,-0.030303586730321946
3,67,35,35,0,-0.027481943934386095,-0.006200269310809157,-0.030303586730321946
3,68,35,35,0,-0.027230995225853837,-0.006163545109560534,-0.029838413514506057
3,69,35,35,0,-0.027598237238340068,-0.006359407516219856,-0.03013832782470315
3,70,35,35,0,-0.027598237238340068,-0.006359407516219856,-0.03013832782470315
3,71,35,35,0,-0.02744521973313747,-0.006402252417676582,-0.0302240176276166
3,72,35,35,0,-0.027065736320235033,-0.006598114824335905,-0.02982617211408985
3,73,35,35,0,-0.027065736320235033,-0.006598114824335905,-0.030199534826784186
3,74,35,35,0,-0.027775737544375078,-0.006341045415595545,-0.030199534826784186
3,75,35,35,0,-0.027488064634594196,-0.006132941608520015,-0.03008936222303831
3,76,35,35,0,-0.027506426735218508,-0.006475700820173828,-0.03004651732158159
3,77,35,35,0,-0.027506426735218508,-0.006475700820173828,-0.03004651732158159
3,78,35,35,0,-0.02722487452564573,-0.0063104419145550246,-0.030119965724078834
3,79,35,35,0,-0.027402374831680742,-0.0065736320235034885,-0.029844534214714162
3,80,35,35,0,-0.027402374831680742,-0.0065736320235034885,-0.029844534214714162
3,81,35,35,0,-0.027439099032929366,-0.006261476312890195,-0.030193414126576078
3,82,35,35,0,-0.027237115926061938,-0.0065369078222548655,-0.030071000122414003
3,83,35,35,0,-0.027237115926061938,-0.0065369078222548655,-0.030071000122414003
3,84,35,35,0,-0.027659444240421105,-0.006194148610601053,-0.030119965724078834
3,85,35,35,0,-0.027304443628351084,-0.006200269310809157,-0.02994858611825193
3,86,35,35,0,-0.027304443628351084,-0.006200269310809157,-0.02994858611825193
3,87,35,35,0,-0.02731668502876729,-0.006224752111641572,-0.030107724323662627
3,88,35,35,0,-0.027420736932305057,-0.006261476312890195,-0.030193414126576078
3,89,35,35,0,-0.027488064634594196,-0.005986044803525523,-0.029973068919084345
3,90,35,35,0,-0.027488064634594196,-0.005986044803525523,-0.029973068919084345
3,91,35,35,0,-0.027579875137715752,-0.006175786509976741,-0.030377035132819197
3,92,35,35,0,-0.027757375443750766,-0.00615742440935243,-0.03009548292324642
3,93,35,35,0,-0.027757375443750766,-0.00615742440935243,-0.03009548292324642
3,94,35,35,0,-0.027402374831680742,-0.0065001836210062435,-0.029789447912841226
3,95,35,35,0,-0.027390133431264535,-0.006322683314971232,-0.029966948218876237
3,96,35,35,0,-0.027390133431264535,-0.006322683314971232,-0.029966948218876237
3,97,35,35,0,-0.027304443628351084,-0.006126820908311911,-0.03027298322928143
3,98,35,35,0,-0.027286081527726776,-0.006041131105398457,-0.030150569225119356
3,99,35,35,0,-0.027286081527726776,-0.006041131105398457,-0.030150569225119356
