values,,position,position,position,Magnetometer,Magnetometer,Magnetometer
axis,,x,y,z,x,y,z
Sensor,Sample,,,,,,
0,0,0,0,0,-0.026380217896927412,-0.002631901089484637,0.10407638633859713
0,1,0,0,0,-0.026447545599216547,-0.0028338841963520627,0.1038621618313135
0,2,0,0,0,-0.026447545599216547,-0.0028338841963520627,0.1038621618313135
0,3,0,0,0,-0.026496511200881378,-0.0026196596890684294,0.10448035255233198
0,4,0,0,0,-0.026459786999632758,-0.002527849185946872,0.10414983474109438
0,5,0,0,0,-0.026459786999632758,-0.002527849185946872,0.10414983474109438
0,6,0,0,0,-0.02679642551107847,-0.0026135389888603255,0.10409474843922144
0,7,0,0,0,-0.026551597502754314,-0.0025339698861549763,0.10419880034275922
0,8,0,0,0,-0.026551597502754314,-0.0025339698861549763,0.10419880034275922
0,9,0,0,0,-0.026545476802546215,-0.002472762884073938,0.10417431754192678
0,10,0,0,0,-0.026306769494430164,-0.0024544007834496266,0.10432121434692129
0,11,0,0,0,-0.026306769494430164,-0.00254009058636308,0.10419880034275922
0,12,0,0,0,-0.026447545599216547,-0.00254009058636308,0.10419880034275922
0,13,0,0,0,-0.02647814910025707,-0.0023809523809523807,0.10439466274941853
0,14,0,0,0,-0.026423062798384134,-0.00254009058636308,0.10421104174317541
0,15,0,0,0,-0.026423062798384134,-0.00254009058636308,0.10421104174317541
0,16,0,0,0,-0.026520994001713795,-0.002558452686987391,0.1044925939527482
0,17,0,0,0,-0.026790304810870365,-0.002417676582201004,0.10424164524421593
0,18,0,0,0,-0.026790304810870365,-0.002417676582201004,0.10424164524421593
0,19,0,0,0,-0.026410821397967927,-0.002888970498224997,0.10431509364671318
0,20,0,0,0,-0.026423062798384134,-0.002356469580119966,0.10414983474109438
0,21,0,0,0,-0.026423062798384134,-0.002356469580119966,0.10414983474109438
0,22,0,0,0,-0.026472028400048964,-0.0026135389888603255,0.1040029379360999
0,23,0,0,0,-0.026490390500673276,-0.002601297588444118,0.10408250703880524
0,24,0,0,0,-0.026490390500673276,-0.002601297588444118,0.10408250703880524
0,25,0,0,0,-0.02644142489900845,-0.002478883584282042,0.10427836944546456
0,26,0,0,0,-0.026649528706083975,-0.0026135389888603255,0.10399069653568369
0,27,0,0,0,-0.026649528706083975,-0.0026135389888603255,0.10399069653568369
0,28,0,0,0,-0.026839270412535192,-0.0026563838903170523,0.1041926796425511
0,29,0,0,0,-0.026490390500673276,-0.0026931080915656752,0.10397845513526746
0,30,0,0,0,-0.026490390500673276,-0.0026931080915656752,0.10397845513526746
0,31,0,0,0,-0.026496511200881378,-0.0024544007834496266,0.10405802423797283
0,32,0,0,0,-0.026557718202962422,-0.0025890561880279103,0.10405802423797283
0,33,0,0,0,-0.02647814910025707,-0.002558452686987391,0.10414371404088626
0,34,0,0,0,-0.02647814910025707,-0.002558452686987391,0.10414371404088626
0,35,0,0,0,-0.026680132207124497,-0.0027298322928142977,0.10407026563838903
0,36,0,0,0,-0.026355735096094995,-0.002631901089484637,0.10408862773901335
0,37,0,0,0,-0.026355735096094995,-0.002631901089484637,0.10408862773901335
0,38,0,0,0,-0.026453666299424656,-0.002546211286571184,0.10429673154608887
0,39,0,0,0,-0.026465907699840863,-0.0026869873913575714,0.10464561145795079
0,40,0,0,0,-0.026465907699840863,-0.0026869873913575714,0.10464561145795079
0,41,0,0,0,-0.026539356102338107,-0.0026196596890684294,0.10401517933651609
0,42,0,0,0,-0.026496511200881378,-0.0025890561880279103,0.10422328314359161
0,43,0,0,0,-0.026496511200881378,-0.0025890561880279103,0.10422328314359161
0,44,0,0,0,-0.02653323540213,-0.0027481943934386096,0.10427224874525647
0,45,0,0,0,-0.026496511200881378,-0.0024972456849063534,0.10409474843922144
0,46,0,0,0,-0.026496511200881378,-0.0024972456849063534,0.10409474843922144
0,47,0,0,0,-0.02644142489900845,-0.002472762884073938,0.10410698983963766
0,48,0,0,0,-0.0263679764965112,-0.0027114701921899867,0.10398457583547557
0,49,0,0,0,-0.0263679764965112,-0.0027114701921899867,0.10398457583547557
0,50,0,0,0,-0.026563838903170524,-0.0027665564940629207,0.10430285224629698
0,51,0,0,0,-0.026729097808789327,-0.0025890561880279103,0.1041926796425511
0,52,0,0,0,-0.026729097808789327,-0.0025890561880279103,0.1041926796425511
0,53,0,0,0,-0.026600563104419144,-0.0025951768882360145,0.10408250703880524
0,54,0,0,0,-0.026520994001713795,-0.0024972456849063534,0.10452931815399683
0,55,0,0,0,-0.02661280450483535,-0.0026869873913575714,0.10423552454400783
0,56,0,0,0,-0.02661280450483535,-0.0026869873913575714,0.10423552454400783
0,57,0,0,0,-0.026637287305667768,-0.0027237115926061943,0.10404578283755661
0,58,0,0,0,-0.0266862529073326,-0.0027053494919818824,0.10421716244338353
0,59,0,0,0,-0.0266862529073326,-0.0027053494919818824,0.10421716244338353
0,60,0,0,0,-0.0265271147019219,-0.0025951768882360145,0.1040029379360999
0,61,0,0,0,-0.02647814910025707,-0.002638021789692741,0.10412535194026196
0,62,0,0,0,-0.02647814910025707,-0.002638021789692741,0.10412535194026196
0,63,0,0,0,-0.026325131595054473,-0.0024972456849063534,0.10435793854816991
0,64,0,0,0,-0.02666177010650018,-0.0025645733871954954,0.10427224874525647
0,65,0,0,0,-0.02666177010650018,-0.0025645733871954954,0.10427224874525647
0,66,0,0,0,-0.026465907699840863,-0.002631901089484637,0.10415595544130249
0,67,0,0,0,-0.026692373607540704,-0.002442159383033419,0.10422328314359161
0,68,0,0,0,-0.026692373607540704,-0.002442159383033419,0.10422328314359161
0,69,0,0,0,-0.026588321704002937,-0.0026074182886522217,0.10407638633859713
0,70,0,0,0,-0.026563838903170524,-0.002393193781368589,0.10424776594442405
0,71,0,0,0,-0.026563838903170524,-0.002393193781368589,0.10424776594442405
0,72,0,0,0,-0.02644142489900845,-0.0025523319867792873,0.10432121434692129
0,73,0,0,0,-0.02642918349859224,-0.0026563838903170523,0.10444974905129148
0,74,0,0,0,-0.02642918349859224,-0.0026563838903170523,0.10444974905129148
0,75,0,0,0,-0.026606683804627253,-0.0024666421838658342,0.10430285224629698
0,76,0,0,0,-0.026465907699840863,-0.0025768147876117026,0.10433957644754559
0,77,0,0,0,-0.026588321704002937,-0.0026869873913575714,0.10403354143714041
0,78,0,0,0,-0.026588321704002937,-0.0026869873913575714,0.10403354143714041
0,79,0,0,0,-0.026319010894846374,-0.002399314481576692,0.10429061084588076
0,80,0,0,0,-0.026729097808789327,-0.002760435793854817,0.10397233443505938
0,81,0,0,0,-0.026729097808789327,-0.002760435793854817,0.10397233443505938
0,82,0,0,0,-0.026465907699840863,-0.0027114701921899867,0.10441302485004285
0,83,0,0,0,-0.026472028400048964,-0.0025645733871954954,0.10435181784796181
0,84,0,0,0,-0.026472028400048964,-0.0025645733871954954,0.10435181784796181
0,85,0,0,0,-0.026643408005875873,-0.0024544007834496266,0.10378259272860815
0,86,0,0,0,-0.0263679764965112,-0.002393193781368589,0.1036907822254866
0,87,0,0,0,-0.0263679764965112,-0.002393193781368589,0.1036907822254866
0,88,0,0,0,-0.026374097196719303,-0.002662504590525156,0.10422940384379972
0,89,0,0,0,-0.02643530419880034,-0.0023503488799118616,0.10432121434692129
0,90,0,0,0,-0.02643530419880034,-0.0023503488799118616,0.10432121434692129
0,91,0,0,0,-0.02625168319255723,-0.002319745378871343,0.10387440323172972
0,92,0,0,0,-0.026582201003794836,-0.0025645733871954954,0.10413759334067818
0,93,0,0,0,-0.026582201003794836,-0.0025645733871954954,0.10413759334067818
0,94,0,0,0,-0.026600563104419144,-0.0023809523809523807,0.10405802423797283
0,95,0,0,0,-0.02634961439588689,-0.002472762884073938,0.10401517933651609
0,96,0,0,0,-0.02634961439588689,-0.002472762884073938,0.10401517933651609
0,97,0,0,0,-0.02661892520504346,-0.0025706940874035992,0.1041804382421349
0,98,0,0,0,-0.026319010894846374,-0.0024605214836577304,0.10426612804504835
0,99,0,0,0,-0.02648426980046517,-0.002405435181784796,0.10403354143714041
1,0,35,0,0,-0.04575835475578406,0.013496143958868894,0.01016036234545232
1,1,35,0,0,-0.04575835475578406,0.013496143958868894,0.01016036234545232
1,2,35,0,0,-0.04551964744766802,0.013526747459909413,0.010037948341290244
1,3,35,0,0,-0.04585628595911372,0.013557350960949932,0.010099155343371281
1,4,35,0,0,-0.04585628595911372,0.013557350960949932,0.010099155343371281
1,5,35,0,0,-0.04594809646223528,0.013600195862406659,0.00995225853837679
1,6,35,0,0,-0.0459848206634839,0.013563471661158035,0.010142000244828009
1,7,35,0,0,-0.0459848206634839,0.013392092055331132,0.01017872444607663
1,8,35,0,0,-0.04576447545599217,0.013392092055331132,0.01017872444607663
1,9,35,0,0,-0.04586852735952993,0.013477781858244584,0.010227690047741461
1,10,35,0,0,-0.045678785653078716,0.01344105765699596,0.009982862039417308
1,11,35,0,0,-0.045678785653078716,0.01344105765699596,0.009982862039417308
1,12,35,0,0,-0.04585628595911372,0.013526747459909413,0.009988982739625413
1,13,35,0,0,-0.045966458562859594,0.013716489166360632,0.010056310441914556
1,14,35,0,0,-0.045966458562859594,0.013716489166360632,0.010056310441914556
1,15,35,0,0,-0.04587464805973803,0.013379850654914921,0.009909413636920064
1,16,35,0,0,-0.04573999265515975,0.013502264659076998,0.010013465540457829
1,17,35,0,0,-0.04573999265515975,0.013502264659076998,0.010013465540457829
1,18,35,0,0,-0.04580119965724079,0.013612437262822866,0.010142000244828009
1,19,35,0,0,-0.04591749296119476,0.013496143958868894,0.010362345452319744
1,20,35,0,0,-0.04591749296119476,0.013496143958868894,0.010350104051903538
1,21,35,0,0,-0.04577671685640837,0.013502264659076998,0.010350104051903538
1,22,35,0,0,-0.04578283755661648,0.013532868160117516,0.010166483045660424
1,23,35,0,0,-0.04573999265515975,0.013673644264903907,0.01017872444607663
1,24,35,0,0,-0.04573999265515975,0.013673644264903907,0.01017872444607663
1,25,35,0,0,-0.04588688946015424,0.013612437262822866,0.01000122414004162
1,26,35,0,0,-0.045880768759946136,0.01369812706573632,0.010007344840249724
1,27,35,0,0,-0.045880768759946136,0.01369812706573632,0.010007344840249724
1,28,35,0,0,-0.04578895825682458,0.013232953849920431,0.00995225853837679
1,29,35,0,0,-0.04571550985432733,0.013398212755539235,0.01003182764108214
1,30,35,0,0,-0.04571550985432733,0.013398212755539235,0.01003182764108214
1,31,35,0,0,-0.045899130860570445,0.013508385359285103,0.009970620639001102
1,32,35,0,0,-0.04569102705349492,0.013471661158036479,0.009988982739625413
1,33,35,0,0,-0.04569102705349492,0.013471661158036479,0.009854327335047128
1,34,35,0,0,-0.045954217162443384,0.013447178357204066,0.009854327335047128
1,35,35,0,0,-0.04564818215203819,0.013428816256579754,0.00987268943567144
1,36,35,0,0,-0.045923613661402865,0.013532868160117516,0.009731913330885054
1,37,35,0,0,-0.045923613661402865,0.013532868160117516,0.009731913330885054
1,38,35,0,0,-0.045697147753703024,0.013526747459909413,0.010099155343371281
1,39,35,0,0,-0.04577671685640837,0.013465540457828376,0.010044069041498347
1,40,35,0,0,-0.04577671685640837,0.013465540457828376,0.010044069041498347
1,41,35,0,0,-0.04576447545599217,0.013269678051169053,0.00987268943567144
1,42,35,0,0,-0.045825682458073204,0.013355367854082506,0.010074672542538866
1,43,35,0,0,-0.045825682458073204,0.013355367854082506,0.010074672542538866
1,44,35,0,0,-0.04584404455869752,0.013294160852001469,0.009707430530052638
1,45,35,0,0,-0.045813441057656994,0.013508385359285103,0.00990329293671196
1,46,35,0,0,-0.04573387195495164,0.013373729954706818,0.00995225853837679
1,47,35,0,0,-0.04573387195495164,0.013373729954706818,0.00995225853837679
1,48,35,0,0,-0.045538009548292326,0.013367609254498713,0.010343983351695434
1,49,35,0,0,-0.04574611335536786,0.0133431264536663,0.01008079324274697
1,50,35,0,0,-0.04574611335536786,0.0133431264536663,0.01008079324274697
1,51,35,0,0,-0.045678785653078716,0.01319622964867181,0.010148120945036112
1,52,35,0,0,-0.045813441057656994,0.013385971355123025,0.010184845146284736
1,53,35,0,0,-0.045813441057656994,0.013385971355123025,0.010184845146284736
1,54,35,0,0,-0.04588688946015424,0.013624678663239072,0.010056310441914556
1,55,35,0,0,-0.04576447545599217,0.013465540457828376,0.010093034643163178
1,56,35,0,0,-0.04576447545599217,0.013465540457828376,0.010093034643163178
1,57,35,0,0,-0.04587464805973803,0.0131839882482556,0.010105276043579385
1,58,35,0,0,-0.045795078957032685,0.01363079936344718,0.009915534337128168
1,59,35,0,0,-0.045795078957032685,0.013447178357204066,0.009848206634839025
1,60,35,0,0,-0.04557473374954095,0.013447178357204066,0.009848206634839025
1,61,35,0,0,-0.045807320357448895,0.013281919451585262,0.010313379850654916
1,62,35,0,0,-0.045666544252662505,0.013594075162198554,0.010007344840249724
1,63,35,0,0,-0.045666544252662505,0.013594075162198554,0.010007344840249724
1,64,35,0,0,-0.045623699351205776,0.013300281552209572,0.010392948953360265
1,65,35,0,0,-0.04572163055453544,0.013538988860325622,0.009982862039417308
1,66,35,0,0,-0.04572163055453544,0.013538988860325622,0.009982862039417308
1,67,35,0,0,-0.0458195617578651,0.013251315950544743,0.010019586240665932
1,68,35,0,0,-0.04572775125474354,0.013624678663239072,0.010429673154608887
1,69,35,0,0,-0.04572775125474354,0.013624678663239072,0.010429673154608887
1,70,35,0,0,-0.04559921655037336,0.0133431264536663,0.010197086546700942
1,71,35,0,0,-0.04606438976618925,0.013385971355123025,0.01000122414004162
1,72,35,0,0,-0.04606438976618925,0.013385971355123025,0.010025706940874037
1,73,35,0,0,-0.045697147753703024,0.013294160852001469,0.010025706940874037
1,74,35,0,0,-0.04586852735952993,0.0133431264536663,0.01005018974170645
1,75,35,0,0,-0.04590525156077856,0.01333088505325009,0.00990329293671196
1,76,35,0,0,-0.04590525156077856,0.01333088505325009,0.00990329293671196
1,77,35,0,0,-0.04590525156077856,0.013385971355123025,0.010166483045660424
1,78,35,0,0,-0.04564206145183009,0.013600195862406659,0.01003182764108214
1,79,35,0,0,-0.04564206145183009,0.013600195862406659,0.01003182764108214
1,80,35,0,0,-0.045795078957032685,0.01336148855429061,0.010203207246909046
1,81,35,0,0,-0.04587464805973803,0.013465540457828376,0.010270534949198188
1,82,35,0,0,-0.04587464805973803,0.013465540457828376,0.010270534949198188
1,83,35,0,0,-0.04580119965724079,0.013557350960949932,0.010142000244828009
1,84,35,0,0,-0.0459848206634839,0.013710368466152529,0.010148120945036112
1,85,35,0,0,-0.0459848206634839,0.013710368466152529,0.010148120945036112
1,86,35,0,0,-0.04578283755661648,0.01326355735096095,0.010148120945036112
1,87,35,0,0,-0.04556249234912474,0.013398212755539235,0.010037948341290244
1,88,35,0,0,-0.04583180315828131,0.013514506059493206,0.010148120945036112
1,89,35,0,0,-0.04583180315828131,0.013514506059493206,0.010148120945036112
1,90,35,0,0,-0.045954217162443384,0.013618557963030969,0.009995103439833517
1,91,35,0,0,-0.04578283755661648,0.013636920063655283,0.010282776349614397
1,92,35,0,0,-0.04578283755661648,0.013636920063655283,0.010282776349614397
1,93,35,0,0,-0.04585016525890562,0.013447178357204066,0.00995225853837679
1,94,35,0,0,-0.045697147753703024,0.013740971967193047,0.00995225853837679
1,95,35,0,0,-0.045697147753703024,0.013740971967193047,0.00995225853837679
1,96,35,0,0,-0.045697147753703024,0.013483902558452688,0.010123638144203697
1,97,35,0,0,-0.04590525156077856,0.013704247765944425,0.009915534337128168
1,98,35,0,0,-0.04590525156077856,0.013704247765944425,0.009915534337128168
1,99,35,0,0,-0.04585016525890562,0.013532868160117516,0.010295017750030604
2,0,0,35,0,-0.00392336883339454,-0.03977230995225854,0.011617088994981026
2,1,0,35,0,-0.00392336883339454,-0.039668258048720775,0.01159260619414861
2,2,0,35,0,-0.003947851634226956,-0.039796792753090955,0.011715020198310687
2,3,0,35,0,-0.003947851634226956,-0.039796792753090955,0.011715020198310687
2,4,0,35,0,-0.0038560411311053984,-0.03959480964622353,0.011604847594564819
2,5,0,35,0,-0.004143714040886278,-0.03950299914310197,0.011568123393316195
2,6,0,35,0,-0.004125351940261967,-0.03963765454768026,0.011733382298934999
2,7,0,35,0,-0.004125351940261967,-0.03963765454768026,0.011733382298934999
2,8,0,35,0,-0.003782592728608153,-0.03968049944913698,0.011262088382911005
2,9,0,35,0,-0.004015179336516098,-0.03983351695433958,0.011800710001224141
2,10,0,35,0,-0.004015179336516098,-0.03983351695433958,0.011800710001224141
2,11,0,35,0,-0.003905006732770229,-0.03963765454768026,0.011519157791651365
2,12,0,35,0,-0.0038927653323540213,-0.039698861549761294,0.011072346676459786
2,13,0,35,0,-0.0038927653323540213,-0.039698861549761294,0.011072346676459786
2,14,0,35,0,-0.00379483412902436,-0.03961317174684784,0.011072346676459786
2,15,0,35,0,-0.0038621618313135022,-0.03960093034643163,0.011568123393316195
2,16,0,35,0,-0.0038621618313135022,-0.03960093034643163,0.011568123393316195
2,17,0,35,0,-0.004223283143591627,-0.039570326845391114,0.011568123393316195
2,18,0,35,0,-0.003800954829232464,-0.039686620149345084,0.011255967682702902
2,19,0,35,0,-0.003800954829232464,-0.039686620149345084,0.011255967682702902
2,20,0,35,0,-0.004088627739013343,-0.03959480964622353,0.01149467499081895
2,21,0,35,0,-0.004039662137348512,-0.0397172236503856,0.011231484881870486
2,22,0,35,0,-0.003972334435059371,-0.03969274084955319,0.011696658097686375
2,23,0,35,0,-0.003972334435059371,-0.03969274084955319,0.011696658097686375
2,24,0,35,0,-0.004094748439221447,-0.03969274084955319,0.011568123393316195
2,25,0,35,0,-0.004027420736932305,-0.03979067205288285,0.01144570938915412
2,26,0,35,0,-0.004027420736932305,-0.03979067205288285,0.01144570938915412
2,27,0,35,0,-0.0038560411311053984,-0.03949687844289387,0.011525278491859468
2,28,0,35,0,-0.003972334435059371,-0.03943567144081283,0.011629330395397233
2,29,0,35,0,-0.003972334435059371,-0.03943567144081283,0.011629330395397233
2,30,0,35,0,-0.0038927653323540213,-0.03946627494185335,0.011323295384992044
2,31,0,35,0,-0.004064144938180928,-0.03990696535683682,0.01147631289019464
2,32,0,35,0,-0.004064144938180928,-0.03990696535683682,0.01147631289019464
2,33,0,35,0,-0.004119231240053862,-0.039656016648304565,0.011757865099767412
2,34,0,35,0,-0.004021300036724201,-0.03957644754559922,0.011659933896437751
2,35,0,35,0,-0.004021300036724201,-0.03970498224996939,0.011513037091443261
2,36,0,35,0,-0.003905006732770229,-0.03970498224996939,0.011513037091443261
2,37,0,35,0,-0.0037703513281919453,-0.03958868894601543,0.011207002081038071
2,38,0,35,0,-0.004204921042967316,-0.03972334435059371,0.011427347288529807
2,39,0,35,0,-0.004204921042967316,-0.03972334435059371,0.011427347288529807
2,40,0,35,0,-0.003807075529440568,-0.039753947851634226,0.011525278491859468
2,41,0,35,0,-0.004021300036724201,-0.03968049944913698,0.011482433590402743
2,42,0,35,0,-0.004021300036724201,-0.03968049944913698,0.011482433590402743
2,43,0,35,0,-0.0038376790304810874,-0.03936222303831559,0.0118986412045538
2,44,0,35,0,-0.004113110539845758,-0.039711102950177504,0.011525278491859468
2,45,0,35,0,-0.004113110539845758,-0.039711102950177504,0.011525278491859468
2,46,0,35,0,-0.004137593340678173,-0.039643775247888355,0.011372260986656873
2,47,0,35,0,-0.004058024237972824,-0.03972946505080181,0.011231484881870486
2,48,0,35,0,-0.004058024237972824,-0.03972946505080181,0.011231484881870486
2,49,0,35,0,-0.0038193169298567755,-0.03972334435059371,0.011659933896437751
2,50,0,35,0,-0.00392336883339454,-0.039441792141020934,0.011035622475211164
2,51,0,35,0,-0.0040090586363079935,-0.03963153384747215,0.011353898886032563
2,52,0,35,0,-0.0040090586363079935,-0.03963153384747215,0.011353898886032563
2,53,0,35,0,-0.0037581099277757372,-0.03998041375933407,0.011121312278124618
2,54,0,35,0,-0.004021300036724201,-0.03957644754559922,0.01128657118374342
2,55,0,35,0,-0.004021300036724201,-0.03957644754559922,0.01128657118374342
2,56,0,35,0,-0.003996817235891786,-0.03988860325621251,0.011488554290610846
2,57,0,35,0,-0.003678540825070388,-0.03958256824580732,0.011127432978332722
2,58,0,35,0,-0.003678540825070388,-0.03958256824580732,0.011127432978332722
2,59,0,35,0,-0.0040090586363079935,-0.03976006855184233,0.011519157791651365
2,60,0,35,0,-0.003990696535683682,-0.0397172236503856,0.011488554290610846
2,61,0,35,0,-0.003990696535683682,-0.0397172236503856,0.011488554290610846
2,62,0,35,0,-0.004162076141510589,-0.03950299914310197,0.01149467499081895
2,63,0,35,0,-0.003911127432978332,-0.03970498224996939,0.011482433590402743
2,64,0,35,0,-0.003911127432978332,-0.03970498224996939,0.011482433590402743
2,65,0,35,0,-0.0040090586363079935,-0.039656016648304565,0.011678295997062065
2,66,0,35,0,-0.004015179336516098,-0.03940506793977231,0.011745623699351206
2,67,0,35,0,-0.0038499204308972946,-0.03996205165870976,0.011408985187905497
2,68,0,35,0,-0.0038499204308972946,-0.03996205165870976,0.011408985187905497
2,69,0,35,0,-0.0038744032317297094,-0.03963153384747215,0.011035622475211164
2,70,0,35,0,-0.0039539723344350595,-0.03959480964622353,0.011005018974170645
2,71,0,35,0,-0.0039539723344350595,-0.03959480964622353,0.011005018974170645
2,72,0,35,0,-0.003947851634226956,-0.039686620149345084,0.011635451095605338
2,73,0,35,0,-0.004058024237972824,-0.03956420614518301,0.011372260986656873
2,74,0,35,0,-0.004058024237972824,-0.03956420614518301,0.011372260986656873
2,75,0,35,0,-0.0038621618313135022,-0.03950911984331008,0.011488554290610846
2,76,0,35,0,-0.004174317541926796,-0.03981515485371527,0.011617088994981026
2,77,0,35,0,-0.004174317541926796,-0.03981515485371527,0.011617088994981026
2,78,0,35,0,-0.003788713428816257,-0.039570326845391114,0.011482433590402743
2,79,0,35,0,-0.0038560411311053984,-0.03985799975517199,0.0114151058881136
2,80,0,35,0,-0.0038560411311053984,-0.039827396254131474,0.011439588688946015
2,81,0,35,0,-0.0037642306279838415,-0.039827396254131474,0.011439588688946015
2,82,0,35,0,-0.003898886032562125,-0.03987636185579631,0.01149467499081895
2,83,0,35,0,-0.004272248745256457,-0.039668258048720775,0.011641571795813441
2,84,0,35,0,-0.004272248745256457,-0.039668258048720775,0.011641571795813441
2,85,0,35,0,-0.004070265638389032,-0.03967437874892888,0.010790794466887011
2,86,0,35,0,-0.0038315583302729835,-0.039711102950177504,0.01098053617333823
2,87,0,35,0,-0.0038315583302729835,-0.039711102950177504,0.01098053617333823
2,88,0,35,0,-0.0038621618313135022,-0.039796792753090955,0.011482433590402743
2,89,0,35,0,-0.0038927653323540213,-0.039882482556004406,0.011519157791651365
2,90,0,35,0,-0.0038927653323540213,-0.039882482556004406,0.011519157791651365
2,91,0,35,0,-0.003880523931937814,-0.03953360264414249,0.011078467376667891
2,92,0,35,0,-0.0040090586363079935,-0.039643775247888355,0.011408985187905497
2,93,0,35,0,-0.0040090586363079935,-0.039643775247888355,0.011408985187905497
2,94,0,35,0,-0.0040090586363079935,-0.03953360264414249,0.011537519892275677
2,95,0,35,0,-0.004125351940261967,-0.03966213734851267,0.011770106500183621
2,96,0,35,0,-0.004113110539845758,-0.040053862161831315,0.01162320969518913
2,97,0,35,0,-0.004113110539845758,-0.040053862161831315,0.01162320969518913
2,98,0,35,0,-0.003960093034643163,-0.03969274084955319,0.011604847594564819
2,99,0,35,0,-0.00405190353776472,-0.03961317174684784,0.011672175296853961
3,0,35,35,0,-0.03014444852491125,-0.009334067817358306,-0.027653323540213
3,1,35,35,0,-0.03014444852491125,-0.009334067817358306,-0.027653323540213
3,2,35,35,0,-0.030334190231362468,-0.009150446811115192,-0.028063410454155956
3,3,35,35,0,-0.03017505202595177,-0.009401395519647446,-0.02815522095727751
3,4,35,35,0,-0.03017505202595177,-0.009401395519647446,-0.02815522095727751
3,5,35,35,0,-0.030487207736565065,-0.009505447423185213,-0.02810013465540458
3,6,35,35,0,-0.030260741828865224,-0.009334067817358306,-0.02810013465540458
3,7,35,35,0,-0.030193414126576078,-0.009401395519647446,-0.028161341657485617
3,8,35,35,0,-0.030193414126576078,-0.009401395519647446,-0.028161341657485617
3,9,35,35,0,-0.03046884563594075,-0.009719671930468845,-0.028063410454155956
3,10,35,35,0,-0.03035867303219488,-0.009450361121312279,-0.027892030848329048
3,11,35,35,0,-0.03035867303219488,-0.009450361121312279,-0.027892030848329048
3,12,35,35,0,-0.0302301383278247,-0.00954829232464194,-0.028069531154364058
3,13,35,35,0,-0.03027298322928143,-0.00951768882360142,-0.02816746235769372
3,14,35,35,0,-0.03027298322928143,-0.00951768882360142,-0.02816746235769372
3,15,35,35,0,-0.030083241522830213,-0.00941975762027176,-0.02800832415228302
3,16,35,35,0,-0.030168931325743664,-0.009107601909658465,-0.02786754804749663
3,17,35,35,0,-0.030168931325743664,-0.009107601909658465,-0.02786754804749663
3,18,35,35,0,-0.03017505202595177,-0.009327947117150202,-0.02792263434936957
3,19,35,35,0,-0.03035867303219488,-0.009499326722977108,-0.028179703758109926
3,20,35,35,0,-0.030279103929489532,-0.009487085322560901,-0.028026686252907336
3,21,35,35,0,-0.030279103929489532,-0.009487085322560901,-0.028026686252907336
3,22,35,35,0,-0.03013832782470315,-0.00951768882360142,-0.02838780756518546
3,23,35,35,0,-0.030438242134900234,-0.009162688211531399,-0.028075651854572163
3,24,35,35,0,-0.030438242134900234,-0.009162688211531399,-0.028075651854572163
3,25,35,35,0,-0.03040151793365161,-0.00938915411923124,-0.02792263434936957
3,26,35,35,0,-0.03037091443261109,-0.00956665442526625,-0.028106255355612682
3,27,35,35,0,-0.03037091443261109,-0.00956665442526625,-0.028106255355612682
3,28,35,35,0,-0.030542294038437993,-0.009321826416942099,-0.027934875749785777
3,29,35,35,0,-0.030150569225119356,-0.00926061941486106,-0.02816746235769372
3,30,35,35,0,-0.030150569225119356,-0.00926061941486106,-0.02816746235769372
3,31,35,35,0,-0.030511690537397478,-0.009383033419023136,-0.028106255355612682
3,32,35,35,0,-0.0303831558330273,-0.009370792018606928,-0.028338841963520628
3,33,35,35,0,-0.03046884563594075,-0.00941975762027176,-0.028069531154364058
3,34,35,35,0,-0.03046884563594075,-0.00941975762027176,-0.028069531154364058
3,35,35,35,0,-0.0303831558330273,-0.009303464316317787,-0.02800220345207492
3,36,35,35,0,-0.03037091443261109,-0.009364671318398824,-0.02800832415228302
3,37,35,35,0,-0.03037091443261109,-0.009364671318398824,-0.02800832415228302
3,38,35,35,0,-0.030377035132819197,-0.00919329171257192,-0.027983841351450607
3,39,35,35,0,-0.03049944913698127,-0.009376912718815033,-0.028106255355612682
3,40,35,35,0,-0.03049944913698127,-0.009376912718815033,-0.028106255355612682
3,41,35,35,0,-0.03049944913698127,-0.009450361121312279,-0.02811849675602889
3,42,35,35,0,-0.030315828130738152,-0.009431999020687967,-0.02795935855061819
3,43,35,35,0,-0.030315828130738152,-0.009431999020687967,-0.02795935855061819
3,44,35,35,0,-0.030536173338229895,-0.009689068429428327,-0.027843065246664217
3,45,35,35,0,-0.030352552331986783,-0.00905251560778553,-0.02791651364916146
3,46,35,35,0,-0.03041375933406782,-0.009315705716733996,-0.028216427959358553
3,47,35,35,0,-0.03041375933406782,-0.009315705716733996,-0.028216427959358553
3,48,35,35,0,-0.030205655526992288,-0.009591137226098665,-0.027812461745623702
3,49,35,35,0,-0.03036479373240299,-0.009346309217774514,-0.027928755049577668
3,50,35,35,0,-0.03036479373240299,-0.009346309217774514,-0.027928755049577668
3,51,35,35,0,-0.030346431631778675,-0.009431999020687967,-0.028020565552699227
3,52,35,35,0,-0.03040151793365161,-0.009119843310074673,-0.02795935855061819
3,53,35,35,0,-0.03040151793365161,-0.009119843310074673,-0.02795935855061819
3,54,35,35,0,-0.030119965724078834,-0.009413636920063655,-0.027892030848329048
3,55,35,35,0,-0.030407638633859712,-0.009413636920063655,-0.028283755661647692
3,56,35,35,0,-0.030407638633859712,-0.009413636920063655,-0.028283755661647692
3,57,35,35,0,-0.030217896927408495,-0.009321826416942099,-0.027989962051658712
3,58,35,35,0,-0.030346431631778675,-0.009505447423185213,-0.0281368588566532
3,59,35,35,0,-0.030487207736565065,-0.00918105031215571,-0.027953237850410085
3,60,35,35,0,-0.030487207736565065,-0.00918105031215571,-0.027953237850410085
3,61,35,35,0,-0.03060962174072714,-0.00941975762027176,-0.028112376055820787
3,62,35,35,0,-0.030340310931570573,-0.009254498714652956,-0.028020565552699227
3,63,35,35,0,-0.030340310931570573,-0.009254498714652956,-0.028020565552699227
3,64,35,35,0,-0.03014444852491125,-0.009266740115069163,-0.02811849675602889
3,65,35,35,0,-0.030505569837189373,-0.009640102827763496,-0.02815522095727751
3,66,35,35,0,-0.030505569837189373,-0.009640102827763496,-0.02815522095727751
3,67,35,35,0,-0.030438242134900234,-0.00906475700820174,-0.02809401395519647
3,68,35,35,0,-0.03045048353531644,-0.00926061941486106,-0.027720651242502142
3,69,35,35,0,-0.03045048353531644,-0.00926061941486106,-0.027720651242502142
3,70,35,35,0,-0.030438242134900234,-0.009364671318398824,-0.02809401395519647
3,71,35,35,0,-0.030071000122414003,-0.009578895825682459,-0.027996082751866814
3,72,35,35,0,-0.03041375933406782,-0.009383033419023136,-0.027971599951034397
3,73,35,35,0,-0.03041375933406782,-0.009383033419023136,-0.027971599951034397
3,74,35,35,0,-0.030395397233443505,-0.009542171624433837,-0.028032806953115434
3,75,35,35,0,-0.03049944913698127,-0.009223895213612438,-0.028179703758109926
3,76,35,35,0,-0.03049944913698127,-0.009223895213612438,-0.028179703758109926
3,77,35,35,0,-0.030548414738646102,-0.00918105031215571,-0.028075651854572163
3,78,35,35,0,-0.03041375933406782,-0.00954829232464194,-0.02786754804749663
3,79,35,35,0,-0.03041375933406782,-0.00954829232464194,-0.02786754804749663
3,80,35,35,0,-0.03037091443261109,-0.009529930224017626,-0.027800220345207495
3,81,35,35,0,-0.03062798384135145,-0.009431999020687967,-0.028222548659566655
3,82,35,35,0,-0.03062798384135145,-0.009431999020687967,-0.028222548659566655
3,83,35,35,0,-0.030493328436773166,-0.009578895825682459,-0.02800220345207492
3,84,35,35,0,-0.030236259028032807,-0.00938915411923124,-0.028124617456236994
3,85,35,35,0,-0.030236259028032807,-0.00926061941486106,-0.028216427959358553
3,86,35,35,0,-0.030236259028032807,-0.00926061941486106,-0.028216427959358553
3,87,35,35,0,-0.030377035132819197,-0.009321826416942099,-0.028130738156445095
3,88,35,35,0,-0.030456604235524543,-0.00943811972089607,-0.028069531154364058
3,89,35,35,0,-0.030456604235524543,-0.00943811972089607,-0.028069531154364058
3,90,35,35,0,-0.030340310931570573,-0.009144326110907087,-0.028069531154364058
3,91,35,35,0,-0.030407638633859712,-0.009456481821520382,-0.027983841351450607
3,92,35,35,0,-0.030407638633859712,-0.009456481821520382,-0.027983841351450607
3,93,35,35,0,-0.030315828130738152,-0.009480964622352797,-0.028069531154364058
3,94,35,35,0,-0.030456604235524543,-0.009536050924225731,-0.02800220345207492
3,95,35,35,0,-0.030456604235524543,-0.009536050924225731,-0.02800220345207492
3,96,35,35,0,-0.030113845023870732,-0.009352429917982618,-0.027971599951034397
3,97,35,35,0,-0.03049944913698127,-0.009297343616109682,-0.028112376055820787
3,98,35,35,0,-0.03049944913698127,-0.009370792018606928,-0.02810013465540458
3,99,35,35,0,-0.03027298322928143,-0.009370792018606928,-0.02810013465540458
