values,,position,position,position,Magnetometer,Magnetometer,Magnetometer
axis,,x,y,z,x,y,z
Sensor,Sample,,,,,,
0,0,0,0,0,-0.02638633859713551,-0.03381074794956543,0.06989839637654548
0,1,0,0,0,-0.02630064879422206,-0.03379850654914922,0.0697759823723834
0,2,0,0,0,-0.026227200391724815,-0.033896437752478886,0.07013710368466153
0,3,0,0,0,-0.026074182886522218,-0.03386583425143837,0.06996572407883463
0,4,0,0,0,-0.026294528094013954,-0.03379850654914922,0.06972701677071858
0,5,0,0,0,-0.026325131595054473,-0.034012731056432856,0.0699228791773779
0,6,0,0,0,-0.026294528094013954,-0.03397600685518423,0.06981882727384012
0,7,0,0,0,-0.02633125229526258,-0.033902558452686984,0.07005141388174807
0,8,0,0,0,-0.026202717590892398,-0.033902558452686984,0.06980046517321582
0,9,0,0,0,-0.026233321091932917,-0.03384135145060595,0.06989839637654548
0,10,0,0,0,-0.026233321091932917,-0.03384135145060595,0.06989839637654548
0,11,0,0,0,-0.026361855796303096,-0.03393928265393561,0.06976374097196719
0,12,0,0,0,-0.02644142489900845,-0.033755661647692496,0.0697821030725915
0,13,0,0,0,-0.026227200391724815,-0.03380462724935733,0.06983718937446444
0,14,0,0,0,-0.026019096584649282,-0.033896437752478886,0.06970865467009427
0,15,0,0,0,-0.0262088382911005,-0.03403109315705717,0.06981882727384012
0,16,0,0,0,-0.0262088382911005,-0.0337617823479006,0.0697759823723834
0,17,0,0,0,-0.026129269188395154,-0.03371893744644387,0.07011262088382911
0,18,0,0,0,-0.02596401028277635,-0.03373117884686008,0.06987391357571307
0,19,0,0,0,-0.025945648182152038,-0.033669971844779045,0.06971477537030236
0,20,0,0,0,-0.026294528094013954,-0.03379850654914922,0.06983106867425634
0,21,0,0,0,-0.026343493695678788,-0.03385359285102216,0.06983106867425634
0,22,0,0,0,-0.026343493695678788,-0.03385359285102216,0.06983106867425634
0,23,0,0,0,-0.026325131595054473,-0.03373117884686008,0.06970865467009427
0,24,0,0,0,-0.026221079691516706,-0.033627126943322316,0.069751499571551
0,25,0,0,0,-0.026000734484024974,-0.0339209205533113,0.07028400048965602
0,26,0,0,0,-0.026110907087770842,-0.03384135145060595,0.07007589668258049
0,27,0,0,0,-0.026080303586730323,-0.033786265148733015,0.06976986167217529
0,28,0,0,0,-0.02609866568735463,-0.03351083363936834,0.06968417186926185
0,29,0,0,0,-0.026196596890684293,-0.03366385114457094,0.06970865467009427
0,30,0,0,0,-0.0262088382911005,-0.033633247643530415,0.06989227567633736
0,31,0,0,0,-0.02623944179214102,-0.03406169665809768,0.06970865467009427
0,32,0,0,0,-0.026263924592973435,-0.033767903048108706,0.06956787856530787
0,33,0,0,0,-0.026312890194638266,-0.033682213245195256,0.06962296486718081
0,34,0,0,0,-0.02623944179214102,-0.033957644754559924,0.06982494797404823
0,35,0,0,0,-0.026196596890684293,-0.033829110050189744,0.06979434447300771
0,36,0,0,0,-0.026080303586730323,-0.03383523075039784,0.06999020687966703
0,37,0,0,0,-0.026080303586730323,-0.03383523075039784,0.06999020687966703
0,38,0,0,0,-0.02625780389276533,-0.03374954094748439,0.06988003427592117
0,39,0,0,0,-0.02634961439588689,-0.034043334557473375,0.06984331007467254
0,40,0,0,0,-0.026074182886522218,-0.03398824825560044,0.06976986167217529
0,41,0,0,0,-0.02610478638756274,-0.033871954951646466,0.06998408617945892
0,42,0,0,0,-0.026282286693597744,-0.033816868649773534,0.06980046517321582
0,43,0,0,0,-0.026282286693597744,-0.03380462724935733,0.06969641326967804
0,44,0,0,0,-0.026092544987146533,-0.03378014444852491,0.06986779287550496
0,45,0,0,0,-0.026233321091932917,-0.03381074794956543,0.069928999877586
0,46,0,0,0,-0.026245562492349123,-0.03399436895580855,0.06964744766801322
0,47,0,0,0,-0.026312890194638266,-0.03367609254498714,0.06986779287550496
0,48,0,0,0,-0.026472028400048964,-0.03384747215081405,0.0697576202717591
0,49,0,0,0,-0.026147631289019462,-0.03385359285102216,0.06974537887134288
0,50,0,0,0,-0.026233321091932917,-0.033633247643530415,0.06968417186926185
0,51,0,0,0,-0.026294528094013954,-0.033871954951646466,0.0697576202717591
0,52,0,0,0,-0.026294528094013954,-0.033871954951646466,0.0697576202717591
0,53,0,0,0,-0.02617211408985188,-0.033767903048108706,0.0699473619782103
0,54,0,0,0,-0.02623944179214102,-0.0337617823479006,0.06989227567633736
0,55,0,0,0,-0.026129269188395154,-0.03420859346309218,0.06984943077488065
0,56,0,0,0,-0.02615375198922757,-0.03396376545476802,0.069751499571551
0,57,0,0,0,-0.02606194148610601,-0.03380462724935733,0.06953115436405924
0,58,0,0,0,-0.026306769494430164,-0.03387807565185457,0.07004529318153997
0,59,0,0,0,-0.026423062798384134,-0.0339209205533113,0.06998408617945892
0,60,0,0,0,-0.02603133798506549,-0.03395152405435182,0.06967193046884564
0,61,0,0,0,-0.026337372995470683,-0.03407393805851389,0.06973313747092667
0,62,0,0,0,-0.026263924592973435,-0.03381074794956543,0.06984331007467254
0,63,0,0,0,-0.026294528094013954,-0.03374954094748439,0.06981270657363202
0,64,0,0,0,-0.02615987268943567,-0.0339209205533113,0.0699473619782103
0,65,0,0,0,-0.026306769494430164,-0.034000489656016646,0.06964132696780512
0,66,0,0,0,-0.0262088382911005,-0.03398824825560044,0.07011262088382911
0,67,0,0,0,-0.02606194148610601,-0.03379238584894112,0.0700881380829967
0,68,0,0,0,-0.02606194148610601,-0.03379238584894112,0.06969029256946994
0,69,0,0,0,-0.026233321091932917,-0.03362100624311421,0.06969029256946994
0,70,0,0,0,-0.02638633859713551,-0.03387807565185457,0.06971477537030236
0,71,0,0,0,-0.026196596890684293,-0.033859713551230256,0.06968417186926185
0,72,0,0,0,-0.02623944179214102,-0.03421471416330028,0.06970253396988615
0,73,0,0,0,-0.026165993389643778,-0.033786265148733015,0.06935977475823234
0,74,0,0,0,-0.026202717590892398,-0.03356591994124128,0.06981882727384012
0,75,0,0,0,-0.026410821397967927,-0.0337617823479006,0.06988003427592117
0,76,0,0,0,-0.026184355490268086,-0.03398824825560044,0.06995960337862651
0,77,0,0,0,-0.026202717590892398,-0.033816868649773534,0.07037581099277758
0,78,0,0,0,-0.02606194148610601,-0.033914799853103195,0.06980658587342392
0,79,0,0,0,-0.02615987268943567,-0.033786265148733015,0.06981882727384012
0,80,0,0,0,-0.026202717590892398,-0.033969886154976134,0.06966580976863754
0,81,0,0,0,-0.02601297588444118,-0.03402497245684906,0.06966580976863754
0,82,0,0,0,-0.02609866568735463,-0.033908679152895096,0.06969641326967804
0,83,0,0,0,-0.02609866568735463,-0.033908679152895096,0.06969641326967804
0,84,0,0,0,-0.026263924592973435,-0.033682213245195256,0.07000244828008324
0,85,0,0,0,-0.02617211408985188,-0.033914799853103195,0.07024727628840739
0,86,0,0,0,-0.026270045293181537,-0.03406169665809768,0.06970253396988615
0,87,0,0,0,-0.026312890194638266,-0.03410454155955441,0.06997184477904272
0,88,0,0,0,-0.026221079691516706,-0.03395152405435182,0.06972089607051046
0,89,0,0,0,-0.026227200391724815,-0.03389031705227078,0.0699351205777941
0,90,0,0,0,-0.02610478638756274,-0.033700575345819564,0.06986167217529685
0,91,0,0,0,-0.026306769494430164,-0.03399436895580855,0.0694454645611458
0,92,0,0,0,-0.02647814910025707,-0.03374342024727629,0.06987391357571307
0,93,0,0,0,-0.025988493083608767,-0.034080058758722,0.0699228791773779
0,94,0,0,0,-0.026355735096094995,-0.033969886154976134,0.06984331007467254
0,95,0,0,0,-0.026135389888603255,-0.033884196352062676,0.07031460399069653
0,96,0,0,0,-0.02619047619047619,-0.03379238584894112,0.06989227567633736
0,97,0,0,0,-0.02617211408985188,-0.0339209205533113,0.06997184477904272
0,98,0,0,0,-0.02617211408985188,-0.0339209205533113,0.06997184477904272
0,99,0,0,0,-0.026355735096094995,-0.03369445464561146,0.06970865467009427
1,0,35,0,0,-0.04042110417431754,0.006530787122046762,0.011323295384992044
1,1,35,0,0,-0.04039050067327703,0.006267597013098298,0.01121924348145428
1,2,35,0,0,-0.040610845880768756,0.006677683927041253,0.011139674378748929
1,3,35,0,0,-0.040408862773901336,0.006567511323295384,0.010650018362100624
1,4,35,0,0,-0.04044558697514995,0.006598114824335905,0.011200881380829968
1,5,35,0,0,-0.04036601787244461,0.006243114212265883,0.011194760680621862
1,6,35,0,0,-0.040482311176398576,0.006567511323295384,0.011249846982494798
1,7,35,0,0,-0.04059860448035255,0.006738890929122292,0.011243726282286693
1,8,35,0,0,-0.04050679397723099,0.006622597625168319,0.010998898273962542
1,9,35,0,0,-0.04037825927286082,0.006341045415595545,0.011102950177500306
1,10,35,0,0,-0.04037825927286082,0.006341045415595545,0.011102950177500306
1,11,35,0,0,-0.040678173583057906,0.006451218019341412,0.011102950177500306
1,12,35,0,0,-0.04059860448035255,0.006377769616844167,0.0110907087770841
1,13,35,0,0,-0.040482311176398576,0.006604235524544008,0.010870363569592362
1,14,35,0,0,-0.04050067327702289,0.006487942220590036,0.011017260374586852
1,15,35,0,0,-0.04055575957889583,0.006561390623087281,0.010833639368343738
1,16,35,0,0,-0.04032929367119599,0.006665442526625045,0.01106010527604358
1,17,35,0,0,-0.04049455257681479,0.006487942220590036,0.01082139796792753
1,18,35,0,0,-0.04021300036724201,0.006408373117884686,0.010864242869384259
1,19,35,0,0,-0.040525156077855305,0.00654302852246297,0.010943811972089606
1,20,35,0,0,-0.04028032806953115,0.006383890317052271,0.010956053372505815
1,21,35,0,0,-0.04049455257681479,0.006347166115803648,0.011182519280205656
1,22,35,0,0,-0.04050679397723099,0.0065369078222548655,0.01128657118374342
1,23,35,0,0,-0.0403476557718203,0.006512425021422451,0.011139674378748929
1,24,35,0,0,-0.04021300036724201,0.0067633737299547065,0.01121924348145428
1,25,35,0,0,-0.0403476557718203,0.006487942220590036,0.010925449871465296
1,26,35,0,0,-0.040610845880768756,0.00654302852246297,0.010833639368343738
1,27,35,0,0,-0.04040274207369323,0.006469580119965725,0.010943811972089606
1,28,35,0,0,-0.04040274207369323,0.006469580119965725,0.01123760558207859
1,29,35,0,0,-0.04023136246786632,0.006598114824335905,0.01123760558207859
1,30,35,0,0,-0.04050067327702289,0.006420614518300893,0.011182519280205656
1,31,35,0,0,-0.04059248378014445,0.006451218019341412,0.010845880768759947
1,32,35,0,0,-0.0403537764720284,0.006371648916636064,0.0110907087770841
1,33,35,0,0,-0.04043334557473375,0.006530787122046762,0.011041743175419267
1,34,35,0,0,-0.04056188027910393,0.006420614518300893,0.010919329171257191
1,35,35,0,0,-0.04047006977598237,0.006353286816011753,0.010974415473130127
1,36,35,0,0,-0.04053127677806341,0.00641449381809279,0.010735708165014079
1,37,35,0,0,-0.0405129146774391,0.006249234912473986,0.01090096707063288
1,38,35,0,0,-0.0405190353776472,0.006304321214346921,0.011127432978332722
1,39,35,0,0,-0.04028032806953115,0.006598114824335905,0.01149467499081895
1,40,35,0,0,-0.04037825927286082,0.006555269922879177,0.011164157179581344
1,41,35,0,0,-0.04073938058513894,0.006451218019341412,0.010735708165014079
1,42,35,0,0,-0.04053127677806341,0.0065185457216305545,0.011035622475211164
1,43,35,0,0,-0.040384379973068915,0.0065185457216305545,0.011115191577916513
1,44,35,0,0,-0.04032317297098788,0.006402252417676582,0.011213122781246174
1,45,35,0,0,-0.040439466274941854,0.006598114824335905,0.011053984575835476
1,46,35,0,0,-0.040439466274941854,0.006598114824335905,0.011231484881870486
1,47,35,0,0,-0.04024360386828253,0.006677683927041253,0.011231484881870486
1,48,35,0,0,-0.04070877708409842,0.006475700820173828,0.011231484881870486
1,49,35,0,0,-0.040482311176398576,0.006524666421838658,0.01149467499081895
1,50,35,0,0,-0.040451707675358065,0.006561390623087281,0.011017260374586852
1,51,35,0,0,-0.0405190353776472,0.0065185457216305545,0.011145795078957032
1,52,35,0,0,-0.040580242379728244,0.006383890317052271,0.011372260986656873
1,53,35,0,0,-0.0405129146774391,0.006451218019341412,0.010894846370424777
1,54,35,0,0,-0.04033541437140409,0.006561390623087281,0.011041743175419267
1,55,35,0,0,-0.04050679397723099,0.006647080426000734,0.011139674378748929
1,56,35,0,0,-0.04037825927286082,0.006426735218508997,0.011023381074794957
1,57,35,0,0,-0.040384379973068915,0.0065001836210062435,0.011207002081038071
1,58,35,0,0,-0.04054351817847962,0.0065185457216305545,0.010998898273962542
1,59,35,0,0,-0.0405190353776472,0.006530787122046762,0.011268209083119108
1,60,35,0,0,-0.04043334557473375,0.006714408128289877,0.011053984575835476
1,61,35,0,0,-0.04049455257681479,0.0065185457216305545,0.011139674378748929
1,62,35,0,0,-0.04040274207369323,0.0065185457216305545,0.010992777573754439
1,63,35,0,0,-0.04062920798139307,0.006659321826416942,0.011372260986656873
1,64,35,0,0,-0.0403598971722365,0.0065185457216305545,0.010913208471049088
1,65,35,0,0,-0.0403598971722365,0.006806218631411433,0.011145795078957032
1,66,35,0,0,-0.04050067327702289,0.006806218631411433,0.011145795078957032
1,67,35,0,0,-0.040439466274941854,0.006659321826416942,0.010888725670216672
1,68,35,0,0,-0.04050067327702289,0.006622597625168319,0.01094993267229771
1,69,35,0,0,-0.040396621373485125,0.006787856530787122,0.011127432978332722
1,70,35,0,0,-0.04043334557473375,0.00654302852246297,0.011035622475211164
1,71,35,0,0,-0.04072101848451463,0.006445097319133309,0.010992777573754439
1,72,35,0,0,-0.04050679397723099,0.006653201126208838,0.011292691883951524
1,73,35,0,0,-0.040623087281184966,0.00667156322683315,0.01128657118374342
1,74,35,0,0,-0.04047006977598237,0.006689925327457461,0.011096829477292203
1,75,35,0,0,-0.04078222548659567,0.00672052882849798,0.011139674378748929
1,76,35,0,0,-0.04047006977598237,0.006653201126208838,0.011207002081038071
1,77,35,0,0,-0.04032929367119599,0.006732770228914188,0.011072346676459786
1,78,35,0,0,-0.040623087281184966,0.006561390623087281,0.011292691883951524
1,79,35,0,0,-0.04044558697514995,0.0064818215203819324,0.011151915779165137
1,80,35,0,0,-0.040672052882849793,0.006426735218508997,0.0114151058881136
1,81,35,0,0,-0.04073938058513894,0.006622597625168319,0.011274329783327212
1,82,35,0,0,-0.040672052882849793,0.006457338719549515,0.011280450483535317
1,83,35,0,0,-0.040672052882849793,0.006714408128289877,0.011139674378748929
1,84,35,0,0,-0.04057412167952014,0.006714408128289877,0.011139674378748929
1,85,35,0,0,-0.040408862773901336,0.006757253029746603,0.01115803647937324
1,86,35,0,0,-0.04046394907577427,0.0064634594197576205,0.011292691883951524
1,87,35,0,0,-0.040408862773901336,0.006757253029746603,0.010974415473130127
1,88,35,0,0,-0.040482311176398576,0.0065736320235034885,0.011017260374586852
1,89,35,0,0,-0.040427224874525644,0.006696046027665566,0.010858122169176154
1,90,35,0,0,-0.04064757008201738,0.006396131717468478,0.010876484269800465
1,91,35,0,0,-0.04065981148243359,0.006524666421838658,0.011200881380829968
1,92,35,0,0,-0.040610845880768756,0.0067266495287060845,0.010968294772922023
1,93,35,0,0,-0.040568000979312034,0.006316562614763129,0.011145795078957032
1,94,35,0,0,-0.040696535683682214,0.006396131717468478,0.01110907087770841
1,95,35,0,0,-0.04045782837556616,0.006647080426000734,0.011164157179581344
1,96,35,0,0,-0.04036601787244461,0.006494062920798139,0.011188639980413759
1,97,35,0,0,-0.04072101848451463,0.006604235524544008,0.010992777573754439
1,98,35,0,0,-0.040408862773901336,0.006328804015179336,0.011017260374586852
1,99,35,0,0,-0.04061696658097687,0.006585873423919697,0.010894846370424777
2,0,0,35,0,-0.003880523931937814,-0.025541681968417183,0.002405435181784796
2,1,0,35,0,-0.004149834741094381,-0.025584526869873912,0.0022585383767903047
2,2,0,35,0,-0.0039539723344350595,-0.025664095972579265,0.0021177622720039172
2,3,0,35,0,-0.003947851634226956,-0.025755906475700818,0.002313624678663239
2,4,0,35,0,-0.004082507038805239,-0.025713061574244096,0.0021483657730444364
2,5,0,35,0,-0.00400293793609989,-0.025749785775492716,0.0021177622720039172
2,6,0,35,0,-0.004064144938180928,-0.025890561880279106,0.00215448647325254
2,7,0,35,0,-0.004039662137348512,-0.025492716366752356,0.002374831680744277
2,8,0,35,0,-0.0037703513281919453,-0.025731423674868404,0.0022279348757497856
2,9,0,35,0,-0.004088627739013343,-0.025584526869873912,0.002478883584282042
2,10,0,35,0,-0.0038560411311053984,-0.025749785775492716,0.0024666421838658342
2,11,0,35,0,-0.004064144938180928,-0.025615130370914434,0.002387073081160485
2,12,0,35,0,-0.004082507038805239,-0.025437630064879424,0.002405435181784796
2,13,0,35,0,-0.003905006732770229,-0.025462112865711838,0.0021177622720039172
2,14,0,35,0,-0.0040090586363079935,-0.02578650997674134,0.0023075039784551353
2,15,0,35,0,-0.0040090586363079935,-0.02578650997674134,0.0023075039784551353
2,16,0,35,0,-0.003996817235891786,-0.02560900967070633,0.0018668135634716612
2,17,0,35,0,-0.004088627739013343,-0.025762027175908926,0.0022156934753335784
2,18,0,35,0,-0.003947851634226956,-0.02583547557840617,0.0021973313747092665
2,19,0,35,0,-0.0036173338229893498,-0.025333578161341658,0.002191210674501163
2,20,0,35,0,-0.0037642306279838415,-0.025584526869873912,0.0024544007834496266
2,21,0,35,0,-0.003960093034643163,-0.025731423674868404,0.002399314481576692
2,22,0,35,0,-0.003935610233810748,-0.025774268576325133,0.0022279348757497856
2,23,0,35,0,-0.004088627739013343,-0.025455992165503732,0.0022401762761659937
2,24,0,35,0,-0.003941730934018852,-0.025774268576325133,0.0020749173705471905
2,25,0,35,0,-0.00392336883339454,-0.02573754437507651,0.002099400171379606
2,26,0,35,0,-0.004039662137348512,-0.025462112865711838,0.0019769861672175298
2,27,0,35,0,-0.0037642306279838415,-0.02583547557840617,0.0022156934753335784
2,28,0,35,0,-0.003935610233810748,-0.025394785163422695,0.0022401762761659937
2,29,0,35,0,-0.0038744032317297094,-0.02564573387195495,0.002093279471171502
2,30,0,35,0,-0.003929489533602644,-0.025749785775492716,0.0022279348757497856
2,31,0,35,0,-0.004070265638389032,-0.02551719916758477,0.002374831680744277
2,32,0,35,0,-0.004070265638389032,-0.02551719916758477,0.002374831680744277
2,33,0,35,0,-0.004094748439221447,-0.025774268576325133,0.0025523319867792873
2,34,0,35,0,-0.003917248133186437,-0.025621251071122536,0.00215448647325254
2,35,0,35,0,-0.003917248133186437,-0.025731423674868404,0.0025829354878198064
2,36,0,35,0,-0.0038560411311053984,-0.025810992777573753,0.0019157791651364918
2,37,0,35,0,-0.0037519892275676334,-0.02536418166238218,0.0022585383767903047
2,38,0,35,0,-0.004070265638389032,-0.02546823356591994,0.0024972456849063534
2,39,0,35,0,-0.003868282531521606,-0.025547802668625292,0.002436038682825315
2,40,0,35,0,-0.003947851634226956,-0.025474354266128048,0.0022156934753335784
2,41,0,35,0,-0.0038131962296486716,-0.02574366507528461,0.0022585383767903047
2,42,0,35,0,-0.004027420736932305,-0.02563961317174685,0.002191210674501163
2,43,0,35,0,-0.003990696535683682,-0.025804872077365648,0.002313624678663239
2,44,0,35,0,-0.0037581099277757372,-0.025798751377157546,0.002417676582201004
2,45,0,35,0,-0.003715265026319011,-0.025682458073203573,0.0021789692740849555
2,46,0,35,0,-0.00426000734484025,-0.02569469947361978,0.0024666421838658342
2,47,0,35,0,-0.0037581099277757372,-0.025523319867792875,0.0026074182886522217
2,48,0,35,0,-0.003788713428816257,-0.02568857877341168,0.002093279471171502
2,49,0,35,0,-0.003788713428816257,-0.02568857877341168,0.002093279471171502
2,50,0,35,0,-0.003684661525278492,-0.02543150936467132,0.002172848573876851
2,51,0,35,0,-0.0038437997306891908,-0.025719182274452197,0.001995348267841841
2,52,0,35,0,-0.004094748439221447,-0.025333578161341658,0.0021116415717958134
2,53,0,35,0,-0.004125351940261967,-0.025902803280695313,0.002472762884073938
2,54,0,35,0,-0.003905006732770229,-0.025541681968417183,0.0023687109805361735
2,55,0,35,0,-0.003776472028400049,-0.02543150936467132,0.002313624678663239
2,56,0,35,0,-0.0038131962296486716,-0.0254009058636308,0.0021422450728363325
2,57,0,35,0,-0.004033541437140409,-0.02569469947361978,0.0023503488799118616
2,58,0,35,0,-0.0038499204308972946,-0.025762027175908926,0.0024237972824091075
2,59,0,35,0,-0.003947851634226956,-0.02560900967070633,0.0023381074794956544
2,60,0,35,0,-0.004364059248378014,-0.02560900967070633,0.0022340555759578894
2,61,0,35,0,-0.004021300036724201,-0.02541314726404701,0.002436038682825315
2,62,0,35,0,-0.00410086913942955,-0.025584526869873912,0.002399314481576692
2,63,0,35,0,-0.003929489533602644,-0.025486595666544255,0.002252417676582201
2,64,0,35,0,-0.004094748439221447,-0.025492716366752356,0.0021789692740849555
2,65,0,35,0,-0.004155955441302485,-0.025553923368833394,0.001964744766801322
2,66,0,35,0,-0.0038560411311053984,-0.025768147876117024,0.0021422450728363325
2,67,0,35,0,-0.0038560411311053984,-0.025768147876117024,0.001995348267841841
2,68,0,35,0,-0.004033541437140409,-0.025529440568000977,0.001995348267841841
2,69,0,35,0,-0.00410086913942955,-0.025602888970498228,0.0022952625780389277
2,70,0,35,0,-0.004149834741094381,-0.025841596278614275,0.0023503488799118616
2,71,0,35,0,-0.0038560411311053984,-0.02579263067694944,0.001670951156812339
2,72,0,35,0,-0.004162076141510589,-0.025596768270290123,0.0022340555759578894
2,73,0,35,0,-0.003984575835475578,-0.025651854572163058,0.0022034520749173703
2,74,0,35,0,-0.0039539723344350595,-0.025798751377157546,0.002246296976374097
2,75,0,35,0,-0.003868282531521606,-0.02582935487819806,0.0021177622720039172
2,76,0,35,0,-0.004015179336516098,-0.02560900967070633,0.0020810380707552943
2,77,0,35,0,-0.003978455135267475,-0.025296853960093034,0.002393193781368589
2,78,0,35,0,-0.00400293793609989,-0.025462112865711838,0.002509487085322561
2,79,0,35,0,-0.003996817235891786,-0.025908923980903414,0.002130003672420125
2,80,0,35,0,-0.004082507038805239,-0.025713061574244096,0.0021850899742930593
2,81,0,35,0,-0.0037336271269433224,-0.02560900967070633,0.0024237972824091075
2,82,0,35,0,-0.0038560411311053984,-0.025725302974660302,0.002319745378871343
2,83,0,35,0,-0.003654058024237973,-0.02551719916758477,0.0023625902803280697
2,84,0,35,0,-0.003654058024237973,-0.02551719916758477,0.0023625902803280697
2,85,0,35,0,-0.0037703513281919453,-0.025908923980903414,0.002221814175541682
2,86,0,35,0,-0.0038376790304810874,-0.025976251683192557,0.002436038682825315
2,87,0,35,0,-0.003715265026319011,-0.025755906475700818,0.002313624678663239
2,88,0,35,0,-0.003941730934018852,-0.025602888970498228,0.0022034520749173703
2,89,0,35,0,-0.003978455135267475,-0.025651854572163058,0.002160607173460644
2,90,0,35,0,-0.00413147264047007,-0.02563961317174685,0.0017994858611825194
2,91,0,35,0,-0.0038927653323540213,-0.025443750765087526,0.001970865467009426
2,92,0,35,0,-0.003972334435059371,-0.025713061574244096,0.002289141877830824
2,93,0,35,0,-0.003929489533602644,-0.025621251071122536,0.0022340555759578894
2,94,0,35,0,-0.004027420736932305,-0.025407026563838902,0.0022034520749173703
2,95,0,35,0,-0.003996817235891786,-0.025596768270290123,0.002221814175541682
2,96,0,35,0,-0.003960093034643163,-0.02563961317174685,0.0024544007834496266
2,97,0,35,0,-0.003996817235891786,-0.025535561268209085,0.002289141877830824
2,98,0,35,0,-0.0038499204308972946,-0.025486595666544255,0.0024115558819929
2,99,0,35,0,-0.0040090586363079935,-0.02569469947361978,0.0022585383767903047
3,0,35,35,0,-0.026019096584649282,-0.007522340555759578,-0.0282959970620639
3,1,35,35,0,-0.026319010894846374,-0.007754927163667523,-0.027928755049577668
3,2,35,35,0,-0.026233321091932917,-0.007791651364916147,-0.028602032072469093
3,3,35,35,0,-0.026110907087770842,-0.007614151058881136,-0.028302117762272004
3,4,35,35,0,-0.026227200391724815,-0.007301995348267842,-0.028222548659566655
3,5,35,35,0,-0.025945648182152038,-0.007601909658464928,-0.028528583669971845
3,6,35,35,0,-0.026361855796303096,-0.0077182029624189,-0.028418411066225974
3,7,35,35,0,-0.026312890194638266,-0.007987513771575468,-0.028204186558942346
3,8,35,35,0,-0.02603133798506549,-0.007620271759089239,-0.02838168686497735
3,9,35,35,0,-0.026276165993389645,-0.007455012853470437,-0.02851634226955564
3,10,35,35,0,-0.026068062186314116,-0.007944668870118741,-0.02827763496143959
3,11,35,35,0,-0.026080303586730323,-0.007675358060962175,-0.028357204064144936
3,12,35,35,0,-0.02615987268943567,-0.007387685151181295,-0.02842453176643408
3,13,35,35,0,-0.026147631289019462,-0.007656995960337863,-0.02843065246664218
3,14,35,35,0,-0.026092544987146533,-0.007626392459297343,-0.02810013465540458
3,15,35,35,0,-0.025994613783816865,-0.007889582568245807,-0.02838780756518546
3,16,35,35,0,-0.026019096584649282,-0.0076875994613783815,-0.028081772554780265
3,17,35,35,0,-0.026019096584649282,-0.007552944056800098,-0.02815522095727751
3,18,35,35,0,-0.02617211408985188,-0.007552944056800098,-0.02815522095727751
3,19,35,35,0,-0.026221079691516706,-0.007748806463459419,-0.028338841963520628
3,20,35,35,0,-0.026135389888603255,-0.0076692373607540705,-0.02832660056310442
3,21,35,35,0,-0.026233321091932917,-0.007877341167829599,-0.02852246296976374
3,22,35,35,0,-0.026135389888603255,-0.007608030358673032,-0.028338841963520628
3,23,35,35,0,-0.02625780389276533,-0.007761047863875628,-0.0281368588566532
3,24,35,35,0,-0.026202717590892398,-0.007926306769494431,-0.028320479862896313
3,25,35,35,0,-0.02601297588444118,-0.007693720161586486,-0.028271514261231485
3,26,35,35,0,-0.02583547557840617,-0.007883461868037704,-0.028467376667890808
3,27,35,35,0,-0.026092544987146533,-0.007736565063043212,-0.02834496266372873
3,28,35,35,0,-0.0262088382911005,-0.007810013465540458,-0.02842453176643408
3,29,35,35,0,-0.026055820785897903,-0.0075162198555514745,-0.028161341657485617
3,30,35,35,0,-0.02587219977965479,-0.007571306157424409,-0.028124617456236994
3,31,35,35,0,-0.02615987268943567,-0.007705961562002693,-0.028161341657485617
3,32,35,35,0,-0.026129269188395154,-0.007699840861794589,-0.02837556616476925
3,33,35,35,0,-0.02610478638756274,-0.007693720161586486,-0.02827763496143959
3,34,35,35,0,-0.02603133798506549,-0.00758966825804872,-0.02850410086913943
3,35,35,35,0,-0.02603133798506549,-0.007926306769494431,-0.028461255967682703
3,36,35,35,0,-0.026282286693597744,-0.007926306769494431,-0.028461255967682703
3,37,35,35,0,-0.02609866568735463,-0.007546823356591995,-0.028461255967682703
3,38,35,35,0,-0.026043579385481696,-0.007577426857632514,-0.028485738768515116
3,39,35,35,0,-0.025890561880279106,-0.007822254865956665,-0.028198065858734238
3,40,35,35,0,-0.02603133798506549,-0.00758966825804872,-0.028510221569347533
3,41,35,35,0,-0.025933406781735828,-0.007583547557840617,-0.02836332476435304
3,42,35,35,0,-0.026068062186314116,-0.007614151058881136,-0.02795935855061819
3,43,35,35,0,-0.026147631289019462,-0.007748806463459419,-0.028179703758109926
3,44,35,35,0,-0.026343493695678788,-0.00782837556616477,-0.02818582445831803
3,45,35,35,0,-0.026068062186314116,-0.007620271759089239,-0.02847349736809891
3,46,35,35,0,-0.026178234790059984,-0.007436650752846126,-0.028595911372260984
3,47,35,35,0,-0.026025217284857387,-0.007730444362835108,-0.028467376667890808
3,48,35,35,0,-0.025902803280695313,-0.007632513159505447,-0.028497980168931326
3,49,35,35,0,-0.025945648182152038,-0.007614151058881136,-0.027996082751866814
3,50,35,35,0,-0.026233321091932917,-0.0076875994613783815,-0.02832660056310442
3,51,35,35,0,-0.026025217284857387,-0.007485616354510956,-0.028442893867058394
3,52,35,35,0,-0.026074182886522218,-0.007638633859713551,-0.028491859468723225
3,53,35,35,0,-0.026074182886522218,-0.007638633859713551,-0.02839392826539356
3,54,35,35,0,-0.026221079691516706,-0.007571306157424409,-0.02839392826539356
3,55,35,35,0,-0.0263679764965112,-0.007791651364916147,-0.028222548659566655
3,56,35,35,0,-0.02615375198922757,-0.007693720161586486,-0.02847349736809891
3,57,35,35,0,-0.026147631289019462,-0.007614151058881136,-0.028308238462480106
3,58,35,35,0,-0.026263924592973435,-0.007620271759089239,-0.028271514261231485
3,59,35,35,0,-0.026416942098176032,-0.007620271759089239,-0.028271514261231485
3,60,35,35,0,-0.026068062186314116,-0.007448892153262334,-0.028210307259150448
3,61,35,35,0,-0.026129269188395154,-0.007950789570326845,-0.028406169665809767
3,62,35,35,0,-0.026288407393805852,-0.007455012853470437,-0.02852246296976374
3,63,35,35,0,-0.026245562492349123,-0.007620271759089239,-0.028222548659566655
3,64,35,35,0,-0.026117027787978947,-0.007595788958256825,-0.028418411066225974
3,65,35,35,0,-0.026049700085689804,-0.007614151058881136,-0.028124617456236994
3,66,35,35,0,-0.02610478638756274,-0.007754927163667523,-0.0282959970620639
3,67,35,35,0,-0.02614151058881136,-0.007534581956175787,-0.02857142857142857
3,68,35,35,0,-0.026068062186314116,-0.007577426857632514,-0.02842453176643408
3,69,35,35,0,-0.026404700697759825,-0.007595788958256825,-0.02811849675602889
3,70,35,35,0,-0.026245562492349123,-0.007534581956175787,-0.02832660056310442
3,71,35,35,0,-0.025853837679030482,-0.007552944056800098,-0.028259272860815275
3,72,35,35,0,-0.026025217284857387,-0.007614151058881136,-0.028253152160607177
3,73,35,35,0,-0.026080303586730323,-0.0077426857632513155,-0.0282959970620639
3,74,35,35,0,-0.02610478638756274,-0.007675358060962175,-0.028259272860815275
3,75,35,35,0,-0.026135389888603255,-0.0077182029624189,-0.028497980168931326
3,76,35,35,0,-0.026135389888603255,-0.007926306769494431,-0.028069531154364058
3,77,35,35,0,-0.025823234177989964,-0.007926306769494431,-0.028069531154364058
3,78,35,35,0,-0.026049700085689804,-0.007534581956175787,-0.028406169665809767
3,79,35,35,0,-0.025988493083608767,-0.007748806463459419,-0.0282959970620639
3,80,35,35,0,-0.026086424286938425,-0.007448892153262334,-0.028357204064144936
3,81,35,35,0,-0.02592728608152773,-0.007663116660545967,-0.02822866935977476
3,82,35,35,0,-0.02612314848818705,-0.007950789570326845,-0.02816746235769372
3,83,35,35,0,-0.026325131595054473,-0.007779409964499939,-0.028142979556861302
3,84,35,35,0,-0.026043579385481696,-0.007583547557840617,-0.02832660056310442
3,85,35,35,0,-0.02619047619047619,-0.007608030358673032,-0.02832660056310442
3,86,35,35,0,-0.02601297588444118,-0.007810013465540458,-0.028259272860815275
3,87,35,35,0,-0.0262088382911005,-0.007920186069286326,-0.028314359162688214
3,88,35,35,0,-0.026221079691516706,-0.007528461255967683,-0.028112376055820787
3,89,35,35,0,-0.026233321091932917,-0.007834496266372873,-0.028302117762272004
3,90,35,35,0,-0.026000734484024974,-0.007681478761170278,-0.02842453176643408
3,91,35,35,0,-0.02612314848818705,-0.007754927163667523,-0.028510221569347533
3,92,35,35,0,-0.026319010894846374,-0.007889582568245807,-0.028161341657485617
3,93,35,35,0,-0.02625780389276533,-0.0078038927653323546,-0.02827763496143959
3,94,35,35,0,-0.02625780389276533,-0.0076692373607540705,-0.02815522095727751
3,95,35,35,0,-0.026129269188395154,-0.0076692373607540705,-0.02815522095727751
3,96,35,35,0,-0.026306769494430164,-0.007583547557840617,-0.02843065246664218
3,97,35,35,0,-0.026129269188395154,-0.007583547557840617,-0.028265393561023384
3,98,35,35,0,-0.02592116538131962,-0.0076875994613783815,-0.028528583669971845
3,99,35,35,0,-0.025933406781735828,-0.007638633859713551,-0.0284551352674746
