values,,position,position,position,Magnetometer,Magnetometer,Magnetometer
axis,,x,y,z,x,y,z
Sensor,Sample,,,,,,
0,0,0,0,0,-0.022817970375810993,-0.005312767780634105,-0.12123882972212022
0,1,0,0,0,-0.02262210796915167,-0.005061819072101848,-0.121226588321704
0,2,0,0,0,-0.02262210796915167,-0.005061819072101848,-0.121226588321704
0,3,0,0,0,-0.02268331497123271,-0.005116905373974782,-0.12114701921899866
0,4,0,0,0,-0.02269555637164892,-0.005294405680009793,-0.12125107112253641
0,5,0,0,0,-0.02269555637164892,-0.005294405680009793,-0.12125107112253641
0,6,0,0,0,-0.02268331497123271,-0.005092422573142368,-0.1213734851266985
0,7,0,0,0,-0.022805728975394783,-0.005202595176888236,-0.12112865711837435
0,8,0,0,0,-0.022805728975394783,-0.005202595176888236,-0.12112865711837435
0,9,0,0,0,-0.022854694577059614,-0.0054657852858367,-0.12128167462357693
0,10,0,0,0,-0.022842453176643407,-0.0049883706696046025,-0.12112253641816624
0,11,0,0,0,-0.022842453176643407,-0.0049883706696046025,-0.12112253641816624
0,12,0,0,0,-0.022707797772065125,-0.005049577671685641,-0.12112865711837435
0,13,0,0,0,-0.022787366874770475,-0.005116905373974782,-0.12112253641816624
0,14,0,0,0,-0.022787366874770475,-0.005116905373974782,-0.12112253641816624
0,15,0,0,0,-0.0226710735708165,-0.005288284979801689,-0.12126943322316072
0,16,0,0,0,-0.022726159872689437,-0.00503121557106133,-0.12141633002815522
0,17,0,0,0,-0.02289141877830824,-0.005306647080426001,-0.12112253641816624
0,18,0,0,0,-0.02289141877830824,-0.005306647080426001,-0.12112253641816624
0,19,0,0,0,-0.023075039784551353,-0.005355612682090831,-0.1212327090219121
0,20,0,0,0,-0.022903660178724448,-0.005239319378136859,-0.12145305422940385
0,21,0,0,0,-0.022903660178724448,-0.005239319378136859,-0.12145305422940385
0,22,0,0,0,-0.022713918472273227,-0.005104663973558575,-0.12136736442649039
0,23,0,0,0,-0.02255478026686253,-0.005147508875015302,-0.12105520871587709
0,24,0,0,0,-0.02255478026686253,-0.005147508875015302,-0.12105520871587709
0,25,0,0,0,-0.02286081527726772,-0.005288284979801689,-0.12134288162565798
0,26,0,0,0,-0.022646590769984088,-0.005276043579385482,-0.12142857142857141
0,27,0,0,0,-0.022646590769984088,-0.005276043579385482,-0.12142857142857141
0,28,0,0,0,-0.022469090463949078,-0.005171991675847717,-0.12123882972212022
0,29,0,0,0,-0.022720039172481332,-0.005276043579385482,-0.12112253641816624
0,30,0,0,0,-0.022720039172481332,-0.005276043579385482,-0.12112253641816624
0,31,0,0,0,-0.022824091076019095,-0.005025094870853225,-0.121226588321704
0,32,0,0,0,-0.022903660178724448,-0.005471905986044803,-0.1210674501162933
0,33,0,0,0,-0.022903660178724448,-0.005471905986044803,-0.1210674501162933
0,34,0,0,0,-0.022848573876851512,-0.005220957277512548,-0.12134288162565798
0,35,0,0,0,-0.02273228057289754,-0.005306647080426001,-0.12114701921899866
0,36,0,0,0,-0.02273228057289754,-0.005306647080426001,-0.12114701921899866
0,37,0,0,0,-0.022842453176643407,-0.005355612682090831,-0.1213734851266985
0,38,0,0,0,-0.022628228669359773,-0.005331129881258416,-0.1215326233321092
0,39,0,0,0,-0.02260374586852736,-0.005086301872934264,-0.1210429673154609
0,40,0,0,0,-0.02260374586852736,-0.005086301872934264,-0.1210429673154609
0,41,0,0,0,-0.02262210796915167,-0.005165870975639613,-0.12131227812461745
0,42,0,0,0,-0.022591504468111152,-0.005257681478761171,-0.1207308116048476
0,43,0,0,0,-0.022591504468111152,-0.005257681478761171,-0.1207308116048476
0,44,0,0,0,-0.022585383767903047,-0.005171991675847717,-0.12125719182274453
0,45,0,0,0,-0.022817970375810993,-0.005410698983963765,-0.12148977843065248
0,46,0,0,0,-0.022817970375810993,-0.005410698983963765,-0.12148977843065248
0,47,0,0,0,-0.02269555637164892,-0.005092422573142368,-0.1212327090219121
0,48,0,0,0,-0.022481331864365284,-0.005269922879177378,-0.12115313991920676
0,49,0,0,0,-0.022481331864365284,-0.005269922879177378,-0.12115313991920676
0,50,0,0,0,-0.022658832170400295,-0.005435181784796181,-0.12107969151670953
0,51,0,0,0,-0.022726159872689437,-0.00520871587709634,-0.12125107112253641
0,52,0,0,0,-0.022726159872689437,-0.00520871587709634,-0.12125107112253641
0,53,0,0,0,-0.022817970375810993,-0.00533725058146652,-0.12116538131962296
0,54,0,0,0,-0.022756763373729956,-0.0051230260741828865,-0.12139184722732281
0,55,0,0,0,-0.0226649528706084,-0.005074060472518056,-0.1210674501162933
0,56,0,0,0,-0.0226649528706084,-0.005074060472518056,-0.1210674501162933
0,57,0,0,0,-0.02286693597747582,-0.0051597502754315095,-0.12117762272003918
0,58,0,0,0,-0.02252417676582201,-0.005037336271269433,-0.1210674501162933
0,59,0,0,0,-0.02252417676582201,-0.005037336271269433,-0.1210674501162933
0,60,0,0,0,-0.022738401273105644,-0.005220957277512548,-0.12135512302607418
0,61,0,0,0,-0.02269555637164892,-0.0049332843677316685,-0.12152650263190108
0,62,0,0,0,-0.02269555637164892,-0.0049332843677316685,-0.12152650263190108
0,63,0,0,0,-0.022646590769984088,-0.00520871587709634,-0.12134900232586607
0,64,0,0,0,-0.022817970375810993,-0.005184233076263925,-0.12127555392336883
0,65,0,0,0,-0.022817970375810993,-0.005184233076263925,-0.12127555392336883
0,66,0,0,0,-0.022842453176643407,-0.00508018117272616,-0.1212327090219121
0,67,0,0,0,-0.022842453176643407,-0.005392336883339454,-0.12068184600318277
0,68,0,0,0,-0.022842453176643407,-0.005392336883339454,-0.12068184600318277
0,69,0,0,0,-0.02269555637164892,-0.005355612682090831,-0.12130003672420124
0,70,0,0,0,-0.0223527971599951,-0.005398457583547558,-0.12120210552087159
0,71,0,0,0,-0.0223527971599951,-0.005398457583547558,-0.12120210552087159
0,72,0,0,0,-0.022885298078100136,-0.0051597502754315095,-0.12126331252295261
0,73,0,0,0,-0.02275064267352185,-0.005398457583547558,-0.12125107112253641
0,74,0,0,0,-0.02262210796915167,-0.005202595176888236,-0.12126943322316072
0,75,0,0,0,-0.02262210796915167,-0.005202595176888236,-0.12126943322316072
0,76,0,0,0,-0.022762884073938058,-0.005043456971477537,-0.12135512302607418
0,77,0,0,0,-0.022903660178724448,-0.005257681478761171,-0.1212082262210797
0,78,0,0,0,-0.022903660178724448,-0.005257681478761171,-0.1212082262210797
0,79,0,0,0,-0.022450728363324766,-0.005325009181050312,-0.12116538131962296
0,80,0,0,0,-0.022738401273105644,-0.00533725058146652,-0.12117762272003918
0,81,0,0,0,-0.022738401273105644,-0.00533725058146652,-0.12117762272003918
0,82,0,0,0,-0.0226649528706084,-0.005533112988125841,-0.12131227812461745
0,83,0,0,0,-0.022658832170400295,-0.005245440078344963,-0.12150814053127679
0,84,0,0,0,-0.022658832170400295,-0.005245440078344963,-0.12150814053127679
0,85,0,0,0,-0.022805728975394783,-0.005380095482923246,-0.1208960705104664
0,86,0,0,0,-0.022787366874770475,-0.0052331986779287545,-0.12100624311421226
0,87,0,0,0,-0.022787366874770475,-0.0052331986779287545,-0.12100624311421226
0,88,0,0,0,-0.022836332476435302,-0.005502509487085323,-0.12121434692128778
0,89,0,0,0,-0.02286081527726772,-0.005367854082507039,-0.12131839882482556
0,90,0,0,0,-0.02286081527726772,-0.005367854082507039,-0.12131839882482556
0,91,0,0,0,-0.022983229281429797,-0.005227077977720651,-0.12127555392336883
0,92,0,0,0,-0.02295874648059738,-0.005092422573142368,-0.12131839882482556
0,93,0,0,0,-0.02273228057289754,-0.005269922879177378,-0.12126943322316072
0,94,0,0,0,-0.02273228057289754,-0.005269922879177378,-0.12126943322316072
0,95,0,0,0,-0.02268331497123271,-0.0051597502754315095,-0.12155710613294161
0,96,0,0,0,-0.022658832170400295,-0.005361733382298935,-0.12131227812461745
0,97,0,0,0,-0.022658832170400295,-0.005361733382298935,-0.12131227812461745
0,98,0,0,0,-0.022689435671440814,-0.005282164279593585,-0.12129391602399316
0,99,0,0,0,-0.022542538866446322,-0.005361733382298935,-0.12126943322316072
1,0,35,0,0,-0.03598971722365039,0.0034398335169543394,-0.05110172603745868
1,1,35,0,0,-0.03606928632635574,0.0032500918105031217,-0.051169053739747825
1,2,35,0,0,-0.0358550618190721,0.0031766434080058763,-0.0512792263434937
1,3,35,0,0,-0.0358550618190721,0.0031766434080058763,-0.0512792263434937
1,4,35,0,0,-0.035904027420736936,0.0034031093157057164,-0.051065001836210065
1,5,35,0,0,-0.03592851022156935,0.0030236259028032808,-0.0512792263434937
1,6,35,0,0,-0.035952993022401764,0.003580609621740727,-0.050991553433712825
1,7,35,0,0,-0.035952993022401764,0.003580609621740727,-0.050991553433712825
1,8,35,0,0,-0.035751009915534336,0.003458195617578651,-0.051211898641204553
1,9,35,0,0,-0.035879544619904516,0.003262333210919329,-0.05119965724078834
1,10,35,0,0,-0.035879544619904516,0.003262333210919329,-0.05119965724078834
1,11,35,0,0,-0.036136614028644876,0.003366385114457094,-0.05122414004162076
1,12,35,0,0,-0.03598971722365039,0.0031705227077977725,-0.05105888113600195
1,13,35,0,0,-0.03598971722365039,0.0031705227077977725,-0.05105888113600195
1,14,35,0,0,-0.03598359652344228,0.003207246909046395,-0.05110172603745868
1,15,35,0,0,-0.03578773411678296,0.0035194026196596886,-0.051413881748071974
1,16,35,0,0,-0.03578773411678296,0.003335781613416575,-0.05161586485493941
1,17,35,0,0,-0.0358550618190721,0.003335781613416575,-0.05161586485493941
1,18,35,0,0,-0.03575713061574244,0.0032745746113355366,-0.05127310564328559
1,19,35,0,0,-0.03591626882115314,0.0033847472150814054,-0.05124250214224507
1,20,35,0,0,-0.03591626882115314,0.0033847472150814054,-0.05124250214224507
1,21,35,0,0,-0.035848941118864,0.0035132819194515852,-0.051009915534337126
1,22,35,0,0,-0.036032562125107116,0.0035255233198677933,-0.05124862284245317
1,23,35,0,0,-0.036032562125107116,0.0035255233198677933,-0.05124862284245317
1,24,35,0,0,-0.03604480352552332,0.0033112988125841595,-0.051052760435793855
1,25,35,0,0,-0.035763251315950546,0.003427592116538132,-0.05125474354266128
1,26,35,0,0,-0.035763251315950546,0.003427592116538132,-0.05125474354266128
1,27,35,0,0,-0.03604480352552332,0.0030542294038438,-0.051352674745990944
1,28,35,0,0,-0.035910148120945035,0.0031215571061329415,-0.05087526012975885
1,29,35,0,0,-0.035910148120945035,0.0046884563594075165,-0.051095605337250584
1,30,35,0,0,-0.03605704492593953,0.0031582813073815644,-0.051095605337250584
1,31,35,0,0,-0.035904027420736936,0.0034949198188272738,-0.05118741584037214
1,32,35,0,0,-0.035995837923858486,0.003207246909046395,-0.05090586363079937
1,33,35,0,0,-0.035995837923858486,0.003207246909046395,-0.05090586363079937
1,34,35,0,0,-0.03583057901823969,0.0032745746113355366,-0.05108948463704248
1,35,35,0,0,-0.03581833761782348,0.003323540213000367,-0.05110172603745868
1,36,35,0,0,-0.03581833761782348,0.003323540213000367,-0.05110172603745868
1,37,35,0,0,-0.035769372016158645,0.0033969886154976126,-0.05105888113600195
1,38,35,0,0,-0.035879544619904516,0.003225609009670706,-0.05138939894723956
1,39,35,0,0,-0.035879544619904516,0.003225609009670706,-0.05138939894723956
1,40,35,0,0,-0.035897906720528824,0.0034153507161219245,-0.05136491614640715
1,41,35,0,0,-0.03606928632635574,0.0033174195127922633,-0.051297588444118004
1,42,35,0,0,-0.03606928632635574,0.0033174195127922633,-0.051352674745990944
1,43,35,0,0,-0.035952993022401764,0.003201126208838291,-0.051352674745990944
1,44,35,0,0,-0.0358428204186559,0.003262333210919329,-0.051236381442036974
1,45,35,0,0,-0.03593463092177745,0.0034398335169543394,-0.05110172603745868
1,46,35,0,0,-0.03593463092177745,0.0034398335169543394,-0.05110172603745868
1,47,35,0,0,-0.036038682825315214,0.0035132819194515852,-0.05148733015056922
1,48,35,0,0,-0.03609988982739625,0.003574488921532623,-0.051169053739747825
1,49,35,0,0,-0.03609988982739625,0.003574488921532623,-0.051169053739747825
1,50,35,0,0,-0.03571428571428571,0.0030848329048843185,-0.05121801934141266
1,51,35,0,0,-0.03592851022156935,0.0034153507161219245,-0.05133431264536663
1,52,35,0,0,-0.03592851022156935,0.0034153507161219245,-0.05133431264536663
1,53,35,0,0,-0.036136614028644876,0.003776472028400049,-0.05122414004162076
1,54,35,0,0,-0.03593463092177745,0.0036479373240298693,-0.051095605337250584
1,55,35,0,0,-0.03581833761782348,0.003335781613416575,-0.05097931203329661
1,56,35,0,0,-0.03581833761782348,0.003335781613416575,-0.05097931203329661
1,57,35,0,0,-0.03594687232219366,0.003592851022156935,-0.051413881748071974
1,58,35,0,0,-0.035904027420736936,0.0032745746113355366,-0.05149957155098543
1,59,35,0,0,-0.035904027420736936,0.0032745746113355366,-0.05149957155098543
1,60,35,0,0,-0.035665320112620885,0.003445954217162443,-0.05127310564328559
1,61,35,0,0,-0.03583669971844779,0.003556126820908312,-0.05108336393683437
1,62,35,0,0,-0.03583669971844779,0.003556126820908312,-0.051450605949320605
1,63,35,0,0,-0.03587342391969641,0.003556126820908312,-0.051450605949320605
1,64,35,0,0,-0.03586118251928021,0.003305178112376056,-0.051052760435793855
1,65,35,0,0,-0.035781613416574855,0.0037458685273595296,-0.051438364548904394
1,66,35,0,0,-0.035781613416574855,0.0037458685273595296,-0.051438364548904394
1,67,35,0,0,-0.03597135512302607,0.003592851022156935,-0.05117517443995593
1,68,35,0,0,-0.035793854816991065,0.0035071612192434814,-0.05133431264536663
1,69,35,0,0,-0.035793854816991065,0.0035071612192434814,-0.05133431264536663
1,70,35,0,0,-0.03600195862406659,0.003225609009670706,-0.051162933039539726
1,71,35,0,0,-0.035891786020320726,0.0032317297098788103,-0.051371036846615245
1,72,35,0,0,-0.035891786020320726,0.0032317297098788103,-0.051371036846615245
1,73,35,0,0,-0.03594075162198555,0.003574488921532623,-0.051371036846615245
1,74,35,0,0,-0.03604480352552332,0.0035132819194515852,-0.05149957155098543
1,75,35,0,0,-0.03597135512302607,0.003139919206757253,-0.05104663973558575
1,76,35,0,0,-0.03597135512302607,0.003139919206757253,-0.05104663973558575
1,77,35,0,0,-0.035995837923858486,0.0035438854204921043,-0.0511139674378749
1,78,35,0,0,-0.035848941118864,0.0033174195127922633,-0.05124862284245317
1,79,35,0,0,-0.035848941118864,0.0033174195127922633,-0.05124862284245317
1,80,35,0,0,-0.03604480352552332,0.003433712816746236,-0.051156812339331614
1,81,35,0,0,-0.03597747582323418,0.0033725058146651977,-0.05127310564328559
1,82,35,0,0,-0.03597747582323418,0.0033725058146651977,-0.05127310564328559
1,83,35,0,0,-0.03600195862406659,0.0034949198188272738,-0.05117517443995593
1,84,35,0,0,-0.035904027420736936,0.0035132819194515852,-0.0511323295384992
1,85,35,0,0,-0.035904027420736936,0.0035132819194515852,-0.0511323295384992
1,86,35,0,0,-0.03583057901823969,0.00336026441424899,-0.05123026074182887
1,87,35,0,0,-0.03583669971844779,0.003452074917370547,-0.05127310564328559
1,88,35,0,0,-0.035995837923858486,0.003550006120700208,-0.051169053739747825
1,89,35,0,0,-0.035995837923858486,0.003550006120700208,-0.051169053739747825
1,90,35,0,0,-0.035781613416574855,0.003445954217162443,-0.05125474354266128
1,91,35,0,0,-0.035910148120945035,0.0037091443261109075,-0.05107724323662627
1,92,35,0,0,-0.035910148120945035,0.0037091443261109075,-0.05107724323662627
1,93,35,0,0,-0.03593463092177745,0.0036234545231974536,-0.051303709144326116
1,94,35,0,0,-0.0360142000244828,0.003592851022156935,-0.051120088138083
1,95,35,0,0,-0.0360142000244828,0.003592851022156935,-0.051120088138083
1,96,35,0,0,-0.035904027420736936,0.0034092300159138207,-0.05132819194515853
1,97,35,0,0,-0.03598971722365039,0.003739747827151426,-0.05131595054474232
1,98,35,0,0,-0.03598971722365039,0.003739747827151426,-0.05131595054474232
1,99,35,0,0,-0.035952993022401764,0.0034643163177867546,-0.0511139674378749
2,0,0,35,0,0.021710123638144205,0.025070388052393193,-0.11472028400048966
2,1,0,35,0,0.021746847839392826,0.025376423062798387,-0.11483045660423552
2,2,0,35,0,0.021471416330028158,0.02498469824947974,-0.11472640470069777
2,3,0,35,0,0.021471416330028158,0.02498469824947974,-0.11472640470069777
2,4,0,35,0,0.021759089239809036,0.025064267352185088,-0.11468355979924102
2,5,0,35,0,0.021563226833149714,0.02527237115926062,-0.11442649039050068
2,6,0,35,0,0.021563226833149714,0.02527237115926062,-0.11442649039050068
2,7,0,35,0,0.02149589913086057,0.024941853348023013,-0.11484881870485983
2,8,0,35,0,0.02160607173460644,0.025082629452809403,-0.11458562859591137
2,9,0,35,0,0.02160607173460644,0.025082629452809403,-0.11458562859591137
2,10,0,35,0,0.021508140531276778,0.025333578161341658,-0.11457950789570326
2,11,0,35,0,0.02168564083731179,0.02514383645489044,-0.11457950789570326
2,12,0,35,0,0.02168564083731179,0.02514383645489044,-0.11457950789570326
2,13,0,35,0,0.021599951034398334,0.02518056065613906,-0.11438364548904394
2,14,0,35,0,0.021740727139184724,0.024947974048231118,-0.11472640470069777
2,15,0,35,0,0.021587709633982127,0.025302974660301136,-0.11473252540090587
2,16,0,35,0,0.021587709633982127,0.025302974660301136,-0.11473252540090587
2,17,0,35,0,0.02164279593585506,0.024935732647814908,-0.11445097319133309
2,18,0,35,0,0.02162443383523075,0.025070388052393193,-0.11469580119965724
2,19,0,35,0,0.02162443383523075,0.025070388052393193,-0.11469580119965724
2,20,0,35,0,0.021520381931692985,0.025082629452809403,-0.11467131839882483
2,21,0,35,0,0.02165503733627127,0.02500306035010405,-0.11488554290610846
2,22,0,35,0,0.02165503733627127,0.02500306035010405,-0.11488554290610846
2,23,0,35,0,0.021581588933774022,0.025149957155098546,-0.11462235279716
2,24,0,35,0,0.02178357204064145,0.025235646958011997,-0.11489166360631656
2,25,0,35,0,0.02178357204064145,0.025235646958011997,-0.11489166360631656
2,26,0,35,0,0.021716244338352307,0.024960215448647325,-0.11485493940506794
2,27,0,35,0,0.02160607173460644,0.025039784551352674,-0.11517321581588932
2,28,0,35,0,0.02160607173460644,0.025039784551352674,-0.11517321581588932
2,29,0,35,0,0.021502019831068676,0.02509487085322561,-0.1147876117027788
2,30,0,35,0,0.021483657730444364,0.025376423062798387,-0.11470192189986535
2,31,0,35,0,0.021679520137103683,0.02513159505447423,-0.11478149100257069
2,32,0,35,0,0.021679520137103683,0.02513159505447423,-0.11478149100257069
2,33,0,35,0,0.021716244338352307,0.025027543150936464,-0.11459786999632757
2,34,0,35,0,0.02149589913086057,0.025064267352185088,-0.1149467499081895
2,35,0,35,0,0.02149589913086057,0.025064267352185088,-0.1149467499081895
2,36,0,35,0,0.021440812828987636,0.025033663851144573,-0.11453054229403843
2,37,0,35,0,0.021630554535438853,0.02510099155343371,-0.11473252540090587
2,38,0,35,0,0.021630554535438853,0.02510099155343371,-0.11473252540090587
2,39,0,35,0,0.021630554535438853,0.025015301750520257,-0.11470192189986535
2,40,0,35,0,0.021722365038560412,0.02505202595176888,-0.11475088750153017
2,41,0,35,0,0.021722365038560412,0.02505202595176888,-0.11475088750153017
2,42,0,35,0,0.021587709633982127,0.025284612559676827,-0.11462235279716
2,43,0,35,0,0.021722365038560412,0.025278491859468722,-0.11473864610111398
2,44,0,35,0,0.021722365038560412,0.025278491859468722,-0.11473864610111398
2,45,0,35,0,0.021471416330028158,0.025443750765087526,-0.11461623209695189
2,46,0,35,0,0.021630554535438853,0.02511323295384992,-0.1149467499081895
2,47,0,35,0,0.021673399436895578,0.025333578161341658,-0.11462847349736809
2,48,0,35,0,0.021673399436895578,0.025333578161341658,-0.11462847349736809
2,49,0,35,0,0.021728485738768517,0.025009181050312156,-0.11500795691027052
2,50,0,35,0,0.02165503733627127,0.025149957155098546,-0.11489166360631656
2,51,0,35,0,0.02165503733627127,0.025149957155098546,-0.11489166360631656
2,52,0,35,0,0.02157546823356592,0.02504590525156078,-0.11515485371526502
2,53,0,35,0,0.021550985432733503,0.025156077855306647,-0.11468968049944914
2,54,0,35,0,0.021550985432733503,0.025156077855306647,-0.11468968049944914
2,55,0,35,0,0.021599951034398334,0.02487452564573387,-0.11467131839882483
2,56,0,35,0,0.021465295629820053,0.02522340555759579,-0.11467131839882483
2,57,0,35,0,0.021465295629820053,0.025315216060717342,-0.11472028400048966
2,58,0,35,0,0.021465295629820053,0.025315216060717342,-0.11472028400048966
2,59,0,35,0,0.021550985432733503,0.025156077855306647,-0.11479373240298689
2,60,0,35,0,0.021673399436895578,0.02522340555759579,-0.1147876117027788
2,61,0,35,0,0.021673399436895578,0.02522340555759579,-0.1147876117027788
2,62,0,35,0,0.02162443383523075,0.025168319255722854,-0.11484881870485983
2,63,0,35,0,0.021673399436895578,0.02505202595176888,-0.11503243971110295
2,64,0,35,0,0.021673399436895578,0.02505202595176888,-0.11503243971110295
2,65,0,35,0,0.021391847227322805,0.025070388052393193,-0.11465295629820052
2,66,0,35,0,0.021581588933774022,0.02495409474843922,-0.11476312890194637
2,67,0,35,0,0.021581588933774022,0.02495409474843922,-0.11476312890194637
2,68,0,35,0,0.02155710613294161,0.025211164157179583,-0.11464071489778431
2,69,0,35,0,0.021691761537519894,0.02505202595176888,-0.11464683559799241
2,70,0,35,0,0.021667278736687477,0.025064267352185088,-0.11493450850777329
2,71,0,35,0,0.021667278736687477,0.025064267352185088,-0.11493450850777329
2,72,0,35,0,0.02149589913086057,0.02513771575468234,-0.11484881870485983
2,73,0,35,0,0.021673399436895578,0.02504590525156078,-0.11461011139674379
2,74,0,35,0,0.021673399436895578,0.02504590525156078,-0.11461011139674379
2,75,0,35,0,0.021673399436895578,0.02522952625780389,-0.11483657730444363
2,76,0,35,0,0.02178357204064145,0.025058146651976986,-0.11488554290610846
2,77,0,35,0,0.02178357204064145,0.025058146651976986,-0.11488554290610846
2,78,0,35,0,0.021838658342514382,0.025254009058636305,-0.1146345941975762
2,79,0,35,0,0.021777451340433344,0.02522952625780389,-0.1149467499081895
2,80,0,35,0,0.021777451340433344,0.02522952625780389,-0.1149467499081895
2,81,0,35,0,0.021697882237728,0.025058146651976986,-0.11480597380340311
2,82,0,35,0,0.021673399436895578,0.02535806096217407,-0.11454278369445466
2,83,0,35,0,0.021673399436895578,0.025162198555514752,-0.11479373240298689
2,84,0,35,0,0.02141633002815522,0.025162198555514752,-0.11479373240298689
2,85,0,35,0,0.021465295629820053,0.02513159505447423,-0.11489778430652467
2,86,0,35,0,0.021887623944179212,0.025009181050312156,-0.11456726649528706
2,87,0,35,0,0.021887623944179212,0.025009181050312156,-0.11456726649528706
2,88,0,35,0,0.021697882237728,0.025211164157179583,-0.11473864610111398
2,89,0,35,0,0.02141633002815522,0.025217284857387685,-0.11486106010527604
2,90,0,35,0,0.02141633002815522,0.025217284857387685,-0.11486106010527604
2,91,0,35,0,0.021520381931692985,0.02527237115926062,-0.11502019831068674
2,92,0,35,0,0.02149589913086057,0.025125474354266132,-0.11476924960215448
2,93,0,35,0,0.02149589913086057,0.025125474354266132,-0.11476924960215448
2,94,0,35,0,0.02147753703023626,0.025296853960093034,-0.11481821520381932
2,95,0,35,0,0.02155710613294161,0.025345819561757865,-0.1152527849185947
2,96,0,35,0,0.02155710613294161,0.025345819561757865,-0.1152527849185947
2,97,0,35,0,0.02178357204064145,0.02522952625780389,-0.11489166360631656
2,98,0,35,0,0.021826416942098175,0.02513771575468234,-0.1147753703023626
2,99,0,35,0,0.02147753703023626,0.025082629452809403,-0.11470804260007346
3,0,35,35,0,0.04259395274819439,0.018557963030970744,-0.06736442649039051
3,1,35,35,0,0.04265515975027544,0.01843554902680867,-0.06740727139184723
3,2,35,35,0,0.04265515975027544,0.01843554902680867,-0.06740727139184723
3,3,35,35,0,0.04277757375443751,0.018270290121189865,-0.06733994368955809
3,4,35,35,0,0.042820418655894234,0.018429428326600564,-0.06744399559309586
3,5,35,35,0,0.042820418655894234,0.018429428326600564,-0.06744399559309586
3,6,35,35,0,0.042704125351940264,0.018245807320357448,-0.06724813318643653
3,7,35,35,0,0.042434814542783694,0.018625290733259886,-0.06730321948830946
3,8,35,35,0,0.042434814542783694,0.018625290733259886,-0.06730321948830946
3,9,35,35,0,0.04267964255110785,0.018460031827641082,-0.06722365038560411
3,10,35,35,0,0.042575590647570084,0.01836210062431142,-0.06727873668747705
3,11,35,35,0,0.04272248745256457,0.018460031827641082,-0.06691761537519893
3,12,35,35,0,0.04272248745256457,0.018460031827641082,-0.06691761537519893
3,13,35,35,0,0.04274084955318889,0.018270290121189865,-0.0668747704737422
3,14,35,35,0,0.042661280450483535,0.018282531521606072,-0.06734606438976619
3,15,35,35,0,0.042661280450483535,0.018282531521606072,-0.06734606438976619
3,16,35,35,0,0.0427714530542294,0.018380462724935733,-0.06710735708165014
3,17,35,35,0,0.042759211653813196,0.01837434202472763,-0.0673827885910148
3,18,35,35,0,0.042759211653813196,0.01837434202472763,-0.0673827885910148
3,19,35,35,0,0.042673521850899745,0.018276410821397967,-0.06725425388664463
3,20,35,35,0,0.042808177255478023,0.01826416942098176,-0.06723589178602032
3,21,35,35,0,0.042808177255478023,0.01826416942098176,-0.06723589178602032
3,22,35,35,0,0.042759211653813196,0.01826416942098176,-0.06710735708165014
3,23,35,35,0,0.04282653935610234,0.018447790427224876,-0.06702778797894479
3,24,35,35,0,0.04282653935610234,0.01817847961806831,-0.06694209817603133
3,25,35,35,0,0.04262455624923491,0.01817847961806831,-0.06694209817603133
3,26,35,35,0,0.042691883951524054,0.018337617823479004,-0.06700942587832048
3,27,35,35,0,0.04251438364548905,0.018325376423062797,-0.06715632268331498
3,28,35,35,0,0.04251438364548905,0.018325376423062797,-0.06715632268331498
3,29,35,35,0,0.04286938425755906,0.018282531521606072,-0.06722365038560411
3,30,35,35,0,0.04250214224507284,0.01829477292202228,-0.0670522707797772
3,31,35,35,0,0.04250214224507284,0.01829477292202228,-0.0670522707797772
3,32,35,35,0,0.04259395274819439,0.018202962418900723,-0.06724201248622842
3,33,35,35,0,0.04263067694944302,0.01818460031827641,-0.06715632268331498
3,34,35,35,0,0.04263067694944302,0.01818460031827641,-0.06715632268331498
3,35,35,35,0,0.04295507406047252,0.01837434202472763,-0.0668686497735341
3,36,35,35,0,0.04277757375443751,0.01839270412535194,-0.06661770106500184
3,37,35,35,0,0.04277757375443751,0.01839270412535194,-0.06661770106500184
3,38,35,35,0,0.042532745746113355,0.01840494552576815,-0.06716244338352308
3,39,35,35,0,0.04268576325131595,0.018325376423062797,-0.0671930468845636
3,40,35,35,0,0.042759211653813196,0.01803770351328192,-0.06715632268331498
3,41,35,35,0,0.042759211653813196,0.01803770351328192,-0.06715632268331498
3,42,35,35,0,0.04254498714652956,0.01823356591994124,-0.06712571918227446
3,43,35,35,0,0.042649039050067325,0.018478393928265394,-0.0670339086791529
3,44,35,35,0,0.042649039050067325,0.018478393928265394,-0.0670339086791529
3,45,35,35,0,0.04283878075651855,0.01834985922389521,-0.06714408128289875
3,46,35,35,0,0.04269800465173216,0.0181662382176521,-0.06726037458685273
3,47,35,35,0,0.04269800465173216,0.0181662382176521,-0.06726037458685273
3,48,35,35,0,0.042887746358183376,0.017976496511200882,-0.06726649528706083
3,49,35,35,0,0.04272248745256457,0.018245807320357448,-0.06727261598726894
3,50,35,35,0,0.04272248745256457,0.018245807320357448,-0.06727261598726894
3,51,35,35,0,0.042606194148610596,0.0184906353286816,-0.0668686497735341
3,52,35,35,0,0.04264291834985922,0.018582445831803157,-0.06709511568123393
3,53,35,35,0,0.04268576325131595,0.01810503121557106,-0.0671930468845636
3,54,35,35,0,0.04268576325131595,0.01810503121557106,-0.0671930468845636
3,55,35,35,0,0.04273472885298078,0.018227445219733136,-0.06728485738768515
3,56,35,35,0,0.042661280450483535,0.01838658342514384,-0.06712571918227446
3,57,35,35,0,0.042661280450483535,0.01838658342514384,-0.06712571918227446
3,58,35,35,0,0.042520504345697145,0.01840494552576815,-0.06709511568123393
3,59,35,35,0,0.04264291834985922,0.018276410821397967,-0.06730321948830946
3,60,35,35,0,0.04268576325131595,0.01821520381931693,-0.067040029379361
3,61,35,35,0,0.04268576325131595,0.01821520381931693,-0.067040029379361
3,62,35,35,0,0.04258783204798629,0.018355979924103316,-0.06737054719059861
3,63,35,35,0,0.042220590035500064,0.018239686620149347,-0.06698494307748806
3,64,35,35,0,0.042220590035500064,0.018239686620149347,-0.06698494307748806
3,65,35,35,0,0.04236136614028645,0.0181662382176521,-0.06746847839392826
3,66,35,35,0,0.04272248745256457,0.018160117517443997,-0.06722365038560411
3,67,35,35,0,0.04272248745256457,0.018160117517443997,-0.06722365038560411
3,68,35,35,0,0.042606194148610596,0.018098910515362956,-0.06729709878810136
3,69,35,35,0,0.04268576325131595,0.01834985922389521,-0.06726649528706083
3,70,35,35,0,0.04268576325131595,0.01834985922389521,-0.06726649528706083
3,71,35,35,0,0.04256946994736198,0.01821520381931693,-0.06708287428081773
3,72,35,35,0,0.04238584894111887,0.01826416942098176,-0.06701554657852858
3,73,35,35,0,0.042704125351940264,0.018160117517443997,-0.0670461500795691
3,74,35,35,0,0.042704125351940264,0.018160117517443997,-0.0670461500795691
3,75,35,35,0,0.042673521850899745,0.01826416942098176,-0.06700330517811237
3,76,35,35,0,0.042661280450483535,0.018068307014322438,-0.06736442649039051
3,77,35,35,0,0.042661280450483535,0.018068307014322438,-0.06736442649039051
3,78,35,35,0,0.042789815154853715,0.018239686620149347,-0.06741951279226344
3,79,35,35,0,0.0426000734484025,0.01811727261598727,-0.06705839147998531
3,80,35,35,0,0.0426000734484025,0.01811727261598727,-0.06705839147998531
3,81,35,35,0,0.042691883951524054,0.018190721018484516,-0.0671930468845636
3,82,35,35,0,0.0426000734484025,0.018325376423062797,-0.06717468478393929
3,83,35,35,0,0.0426000734484025,0.018325376423062797,-0.06717468478393929
3,84,35,35,0,0.04269800465173216,0.018227445219733136,-0.06729097808789325
3,85,35,35,0,0.0427653323540213,0.018245807320357448,-0.0668931325743665
3,86,35,35,0,0.042618435549026806,0.018270290121189865,-0.06724201248622842
3,87,35,35,0,0.042618435549026806,0.018270290121189865,-0.06724201248622842
3,88,35,35,0,0.04255110784673767,0.018557963030970744,-0.0672114089851879
3,89,35,35,0,0.04268576325131595,0.018625290733259886,-0.06707063288040152
3,90,35,35,0,0.04268576325131595,0.018625290733259886,-0.06707063288040152
3,91,35,35,0,0.042716366752356474,0.018478393928265394,-0.06722365038560411
3,92,35,35,0,0.042704125351940264,0.018258048720773655,-0.06706451218019341
3,93,35,35,0,0.042704125351940264,0.018258048720773655,-0.06706451218019341
3,94,35,35,0,0.04265515975027544,0.0184906353286816,-0.06726649528706083
3,95,35,35,0,0.04272248745256457,0.018325376423062797,-0.06725425388664463
3,96,35,35,0,0.04272248745256457,0.018588566532011262,-0.067040029379361
3,97,35,35,0,0.042942832660056315,0.018588566532011262,-0.067040029379361
3,98,35,35,0,0.042649039050067325,0.018276410821397967,-0.06728485738768515
3,99,35,35,0,0.04266740115069164,0.018098910515362956,-0.06708899498102583
