values,,position,position,position,Magnetometer,Magnetometer,Magnetometer
axis,,x,y,z,x,y,z
Sensor,Sample,,,,,,
0,0,0,0,0,0.011249846982494798,0.025315216060717342,-0.11573632023503488
0,1,0,0,0,0.011500795691027053,0.025327457461133553,-0.11548537152650262
0,2,0,0,0,0.011500795691027053,0.025327457461133553,-0.11548537152650262
0,3,0,0,0,0.011586485493940507,0.025602888970498228,-0.11571183743420248
0,4,0,0,0,0.011396743787489288,0.02529073325988493,-0.11595054474231851
0,5,0,0,0,0.011396743787489288,0.02529073325988493,-0.11595054474231851
0,6,0,0,0,0.011470192189986534,0.025455992165503732,-0.11533847472150813
0,7,0,0,0,0.011562002693108092,0.02543150936467132,-0.11565675113232954
0,8,0,0,0,0.011562002693108092,0.02543150936467132,-0.11565675113232954
0,9,0,0,0,0.011353898886032563,0.025511078467376668,-0.11595666544252663
0,10,0,0,0,0.011580364793732404,0.02546823356591994,-0.11585261353898886
0,11,0,0,0,0.011580364793732404,0.02546823356591994,-0.11585261353898886
0,12,0,0,0,0.011353898886032563,0.025590647570082014,-0.11533847472150813
0,13,0,0,0,0.011353898886032563,0.025480474966336146,-0.11553433712816745
0,14,0,0,0,0.011353898886032563,0.025480474966336146,-0.11553433712816745
0,15,0,0,0,0.011451830089362224,0.025492716366752356,-0.11544252662504591
0,16,0,0,0,0.011635451095605338,0.025217284857387685,-0.11573632023503488
0,17,0,0,0,0.011635451095605338,0.025217284857387685,-0.11573632023503488
0,18,0,0,0,0.01143346798873791,0.025547802668625292,-0.11555881992899988
0,19,0,0,0,0.011604847594564819,0.025407026563838902,-0.11583425143836454
0,20,0,0,0,0.011555881992899988,0.025523319867792875,-0.11565063043212143
0,21,0,0,0,0.011555881992899988,0.025523319867792875,-0.11565063043212143
0,22,0,0,0,0.011506916391235158,0.025443750765087526,-0.11587097563961317
0,23,0,0,0,0.011133553678540825,0.02541926796425511,-0.11554657852858367
0,24,0,0,0,0.011133553678540825,0.02541926796425511,-0.11554657852858367
0,25,0,0,0,0.011384502387073081,0.02578650997674134,-0.11587709633982128
0,26,0,0,0,0.01147631289019464,0.025254009058636305,-0.11565675113232954
0,27,0,0,0,0.01147631289019464,0.025254009058636305,-0.11565675113232954
0,28,0,0,0,0.011610968294772922,0.0254009058636308,-0.11549761292691885
0,29,0,0,0,0.011274329783327212,0.02573754437507651,-0.11579752723711592
0,30,0,0,0,0.011274329783327212,0.02573754437507651,-0.11579752723711592
0,31,0,0,0,0.011629330395397233,0.025706940874035987,-0.11573632023503488
0,32,0,0,0,0.011439588688946015,0.025541681968417183,-0.11588933774023749
0,33,0,0,0,0.011439588688946015,0.025541681968417183,-0.11588933774023749
0,34,0,0,0,0.011555881992899988,0.025504957767168563,-0.11564450973191334
0,35,0,0,0,0.01133553678540825,0.02535806096217407,-0.1152650263190109
0,36,0,0,0,0.01133553678540825,0.02535806096217407,-0.1152650263190109
0,37,0,0,0,0.011329416085200147,0.025266250459052515,-0.11575468233565919
0,38,0,0,0,0.01149467499081895,0.02574366507528461,-0.11558942343004039
0,39,0,0,0,0.01149467499081895,0.02574366507528461,-0.11558942343004039
0,40,0,0,0,0.011323295384992044,0.025351940261965966,-0.11564450973191334
0,41,0,0,0,0.01144570938915412,0.025278491859468722,-0.11596890684294284
0,42,0,0,0,0.01144570938915412,0.02533969886154976,-0.11540580242379728
0,43,0,0,0,0.011470192189986534,0.02533969886154976,-0.11540580242379728
0,44,0,0,0,0.011274329783327212,0.025523319867792875,-0.11578528583669971
0,45,0,0,0,0.01143346798873791,0.025553923368833394,-0.115564940629208
0,46,0,0,0,0.01143346798873791,0.025553923368833394,-0.115564940629208
0,47,0,0,0,0.011500795691027053,0.025621251071122536,-0.11569347533357817
0,48,0,0,0,0.011439588688946015,0.025376423062798387,-0.11579752723711592
0,49,0,0,0,0.011439588688946015,0.025376423062798387,-0.11579752723711592
0,50,0,0,0,0.011488554290610846,0.025602888970498228,-0.11588321704002938
0,51,0,0,0,0.011488554290610846,0.025462112865711838,-0.11550985432733504
0,52,0,0,0,0.011488554290610846,0.025462112865711838,-0.11550985432733504
0,53,0,0,0,0.01136614028644877,0.025596768270290123,-0.11562002693108091
0,54,0,0,0,0.011586485493940507,0.02529073325988493,-0.11557106132941608
0,55,0,0,0,0.011568123393316195,0.025578406169665807,-0.11550373362712693
0,56,0,0,0,0.011568123393316195,0.025578406169665807,-0.11550373362712693
0,57,0,0,0,0.011421226588321703,0.02541926796425511,-0.11562614763128902
0,58,0,0,0,0.01143346798873791,0.02537030236259028,-0.11560778553066471
0,59,0,0,0,0.01143346798873791,0.02537030236259028,-0.11560778553066471
0,60,0,0,0,0.011280450483535317,0.025437630064879424,-0.1156016648304566
0,61,0,0,0,0.011586485493940507,0.025578406169665807,-0.11563226833149712
0,62,0,0,0,0.011586485493940507,0.025578406169665807,-0.11563226833149712
0,63,0,0,0,0.011519157791651365,0.02529073325988493,-0.11584649283878075
0,64,0,0,0,0.011341657485616354,0.025504957767168563,-0.11568735463337006
0,65,0,0,0,0.011341657485616354,0.025504957767168563,-0.11568735463337006
0,66,0,0,0,0.011488554290610846,0.02513771575468234,-0.11552821642795937
0,67,0,0,0,0.011262088382911005,0.02544987146529563,-0.1157301995348268
0,68,0,0,0,0.011500795691027053,0.02541314726404701,-0.11568735463337006
0,69,0,0,0,0.011500795691027053,0.02541314726404701,-0.11568735463337006
0,70,0,0,0,0.011427347288529807,0.025504957767168563,-0.11566287183253765
0,71,0,0,0,0.01149467499081895,0.025407026563838902,-0.11558942343004039
0,72,0,0,0,0.01149467499081895,0.025407026563838902,-0.11558942343004039
0,73,0,0,0,0.011329416085200147,0.025235646958011997,-0.11561390623087282
0,74,0,0,0,0.011470192189986534,0.025345819561757865,-0.11565063043212143
0,75,0,0,0,0.011470192189986534,0.025345819561757865,-0.11565063043212143
0,76,0,0,0,0.011513037091443261,0.02538254376300649,-0.11566899253274573
0,77,0,0,0,0.011690537397478272,0.02532133676092545,-0.11585873423919697
0,78,0,0,0,0.011690537397478272,0.02532133676092545,-0.11585873423919697
0,79,0,0,0,0.01134777818582446,0.025602888970498228,-0.11562614763128902
0,80,0,0,0,0.011751744399559309,0.025480474966336146,-0.11565063043212143
0,81,0,0,0,0.011751744399559309,0.025480474966336146,-0.11565063043212143
0,82,0,0,0,0.011408985187905497,0.025278491859468722,-0.11585261353898886
0,83,0,0,0,0.011372260986656873,0.02532133676092545,-0.11579140653690782
0,84,0,0,0,0.011372260986656873,0.02532133676092545,-0.11579140653690782
0,85,0,0,0,0.011372260986656873,0.0255600440690415,-0.11577916513649163
0,86,0,0,0,0.01162320969518913,0.025529440568000977,-0.11573632023503488
0,87,0,0,0,0.01162320969518913,0.025529440568000977,-0.11573632023503488
0,88,0,0,0,0.011298812584159627,0.02549883706696046,-0.11565063043212143
0,89,0,0,0,0.011629330395397233,0.02544987146529563,-0.11577916513649163
0,90,0,0,0,0.01143346798873791,0.02537030236259028,-0.11562002693108091
0,91,0,0,0,0.01143346798873791,0.02537030236259028,-0.11562002693108091
0,92,0,0,0,0.011427347288529807,0.025425388664463217,-0.11578528583669971
0,93,0,0,0,0.01134777818582446,0.025572285469457706,-0.11570571673399437
0,94,0,0,0,0.01134777818582446,0.025572285469457706,-0.11570571673399437
0,95,0,0,0,0.011482433590402743,0.025547802668625292,-0.11597502754315095
0,96,0,0,0,0.011782347900599828,0.0255661647692496,-0.11563226833149712
0,97,0,0,0,0.011782347900599828,0.0255661647692496,-0.11563226833149712
0,98,0,0,0,0.011372260986656873,0.02551719916758477,-0.11557718202962419
0,99,0,0,0,0.01136614028644877,0.02568857877341168,-0.1159076998408618
1,0,35,0,0,-0.03528583669971845,0.031393071367364425,-0.07120210552087158
1,1,35,0,0,-0.03550006120700208,0.0315032439711103,-0.07109193291712572
1,2,35,0,0,-0.03550006120700208,0.0315032439711103,-0.07109193291712572
1,3,35,0,0,-0.03524299179826172,0.031546088872567025,-0.07105520871587709
1,4,35,0,0,-0.03537764720284001,0.03164402007589669,-0.07125107112253641
1,5,35,0,0,-0.03537764720284001,0.03164402007589669,-0.07125107112253641
1,6,35,0,0,-0.03534704370179949,0.031778675480474965,-0.07123882972212021
1,7,35,0,0,-0.035408250703880526,0.031546088872567025,-0.07114701921899866
1,8,35,0,0,-0.03518790549638879,0.031307381564450974,-0.07101848451462847
1,9,35,0,0,-0.03518790549638879,0.031307381564450974,-0.07101848451462847
1,10,35,0,0,-0.0353654058024238,0.03149712327090219,-0.07104296731546089
1,11,35,0,0,-0.03510833639368344,0.031533847472150815,-0.07096339821275553
1,12,35,0,0,-0.03510833639368344,0.031533847472150815,-0.07096339821275553
1,13,35,0,0,-0.03529195739992655,0.031393071367364425,-0.07081038070755294
1,14,35,0,0,-0.035536785408250705,0.0315154853715265,-0.07115313991920676
1,15,35,0,0,-0.035536785408250705,0.0315154853715265,-0.07115313991920676
1,16,35,0,0,-0.03527971599951034,0.031393071367364425,-0.07114701921899866
1,17,35,0,0,-0.03524911249846983,0.03159505447423185,-0.07126943322316073
1,18,35,0,0,-0.03524911249846983,0.03159505447423185,-0.07126943322316073
1,19,35,0,0,-0.03511445709389154,0.031619537275064266,-0.07129391602399314
1,20,35,0,0,-0.03529195739992655,0.03149712327090219,-0.07102460521483658
1,21,35,0,0,-0.03527971599951034,0.031662382176520995,-0.07124495042232831
1,22,35,0,0,-0.03527971599951034,0.031662382176520995,-0.07124495042232831
1,23,35,0,0,-0.03543273350471294,0.031509364671318395,-0.07114089851879055
1,24,35,0,0,-0.03523075039784551,0.03137470926674012,-0.07118374342024728
1,25,35,0,0,-0.03523075039784551,0.03137470926674012,-0.07118374342024728
1,26,35,0,0,-0.03545721630554535,0.03155833027298323,-0.07082874280817726
1,27,35,0,0,-0.035267474599094135,0.031405312767780635,-0.0710613294160852
1,28,35,0,0,-0.035267474599094135,0.031405312767780635,-0.0710613294160852
1,29,35,0,0,-0.0352062675970131,0.031735830579018236,-0.0710613294160852
1,30,35,0,0,-0.03543273350471294,0.03138082996694822,-0.0709144326110907
1,31,35,0,0,-0.03543273350471294,0.03138082996694822,-0.0709144326110907
1,32,35,0,0,-0.03513281919451585,0.03160729587464806,-0.07087158770963399
1,33,35,0,0,-0.035151181295140166,0.0315032439711103,-0.07098788101358795
1,34,35,0,0,-0.035622475211164156,0.03147264047006977,-0.07086546700942588
1,35,35,0,0,-0.035622475211164156,0.03147264047006977,-0.07086546700942588
1,36,35,0,0,-0.0352185089974293,0.031552209572775124,-0.07099400171379606
1,37,35,0,0,-0.0352062675970131,0.03144815766923736,-0.07104908801566899
1,38,35,0,0,-0.0352062675970131,0.03144815766923736,-0.07104908801566899
1,39,35,0,0,-0.03534704370179949,0.03159505447423185,-0.07129391602399314
1,40,35,0,0,-0.03534704370179949,0.03158893377402375,-0.071226588321704
1,41,35,0,0,-0.03534704370179949,0.03158893377402375,-0.071226588321704
1,42,35,0,0,-0.0353654058024238,0.03138082996694822,-0.07114089851879055
1,43,35,0,0,-0.03520014689680499,0.03158893377402375,-0.0710613294160852
1,44,35,0,0,-0.03520014689680499,0.03158893377402375,-0.0710613294160852
1,45,35,0,0,-0.03534704370179949,0.03155833027298323,-0.07096951891296364
1,46,35,0,0,-0.03519402619659689,0.03144815766923736,-0.07123270902191212
1,47,35,0,0,-0.03508997429305913,0.03148488187048598,-0.07123270902191212
1,48,35,0,0,-0.03508997429305913,0.03148488187048598,-0.07123270902191212
1,49,35,0,0,-0.03562859591137226,0.03138082996694822,-0.07094503611213124
1,50,35,0,0,-0.03524299179826172,0.031307381564450974,-0.071226588321704
1,51,35,0,0,-0.03524299179826172,0.031307381564450974,-0.071226588321704
1,52,35,0,0,-0.03541437140408863,0.031491002570694086,-0.07101848451462847
1,53,35,0,0,-0.03524299179826172,0.03138695066715632,-0.07107357081650141
1,54,35,0,0,-0.03517566409597258,0.03133798506549149,-0.07115313991920676
1,55,35,0,0,-0.03517566409597258,0.03133798506549149,-0.07115313991920676
1,56,35,0,0,-0.03530419880034276,0.031552209572775124,-0.07088994981025828
1,57,35,0,0,-0.03534092300159138,0.03157057167339944,-0.07081650140776105
1,58,35,0,0,-0.03534092300159138,0.03157057167339944,-0.07081650140776105
1,59,35,0,0,-0.03527359529930224,0.03158281307381565,-0.07106745011629331
1,60,35,0,0,-0.035426612804504834,0.03190108948463704,-0.07112865711837434
1,61,35,0,0,-0.035426612804504834,0.03190108948463704,-0.07112865711837434
1,62,35,0,0,-0.03546333700575346,0.031221691761537516,-0.07088994981025828
1,63,35,0,0,-0.03535928510221569,0.03185212388297221,-0.07115313991920676
1,64,35,0,0,-0.03529195739992655,0.03136858856653201,-0.07114701921899866
1,65,35,0,0,-0.03529195739992655,0.03136858856653201,-0.07114701921899866
1,66,35,0,0,-0.03534092300159138,0.031411433467988734,-0.07077365650630432
1,67,35,0,0,-0.035383767903048105,0.03147876117027788,-0.07117150201983106
1,68,35,0,0,-0.035383767903048105,0.03147876117027788,-0.07117150201983106
1,69,35,0,0,-0.0352185089974293,0.03160729587464806,-0.07107357081650141
1,70,35,0,0,-0.03529195739992655,0.03146651976986167,-0.07101236381442036
1,71,35,0,0,-0.03529195739992655,0.03146651976986167,-0.07101236381442036
1,72,35,0,0,-0.035267474599094135,0.031411433467988734,-0.07113477781858245
1,73,35,0,0,-0.035493940506793976,0.03145427836944546,-0.07101236381442036
1,74,35,0,0,-0.03540213000367242,0.031184967560288896,-0.07111029501775004
1,75,35,0,0,-0.03540213000367242,0.031184967560288896,-0.07111029501775004
1,76,35,0,0,-0.03510833639368344,0.03147876117027788,-0.07119598482066349
1,77,35,0,0,-0.0355306647080426,0.031650140776104785,-0.07085322560900967
1,78,35,0,0,-0.0355306647080426,0.031650140776104785,-0.07085322560900967
1,79,35,0,0,-0.03545721630554535,0.03168686497735341,-0.07111641571795814
1,80,35,0,0,-0.03528583669971845,0.03162565797527237,-0.07082874280817726
1,81,35,0,0,-0.03528583669971845,0.03162565797527237,-0.07082874280817726
1,82,35,0,0,-0.03523075039784551,0.03136858856653201,-0.0709144326110907
1,83,35,0,0,-0.03532256090096707,0.03146039906965357,-0.07111029501775004
1,84,35,0,0,-0.03532256090096707,0.03146039906965357,-0.07111029501775004
1,85,35,0,0,-0.035426612804504834,0.03138695066715632,-0.07101236381442036
1,86,35,0,0,-0.0353715265026319,0.031692985677561514,-0.07106745011629331
1,87,35,0,0,-0.035408250703880526,0.031564450973191334,-0.07098176031337985
1,88,35,0,0,-0.035408250703880526,0.031564450973191334,-0.07098176031337985
1,89,35,0,0,-0.03511445709389154,0.031637899375688575,-0.07117762272003916
1,90,35,0,0,-0.03517566409597258,0.03157057167339944,-0.07113477781858245
1,91,35,0,0,-0.03517566409597258,0.03157057167339944,-0.07113477781858245
1,92,35,0,0,-0.03535316440200759,0.031509364671318395,-0.07098788101358795
1,93,35,0,0,-0.03537764720284001,0.031405312767780635,-0.07092667401150692
1,94,35,0,0,-0.03537764720284001,0.031405312767780635,-0.07092667401150692
1,95,35,0,0,-0.0352123882972212,0.031650140776104785,-0.07116538131962297
1,96,35,0,0,-0.03529195739992655,0.031533847472150815,-0.07108581221691761
1,97,35,0,0,-0.03529195739992655,0.031533847472150815,-0.07108581221691761
1,98,35,0,0,-0.03537764720284001,0.03160117517443996,-0.07093279471171501
1,99,35,0,0,-0.03540213000367242,0.031680744277145304,-0.07080426000734484
2,0,0,35,0,-0.022456849063532867,-0.014946749908189496,-0.12871832537642308
2,1,0,35,0,-0.02270167707185702,-0.015197698616721753,-0.12863263557350962
2,2,0,35,0,-0.02270167707185702,-0.015197698616721753,-0.12863263557350962
2,3,0,35,0,-0.022726159872689437,-0.015044681111519156,-0.12881013587954462
2,4,0,35,0,-0.02260374586852736,-0.014701921899865345,-0.12887134288162566
2,5,0,35,0,-0.02260374586852736,-0.014701921899865345,-0.12887134288162566
2,6,0,35,0,-0.02260374586852736,-0.014916146407148978,-0.12881013587954462
2,7,0,35,0,-0.02255478026686253,-0.014805973803403108,-0.1289447912841229
2,8,0,35,0,-0.02260374586852736,-0.015069163912351574,-0.12872444607663117
2,9,0,35,0,-0.02260374586852736,-0.015069163912351574,-0.12872444607663117
2,10,0,35,0,-0.022713918472273227,-0.014916146407148978,-0.12885298078100133
2,11,0,35,0,-0.022713918472273227,-0.015069163912351574,-0.1291039294895336
2,12,0,35,0,-0.022713918472273227,-0.015069163912351574,-0.1291039294895336
2,13,0,35,0,-0.022738401273105644,-0.015063043212143471,-0.12896927408495532
2,14,0,35,0,-0.022658832170400295,-0.015130370914432612,-0.12869996327579875
2,15,0,35,0,-0.022658832170400295,-0.015130370914432612,-0.12869996327579875
2,16,0,35,0,-0.022358917860203206,-0.015142612314848819,-0.12890194638266617
2,17,0,35,0,-0.022658832170400295,-0.015032439711102949,-0.12864487697392582
2,18,0,35,0,-0.022658832170400295,-0.015032439711102949,-0.12864487697392582
2,19,0,35,0,-0.022511935365405803,-0.015105888113600197,-0.1289141877830824
2,20,0,35,0,-0.022762884073938058,-0.014928387807565186,-0.1292569469947362
2,21,0,35,0,-0.022762884073938058,-0.014928387807565186,-0.12882849798016893
2,22,0,35,0,-0.022579263067694942,-0.014940629207981393,-0.12882849798016893
2,23,0,35,0,-0.022756763373729956,-0.014928387807565186,-0.12879789447912843
2,24,0,35,0,-0.022597625168319254,-0.015069163912351574,-0.12892030848329047
2,25,0,35,0,-0.022597625168319254,-0.015069163912351574,-0.12892030848329047
2,26,0,35,0,-0.022769004774146163,-0.01519157791651365,-0.12873056677683928
2,27,0,35,0,-0.02275064267352185,-0.014965112008813808,-0.12887746358183377
2,28,0,35,0,-0.02275064267352185,-0.014965112008813808,-0.12887746358183377
2,29,0,35,0,-0.022536418166238217,-0.01500183621006243,-0.1291161708899498
2,30,0,35,0,-0.022756763373729956,-0.01509364671318399,-0.12882849798016893
2,31,0,35,0,-0.022756763373729956,-0.01509364671318399,-0.12882849798016893
2,32,0,35,0,-0.022726159872689437,-0.014965112008813808,-0.12887134288162566
2,33,0,35,0,-0.02262210796915167,-0.015063043212143471,-0.12888358428204189
2,34,0,35,0,-0.02262210796915167,-0.015063043212143471,-0.12888358428204189
2,35,0,35,0,-0.022579263067694942,-0.014683559799241033,-0.1290488431876607
2,36,0,35,0,-0.0226649528706084,-0.01485493940506794,-0.1286387562737177
2,37,0,35,0,-0.022456849063532867,-0.014995715509854327,-0.12869996327579875
2,38,0,35,0,-0.022456849063532867,-0.014995715509854327,-0.12869996327579875
2,39,0,35,0,-0.02236503856041131,-0.015038560411311052,-0.12885910148120944
2,40,0,35,0,-0.022677194271024607,-0.014916146407148978,-0.12906720528828497
2,41,0,35,0,-0.022677194271024607,-0.014916146407148978,-0.12906720528828497
2,42,0,35,0,-0.02268331497123271,-0.014940629207981393,-0.1290488431876607
2,43,0,35,0,-0.02260374586852736,-0.014928387807565186,-0.12903048108703635
2,44,0,35,0,-0.02260374586852736,-0.014928387807565186,-0.12903048108703635
2,45,0,35,0,-0.0226649528706084,-0.01500183621006243,-0.12917125719182274
2,46,0,35,0,-0.02287917737789203,-0.015130370914432612,-0.1292141020932795
2,47,0,35,0,-0.02287917737789203,-0.015130370914432612,-0.1292141020932795
2,48,0,35,0,-0.022505814665197698,-0.015007956910270534,-0.1289264291834986
2,49,0,35,0,-0.022842453176643407,-0.01493450850777329,-0.12896315338474723
2,50,0,35,0,-0.022597625168319254,-0.014910025706940874,-0.12893867058391478
2,51,0,35,0,-0.022597625168319254,-0.014910025706940874,-0.12893867058391478
2,52,0,35,0,-0.022769004774146163,-0.014861060105276044,-0.12873056677683928
2,53,0,35,0,-0.022646590769984088,-0.015216060717346064,-0.1290916880891174
2,54,0,35,0,-0.022646590769984088,-0.015216060717346064,-0.1290916880891174
2,55,0,35,0,-0.022787366874770475,-0.01493450850777329,-0.1292141020932795
2,56,0,35,0,-0.022615987268943566,-0.014879422205900356,-0.1287856530787122
2,57,0,35,0,-0.022597625168319254,-0.0151120088138083,-0.1289325498837067
2,58,0,35,0,-0.022597625168319254,-0.0151120088138083,-0.1289325498837067
2,59,0,35,0,-0.022658832170400295,-0.014812094503611215,-0.12897539478516343
2,60,0,35,0,-0.02263434936956788,-0.014757008201738277,-0.12887134288162566
2,61,0,35,0,-0.02263434936956788,-0.014757008201738277,-0.12887134288162566
2,62,0,35,0,-0.022848573876851512,-0.014946749908189496,-0.1287489288774636
2,63,0,35,0,-0.02244460766311666,-0.014818215203819318,-0.12864487697392582
2,64,0,35,0,-0.02244460766311666,-0.014818215203819318,-0.12864487697392582
2,65,0,35,0,-0.02275064267352185,-0.015044681111519156,-0.12882237727996082
2,66,0,35,0,-0.022536418166238217,-0.014958991308605705,-0.1290978087893255
2,67,0,35,0,-0.022536418166238217,-0.014958991308605705,-0.1290978087893255
2,68,0,35,0,-0.022817970375810993,-0.014922267107357081,-0.12879789447912843
2,69,0,35,0,-0.022481331864365284,-0.01519157791651365,-0.12858366997184478
2,70,0,35,0,-0.022401762761659935,-0.014885542906108459,-0.1288040151793365
2,71,0,35,0,-0.022401762761659935,-0.014885542906108459,-0.1288040151793365
2,72,0,35,0,-0.02263434936956788,-0.014958991308605705,-0.12900599828620393
2,73,0,35,0,-0.02268331497123271,-0.01500183621006243,-0.12887746358183377
2,74,0,35,0,-0.02268331497123271,-0.01500183621006243,-0.12887746358183377
2,75,0,35,0,-0.022738401273105644,-0.015087526012975885,-0.12916513649161465
2,76,0,35,0,-0.022640470069775983,-0.015099767413392093,-0.1291039294895336
2,77,0,35,0,-0.022640470069775983,-0.015099767413392093,-0.1291039294895336
2,78,0,35,0,-0.02292202227934876,-0.014787611702778796,-0.12932427469702534
2,79,0,35,0,-0.022377279960827518,-0.014708042600073449,-0.12906108458807689
2,80,0,35,0,-0.022377279960827518,-0.014708042600073449,-0.12906108458807689
2,81,0,35,0,-0.0226710735708165,-0.0149528706083976,-0.12914677439099034
2,82,0,35,0,-0.0226710735708165,-0.014958991308605705,-0.12895703268453912
2,83,0,35,0,-0.0226710735708165,-0.014958991308605705,-0.12914065369078223
2,84,0,35,0,-0.02286081527726772,-0.015056922511935366,-0.12914065369078223
2,85,0,35,0,-0.02279960827518668,-0.015167095115681234,-0.1290978087893255
2,86,0,35,0,-0.022836332476435302,-0.014965112008813808,-0.12923858489411189
2,87,0,35,0,-0.022836332476435302,-0.014965112008813808,-0.12923858489411189
2,88,0,35,0,-0.022591504468111152,-0.015124250214224508,-0.1292141020932795
2,89,0,35,0,-0.02287305667768393,-0.014916146407148978,-0.12898763618557962
2,90,0,35,0,-0.02287305667768393,-0.014916146407148978,-0.12898763618557962
2,91,0,35,0,-0.022811849675602888,-0.0151120088138083,-0.12904272248745258
2,92,0,35,0,-0.022738401273105644,-0.014983474109438118,-0.12905496388786877
2,93,0,35,0,-0.022738401273105644,-0.014983474109438118,-0.12905496388786877
2,94,0,35,0,-0.022530297466030115,-0.015044681111519156,-0.12873056677683928
2,95,0,35,0,-0.0226649528706084,-0.015173215815889337,-0.12887746358183377
2,96,0,35,0,-0.0226649528706084,-0.015173215815889337,-0.12887746358183377
2,97,0,35,0,-0.02278124617456237,-0.015130370914432612,-0.12888358428204189
2,98,0,35,0,-0.022597625168319254,-0.015105888113600197,-0.12914065369078223
2,99,0,35,0,-0.022615987268943566,-0.014995715509854327,-0.12904272248745258
3,0,35,35,0,0.05414371404088628,-0.003776472028400049,-0.10627983841351452
3,1,35,35,0,0.05414371404088628,-0.003776472028400049,-0.10627983841351452
3,2,35,35,0,0.054162076141510584,-0.0036050924225731426,-0.10624311421226589
3,3,35,35,0,0.05424776594442404,-0.00405190353776472,-0.10641449381809279
3,4,35,35,0,0.05424776594442404,-0.00405190353776472,-0.10641449381809279
3,5,35,35,0,0.054455869751499575,-0.0038437997306891908,-0.10631656261476312
3,6,35,35,0,0.05451095605337251,-0.00392336883339454,-0.10633492471538744
3,7,35,35,0,0.054615007956910266,-0.0037213857265271147,-0.10640837311788469
3,8,35,35,0,0.054615007956910266,-0.0037213857265271147,-0.10640837311788469
3,9,35,35,0,0.05474354266128045,-0.0039539723344350595,-0.10635940751621986
3,10,35,35,0,0.054615007956910266,-0.004070265638389032,-0.10637164891663606
3,11,35,35,0,0.054615007956910266,-0.004070265638389032,-0.10637164891663606
3,12,35,35,0,0.05437017994858612,-0.003905006732770229,-0.10635940751621986
3,13,35,35,0,0.0543518178479618,-0.0038744032317297094,-0.10647570082017384
3,14,35,35,0,0.0543518178479618,-0.0038744032317297094,-0.10647570082017384
3,15,35,35,0,0.05432121434692129,-0.003696902925694699,-0.10654302852246297
3,16,35,35,0,0.05429673154608887,-0.004064144938180928,-0.10618802791039295
3,17,35,35,0,0.05429673154608887,-0.004064144938180928,-0.10618802791039295
3,18,35,35,0,0.054162076141510584,-0.004088627739013343,-0.10644509731913332
3,19,35,35,0,0.05473130126086424,-0.003978455135267475,-0.10663483902558453
3,20,35,35,0,0.05430897294650509,-0.003947851634226956,-0.10626759701309829
3,21,35,35,0,0.05430897294650509,-0.003947851634226956,-0.10626759701309829
3,22,35,35,0,0.05440690414983475,-0.003800954829232464,-0.10614518300893623
3,23,35,35,0,0.054517076753580605,-0.003917248133186437,-0.10634716611580364
3,24,35,35,0,0.054517076753580605,-0.003917248133186437,-0.10634716611580364
3,25,35,35,0,0.054400783449626636,-0.0037642306279838415,-0.10642673521850901
3,26,35,35,0,0.0543395764475456,-0.0040457828375566164,-0.10661647692496021
3,27,35,35,0,0.0543395764475456,-0.0040457828375566164,-0.10661647692496021
3,28,35,35,0,0.0543395764475456,-0.003868282531521606,-0.10657363202350349
3,29,35,35,0,0.054400783449626636,-0.003696902925694699,-0.10646345941975761
3,30,35,35,0,0.054400783449626636,-0.003696902925694699,-0.10646345941975761
3,31,35,35,0,0.05454155955441302,-0.003984575835475578,-0.10620026931080914
3,32,35,35,0,0.054474231852123876,-0.0038927653323540213,-0.1062737177133064
3,33,35,35,0,0.05459052515607785,-0.0039539723344350595,-0.1060962174072714
3,34,35,35,0,0.05459052515607785,-0.0039539723344350595,-0.1060962174072714
3,35,35,35,0,0.05442526625045905,-0.003960093034643163,-0.10622475211164158
3,36,35,35,0,0.054443628351083365,-0.0037030236259028037,-0.10679397723099522
3,37,35,35,0,0.054443628351083365,-0.0037030236259028037,-0.10679397723099522
3,38,35,35,0,0.054419145550250944,-0.0038315583302729835,-0.10649406292079815
3,39,35,35,0,0.054615007956910266,-0.004082507038805239,-0.10618190721018486
3,40,35,35,0,0.054615007956910266,-0.004082507038805239,-0.10618190721018486
3,41,35,35,0,0.05436405924837802,-0.003880523931937814,-0.10643897661892521
3,42,35,35,0,0.05428449014567267,-0.003776472028400049,-0.10616354510956054
3,43,35,35,0,0.05428449014567267,-0.003776472028400049,-0.10616354510956054
3,44,35,35,0,0.0545048353531644,-0.003917248133186437,-0.10624923491247398
3,45,35,35,0,0.0543518178479618,-0.003696902925694699,-0.10620026931080914
3,46,35,35,0,0.05449871465295629,-0.0036907822254865956,-0.10620639001101725
3,47,35,35,0,0.05449871465295629,-0.0036907822254865956,-0.10620639001101725
3,48,35,35,0,0.0545048353531644,-0.0038621618313135022,-0.10631656261476312
3,49,35,35,0,0.05432121434692129,-0.003776472028400049,-0.10648182152038192
3,50,35,35,0,0.05432121434692129,-0.003776472028400049,-0.10648182152038192
3,51,35,35,0,0.05422940384379973,-0.003868282531521606,-0.10607173460643897
3,52,35,35,0,0.05439466274941853,-0.004058024237972824,-0.10652466642183867
3,53,35,35,0,0.05463949075774268,-0.004082507038805239,-0.10647570082017384
3,54,35,35,0,0.05463949075774268,-0.004082507038805239,-0.10647570082017384
3,55,35,35,0,0.05443750765087526,-0.004015179336516098,-0.10654302852246297
3,56,35,35,0,0.05436405924837802,-0.004119231240053862,-0.10657363202350349
3,57,35,35,0,0.05436405924837802,-0.004119231240053862,-0.10657363202350349
3,58,35,35,0,0.05454768025462113,-0.003917248133186437,-0.10626759701309829
3,59,35,35,0,0.054517076753580605,-0.003886644632145918,-0.1060962174072714
3,60,35,35,0,0.054517076753580605,-0.003886644632145918,-0.1060962174072714
3,61,35,35,0,0.054376300648794215,-0.004113110539845758,-0.10620026931080914
3,62,35,35,0,0.05437017994858612,-0.004039662137348512,-0.10651242502142244
3,63,35,35,0,0.0543518178479618,-0.0038315583302729835,-0.10639001101726038
3,64,35,35,0,0.0543518178479618,-0.0038315583302729835,-0.10639001101726038
3,65,35,35,0,0.054302852246296975,-0.003960093034643163,-0.10641449381809279
3,66,35,35,0,0.05432121434692129,-0.003898886032562125,-0.10645733871954952
3,67,35,35,0,0.05432121434692129,-0.003898886032562125,-0.10645733871954952
3,68,35,35,0,0.054474231852123876,-0.004064144938180928,-0.10640225241767658
3,69,35,35,0,0.05449259395274819,-0.004076386338597136,-0.10613906230872812
3,70,35,35,0,0.05449259395274819,-0.004076386338597136,-0.10613906230872812
3,71,35,35,0,0.05449259395274819,-0.003941730934018852,-0.10653690782225486
3,72,35,35,0,0.05439466274941853,-0.0038560411311053984,-0.10623087281184969
3,73,35,35,0,0.054413024850042846,-0.004162076141510589,-0.10616966580976864
3,74,35,35,0,0.054413024850042846,-0.004162076141510589,-0.10616966580976864
3,75,35,35,0,0.05436405924837802,-0.003984575835475578,-0.10630432121434692
3,76,35,35,0,0.05451095605337251,-0.004143714040886278,-0.10621251071122537
3,77,35,35,0,0.05451095605337251,-0.004143714040886278,-0.10621251071122537
3,78,35,35,0,0.054486473252540094,-0.003880523931937814,-0.10626759701309829
3,79,35,35,0,0.05444974905129146,-0.003978455135267475,-0.10634104541559555
3,80,35,35,0,0.05444974905129146,-0.003978455135267475,-0.10634104541559555
3,81,35,35,0,0.054474231852123876,-0.00400293793609989,-0.10614518300893623
3,82,35,35,0,0.0541804382421349,-0.004278369445464561,-0.10643897661892521
3,83,35,35,0,0.0541804382421349,-0.004278369445464561,-0.10643897661892521
3,84,35,35,0,0.054315093646713185,-0.0038621618313135022,-0.10659199412412781
3,85,35,35,0,0.054419145550250944,-0.003776472028400049,-0.10631656261476312
3,86,35,35,0,0.054419145550250944,-0.003776472028400049,-0.10637776961684417
3,87,35,35,0,0.054486473252540094,-0.003776472028400049,-0.10637776961684417
3,88,35,35,0,0.05452931815399682,-0.003886644632145918,-0.10631656261476312
3,89,35,35,0,0.05443138695066716,-0.00392336883339454,-0.10639613171746846
3,90,35,35,0,0.05443138695066716,-0.00392336883339454,-0.10639613171746846
3,91,35,35,0,0.054455869751499575,-0.0038254376300648797,-0.10599216550373362
3,92,35,35,0,0.05427836944546456,-0.003684661525278492,-0.10617578650997675
3,93,35,35,0,0.05427836944546456,-0.003684661525278492,-0.10617578650997675
3,94,35,35,0,0.05452319745378872,-0.003929489533602644,-0.10654302852246297
3,95,35,35,0,0.0543518178479618,-0.004021300036724201,-0.10647570082017384
3,96,35,35,0,0.0543518178479618,-0.004021300036724201,-0.10647570082017384
3,97,35,35,0,0.0543334557473375,-0.003978455135267475,-0.10639613171746846
3,98,35,35,0,0.05438854204921043,-0.004070265638389032,-0.10630432121434692
3,99,35,35,0,0.05438854204921043,-0.0038744032317297094,-0.10653078712204675
