values,,position,position,position,Magnetometer,Magnetometer,Magnetometer
axis,,x,y,z,x,y,z
Sensor,Sample,,,,,,
0,0,0,0,0,-0.008171134777818582,-0.017627616599338963,-0.13805851389398946
0,1,0,0,0,-0.007999755171991677,-0.017566409597257925,-0.13835230750397845
0,2,0,0,0,-0.007810013465540458,-0.017548047496633613,-0.13803403109315707
0,3,0,0,0,-0.007810013465540458,-0.017548047496633613,-0.13803403109315707
0,4,0,0,0,-0.007767168564083732,-0.01749296119476068,-0.13816868649773534
0,5,0,0,0,-0.008036479373240299,-0.017658220100379485,-0.1379299791896193
0,6,0,0,0,-0.008036479373240299,-0.017658220100379485,-0.1379299791896193
0,7,0,0,0,-0.007914065369078222,-0.017431754192679644,-0.13804627249357326
0,8,0,0,0,-0.008146651976986167,-0.017468478393928268,-0.13814420369690292
0,9,0,0,0,-0.008146651976986167,-0.017468478393928268,-0.13814420369690292
0,10,0,0,0,-0.00784673766678908,-0.017450116293303956,-0.13804627249357326
0,11,0,0,0,-0.007767168564083732,-0.01754192679642551,-0.13800342759211653
0,12,0,0,0,-0.007767168564083732,-0.01754192679642551,-0.13800342759211653
0,13,0,0,0,-0.007932427469702534,-0.017505202595176888,-0.13785653078712207
0,14,0,0,0,-0.007883461868037704,-0.0175235646958012,-0.13798506549149223
0,15,0,0,0,-0.007883461868037704,-0.0175235646958012,-0.13798506549149223
0,16,0,0,0,-0.007993634471783572,-0.01757253029746603,-0.1379299791896193
0,17,0,0,0,-0.00784673766678908,-0.01757253029746603,-0.13802178969274087
0,18,0,0,0,-0.008036479373240299,-0.017688823601420003,-0.1379299791896193
0,19,0,0,0,-0.008036479373240299,-0.017688823601420003,-0.1379299791896193
0,20,0,0,0,-0.008146651976986167,-0.017358305790182396,-0.13772187538254377
0,21,0,0,0,-0.007705961562002693,-0.017645978699963275,-0.13807687599461377
0,22,0,0,0,-0.007705961562002693,-0.017645978699963275,-0.13807687599461377
0,23,0,0,0,-0.007963030970743053,-0.017597013098298444,-0.13800342759211653
0,24,0,0,0,-0.00797527237115926,-0.01760313379850655,-0.13805239319378138
0,25,0,0,0,-0.00797527237115926,-0.01760313379850655,-0.13805239319378138
0,26,0,0,0,-0.007638633859713551,-0.01760313379850655,-0.13778920308483292
0,27,0,0,0,-0.008073203574488921,-0.0176827029012119,-0.13848696290855672
0,28,0,0,0,-0.008073203574488921,-0.0176827029012119,-0.13848696290855672
0,29,0,0,0,-0.007761047863875628,-0.017658220100379485,-0.13821153139919207
0,30,0,0,0,-0.007883461868037704,-0.017645978699963275,-0.13836454890439467
0,31,0,0,0,-0.007883461868037704,-0.017645978699963275,-0.13836454890439467
0,32,0,0,0,-0.007981393071367363,-0.017339943689558084,-0.13804015179336515
0,33,0,0,0,-0.008024237972824092,-0.01760925449871465,-0.13827885910148122
0,34,0,0,0,-0.008024237972824092,-0.01760925449871465,-0.13827885910148122
0,35,0,0,0,-0.00779777206512425,-0.017658220100379485,-0.13821153139919207
0,36,0,0,0,-0.00784673766678908,-0.017768392704125353,-0.13818704859835967
0,37,0,0,0,-0.00784673766678908,-0.017768392704125353,-0.13818704859835967
0,38,0,0,0,-0.007932427469702534,-0.01747459909413637,-0.1380952380952381
0,39,0,0,0,-0.007822254865956665,-0.017762272003917248,-0.1379483412902436
0,40,0,0,0,-0.007999755171991677,-0.017792875504957766,-0.13802178969274087
0,41,0,0,0,-0.007999755171991677,-0.017792875504957766,-0.13802178969274087
0,42,0,0,0,-0.008024237972824092,-0.01766434080058759,-0.1379789447912841
0,43,0,0,0,-0.007810013465540458,-0.017535806096217407,-0.13820541069898395
0,44,0,0,0,-0.007810013465540458,-0.017535806096217407,-0.13820541069898395
0,45,0,0,0,-0.00779777206512425,-0.017688823601420003,-0.13800954829232465
0,46,0,0,0,-0.007871220467621495,-0.017645978699963275,-0.1376300648794222
0,47,0,0,0,-0.007871220467621495,-0.017645978699963275,-0.1376300648794222
0,48,0,0,0,-0.007938548169910638,-0.017450116293303956,-0.13808299669482188
0,49,0,0,0,-0.00805484147386461,-0.017633737299547068,-0.13803403109315707
0,50,0,0,0,-0.00805484147386461,-0.017633737299547068,-0.13803403109315707
0,51,0,0,0,-0.007656995960337863,-0.017615375198922756,-0.13800954829232465
0,52,0,0,0,-0.007840616966580977,-0.017633737299547068,-0.1379483412902436
0,53,0,0,0,-0.007840616966580977,-0.017633737299547068,-0.1379483412902436
0,54,0,0,0,-0.0077426857632513155,-0.017584771697882237,-0.13804015179336515
0,55,0,0,0,-0.007810013465540458,-0.017719427102460522,-0.13798506549149223
0,56,0,0,0,-0.007810013465540458,-0.017719427102460522,-0.13798506549149223
0,57,0,0,0,-0.007877341167829599,-0.01760925449871465,-0.13821153139919207
0,58,0,0,0,-0.007926306769494431,-0.01755416819684172,-0.13828497980168933
0,59,0,0,0,-0.007907944668870119,-0.017688823601420003,-0.13839515240543518
0,60,0,0,0,-0.007907944668870119,-0.017688823601420003,-0.13839515240543518
0,61,0,0,0,-0.008109927775737543,-0.017450116293303956,-0.13801566899253276
0,62,0,0,0,-0.007736565063043212,-0.017584771697882237,-0.13799730689190842
0,63,0,0,0,-0.007736565063043212,-0.017584771697882237,-0.13799730689190842
0,64,0,0,0,-0.007920186069286326,-0.017548047496633613,-0.13828497980168933
0,65,0,0,0,-0.008073203574488921,-0.017633737299547068,-0.13785653078712207
0,66,0,0,0,-0.008073203574488921,-0.017633737299547068,-0.13785653078712207
0,67,0,0,0,-0.007926306769494431,-0.01757253029746603,-0.1379238584894112
0,68,0,0,0,-0.008011996572407884,-0.017431754192679644,-0.13830946260252172
0,69,0,0,0,-0.008011996572407884,-0.017431754192679644,-0.13830946260252172
0,70,0,0,0,-0.008024237972824092,-0.01760925449871465,-0.13802178969274087
0,71,0,0,0,-0.007938548169910638,-0.017756151303709146,-0.13808911739503
0,72,0,0,0,-0.007938548169910638,-0.017756151303709146,-0.13808911739503
0,73,0,0,0,-0.007901823968662016,-0.017707185702044315,-0.1380952380952381
0,74,0,0,0,-0.007871220467621495,-0.017566409597257925,-0.13833394540335414
0,75,0,0,0,-0.007871220467621495,-0.017566409597257925,-0.13833394540335414
0,76,0,0,0,-0.007932427469702534,-0.01754192679642551,-0.1374648059738034
0,77,0,0,0,-0.007614151058881136,-0.017658220100379485,-0.1381380829966948
0,78,0,0,0,-0.00918105031215571,-0.01757253029746603,-0.13819928999877587
0,79,0,0,0,-0.007914065369078222,-0.01757253029746603,-0.13819928999877587
0,80,0,0,0,-0.00805484147386461,-0.017707185702044315,-0.13808911739503
0,81,0,0,0,-0.007889582568245807,-0.017511323295384993,-0.1381380829966948
0,82,0,0,0,-0.007889582568245807,-0.017511323295384993,-0.1381380829966948
0,83,0,0,0,-0.008091565675113233,-0.01763985799975517,-0.13808911739503
0,84,0,0,0,-0.00797527237115926,-0.017633737299547068,-0.1379360998898274
0,85,0,0,0,-0.00797527237115926,-0.017633737299547068,-0.1379360998898274
0,86,0,0,0,-0.007754927163667523,-0.017468478393928268,-0.13807687599461377
0,87,0,0,0,-0.008097686375321336,-0.017584771697882237,-0.13808299669482188
0,88,0,0,0,-0.008097686375321336,-0.017584771697882237,-0.13808299669482188
0,89,0,0,0,-0.008030358673032196,-0.017633737299547068,-0.13799730689190842
0,90,0,0,0,-0.007981393071367363,-0.017339943689558084,-0.13813196229648672
0,91,0,0,0,-0.007981393071367363,-0.017339943689558084,-0.13813196229648672
0,92,0,0,0,-0.008024237972824092,-0.017688823601420003,-0.1379360998898274
0,93,0,0,0,-0.00795691027053495,-0.01765209940017138,-0.13796670339086792
0,94,0,0,0,-0.00795691027053495,-0.01765209940017138,-0.13796670339086792
0,95,0,0,0,-0.00784673766678908,-0.017615375198922756,-0.13804015179336515
0,96,0,0,0,-0.00805484147386461,-0.017584771697882237,-0.1381136001958624
0,97,0,0,0,-0.00805484147386461,-0.017584771697882237,-0.1381136001958624
0,98,0,0,0,-0.007981393071367363,-0.017462357693720162,-0.13834618680377037
0,99,0,0,0,-0.00797527237115926,-0.017658220100379485,-0.13804015179336515
1,0,35,0,0,-0.04045782837556616,-0.00120577794099645,-0.06688701187415841
1,1,35,0,0,-0.04036601787244461,-0.0011506916391235157,-0.06730934018851756
1,2,35,0,0,-0.04036601787244461,-0.0011506916391235157,-0.06730934018851756
1,3,35,0,0,-0.0405190353776472,-0.0007712082262210796,-0.06711347778185825
1,4,35,0,0,-0.040525156077855305,-0.0007100012241400416,-0.06726649528706083
1,5,35,0,0,-0.040525156077855305,-0.0007100012241400416,-0.06726649528706083
1,6,35,0,0,-0.04055575957889583,-0.0011139674378748928,-0.06728485738768515
1,7,35,0,0,-0.040139551964744766,-0.0010588811360019586,-0.0670461500795691
1,8,35,0,0,-0.040139551964744766,-0.0010588811360019586,-0.0670461500795691
1,9,35,0,0,-0.04072101848451463,-0.0010221569347533357,-0.0668992532745746
1,10,35,0,0,-0.04040274207369323,-0.000856898029134533,-0.06699106377769617
1,11,35,0,0,-0.04040274207369323,-0.000856898029134533,-0.06699106377769617
1,12,35,0,0,-0.04056188027910393,-0.00107724323662627,-0.06697270167707185
1,13,35,0,0,-0.0405190353776472,-0.0009548292324641939,-0.06694209817603133
1,14,35,0,0,-0.040653690782225485,-0.001009915534337128,-0.0673583057901824
1,15,35,0,0,-0.040653690782225485,-0.001009915534337128,-0.0673583057901824
1,16,35,0,0,-0.04059860448035255,-0.0010343983351695433,-0.06722365038560411
1,17,35,0,0,-0.040310931570571674,-0.0009242257314236748,-0.06709511568123393
1,18,35,0,0,-0.040310931570571674,-0.0009242257314236748,-0.06709511568123393
1,19,35,0,0,-0.040623087281184966,-0.0008201738278859101,-0.06705839147998531
1,20,35,0,0,-0.04057412167952014,-0.0009242257314236748,-0.0670461500795691
1,21,35,0,0,-0.04057412167952014,-0.0009242257314236748,-0.0670461500795691
1,22,35,0,0,-0.04050067327702289,-0.001046639735585751,-0.06715020198310687
1,23,35,0,0,-0.04061696658097687,-0.0011935365405802425,-0.06699718447790427
1,24,35,0,0,-0.04061696658097687,-0.0011935365405802425,-0.06699718447790427
1,25,35,0,0,-0.04059860448035255,-0.0009915534337128168,-0.06683804627249358
1,26,35,0,0,-0.04069041498347411,-0.0009793120332966092,-0.0668992532745746
1,27,35,0,0,-0.0405190353776472,-0.0007834496266372873,-0.067217529685396
1,28,35,0,0,-0.0405190353776472,-0.0007834496266372873,-0.067217529685396
1,29,35,0,0,-0.04027420736932305,-0.0008691394295507407,-0.06697882237727995
1,30,35,0,0,-0.04042110417431754,-0.000826294528094014,-0.06701554657852858
1,31,35,0,0,-0.04042110417431754,-0.000826294528094014,-0.06701554657852858
1,32,35,0,0,-0.04063532868160118,-0.0010037948341290244,-0.06693597747582324
1,33,35,0,0,-0.0405129146774391,-0.0009915534337128168,-0.06708287428081773
1,34,35,0,0,-0.0405129146774391,-0.0009915534337128168,-0.06708287428081773
1,35,35,0,0,-0.04061696658097687,-0.0008997429305912597,-0.06708287428081773
1,36,35,0,0,-0.040451707675358065,-0.0009425878320479863,-0.06697270167707185
1,37,35,0,0,-0.040451707675358065,-0.0009425878320479863,-0.06697270167707185
1,38,35,0,0,-0.0403537764720284,-0.0009058636307993634,-0.06724813318643653
1,39,35,0,0,-0.04039050067327703,-0.0009303464316317787,-0.0668931325743665
1,40,35,0,0,-0.04054963887868772,-0.0010343983351695433,-0.06690537397478272
1,41,35,0,0,-0.04054963887868772,-0.0010343983351695433,-0.06690537397478272
1,42,35,0,0,-0.04047619047619048,-0.0009670706328804015,-0.0668931325743665
1,43,35,0,0,-0.04032929367119599,-0.0010405190353776472,-0.06700330517811237
1,44,35,0,0,-0.04032929367119599,-0.0010405190353776472,-0.06700330517811237
1,45,35,0,0,-0.040292569469947366,-0.000728363324764353,-0.0670522707797772
1,46,35,0,0,-0.040310931570571674,-0.0011690537397478272,-0.0668992532745746
1,47,35,0,0,-0.040310931570571674,-0.0011690537397478272,-0.0668992532745746
1,48,35,0,0,-0.040396621373485125,-0.0010221569347533357,-0.06724813318643653
1,49,35,0,0,-0.04055575957889583,-0.0011506916391235157,-0.0673827885910148
1,50,35,0,0,-0.04055575957889583,-0.0011506916391235157,-0.0673827885910148
1,51,35,0,0,-0.04020687966703391,-0.0011751744399559308,-0.06705839147998531
1,52,35,0,0,-0.04063532868160118,-0.0012792263434936956,-0.06710123638144204
1,53,35,0,0,-0.04049455257681479,-0.0012608642428693843,-0.06715020198310687
1,54,35,0,0,-0.04049455257681479,-0.0012608642428693843,-0.06715020198310687
1,55,35,0,0,-0.04030481087036357,-0.0011874158403721385,-0.0671930468845636
1,56,35,0,0,-0.04050679397723099,-0.00107724323662627,-0.06711347778185825
1,57,35,0,0,-0.04050679397723099,-0.00107724323662627,-0.06711347778185825
1,58,35,0,0,-0.04054351817847962,-0.0009976741339209204,-0.06722365038560411
1,59,35,0,0,-0.04059860448035255,-0.000758966825804872,-0.06698494307748806
1,60,35,0,0,-0.04059860448035255,-0.000758966825804872,-0.06698494307748806
1,61,35,0,0,-0.04054963887868772,-0.0012180193414126576,-0.06727873668747705
1,62,35,0,0,-0.04049455257681479,-0.001046639735585751,-0.06693597747582324
1,63,35,0,0,-0.04049455257681479,-0.001046639735585751,-0.06693597747582324
1,64,35,0,0,-0.04046394907577427,-0.0009364671318398824,-0.06700330517811237
1,65,35,0,0,-0.040427224874525644,-0.0011017260374586852,-0.0670461500795691
1,66,35,0,0,-0.040537397478271515,-0.0008936222303831558,-0.06707675358060963
1,67,35,0,0,-0.040537397478271515,-0.0008936222303831558,-0.06707675358060963
1,68,35,0,0,-0.040451707675358065,-0.0010037948341290244,-0.06711347778185825
1,69,35,0,0,-0.0405129146774391,-0.0008630187293426368,-0.06699106377769617
1,70,35,0,0,-0.0405129146774391,-0.0008630187293426368,-0.06699106377769617
1,71,35,0,0,-0.04032317297098788,-0.0008752601297588444,-0.06681356347166115
1,72,35,0,0,-0.04028032806953115,-0.0010343983351695433,-0.06748071979434447
1,73,35,0,0,-0.04028032806953115,-0.0010343983351695433,-0.06748071979434447
1,74,35,0,0,-0.040384379973068915,-0.0010221569347533357,-0.06716244338352308
1,75,35,0,0,-0.040672052882849793,-0.0010405190353776472,-0.06708899498102583
1,76,35,0,0,-0.040672052882849793,-0.0010405190353776472,-0.06708899498102583
1,77,35,0,0,-0.04046394907577427,-0.000826294528094014,-0.06718692618435548
1,78,35,0,0,-0.04054351817847962,-0.0010527604357938548,-0.06726037458685273
1,79,35,0,0,-0.04046394907577427,-0.0010405190353776472,-0.06714408128289875
1,80,35,0,0,-0.04046394907577427,-0.0010405190353776472,-0.06714408128289875
1,81,35,0,0,-0.0403537764720284,-0.0009793120332966092,-0.06727261598726894
1,82,35,0,0,-0.04070265638389032,-0.0009303464316317787,-0.06711959848206635
1,83,35,0,0,-0.04070265638389032,-0.0009303464316317787,-0.06711959848206635
1,84,35,0,0,-0.040623087281184966,-0.0010588811360019586,-0.06710123638144204
1,85,35,0,0,-0.04036601787244461,-0.0009242257314236748,-0.06713796058269066
1,86,35,0,0,-0.04036601787244461,-0.0009242257314236748,-0.06713796058269066
1,87,35,0,0,-0.04047619047619048,-0.0008630187293426368,-0.06727261598726894
1,88,35,0,0,-0.04034153507161219,-0.000985432733504713,-0.06706451218019341
1,89,35,0,0,-0.04034153507161219,-0.000985432733504713,-0.06706451218019341
1,90,35,0,0,-0.040525156077855305,-0.001083363936834374,-0.06741951279226344
1,91,35,0,0,-0.040427224874525644,-0.0009242257314236748,-0.0671930468845636
1,92,35,0,0,-0.04020687966703391,-0.0009548292324641939,-0.06716244338352308
1,93,35,0,0,-0.04020687966703391,-0.0009548292324641939,-0.06716244338352308
1,94,35,0,0,-0.04040274207369323,-0.0009364671318398824,-0.06695433957644754
1,95,35,0,0,-0.04044558697514995,-0.0010343983351695433,-0.06708899498102583
1,96,35,0,0,-0.04044558697514995,-0.0010343983351695433,-0.06708899498102583
1,97,35,0,0,-0.0405129146774391,-0.001083363936834374,-0.06680132207124495
1,98,35,0,0,-0.04055575957889583,-0.001009915534337128,-0.06712571918227446
1,99,35,0,0,-0.04055575957889583,-0.001009915534337128,-0.06712571918227446
2,0,0,35,0,0.005667768392704125,0.047704737421961074,-0.11650752846125596
2,1,0,35,0,0.005637164891663606,0.04776594442404211,-0.11658709756396131
2,2,0,35,0,0.005637164891663606,0.04776594442404211,-0.11658709756396131
2,3,0,35,0,0.005808544497490513,0.04777206512425021,-0.11671563226833151
2,4,0,35,0,0.0055943199902068795,0.04771085812216917,-0.1167217529685396
2,5,0,35,0,0.005704492593952748,0.047674133920920556,-0.11664830456604236
2,6,0,35,0,0.005704492593952748,0.047674133920920556,-0.11664830456604236
2,7,0,35,0,0.005582078589790672,0.0475945648182152,-0.11648304566042356
2,8,0,35,0,0.005741216795201371,0.04768637532133676,-0.1168870118741584
2,9,0,35,0,0.005741216795201371,0.04768637532133676,-0.1168870118741584
2,10,0,35,0,0.005716733994368955,0.04765577182029625,-0.11686864977353409
2,11,0,35,0,0.005661647692496022,0.04782715142612315,-0.11663606316562616
2,12,0,35,0,0.005661647692496022,0.04782715142612315,-0.11663606316562616
2,13,0,35,0,0.0056494062920798135,0.04804137593340678,-0.11697882237727997
2,14,0,35,0,0.00572285469457706,0.047821030725915044,-0.11669727016770719
2,15,0,35,0,0.00572285469457706,0.047821030725915044,-0.11669727016770719
2,16,0,35,0,0.00551475088750153,0.04779654792508263,-0.11669727016770719
2,17,0,35,0,0.005484147386461012,0.048029134532990576,-0.11701554657852857
2,18,0,35,0,0.005484147386461012,0.048029134532990576,-0.11701554657852857
2,19,0,35,0,0.005539233688333946,0.047704737421961074,-0.11645244215938304
2,20,0,35,0,0.005735096094993267,0.047704737421961074,-0.11694821887623945
2,21,0,35,0,0.005692251193536541,0.04772922022279349,-0.11670339086791529
2,22,0,35,0,0.005692251193536541,0.04772922022279349,-0.11670339086791529
2,23,0,35,0,0.0056310441914555025,0.04782715142612315,-0.11699106377769616
2,24,0,35,0,0.005496388786877219,0.047888358428204186,-0.11661770106500184
2,25,0,35,0,0.005496388786877219,0.047888358428204186,-0.11661770106500184
2,26,0,35,0,0.0055943199902068795,0.047716978822377284,-0.11681968417186925
2,27,0,35,0,0.005539233688333946,0.04777206512425021,-0.11673399436895582
2,28,0,35,0,0.005539233688333946,0.04777206512425021,-0.11673399436895582
2,29,0,35,0,0.005735096094993267,0.047674133920920556,-0.11675235646958011
2,30,0,35,0,0.0060472518056065615,0.04777206512425021,-0.11651364916146408
2,31,0,35,0,0.0060472518056065615,0.04777206512425021,-0.11651364916146408
2,32,0,35,0,0.0056126820908311914,0.047961806830701434,-0.1165626147631289
2,33,0,35,0,0.005471905986044803,0.04760068551842331,-0.11678295997062065
2,34,0,35,0,0.005741216795201371,0.04788223772799609,-0.11700942587832049
2,35,0,35,0,0.005741216795201371,0.04788223772799609,-0.11700942587832049
2,36,0,35,0,0.005422940384379973,0.04785775492716367,-0.1167217529685396
2,37,0,35,0,0.0055943199902068795,0.047417064512180196,-0.11662382176520994
2,38,0,35,0,0.0055943199902068795,0.047417064512180196,-0.11662382176520994
2,39,0,35,0,0.0058575100991553435,0.04799853103195005,-0.11643408005875873
2,40,0,35,0,0.005435181784796181,0.047802668625290735,-0.11709511568123394
2,41,0,35,0,0.005435181784796181,0.047802668625290735,-0.11709511568123394
2,42,0,35,0,0.00567388909291223,0.047802668625290735,-0.11636675235646958
2,43,0,35,0,0.0054596645856285955,0.047888358428204186,-0.11678295997062065
2,44,0,35,0,0.0054596645856285955,0.047888358428204186,-0.11678295997062065
2,45,0,35,0,0.005533112988125841,0.0479128412290366,-0.11659321826416942
2,46,0,35,0,0.00564328559187171,0.047949565430285224,-0.11718692618435549
2,47,0,35,0,0.00564328559187171,0.04785775492716367,-0.11663606316562616
2,48,0,35,0,0.0055943199902068795,0.04785775492716367,-0.11663606316562616
2,49,0,35,0,0.00551475088750153,0.04768637532133676,-0.11670339086791529
2,50,0,35,0,0.005765699596033786,0.04783939282653936,-0.1165626147631289
2,51,0,35,0,0.005765699596033786,0.04783939282653936,-0.1165626147631289
2,52,0,35,0,0.005912596401028277,0.047918961929244705,-0.11696658097686374
2,53,0,35,0,0.005692251193536541,0.047759823723834006,-0.11670339086791529
2,54,0,35,0,0.005692251193536541,0.047759823723834006,-0.11670339086791529
2,55,0,35,0,0.00554535438854205,0.04777818582445832,-0.11677071857020442
2,56,0,35,0,0.005569837189374464,0.04789447912841229,-0.11670339086791529
2,57,0,35,0,0.005569837189374464,0.04789447912841229,-0.11670339086791529
2,58,0,35,0,0.005698371893744644,0.04783327212633125,-0.11670339086791529
2,59,0,35,0,0.005667768392704125,0.04799241033174195,-0.11663606316562616
2,60,0,35,0,0.005667768392704125,0.04799241033174195,-0.11663606316562616
2,61,0,35,0,0.0056861304933284364,0.04802301383278247,-0.1167278736687477
2,62,0,35,0,0.005716733994368955,0.047949565430285224,-0.11664830456604236
2,63,0,35,0,0.005563716489166361,0.04733749540947484,-0.11659933896437753
2,64,0,35,0,0.005563716489166361,0.04733749540947484,-0.11659933896437753
2,65,0,35,0,0.005539233688333946,0.04793732402986901,-0.11671563226833151
2,66,0,35,0,0.005710613294160852,0.048029134532990576,-0.11663606316562616
2,67,0,35,0,0.005710613294160852,0.048029134532990576,-0.11663606316562616
2,68,0,35,0,0.005539233688333946,0.047790427224874525,-0.11662994246541805
2,69,0,35,0,0.005839147998531032,0.0479005998286204,-0.11647692496021544
2,70,0,35,0,0.005839147998531032,0.0479005998286204,-0.11647692496021544
2,71,0,35,0,0.0056861304933284364,0.0475884441180071,-0.11667890806708288
2,72,0,35,0,0.005582078589790672,0.04785775492716367,-0.11681356347166116
2,73,0,35,0,0.005582078589790672,0.04785775492716367,-0.11681356347166116
2,74,0,35,0,0.005741216795201371,0.047759823723834006,-0.1167217529685396
2,75,0,35,0,0.005753458195617579,0.04795568613049333,-0.1165626147631289
2,76,0,35,0,0.005753458195617579,0.04795568613049333,-0.1167278736687477
2,77,0,35,0,0.0056861304933284364,0.04785775492716367,-0.1167278736687477
2,78,0,35,0,0.005888113600195862,0.04777818582445832,-0.11670339086791529
2,79,0,35,0,0.005367854082507039,0.04793732402986901,-0.1167401150691639
2,80,0,35,0,0.005367854082507039,0.04793732402986901,-0.1167401150691639
2,81,0,35,0,0.005698371893744644,0.047704737421961074,-0.11686864977353409
2,82,0,35,0,0.005808544497490513,0.0479067205288285,-0.11667278736687477
2,83,0,35,0,0.005808544497490513,0.0479067205288285,-0.11667278736687477
2,84,0,35,0,0.00567388909291223,0.04801077243236626,-0.11677071857020442
2,85,0,35,0,0.005655526992287918,0.04805361733382299,-0.11694209817603134
2,86,0,35,0,0.005655526992287918,0.04805361733382299,-0.11694209817603134
2,87,0,35,0,0.005582078589790672,0.04783939282653936,-0.11669114946749908
2,88,0,35,0,0.005551475088750153,0.04795568613049333,-0.11653813196229648
2,89,0,35,0,0.005551475088750153,0.04795568613049333,-0.11653813196229648
2,90,0,35,0,0.005563716489166361,0.04784551352674746,-0.11675847716978822
2,91,0,35,0,0.005551475088750153,0.04768025462112866,-0.11659933896437753
2,92,0,35,0,0.005888113600195862,0.047759823723834006,-0.11677683927041253
2,93,0,35,0,0.005888113600195862,0.047759823723834006,-0.11677683927041253
2,94,0,35,0,0.005655526992287918,0.04788223772799609,-0.11669114946749908
2,95,0,35,0,0.005728975394785164,0.04779654792508263,-0.11669727016770719
2,96,0,35,0,0.005728975394785164,0.04779654792508263,-0.11669727016770719
2,97,0,35,0,0.005600440690414984,0.04785163422695556,-0.11670339086791529
2,98,0,35,0,0.00567388909291223,0.047802668625290735,-0.11679520137103686
2,99,0,35,0,0.00567388909291223,0.047802668625290735,-0.11679520137103686
3,0,35,35,0,0.04167584771697882,0.027145305422940386,-0.07950177500306035
3,1,35,35,0,0.04155955441302485,0.027561513037091444,-0.07967927530909537
3,2,35,35,0,0.04152283021177623,0.02742685763251316,-0.07958746480597381
3,3,35,35,0,0.04152283021177623,0.02742685763251316,-0.07958746480597381
3,4,35,35,0,0.04168808911739503,0.027702289141877827,-0.07948341290243603
3,5,35,35,0,0.04171869261843555,0.027720651242502142,-0.07961194760680622
3,6,35,35,0,0.04171869261843555,0.027720651242502142,-0.07961194760680622
3,7,35,35,0,0.04145550250948708,0.0271759089239809,-0.07964867180805484
3,8,35,35,0,0.041681968417186924,0.027702289141877827,-0.07986901701554658
3,9,35,35,0,0.041681968417186924,0.027702289141877827,-0.07986901701554658
3,10,35,35,0,0.04185946872322194,0.027757375443750766,-0.07983841351450606
3,11,35,35,0,0.04157791651364916,0.027506426735218508,-0.0797282409107602
3,12,35,35,0,0.04174929611947607,0.027279960827518667,-0.07961806830701432
3,13,35,35,0,0.04174929611947607,0.027279960827518667,-0.07961806830701432
3,14,35,35,0,0.04160852001468968,0.027347288529807813,-0.0796058269065981
3,15,35,35,0,0.041553433712816744,0.027439099032929366,-0.07950789570326845
3,16,35,35,0,0.041553433712816744,0.027439099032929366,-0.07950789570326845
3,17,35,35,0,0.04158403721385727,0.027347288529807813,-0.07977108581221691
3,18,35,35,0,0.041822744521973314,0.027500306035010406,-0.07954461990451708
3,19,35,35,0,0.041822744521973314,0.027500306035010406,-0.07954461990451708
3,20,35,35,0,0.04178602032072469,0.027273840127310565,-0.07959358550618191
3,21,35,35,0,0.04143101970865467,0.027341167829599704,-0.0794283266005631
3,22,35,35,0,0.04143101970865467,0.027341167829599704,-0.0794283266005631
3,23,35,35,0,0.041681968417186924,0.027188150324397108,-0.07983841351450606
3,24,35,35,0,0.04164524421593831,0.027592116538131962,-0.07974048231117639
3,25,35,35,0,0.041681968417186924,0.027451340433345572,-0.07970375810992777
3,26,35,35,0,0.041681968417186924,0.027451340433345572,-0.07970375810992777
3,27,35,35,0,0.041681968417186924,0.027402374831680742,-0.07946505080181174
3,28,35,35,0,0.04158403721385727,0.027469702533969888,-0.07952625780389276
3,29,35,35,0,0.04158403721385727,0.027469702533969888,-0.07952625780389276
3,30,35,35,0,0.04174929611947607,0.027230995225853837,-0.08002815522095727
3,31,35,35,0,0.04144326110907088,0.027377892030848328,-0.0794160852001469
3,32,35,35,0,0.04144326110907088,0.027377892030848328,-0.0794160852001469
3,33,35,35,0,0.041706451218019344,0.027567633737299545,-0.07947729220222793
3,34,35,35,0,0.04185946872322194,0.027304443628351084,-0.07948953360264414
3,35,35,35,0,0.04185946872322194,0.027304443628351084,-0.07948953360264414
3,36,35,35,0,0.041663606316562615,0.027488064634594196,-0.07964255110784674
3,37,35,35,0,0.04164524421593831,0.027384012731056433,-0.07934875749785776
3,38,35,35,0,0.04181662382176521,0.02735340923001591,-0.07956298200514139
3,39,35,35,0,0.04181662382176521,0.02735340923001591,-0.07956298200514139
3,40,35,35,0,0.04159015791406537,0.027610478638756274,-0.07978332721263312
3,41,35,35,0,0.041620761415105886,0.027335047129391603,-0.0794160852001469
3,42,35,35,0,0.041620761415105886,0.027335047129391603,-0.0794160852001469
3,43,35,35,0,0.04150446811115192,0.027451340433345572,-0.07974048231117639
3,44,35,35,0,0.04159627861427347,0.02744521973313747,-0.07938548169910638
3,45,35,35,0,0.04159627861427347,0.02744521973313747,-0.07938548169910638
3,46,35,35,0,0.04160239931448158,0.027592116538131962,-0.07963030970743054
3,47,35,35,0,0.041920675725302975,0.027518668135634715,-0.07947729220222793
3,48,35,35,0,0.041920675725302975,0.027518668135634715,-0.07950789570326845
3,49,35,35,0,0.04138817480719794,0.027390133431264535,-0.07950789570326845
3,50,35,35,0,0.04170033051781123,0.027335047129391603,-0.07988125841596279
3,51,35,35,0,0.04185334802301383,0.027420736932305057,-0.07988125841596279
3,52,35,35,0,0.04185334802301383,0.027420736932305057,-0.07988125841596279
3,53,35,35,0,0.04152895091198433,0.027286081527726776,-0.07964867180805484
3,54,35,35,0,0.0417982617211409,0.02740849553188885,-0.07959970620639001
3,55,35,35,0,0.0417982617211409,0.02740849553188885,-0.07959970620639001
3,56,35,35,0,0.04158403721385727,0.027530909536050925,-0.07959970620639001
3,57,35,35,0,0.04178602032072469,0.027151426123148487,-0.07955686130493328
3,58,35,35,0,0.04178602032072469,0.027151426123148487,-0.07955686130493328
3,59,35,35,0,0.04167584771697882,0.02731668502876729,-0.07959358550618191
3,60,35,35,0,0.041932917125719185,0.027628840739380583,-0.07993634471783571
3,61,35,35,0,0.041932917125719185,0.027628840739380583,-0.0795813441057657
3,62,35,35,0,0.041620761415105886,0.0274941853348023,-0.0795813441057657
3,63,35,35,0,0.041547313012608646,0.02742685763251316,-0.07964255110784674
3,64,35,35,0,0.04181662382176521,0.027347288529807813,-0.07946505080181174
3,65,35,35,0,0.04181662382176521,0.027347288529807813,-0.07946505080181174
3,66,35,35,0,0.04172481331864365,0.027108581221691762,-0.0797466030113845
3,67,35,35,0,0.041792141020932795,0.02735952993022402,-0.07966703390867916
3,68,35,35,0,0.041792141020932795,0.02735952993022402,-0.07966703390867916
3,69,35,35,0,0.04152895091198433,0.02739625413147264,-0.07957522340555759
3,70,35,35,0,0.04155955441302485,0.02740849553188885,-0.07952013710368466
3,71,35,35,0,0.04155955441302485,0.02740849553188885,-0.07952013710368466
3,72,35,35,0,0.04158403721385727,0.027469702533969888,-0.07942220590035501
3,73,35,35,0,0.04159015791406537,0.027420736932305057,-0.07970987881013589
3,74,35,35,0,0.04159015791406537,0.027322805728975396,-0.07971599951034399
3,75,35,35,0,0.04173093401885176,0.027322805728975396,-0.07971599951034399
3,76,35,35,0,0.041834985922389524,0.027457461133553678,-0.07950789570326845
3,77,35,35,0,0.04155955441302485,0.027598237238340068,-0.07949565430285224
3,78,35,35,0,0.04155955441302485,0.027598237238340068,-0.07949565430285224
3,79,35,35,0,0.04155955441302485,0.027151426123148487,-0.07967927530909537
3,80,35,35,0,0.04166972701677072,0.027279960827518667,-0.0795813441057657
3,81,35,35,0,0.04166972701677072,0.027279960827518667,-0.0795813441057657
3,82,35,35,0,0.041865589423430036,0.02742685763251316,-0.07958746480597381
3,83,35,35,0,0.04157791651364916,0.02739625413147264,-0.0797466030113845
3,84,35,35,0,0.04157791651364916,0.02739625413147264,-0.0797466030113845
3,85,35,35,0,0.04158403721385727,0.02735952993022402,-0.07961806830701432
3,86,35,35,0,0.04145550250948708,0.027249357326478145,-0.07979556861304933
3,87,35,35,0,0.041639123515730195,0.02760435793854817,-0.07945893010160363
3,88,35,35,0,0.041639123515730195,0.02760435793854817,-0.07945893010160363
3,89,35,35,0,0.04159015791406537,0.02713306402252418,-0.07942220590035501
3,90,35,35,0,0.04158403721385727,0.02739625413147264,-0.0797343616109683
3,91,35,35,0,0.04158403721385727,0.02739625413147264,-0.0797343616109683
3,92,35,35,0,0.041565675113232954,0.027549271636675237,-0.07964867180805484
3,93,35,35,0,0.04158403721385727,0.027335047129391603,-0.07972212021055208
3,94,35,35,0,0.04158403721385727,0.027335047129391603,-0.07972212021055208
3,95,35,35,0,0.04172481331864365,0.02707185702044314,-0.07959970620639001
3,96,35,35,0,0.04173093401885176,0.02736565063043212,-0.07964867180805484
3,97,35,35,0,0.04173093401885176,0.02736565063043212,-0.07964867180805484
3,98,35,35,0,0.04152283021177623,0.027328926429183498,-0.07947117150201984
3,99,35,35,0,0.04162688211531399,0.027304443628351084,-0.07968539600930347
