values,,position,position,position,Magnetometer,Magnetometer,Magnetometer
axis,,x,y,z,x,y,z
Sensor,Sample,,,,,,
0,0,0,0,0,-0.010894846370424777,0.0060839760068551844,-0.1287366874770474
0,1,0,0,0,-0.010784673766678908,0.0058942343004039655,-0.12903660178724446
0,2,0,0,0,-0.0109315705716734,0.006224752111641572,-0.12886522218141755
0,3,0,0,0,-0.0109315705716734,0.006224752111641572,-0.12886522218141755
0,4,0,0,0,-0.010558207858979067,0.005973803403109316,-0.12906108458807689
0,5,0,0,0,-0.010956053372505815,0.006163545109560534,-0.12893867058391478
0,6,0,0,0,-0.010956053372505815,0.006163545109560534,-0.12893867058391478
0,7,0,0,0,-0.010772432366262701,0.006077855306647081,-0.12885298078100133
0,8,0,0,0,-0.010839760068551842,0.005716733994368955,-0.1289141877830824
0,9,0,0,0,-0.010839760068551842,0.005716733994368955,-0.1289141877830824
0,10,0,0,0,-0.010662259762516831,0.006175786509976741,-0.12870608397600686
0,11,0,0,0,-0.01080303586730322,0.005955441302485005,-0.12892030848329047
0,12,0,0,0,-0.01080303586730322,0.005955441302485005,-0.12892030848329047
0,13,0,0,0,-0.010729587464805974,0.005992165503733627,-0.12897539478516343
0,14,0,0,0,-0.011035622475211164,0.006200269310809157,-0.12883461868037704
0,15,0,0,0,-0.011035622475211164,0.006200269310809157,-0.12883461868037704
0,16,0,0,0,-0.010656139062308728,0.005992165503733627,-0.12904272248745258
0,17,0,0,0,-0.0110907087770841,0.0061207002081038065,-0.1286020320724691
0,18,0,0,0,-0.0110907087770841,0.0061207002081038065,-0.1286020320724691
0,19,0,0,0,-0.01082139796792753,0.005930958501652589,-0.12898151548537154
0,20,0,0,0,-0.01072346676459787,0.0062553556126820915,-0.12859591137226098
0,21,0,0,0,-0.011207002081038071,0.0060656139062308725,-0.12915901579140654
0,22,0,0,0,-0.011207002081038071,0.0060656139062308725,-0.12915901579140654
0,23,0,0,0,-0.010925449871465296,0.005900355000612071,-0.12872444607663117
0,24,0,0,0,-0.010888725670216672,0.005961562002693108,-0.12901211898641204
0,25,0,0,0,-0.010888725670216672,0.005961562002693108,-0.12901211898641204
0,26,0,0,0,-0.010937691271881503,0.006090096707063288,-0.12903660178724446
0,27,0,0,0,-0.010729587464805974,0.005735096094993267,-0.12875504957767167
0,28,0,0,0,-0.010729587464805974,0.005735096094993267,-0.12875504957767167
0,29,0,0,0,-0.010778553066470804,0.0062920798139307135,-0.12897539478516343
0,30,0,0,0,-0.010784673766678908,0.0058575100991553435,-0.12881625657975274
0,31,0,0,0,-0.010784673766678908,0.0058575100991553435,-0.12881625657975274
0,32,0,0,0,-0.010686742563349247,0.005863630799363447,-0.12881625657975274
0,33,0,0,0,-0.010876484269800465,0.006053372505814665,-0.12877341167829598
0,34,0,0,0,-0.010876484269800465,0.006053372505814665,-0.12877341167829598
0,35,0,0,0,-0.010894846370424777,0.006206390011017261,-0.12871832537642308
0,36,0,0,0,-0.01090096707063288,0.005796303097074305,-0.12855918717101236
0,37,0,0,0,-0.01098053617333823,0.006139062308728118,-0.12889582568245808
0,38,0,0,0,-0.01098053617333823,0.006139062308728118,-0.12889582568245808
0,39,0,0,0,-0.010876484269800465,0.0061023381074794955,-0.12882237727996082
0,40,0,0,0,-0.01096217407271392,0.006059493206022769,-0.12896315338474723
0,41,0,0,0,-0.01096217407271392,0.006059493206022769,-0.12896315338474723
0,42,0,0,0,-0.010937691271881503,0.006132941608520015,-0.12881013587954462
0,43,0,0,0,-0.010754070265638389,0.006059493206022769,-0.12893867058391478
0,44,0,0,0,-0.010754070265638389,0.006059493206022769,-0.12893867058391478
0,45,0,0,0,-0.010858122169176154,0.006010527604357939,-0.12840616966580978
0,46,0,0,0,-0.010925449871465296,0.005698371893744644,-0.12896315338474723
0,47,0,0,0,-0.010925449871465296,0.005698371893744644,-0.12896315338474723
0,48,0,0,0,-0.010913208471049088,0.006224752111641572,-0.12889582568245808
0,49,0,0,0,-0.01067450116293304,0.005869751499571551,-0.12893867058391478
0,50,0,0,0,-0.01067450116293304,0.005869751499571551,-0.12893867058391478
0,51,0,0,0,-0.010992777573754439,0.00577182029624189,-0.1287672909780879
0,52,0,0,0,-0.010784673766678908,0.005918717101236382,-0.12887746358183377
0,53,0,0,0,-0.010784673766678908,0.005918717101236382,-0.12887746358183377
0,54,0,0,0,-0.010747949565430286,0.00615742440935243,-0.1289447912841229
0,55,0,0,0,-0.010845880768759947,0.0058207858979067205,-0.12886522218141755
0,56,0,0,0,-0.010845880768759947,0.005906475700820174,-0.12873056677683928
0,57,0,0,0,-0.010650018362100624,0.005906475700820174,-0.12873056677683928
0,58,0,0,0,-0.010380707552944058,0.005912596401028277,-0.1288040151793365
0,59,0,0,0,-0.010643897661892521,0.006071734606438976,-0.12890194638266617
0,60,0,0,0,-0.010643897661892521,0.006071734606438976,-0.12890194638266617
0,61,0,0,0,-0.010796915167095116,0.006151303709144326,-0.12887746358183377
0,62,0,0,0,-0.010790794466887011,0.0058024237972824095,-0.12884073938058513
0,63,0,0,0,-0.010790794466887011,0.0058024237972824095,-0.12884073938058513
0,64,0,0,0,-0.010986656873546333,0.005924837801444485,-0.12884073938058513
0,65,0,0,0,-0.010864242869384259,0.0061023381074794955,-0.12873056677683928
0,66,0,0,0,-0.010864242869384259,0.0061023381074794955,-0.12873056677683928
0,67,0,0,0,-0.010760190965846492,0.006212510711225364,-0.12874280817725547
0,68,0,0,0,-0.010772432366262701,0.0061084588076876,-0.12901823968662013
0,69,0,0,0,-0.010772432366262701,0.0061084588076876,-0.12901823968662013
0,70,0,0,0,-0.010913208471049088,0.0058207858979067205,-0.12875504957767167
0,71,0,0,0,-0.010888725670216672,0.0058024237972824095,-0.1289325498837067
0,72,0,0,0,-0.010888725670216672,0.0058024237972824095,-0.1289325498837067
0,73,0,0,0,-0.010839760068551842,0.006059493206022769,-0.12882237727996082
0,74,0,0,0,-0.010876484269800465,0.006090096707063288,-0.12906108458807689
0,75,0,0,0,-0.010876484269800465,0.006090096707063288,-0.12906108458807689
0,76,0,0,0,-0.01102950177500306,0.0058758721997796545,-0.12883461868037704
0,77,0,0,0,-0.010741828865222182,0.0063104419145550246,-0.12867548047496633
0,78,0,0,0,-0.010741828865222182,0.005845268698739136,-0.12898151548537154
0,79,0,0,0,-0.01080303586730322,0.005845268698739136,-0.12898151548537154
0,80,0,0,0,-0.01085200146896805,0.006016648304566043,-0.1290978087893255
0,81,0,0,0,-0.010845880768759947,0.006194148610601053,-0.1287672909780879
0,82,0,0,0,-0.010845880768759947,0.006194148610601053,-0.1287672909780879
0,83,0,0,0,-0.0109315705716734,0.006181907210184845,-0.12893867058391478
0,84,0,0,0,-0.010919329171257191,0.006353286816011753,-0.12883461868037704
0,85,0,0,0,-0.010919329171257191,0.006353286816011753,-0.12883461868037704
0,86,0,0,0,-0.01072346676459787,0.005881992899987759,-0.12888358428204189
0,87,0,0,0,-0.010729587464805974,0.0060472518056065615,-0.12890806708287428
0,88,0,0,0,-0.010729587464805974,0.0060472518056065615,-0.12890806708287428
0,89,0,0,0,-0.010570449259395275,0.006022769004774146,-0.12866935977475824
0,90,0,0,0,-0.010974415473130127,0.005826906598114824,-0.12868772187538255
0,91,0,0,0,-0.010974415473130127,0.005826906598114824,-0.12868772187538255
0,92,0,0,0,-0.010668380462724936,0.005986044803525523,-0.1290488431876607
0,93,0,0,0,-0.010796915167095116,0.005777940996449994,-0.1287795323785041
0,94,0,0,0,-0.010796915167095116,0.005777940996449994,-0.1287795323785041
0,95,0,0,0,-0.0109315705716734,0.006230872811849675,-0.12890806708287428
0,96,0,0,0,-0.0109315705716734,0.006206390011017261,-0.12869384257559063
0,97,0,0,0,-0.0109315705716734,0.006206390011017261,-0.12869384257559063
0,98,0,0,0,-0.010907087770840984,0.006132941608520015,-0.12850410086913944
0,99,0,0,0,-0.010778553066470804,0.0060288897049822505,-0.12858366997184478
1,0,35,0,0,-0.037917737789203085,0.011457950789570327,-0.06047251805606561
1,1,35,0,0,-0.037917737789203085,0.011457950789570327,-0.06047251805606561
1,2,35,0,0,-0.03812584159627862,0.0114151058881136,-0.06068674256334925
1,3,35,0,0,-0.03769739258171135,0.01136614028644877,-0.06082139796792753
1,4,35,0,0,-0.03769739258171135,0.01136614028644877,-0.06082139796792753
1,5,35,0,0,-0.03791161708899498,0.011035622475211164,-0.06086424286938426
1,6,35,0,0,-0.038034031093157054,0.01133553678540825,-0.06062553556126821
1,7,35,0,0,-0.038034031093157054,0.01133553678540825,-0.06062553556126821
1,8,35,0,0,-0.037899375688578776,0.011788468600807931,-0.06073570816501408
1,9,35,0,0,-0.03797282409107602,0.011225364181662383,-0.060772432366262695
1,10,35,0,0,-0.03797282409107602,0.011225364181662383,-0.06043579385481699
1,11,35,0,0,-0.03804015179336516,0.011096829477292203,-0.06043579385481699
1,12,35,0,0,-0.0377769616844167,0.011506916391235158,-0.060772432366262695
1,13,35,0,0,-0.03772187538254376,0.011072346676459786,-0.06079691516709511
1,14,35,0,0,-0.03772187538254376,0.011072346676459786,-0.06079691516709511
1,15,35,0,0,-0.037948341290243603,0.01146407148977843,-0.060949932672297716
1,16,35,0,0,-0.03782592728608153,0.011200881380829968,-0.06065001836210062
1,17,35,0,0,-0.03782592728608153,0.011200881380829968,-0.06065001836210062
1,18,35,0,0,-0.03797282409107602,0.011390623087281185,-0.06098053617333823
1,19,35,0,0,-0.03773411678295997,0.011500795691027053,-0.06083976006855184
1,20,35,0,0,-0.03773411678295997,0.011500795691027053,-0.06083976006855184
1,21,35,0,0,-0.03775247888358428,0.011396743787489288,-0.06054596645856286
1,22,35,0,0,-0.03783816868649774,0.011421226588321703,-0.06068674256334925
1,23,35,0,0,-0.03783816868649774,0.011421226588321703,-0.06068674256334925
1,24,35,0,0,-0.03799730689190843,0.011470192189986534,-0.06096217407271391
1,25,35,0,0,-0.037617823479005996,0.011513037091443261,-0.06064389766189252
1,26,35,0,0,-0.03749540947484392,0.01123760558207859,-0.06063777696168442
1,27,35,0,0,-0.03749540947484392,0.01123760558207859,-0.06063777696168442
1,28,35,0,0,-0.037893254988370664,0.011194760680621862,-0.06068674256334925
1,29,35,0,0,-0.03772799608275187,0.011500795691027053,-0.06082751866813564
1,30,35,0,0,-0.03772799608275187,0.011500795691027053,-0.06082751866813564
1,31,35,0,0,-0.03788101358795446,0.011207002081038071,-0.06063777696168442
1,32,35,0,0,-0.037617823479005996,0.01115803647937324,-0.06078467376667891
1,33,35,0,0,-0.037617823479005996,0.01115803647937324,-0.06078467376667891
1,34,35,0,0,-0.03792385848941119,0.011274329783327212,-0.060558207858979064
1,35,35,0,0,-0.037789203084832905,0.011225364181662383,-0.06058881136001959
1,36,35,0,0,-0.03772799608275187,0.011213122781246174,-0.06074794956543028
1,37,35,0,0,-0.03772799608275187,0.011213122781246174,-0.06074794956543028
1,38,35,0,0,-0.03805851389398947,0.011084588076875995,-0.060656139062308725
1,39,35,0,0,-0.03783204798628963,0.011402864487697392,-0.060913208471049085
1,40,35,0,0,-0.03783204798628963,0.011402864487697392,-0.060913208471049085
1,41,35,0,0,-0.03783816868649774,0.011292691883951524,-0.06079079446688701
1,42,35,0,0,-0.037703513281919454,0.01144570938915412,-0.06072346676459787
1,43,35,0,0,-0.037703513281919454,0.01144570938915412,-0.06072346676459787
1,44,35,0,0,-0.03788101358795446,0.011194760680621862,-0.06060105276043579
1,45,35,0,0,-0.0377769616844167,0.011451830089362224,-0.06083976006855184
1,46,35,0,0,-0.0377769616844167,0.01130493328436773,-0.06079079446688701
1,47,35,0,0,-0.03775247888358428,0.01130493328436773,-0.06079079446688701
1,48,35,0,0,-0.03781368588566532,0.011115191577916513,-0.06050924225731423
1,49,35,0,0,-0.03769739258171135,0.011182519280205656,-0.060698983963765454
1,50,35,0,0,-0.03769739258171135,0.011182519280205656,-0.060698983963765454
1,51,35,0,0,-0.03785653078712205,0.011470192189986534,-0.060631656261476305
1,52,35,0,0,-0.03799118619170033,0.011353898886032563,-0.06087648426980047
1,53,35,0,0,-0.03799118619170033,0.011353898886032563,-0.06087648426980047
1,54,35,0,0,-0.037887134288162566,0.011353898886032563,-0.06099889827396254
1,55,35,0,0,-0.037819806585873424,0.01106010527604358,-0.060613294160852
1,56,35,0,0,-0.037819806585873424,0.01106010527604358,-0.060613294160852
1,57,35,0,0,-0.03785653078712205,0.011408985187905497,-0.060913208471049085
1,58,35,0,0,-0.03797282409107602,0.011194760680621862,-0.060698983963765454
1,59,35,0,0,-0.03797282409107602,0.011378381686864978,-0.06074794956543028
1,60,35,0,0,-0.03799730689190843,0.011378381686864978,-0.06074794956543028
1,61,35,0,0,-0.03797894479128412,0.011164157179581344,-0.06115803647937325
1,62,35,0,0,-0.037758599583792386,0.011384502387073081,-0.06088872567021667
1,63,35,0,0,-0.037758599583792386,0.011384502387073081,-0.06088872567021667
1,64,35,0,0,-0.037715754682335664,0.011139674378748929,-0.060674501162933034
1,65,35,0,0,-0.037758599583792386,0.011280450483535317,-0.060870363569592356
1,66,35,0,0,-0.037758599583792386,0.011280450483535317,-0.060870363569592356
1,67,35,0,0,-0.037874892887746356,0.010968294772922023,-0.06068674256334925
1,68,35,0,0,-0.03780756518545721,0.0110907087770841,-0.06051536295752234
1,69,35,0,0,-0.03780756518545721,0.0110907087770841,-0.06051536295752234
1,70,35,0,0,-0.037703513281919454,0.011115191577916513,-0.060705104663973566
1,71,35,0,0,-0.03782592728608153,0.011470192189986534,-0.061023381074794956
1,72,35,0,0,-0.03782592728608153,0.011470192189986534,-0.06080303586730322
1,73,35,0,0,-0.0377769616844167,0.011360019586240666,-0.06080303586730322
1,74,35,0,0,-0.03786877218753825,0.011292691883951524,-0.060705104663973566
1,75,35,0,0,-0.037703513281919454,0.011372260986656873,-0.06096217407271391
1,76,35,0,0,-0.037703513281919454,0.011372260986656873,-0.06096217407271391
1,77,35,0,0,-0.03792385848941119,0.011353898886032563,-0.060913208471049085
1,78,35,0,0,-0.037691271881503244,0.01110907087770841,-0.060680621863141146
1,79,35,0,0,-0.037691271881503244,0.01110907087770841,-0.060680621863141146
1,80,35,0,0,-0.037887134288162566,0.011323295384992044,-0.06062553556126821
1,81,35,0,0,-0.03783816868649774,0.011213122781246174,-0.060809156567511326
1,82,35,0,0,-0.03783816868649774,0.011213122781246174,-0.060809156567511326
1,83,35,0,0,-0.03785653078712205,0.011072346676459786,-0.0609193291712572
1,84,35,0,0,-0.03783816868649774,0.011402864487697392,-0.06063777696168442
1,85,35,0,0,-0.03783816868649774,0.011402864487697392,-0.06085812216917615
1,86,35,0,0,-0.0377830823846248,0.011292691883951524,-0.06085812216917615
1,87,35,0,0,-0.03793609988982739,0.011280450483535317,-0.06085812216917615
1,88,35,0,0,-0.03788101358795446,0.011213122781246174,-0.06062553556126821
1,89,35,0,0,-0.03788101358795446,0.011213122781246174,-0.06062553556126821
1,90,35,0,0,-0.03786265148733015,0.01146407148977843,-0.060809156567511326
1,91,35,0,0,-0.037874892887746356,0.011396743787489288,-0.06050924225731423
1,92,35,0,0,-0.037874892887746356,0.011396743787489288,-0.06050924225731423
1,93,35,0,0,-0.03802178969274085,0.01110907087770841,-0.06058269065981148
1,94,35,0,0,-0.03786265148733015,0.011255967682702902,-0.06051536295752234
1,95,35,0,0,-0.03786265148733015,0.011255967682702902,-0.06051536295752234
1,96,35,0,0,-0.037746358183376176,0.01136614028644877,-0.060852001468968055
1,97,35,0,0,-0.037758599583792386,0.011292691883951524,-0.06072346676459787
1,98,35,0,0,-0.03793609988982739,0.011035622475211164,-0.06071734606438976
1,99,35,0,0,-0.03793609988982739,0.011035622475211164,-0.06071734606438976
2,0,0,35,0,0.010025706940874037,0.023117884686008082,-0.1261904761904762
2,1,0,35,0,0.010325621251071122,0.023270902191210675,-0.12647814910025706
2,2,0,35,0,0.010319500550863019,0.022903660178724448,-0.12644754559921656
2,3,0,35,0,0.010319500550863019,0.022903660178724448,-0.12644754559921656
2,4,0,35,0,0.010227690047741461,0.023117884686008082,-0.1265393561023381
2,5,0,35,0,0.010313379850654916,0.023203574488921533,-0.1263924592973436
2,6,0,35,0,0.010313379850654916,0.023203574488921533,-0.1263924592973436
2,7,0,35,0,0.010527604357938548,0.02295262578038928,-0.12656383890317052
2,8,0,35,0,0.010239931448157668,0.023050556983718936,-0.12687599461378382
2,9,0,35,0,0.010239931448157668,0.023050556983718936,-0.12687599461378382
2,10,0,35,0,0.010148120945036112,0.023240298690170157,-0.1263802178969274
2,11,0,35,0,0.010239931448157668,0.023032194883094624,-0.12643530419880034
2,12,0,35,0,0.010239931448157668,0.023032194883094624,-0.12643530419880034
2,13,0,35,0,0.010301138450238707,0.022903660178724448,-0.12631289019463826
2,14,0,35,0,0.010172603745868527,0.02313012608642429,-0.12633737299547068
2,15,0,35,0,0.010203207246909046,0.02292814297955686,-0.1265087526012976
2,16,0,35,0,0.010203207246909046,0.02292814297955686,-0.1265087526012976
2,17,0,35,0,0.010552087158770963,0.02279960827518668,-0.12633737299547068
2,18,0,35,0,0.010503121557106133,0.02295874648059738,-0.126355735096095
2,19,0,35,0,0.010503121557106133,0.02295874648059738,-0.126355735096095
2,20,0,35,0,0.01030725915044681,0.023019953482678417,-0.12623332109193292
2,21,0,35,0,0.01017872444607663,0.023044436283510834,-0.12640470069775983
2,22,0,35,0,0.01017872444607663,0.023044436283510834,-0.12640470069775983
2,23,0,35,0,0.010374586852735953,0.023099522585383767,-0.1264903905006733
2,24,0,35,0,0.010503121557106133,0.0229893499816379,-0.12642306279838414
2,25,0,35,0,0.010503121557106133,0.0229893499816379,-0.12642306279838414
2,26,0,35,0,0.010203207246909046,0.023081160484759455,-0.12660668380462725
2,27,0,35,0,0.010356224752111641,0.02310564328559187,-0.12645366629942464
2,28,0,35,0,0.010613294160852002,0.023099522585383767,-0.12615987268943568
2,29,0,35,0,0.010613294160852002,0.023099522585383767,-0.12615987268943568
2,30,0,35,0,0.010282776349614397,0.022915901579140655,-0.1265577182029624
2,31,0,35,0,0.010380707552944058,0.023191333088505326,-0.1264965112008814
2,32,0,35,0,0.010380707552944058,0.023191333088505326,-0.1264965112008814
2,33,0,35,0,0.010056310441914556,0.023209695189129638,-0.1263434936956788
2,34,0,35,0,0.010441914555025095,0.022787366874770475,-0.12663116660545964
2,35,0,35,0,0.010441914555025095,0.022787366874770475,-0.12663116660545964
2,36,0,35,0,0.010105276043579385,0.023142367486840495,-0.12630064879422204
2,37,0,35,0,0.010239931448157668,0.023142367486840495,-0.1263434936956788
2,38,0,35,0,0.010239931448157668,0.023142367486840495,-0.1263434936956788
2,39,0,35,0,0.010246052148365773,0.02310564328559187,-0.12630676949443015
2,40,0,35,0,0.010405190353776472,0.023191333088505326,-0.12612314848818704
2,41,0,35,0,0.009970620639001102,0.022946505080181173,-0.12660056310441914
2,42,0,35,0,0.009970620639001102,0.022946505080181173,-0.12660056310441914
2,43,0,35,0,0.010448035255233199,0.02318521238829722,-0.12640470069775983
2,44,0,35,0,0.010166483045660424,0.023197453788713428,-0.12658832170400294
2,45,0,35,0,0.010166483045660424,0.023197453788713428,-0.12658832170400294
2,46,0,35,0,0.010337862651487329,0.023068919084343248,-0.1265209940017138
2,47,0,35,0,0.010074672542538866,0.02287917737789203,-0.12624556249234914
2,48,0,35,0,0.010074672542538866,0.02287917737789203,-0.12624556249234914
2,49,0,35,0,0.010448035255233199,0.022995470681846004,-0.12641082139796794
2,50,0,35,0,0.010295017750030604,0.023099522585383767,-0.12647814910025706
2,51,0,35,0,0.010295017750030604,0.023099522585383767,-0.12647814910025706
2,52,0,35,0,0.010521483657730445,0.022897539478516343,-0.12672297710858121
2,53,0,35,0,0.010301138450238707,0.023026074182886522,-0.12610478638756273
2,54,0,35,0,0.010301138450238707,0.023026074182886522,-0.12627616599338964
2,55,0,35,0,0.010399069653568368,0.02309340188517566,-0.12627616599338964
2,56,0,35,0,0.010019586240665932,0.023050556983718936,-0.12623944179214103
2,57,0,35,0,0.01049700085689803,0.023142367486840495,-0.12640470069775983
2,58,0,35,0,0.01049700085689803,0.023142367486840495,-0.12640470069775983
2,59,0,35,0,0.010325621251071122,0.023032194883094624,-0.12630676949443015
2,60,0,35,0,0.010264414248990085,0.022707797772065125,-0.12658832170400294
2,61,0,35,0,0.010264414248990085,0.022707797772065125,-0.12658832170400294
2,62,0,35,0,0.010227690047741461,0.02300771208226221,-0.12625168319255722
2,63,0,35,0,0.010301138450238707,0.02308728118496756,-0.1261965968906843
2,64,0,35,0,0.010301138450238707,0.02308728118496756,-0.1261965968906843
2,65,0,35,0,0.010203207246909046,0.02290978087893255,-0.12630676949443015
2,66,0,35,0,0.010037948341290244,0.023075039784551353,-0.12663116660545964
2,67,0,35,0,0.010037948341290244,0.023075039784551353,-0.12663116660545964
2,68,0,35,0,0.010331741951279226,0.023111763985799977,-0.1262088382911005
2,69,0,35,0,0.010478638756273717,0.023319867792875502,-0.12680254621128656
2,70,0,35,0,0.010356224752111641,0.022885298078100136,-0.1263863385971355
2,71,0,35,0,0.010356224752111641,0.022885298078100136,-0.1263863385971355
2,72,0,35,0,0.010374586852735953,0.02317909168808912,-0.12642306279838414
2,73,0,35,0,0.010172603745868527,0.02309340188517566,-0.12656995960337863
2,74,0,35,0,0.010172603745868527,0.02309340188517566,-0.12656995960337863
2,75,0,35,0,0.010454155955441302,0.02310564328559187,-0.12644754559921656
2,76,0,35,0,0.010282776349614397,0.022995470681846004,-0.12633737299547068
2,77,0,35,0,0.010282776349614397,0.022995470681846004,-0.12633737299547068
2,78,0,35,0,0.010172603745868527,0.02313012608642429,-0.1263618557963031
2,79,0,35,0,0.010203207246909046,0.023019953482678417,-0.12653323540213
2,80,0,35,0,0.010203207246909046,0.023019953482678417,-0.12653323540213
2,81,0,35,0,0.010350104051903538,0.023154608887256702,-0.1266617701065002
2,82,0,35,0,0.010239931448157668,0.02287305667768393,-0.12677194271024605
2,83,0,35,0,0.010239931448157668,0.02287305667768393,-0.12677194271024605
2,84,0,35,0,0.010350104051903538,0.02313624678663239,-0.12642306279838414
2,85,0,35,0,0.010441914555025095,0.022934263679764966,-0.12629452809401395
2,86,0,35,0,0.010154241645244217,0.023240298690170157,-0.12692496021544866
2,87,0,35,0,0.010154241645244217,0.023240298690170157,-0.12692496021544866
2,88,0,35,0,0.010142000244828009,0.022970987881013587,-0.1262088382911005
2,89,0,35,0,0.010301138450238707,0.02292202227934876,-0.1263496143958869
2,90,0,35,0,0.010301138450238707,0.02292202227934876,-0.1263496143958869
2,91,0,35,0,0.010313379850654916,0.023044436283510834,-0.12651487330150568
2,92,0,35,0,0.010221569347533358,0.023026074182886522,-0.12653323540213
2,93,0,35,0,0.010221569347533358,0.023026074182886522,-0.12653323540213
2,94,0,35,0,0.010478638756273717,0.023013832782470316,-0.12688823601420002
2,95,0,35,0,0.010019586240665932,0.023319867792875502,-0.12628840739380584
2,96,0,35,0,0.010019586240665932,0.023319867792875502,-0.12628840739380584
2,97,0,35,0,0.010295017750030604,0.02287305667768393,-0.1266862529073326
2,98,0,35,0,0.010258293548781982,0.023117884686008082,-0.12628840739380584
2,99,0,35,0,0.01036846615252785,0.023026074182886522,-0.12647814910025706
3,0,35,35,0,0.046554045782837554,0.014040886277390132,-0.07997918961929244
3,1,35,35,0,0.04650508018117273,0.014169420981760314,-0.08030358673032195
3,2,35,35,0,0.04629085567388909,0.013912351573019954,-0.08051781123760558
3,3,35,35,0,0.04629085567388909,0.015479250826294528,-0.0800648794222059
3,4,35,35,0,0.04649895948096462,0.014218386583425145,-0.0800648794222059
3,5,35,35,0,0.04635818337617824,0.014040886277390132,-0.08053005263802179
3,6,35,35,0,0.046437752478883584,0.014077610478638754,-0.08040763863385972
3,7,35,35,0,0.046437752478883584,0.014077610478638754,-0.08040763863385972
3,8,35,35,0,0.046419390378259276,0.014089851879054963,-0.08056677683927041
3,9,35,35,0,0.04660301138450239,0.013881748071979436,-0.08026074182886522
3,10,35,35,0,0.04660301138450239,0.013881748071979436,-0.08026074182886522
3,11,35,35,0,0.04643163177867548,0.014230627983841351,-0.08036479373240299
3,12,35,35,0,0.04659689068429428,0.013857265271147019,-0.08059738034031093
3,13,35,35,0,0.04659689068429428,0.013857265271147019,-0.08059738034031093
3,14,35,35,0,0.04659689068429428,0.013973558575100992,-0.08040763863385972
3,15,35,35,0,0.0464683559799241,0.013942955074060473,-0.08034643163177868
3,16,35,35,0,0.0464683559799241,0.013942955074060473,-0.08013220712449505
3,17,35,35,0,0.04636430407638634,0.013967437874892888,-0.08013220712449505
3,18,35,35,0,0.046419390378259276,0.014108213979679277,-0.08060962174072714
3,19,35,35,0,0.04648059738034031,0.014059248378014444,-0.08053005263802179
3,20,35,35,0,0.04648059738034031,0.014059248378014444,-0.08053005263802179
3,21,35,35,0,0.04652956298200514,0.01393683437385237,-0.08027910392948953
3,22,35,35,0,0.04643163177867548,0.013973558575100992,-0.08044436283510834
3,23,35,35,0,0.04643163177867548,0.013973558575100992,-0.08044436283510834
3,24,35,35,0,0.046694821887623944,0.013949075774268576,-0.08048108703635695
3,25,35,35,0,0.04638878687721875,0.01408373117884686,-0.08026074182886522
3,26,35,35,0,0.04638878687721875,0.01408373117884686,-0.08026074182886522
3,27,35,35,0,0.046425511078467374,0.01400416207614151,-0.0802178969274085
3,28,35,35,0,0.04645611457950789,0.014230627983841351,-0.0805484147386461
3,29,35,35,0,0.04648059738034031,0.014089851879054963,-0.08064634594197576
3,30,35,35,0,0.04648059738034031,0.014089851879054963,-0.08064634594197576
3,31,35,35,0,0.046664218386583425,0.013912351573019954,-0.0802117762272004
3,32,35,35,0,0.046419390378259276,0.01418166238217652,-0.08056677683927041
3,33,35,35,0,0.046419390378259276,0.01418166238217652,-0.08056677683927041
3,34,35,35,0,0.04654180438242135,0.013991920675725304,-0.08041375933406782
3,35,35,35,0,0.04633370057534582,0.01393683437385237,-0.08030358673032195
3,36,35,35,0,0.04633370057534582,0.01393683437385237,-0.08030358673032195
3,37,35,35,0,0.04652344228179704,0.01419390378259273,-0.08042600073448403
3,38,35,35,0,0.046278614273472886,0.014151058881136002,-0.08017505202595177
3,39,35,35,0,0.04627249357326478,0.01377769616844167,-0.08035867303219488
3,40,35,35,0,0.04627249357326478,0.01377769616844167,-0.08035867303219488
3,41,35,35,0,0.04652344228179704,0.01395519647447668,-0.08062186314114335
3,42,35,35,0,0.0463030970743053,0.013734851266984944,-0.0803709144326111
3,43,35,35,0,0.0463030970743053,0.013734851266984944,-0.0803709144326111
3,44,35,35,0,0.0464683559799241,0.013930713673644266,-0.08047496633614885
3,45,35,35,0,0.04638266617701065,0.013857265271147019,-0.08046884563594076
3,46,35,35,0,0.04638266617701065,0.013857265271147019,-0.08046884563594076
3,47,35,35,0,0.04654180438242135,0.014377524788835843,-0.08027298322928142
3,48,35,35,0,0.046437752478883584,0.014126576080303588,-0.08062798384135145
3,49,35,35,0,0.046437752478883584,0.014126576080303588,-0.08062798384135145
3,50,35,35,0,0.046651976986167215,0.013765454768025463,-0.08024850042844901
3,51,35,35,0,0.046352062675970127,0.014034765577182029,-0.08045660423552455
3,52,35,35,0,0.04629085567388909,0.013869506671563229,-0.08019953482678419
3,53,35,35,0,0.04629085567388909,0.013869506671563229,-0.08019953482678419
3,54,35,35,0,0.0464683559799241,0.014010282776349614,-0.08043212143469212
3,55,35,35,0,0.04647447668013221,0.013942955074060473,-0.08057901823968662
3,56,35,35,0,0.04647447668013221,0.013942955074060473,-0.08057901823968662
3,57,35,35,0,0.04657240788346187,0.013759334067817357,-0.0805545354388542
3,58,35,35,0,0.04652344228179704,0.014016403476557717,-0.08047496633614885
3,59,35,35,0,0.04652344228179704,0.014016403476557717,-0.08047496633614885
3,60,35,35,0,0.04659076998408618,0.014028644876973926,-0.08036479373240299
3,61,35,35,0,0.04654180438242135,0.013753213367609254,-0.08048720773656506
3,62,35,35,0,0.04654180438242135,0.013753213367609254,-0.08048720773656506
3,63,35,35,0,0.046394907577426855,0.013979679275309095,-0.0803709144326111
3,64,35,35,0,0.046278614273472886,0.014022524176765822,-0.08040763863385972
3,65,35,35,0,0.04648671808054842,0.01393683437385237,-0.080542294038438
3,66,35,35,0,0.04648671808054842,0.01393683437385237,-0.080542294038438
3,67,35,35,0,0.04631533847472151,0.014047006977598236,-0.08043212143469212
3,68,35,35,0,0.04648671808054842,0.014200024482800833,-0.08028522462969764
3,69,35,35,0,0.04648671808054842,0.014200024482800833,-0.08028522462969764
3,70,35,35,0,0.046547925082629456,0.014120455380095483,-0.08045660423552455
3,71,35,35,0,0.046462235279716005,0.013979679275309095,-0.08025462112865712
3,72,35,35,0,0.046462235279716005,0.013979679275309095,-0.08025462112865712
3,73,35,35,0,0.046437752478883584,0.014089851879054963,-0.08029746603011384
3,74,35,35,0,0.046462235279716005,0.013802178969274085,-0.08053617333822989
3,75,35,35,0,0.046462235279716005,0.013802178969274085,-0.08053617333822989
3,76,35,35,0,0.04640102827763496,0.014279593585506182,-0.0803770351328192
3,77,35,35,0,0.04651732158158893,0.014047006977598236,-0.0804015179336516
3,78,35,35,0,0.046762149589913087,0.014138817480719795,-0.08024237972824091
3,79,35,35,0,0.046762149589913087,0.014138817480719795,-0.08024237972824091
3,80,35,35,0,0.046462235279716005,0.014157179581344107,-0.08046272493573264
3,81,35,35,0,0.04624801077243237,0.013875627371771332,-0.08033419023136247
3,82,35,35,0,0.04624801077243237,0.013875627371771332,-0.08033419023136247
3,83,35,35,0,0.04654180438242135,0.014132696780511692,-0.0802178969274085
3,84,35,35,0,0.04640102827763496,0.014040886277390132,-0.08026074182886522
3,85,35,35,0,0.04640102827763496,0.014040886277390132,-0.08026074182886522
3,86,35,35,0,0.04654180438242135,0.013869506671563229,-0.08045048353531645
3,87,35,35,0,0.04657240788346187,0.01393683437385237,-0.08029746603011384
3,88,35,35,0,0.04657240788346187,0.01393683437385237,-0.08029746603011384
3,89,35,35,0,0.04659689068429428,0.01418166238217652,-0.08050556983718937
3,90,35,35,0,0.046419390378259276,0.014157179581344107,-0.08036479373240299
3,91,35,35,0,0.046682580487207734,0.013942955074060473,-0.08030358673032195
3,92,35,35,0,0.046682580487207734,0.013942955074060473,-0.08030358673032195
3,93,35,35,0,0.04648059738034031,0.014224507283633248,-0.08041988003427593
3,94,35,35,0,0.04658464928387808,0.013991920675725304,-0.08057901823968662
3,95,35,35,0,0.04658464928387808,0.013991920675725304,-0.08057901823968662
3,96,35,35,0,0.04649895948096462,0.013789937568857876,-0.08065858734239198
3,97,35,35,0,0.04637654547680255,0.013887868772187539,-0.08046884563594076
3,98,35,35,0,0.04637654547680255,0.013887868772187539,-0.08046884563594076
3,99,35,35,0,0.046425511078467374,0.013998041375933407,-0.08035255233198678
