values,,position,position,position,Magnetometer,Magnetometer,Magnetometer
axis,,x,y,z,x,y,z
Sensor,Sample,,,,,,
0,0,0,0,0,-0.018625290733259886,-0.0009058636307993634,-0.1266740115069164
0,1,0,0,0,-0.018533480230138327,-0.0011262088382911005,-0.12688823601420002
0,2,0,0,0,-0.01869873913575713,-0.0008691394295507407,-0.12672909780878933
0,3,0,0,0,-0.01869873913575713,-0.0008691394295507407,-0.12672909780878933
0,4,0,0,0,-0.01847227322805729,-0.0008140531276778064,-0.12676582201003794
0,5,0,0,0,-0.01844166972701677,-0.0007100012241400416,-0.1268209083119109
0,6,0,0,0,-0.01852123882972212,-0.0009915534337128168,-0.12691271881503244
0,7,0,0,0,-0.01852123882972212,-0.0009915534337128168,-0.12691271881503244
0,8,0,0,0,-0.018496756028889706,-0.0009793120332966092,-0.12625168319255722
0,9,0,0,0,-0.018643652833884198,-0.0009976741339209204,-0.1266678908067083
0,10,0,0,0,-0.018643652833884198,-0.0009976741339209204,-0.1266678908067083
0,11,0,0,0,-0.01844166972701677,-0.00094870853225609,-0.1266862529073326
0,12,0,0,0,-0.01853960093034643,-0.0007038805239319378,-0.12689435671440813
0,13,0,0,0,-0.01853960093034643,-0.0007038805239319378,-0.12689435671440813
0,14,0,0,0,-0.01877830823846248,-0.0009609499326722977,-0.12623944179214103
0,15,0,0,0,-0.018466152527849188,-0.0010405190353776472,-0.12639857999755172
0,16,0,0,0,-0.018466152527849188,-0.0010405190353776472,-0.12639857999755172
0,17,0,0,0,-0.018557963030970744,-0.0009976741339209204,-0.12691271881503244
0,18,0,0,0,-0.018460031827641082,-0.00094870853225609,-0.12691883951524055
0,19,0,0,0,-0.018460031827641082,-0.00094870853225609,-0.12691883951524055
0,20,0,0,0,-0.018655894234300405,-0.0009915534337128168,-0.12696168441669725
0,21,0,0,0,-0.018447790427224876,-0.0009058636307993634,-0.1266862529073326
0,22,0,0,0,-0.018447790427224876,-0.0009058636307993634,-0.1266862529073326
0,23,0,0,0,-0.01860080793242747,-0.0008324152283021177,-0.1268515118129514
0,24,0,0,0,-0.018380462724935733,-0.000538621618313135,-0.1265515975027543
0,25,0,0,0,-0.018557963030970744,-0.0010527604357938548,-0.12661280450483536
0,26,0,0,0,-0.018557963030970744,-0.0010527604357938548,-0.12661280450483536
0,27,0,0,0,-0.018337617823479004,-0.0009609499326722977,-0.12677806341045417
0,28,0,0,0,-0.018429428326600564,-0.0011690537397478272,-0.12705961562002693
0,29,0,0,0,-0.018429428326600564,-0.0011690537397478272,-0.12705961562002693
0,30,0,0,0,-0.01863141143346799,-0.000918105031215571,-0.1268698739135757
0,31,0,0,0,-0.01840494552576815,-0.0010282776349614395,-0.12673521850899744
0,32,0,0,0,-0.01840494552576815,-0.0010282776349614395,-0.12673521850899744
0,33,0,0,0,-0.018496756028889706,-0.0008813808299669483,-0.1263863385971355
0,34,0,0,0,-0.018515118129514015,-0.000985432733504713,-0.12688823601420002
0,35,0,0,0,-0.018515118129514015,-0.000985432733504713,-0.12688823601420002
0,36,0,0,0,-0.018319255722854692,-0.0011078467376667892,-0.12678418411066225
0,37,0,0,0,-0.018533480230138327,-0.0007956910270534949,-0.12664340800587587
0,38,0,0,0,-0.018533480230138327,-0.0007956910270534949,-0.12664340800587587
0,39,0,0,0,-0.018545721630554533,-0.00120577794099645,-0.1270167707185702
0,40,0,0,0,-0.018502876729097808,-0.0007650875260129758,-0.12688823601420002
0,41,0,0,0,-0.018502876729097808,-0.0007650875260129758,-0.12688823601420002
0,42,0,0,0,-0.01844166972701677,-0.001009915534337128,-0.12663728730566776
0,43,0,0,0,-0.018576325131595052,-0.0008201738278859101,-0.1266984943077488
0,44,0,0,0,-0.01823356591994124,-0.000599828620394173,-0.12662504590525156
0,45,0,0,0,-0.01823356591994124,-0.000599828620394173,-0.12662504590525156
0,46,0,0,0,-0.018594687232219364,-0.0006243114212265883,-0.12677806341045417
0,47,0,0,0,-0.018582445831803157,-0.0010282776349614395,-0.1268821153139919
0,48,0,0,0,-0.018582445831803157,-0.0010282776349614395,-0.1268821153139919
0,49,0,0,0,-0.01860080793242747,-0.000569225119353654,-0.12694332231607294
0,50,0,0,0,-0.01852123882972212,-0.0010405190353776472,-0.1266617701065002
0,51,0,0,0,-0.018564083731178845,-0.0007650875260129758,-0.1268576325131595
0,52,0,0,0,-0.01861917003305178,-0.0009242257314236748,-0.12674133920920555
0,53,0,0,0,-0.018245807320357448,-0.0009670706328804015,-0.1266862529073326
0,54,0,0,0,-0.01834373852368711,-0.0007834496266372873,-0.1267046150079569
0,55,0,0,0,-0.018582445831803157,-0.0008813808299669483,-0.12675970130982986
0,56,0,0,0,-0.018398824825560045,-0.0009731913330885053,-0.1268637532133676
0,57,0,0,0,-0.01837434202472763,-0.0008140531276778064,-0.1271453054229404
0,58,0,0,0,-0.01855184233076264,-0.0011139674378748928,-0.12697392581711348
0,59,0,0,0,-0.01844166972701677,-0.000887501530175052,-0.12699228791773778
0,60,0,0,0,-0.018411066225976252,-0.0008936222303831558,-0.12650263190108949
0,61,0,0,0,-0.01866201493450851,-0.0010037948341290244,-0.12678418411066225
0,62,0,0,0,-0.01866201493450851,-0.0008630187293426368,-0.12679030481087036
0,63,0,0,0,-0.018515118129514015,-0.0008630187293426368,-0.12679030481087036
0,64,0,0,0,-0.018453911127432977,-0.000887501530175052,-0.12674133920920555
0,65,0,0,0,-0.01861917003305178,-0.0010894846370424777,-0.1264903905006733
0,66,0,0,0,-0.018466152527849188,-0.0008140531276778064,-0.12677194271024605
0,67,0,0,0,-0.018380462724935733,-0.0008385359285102217,-0.1266556494062921
0,68,0,0,0,-0.018478393928265394,-0.0008140531276778064,-0.12677194271024605
0,69,0,0,0,-0.01844166972701677,-0.0008385359285102217,-0.12672909780878933
0,70,0,0,0,-0.018466152527849188,-0.0011262088382911005,-0.12676582201003794
0,71,0,0,0,-0.01838658342514384,-0.0010343983351695433,-0.12696780511690536
0,72,0,0,0,-0.01834985922389521,-0.0007895703268453911,-0.12661892520504345
0,73,0,0,0,-0.018594687232219364,-0.0010221569347533357,-0.12697392581711348
0,74,0,0,0,-0.018564083731178845,-0.0011078467376667892,-0.1268576325131595
0,75,0,0,0,-0.01844166972701677,-0.0007222426245562493,-0.12674133920920555
0,76,0,0,0,-0.01857020443138695,-0.0010037948341290244,-0.12690659811482435
0,77,0,0,0,-0.01863141143346799,-0.0009119843310074673,-0.126827029012119
0,78,0,0,0,-0.01863141143346799,-0.0009119843310074673,-0.1265515975027543
0,79,0,0,0,-0.018576325131595052,-0.0008630187293426368,-0.1265515975027543
0,80,0,0,0,-0.018478393928265394,-0.0009548292324641939,-0.12680254621128656
0,81,0,0,0,-0.01839270412535194,-0.0011629330395397234,-0.12648426980046518
0,82,0,0,0,-0.01855184233076264,-0.0007161219243481455,-0.12674133920920555
0,83,0,0,0,-0.01838658342514384,-0.001144570938915412,-0.1269861672175297
0,84,0,0,0,-0.018496756028889706,-0.0009976741339209204,-0.12677194271024605
0,85,0,0,0,-0.018417186926184357,-0.0010221569347533357,-0.1268821153139919
0,86,0,0,0,-0.018429428326600564,-0.0006549149222671073,-0.12677806341045417
0,87,0,0,0,-0.018527359529930225,-0.0009731913330885053,-0.12678418411066225
0,88,0,0,0,-0.01852123882972212,-0.0008813808299669483,-0.12668013220712449
0,89,0,0,0,-0.01852123882972212,-0.0008813808299669483,-0.12668013220712449
0,90,0,0,0,-0.018380462724935733,-0.0006426735218508998,-0.12673521850899744
0,91,0,0,0,-0.018380462724935733,-0.0008140531276778064,-0.12678418411066225
0,92,0,0,0,-0.018300893622230384,-0.0007956910270534949,-0.12688823601420002
0,93,0,0,0,-0.018460031827641082,-0.0008691394295507407,-0.12677194271024605
0,94,0,0,0,-0.01853960093034643,-0.0007773289264291835,-0.1268453911127433
0,95,0,0,0,-0.01847227322805729,-0.0009242257314236748,-0.1261843554902681
0,96,0,0,0,-0.018845635940751622,-0.0009731913330885053,-0.1267046150079569
0,97,0,0,0,-0.018337617823479004,-0.0007773289264291835,-0.12679642551107845
0,98,0,0,0,-0.01852123882972212,-0.0008140531276778064,-0.12695556371648917
0,99,0,0,0,-0.018564083731178845,-0.0009670706328804015,-0.12681478761170278
1,0,35,0,0,-0.03674256334924715,0.006402252417676582,-0.05580854449749051
1,1,35,0,0,-0.03674256334924715,0.006402252417676582,-0.05580854449749051
1,2,35,0,0,-0.03680377035132819,0.006408373117884686,-0.055722854694577065
1,3,35,0,0,-0.0368098910515363,0.0061084588076876,-0.055582078589790675
1,4,35,0,0,-0.0368098910515363,0.0061084588076876,-0.055582078589790675
1,5,35,0,0,-0.036864977353409226,0.006653201126208838,-0.05566164769249602
1,6,35,0,0,-0.03658342514383646,0.006634839025584527,-0.05579018239686621
1,7,35,0,0,-0.036822132451952504,0.006181907210184845,-0.05589423430040397
1,8,35,0,0,-0.036822132451952504,0.006181907210184845,-0.05589423430040397
1,9,35,0,0,-0.036760925449871466,0.006188027910392949,-0.05566164769249602
1,10,35,0,0,-0.036650752846125595,0.006188027910392949,-0.05555759578895826
1,11,35,0,0,-0.036650752846125595,0.006188027910392949,-0.05555759578895826
1,12,35,0,0,-0.03673644264903905,0.006353286816011753,-0.05586975149957155
1,13,35,0,0,-0.036791528950911985,0.006304321214346921,-0.05596156200269311
1,14,35,0,0,-0.036791528950911985,0.006304321214346921,-0.05596156200269311
1,15,35,0,0,-0.03671195984820663,0.006347166115803648,-0.05560044069041499
1,16,35,0,0,-0.0368098910515363,0.0062553556126820915,-0.05557595788958257
1,17,35,0,0,-0.0368098910515363,0.0062553556126820915,-0.05557595788958257
1,18,35,0,0,-0.03687109805361734,0.006371648916636064,-0.05553311298812584
1,19,35,0,0,-0.036650752846125595,0.00641449381809279,-0.05561880279103929
1,20,35,0,0,-0.03699351205777941,0.006224752111641572,-0.055796303097074305
1,21,35,0,0,-0.03699351205777941,0.006224752111641572,-0.055796303097074305
1,22,35,0,0,-0.036650752846125595,0.006230872811849675,-0.0559309585016526
1,23,35,0,0,-0.036864977353409226,0.006451218019341412,-0.055722854694577065
1,24,35,0,0,-0.036864977353409226,0.006451218019341412,-0.055722854694577065
1,25,35,0,0,-0.036822132451952504,0.006298200514138817,-0.055539233688333946
1,26,35,0,0,-0.036620149345085076,0.006053372505814665,-0.05557595788958257
1,27,35,0,0,-0.036620149345085076,0.006053372505814665,-0.05557595788958257
1,28,35,0,0,-0.036705839147998534,0.006114579507895703,-0.05596156200269311
1,29,35,0,0,-0.036791528950911985,0.006604235524544008,-0.05587587219977965
1,30,35,0,0,-0.036791528950911985,0.006604235524544008,-0.05587587219977965
1,31,35,0,0,-0.036693597747582324,0.006475700820173828,-0.05584526869873914
1,32,35,0,0,-0.036552821642795934,0.006347166115803648,-0.055857510099155336
1,33,35,0,0,-0.036681356347166114,0.006218631411433468,-0.055612682090831186
1,34,35,0,0,-0.036681356347166114,0.006218631411433468,-0.055612682090831186
1,35,35,0,0,-0.036834373852368714,0.006316562614763129,-0.05563716489166361
1,36,35,0,0,-0.036822132451952504,0.006438976618925204,-0.05571061329416085
1,37,35,0,0,-0.036822132451952504,0.006438976618925204,-0.05571061329416085
1,38,35,0,0,-0.03668747704737422,0.006549149222671073,-0.05591871710123638
1,39,35,0,0,-0.03679764965112009,0.0061207002081038065,-0.055624923491247404
1,40,35,0,0,-0.03679764965112009,0.0061207002081038065,-0.055624923491247404
1,41,35,0,0,-0.03674256334924715,0.006322683314971232,-0.05566164769249602
1,42,35,0,0,-0.036565063043212144,0.006249234912473986,-0.055582078589790675
1,43,35,0,0,-0.036565063043212144,0.006249234912473986,-0.055582078589790675
1,44,35,0,0,-0.03660178724446077,0.006261476312890195,-0.05577794099644999
1,45,35,0,0,-0.0366446321459175,0.006298200514138817,-0.05566164769249602
1,46,35,0,0,-0.03668747704737422,0.0062369935120577796,-0.05538009548292324
1,47,35,0,0,-0.03668747704737422,0.0062369935120577796,-0.05538009548292324
1,48,35,0,0,-0.03687109805361734,0.0064818215203819324,-0.055655526992287915
1,49,35,0,0,-0.03669971844779042,0.006396131717468478,-0.05577182029624189
1,50,35,0,0,-0.03652833884196352,0.006769494430162811,-0.05553311298812584
1,51,35,0,0,-0.03662627004529318,0.0062920798139307135,-0.05573509609499326
1,52,35,0,0,-0.03680377035132819,0.006188027910392949,-0.05574733749540948
1,53,35,0,0,-0.0368098910515363,0.006132941608520015,-0.05551475088750153
1,54,35,0,0,-0.036760925449871466,0.00641449381809279,-0.05598604480352552
1,55,35,0,0,-0.036779287550495775,0.006139062308728118,-0.05579018239686621
1,56,35,0,0,-0.03650385604113111,0.006194148610601053,-0.055686130493328434
1,57,35,0,0,-0.03677316685028768,0.006230872811849675,-0.05558819928999877
1,58,35,0,0,-0.036877218753825436,0.006194148610601053,-0.05570449259395275
1,59,35,0,0,-0.03690170155465785,0.006022769004774146,-0.05567388909291223
1,60,35,0,0,-0.036975149957155104,0.006420614518300893,-0.055857510099155336
1,61,35,0,0,-0.03682825315216061,0.0059493206022769,-0.055612682090831186
1,62,35,0,0,-0.03682825315216061,0.0059493206022769,-0.055612682090831186
1,63,35,0,0,-0.03662627004529318,0.006261476312890195,-0.05570449259395275
1,64,35,0,0,-0.03671808054841474,0.006267597013098298,-0.05563716489166361
1,65,35,0,0,-0.03672420124862284,0.006494062920798139,-0.05566776839270412
1,66,35,0,0,-0.036760925449871466,0.006181907210184845,-0.05571061329416085
1,67,35,0,0,-0.03679764965112009,0.006475700820173828,-0.05560656139062309
1,68,35,0,0,-0.03660178724446077,0.006077855306647081,-0.055582078589790675
1,69,35,0,0,-0.03659566654425266,0.006053372505814665,-0.055643285591871705
1,70,35,0,0,-0.03657730444362835,0.006114579507895703,-0.05571673399436896
1,71,35,0,0,-0.0366568735463337,0.006420614518300893,-0.05560656139062309
1,72,35,0,0,-0.03678540825070388,0.006267597013098298,-0.05574733749540948
1,73,35,0,0,-0.03667523564695801,0.006230872811849675,-0.05559431999020688
1,74,35,0,0,-0.036681356347166114,0.006316562614763129,-0.055839147998531034
1,75,35,0,0,-0.03669971844779042,0.006169665809768637,-0.05553311298812584
1,76,35,0,0,-0.036920063655282165,0.006365528216427959,-0.0554596645856286
1,77,35,0,0,-0.03660790794466887,0.006090096707063288,-0.05549026808666911
1,78,35,0,0,-0.03676704615007957,0.006322683314971232,-0.055643285591871705
1,79,35,0,0,-0.036650752846125595,0.006279838413514506,-0.055698371893744644
1,80,35,0,0,-0.036650752846125595,0.006181907210184845,-0.05577794099644999
1,81,35,0,0,-0.03671195984820663,0.006181907210184845,-0.05577794099644999
1,82,35,0,0,-0.03678540825070388,0.006530787122046762,-0.055686130493328434
1,83,35,0,0,-0.03701187415840372,0.006677683927041253,-0.05577182029624189
1,84,35,0,0,-0.036705839147998534,0.006175786509976741,-0.055643285591871705
1,85,35,0,0,-0.03687109805361734,0.006640959725792631,-0.055624923491247404
1,86,35,0,0,-0.03660178724446077,0.006059493206022769,-0.05591871710123638
1,87,35,0,0,-0.03675480474966336,0.006438976618925204,-0.05587587219977965
1,88,35,0,0,-0.036760925449871466,0.006175786509976741,-0.05580854449749051
1,89,35,0,0,-0.036650752846125595,0.0061207002081038065,-0.05586975149957155
1,90,35,0,0,-0.03658954584404456,0.006328804015179336,-0.055784061696658095
1,91,35,0,0,-0.03667523564695801,0.006390011017260375,-0.05571061329416085
1,92,35,0,0,-0.03671808054841474,0.0062737177133064025,-0.055692251193536546
1,93,35,0,0,-0.036565063043212144,0.006224752111641572,-0.05556371648916636
1,94,35,0,0,-0.0366568735463337,0.006365528216427959,-0.05597380340310931
1,95,35,0,0,-0.03676704615007957,0.006249234912473986,-0.055680009793120336
1,96,35,0,0,-0.03676704615007957,0.006261476312890195,-0.05581466519769862
1,97,35,0,0,-0.03685885665320113,0.006261476312890195,-0.05581466519769862
1,98,35,0,0,-0.036920063655282165,0.006341045415595545,-0.05566776839270412
1,99,35,0,0,-0.036907822254865955,0.006579752723711594,-0.0556310441914555
2,0,0,35,0,0.01826416942098176,0.029061084588076873,-0.11988615497612927
2,1,0,35,0,0.018368221324519526,0.029097808789325497,-0.12051658709756397
2,2,0,35,0,0.018368221324519526,0.029097808789325497,-0.12051658709756397
2,3,0,35,0,0.018368221324519526,0.029054963887868775,-0.11980046517321581
2,4,0,35,0,0.018460031827641082,0.02935487819806586,-0.11980046517321581
2,5,0,35,0,0.018515118129514015,0.029091688089117395,-0.12021055208715876
2,6,0,35,0,0.018515118129514015,0.029091688089117395,-0.12021055208715876
2,7,0,35,0,0.01857020443138695,0.029183498592238954,-0.12013098298445342
2,8,0,35,0,0.018460031827641082,0.029183498592238954,-0.11979434447300771
2,9,0,35,0,0.018460031827641082,0.029183498592238954,-0.11979434447300771
2,10,0,35,0,0.01843554902680867,0.028779532378504103,-0.12021055208715876
2,11,0,35,0,0.01818460031827641,0.029201860692863263,-0.11984331007467255
2,12,0,35,0,0.01818460031827641,0.029201860692863263,-0.11984331007467255
2,13,0,35,0,0.018643652833884198,0.0292569469947362,-0.12017994858611825
2,14,0,35,0,0.018655894234300405,0.02913453299057412,-0.11983718937446444
2,15,0,35,0,0.018655894234300405,0.02913453299057412,-0.11983718937446444
2,16,0,35,0,0.018594687232219364,0.02912229159015791,-0.11995960337862652
2,17,0,35,0,0.018894601542416452,0.02921410209327947,-0.1201003794834129
2,18,0,35,0,0.018496756028889706,0.02908556738890929,-0.11991063777696169
2,19,0,35,0,0.018496756028889706,0.02908556738890929,-0.11991063777696169
2,20,0,35,0,0.0184906353286816,0.029140653690782226,-0.1196229648671808
2,21,0,35,0,0.01840494552576815,0.029318153996817236,-0.1197576202717591
2,22,0,35,0,0.01840494552576815,0.029318153996817236,-0.1197576202717591
2,23,0,35,0,0.01853960093034643,0.02919573999265516,-0.12000856898029136
2,24,0,35,0,0.01866813563471661,0.02912841229036602,-0.11997184477904273
2,25,0,35,0,0.01866813563471661,0.02912841229036602,-0.11997184477904273
2,26,0,35,0,0.01869873913575713,0.028999877585995835,-0.11984943077488064
2,27,0,35,0,0.018576325131595052,0.028963153384747215,-0.11995960337862652
2,28,0,35,0,0.018576325131595052,0.028963153384747215,-0.11995960337862652
2,29,0,35,0,0.01826416942098176,0.029201860692863263,-0.11969029256946995
2,30,0,35,0,0.018533480230138327,0.029116170889949812,-0.11986779287550495
2,31,0,35,0,0.018276410821397967,0.029183498592238954,-0.12018606928632636
2,32,0,35,0,0.018276410821397967,0.029183498592238954,-0.12018606928632636
2,33,0,35,0,0.01839270412535194,0.0289325498837067,-0.11999020687966704
2,34,0,35,0,0.01866201493450851,0.02892030848329049,-0.11984331007467255
2,35,0,35,0,0.01866201493450851,0.02892030848329049,-0.11984331007467255
2,36,0,35,0,0.018466152527849188,0.029250826294528093,-0.12006977598237238
2,37,0,35,0,0.018594687232219364,0.029091688089117395,-0.11986167217529686
2,38,0,35,0,0.018594687232219364,0.029091688089117395,-0.11986167217529686
2,39,0,35,0,0.018411066225976252,0.029226343493695676,-0.1199228791773779
2,40,0,35,0,0.01834373852368711,0.028993756885787737,-0.11996572407883462
2,41,0,35,0,0.01834373852368711,0.028993756885787737,-0.11996572407883462
2,42,0,35,0,0.01869261843554903,0.029110050189741703,-0.12016770718570205
2,43,0,35,0,0.018258048720773655,0.029293671195984822,-0.11991675847716979
2,44,0,35,0,0.018258048720773655,0.029293671195984822,-0.11991675847716979
2,45,0,35,0,0.018588566532011262,0.0292630676949443,-0.11982494797404823
2,46,0,35,0,0.018466152527849188,0.028999877585995835,-0.11997184477904273
2,47,0,35,0,0.018300893622230384,0.029226343493695676,-0.11994736197821029
2,48,0,35,0,0.018515118129514015,0.029458930101603626,-0.1199351205777941
2,49,0,35,0,0.018564083731178845,0.02915901579140654,-0.11994124127800221
2,50,0,35,0,0.018466152527849188,0.02892642918349859,-0.12003305178112375
2,51,0,35,0,0.018466152527849188,0.028944791284122907,-0.11995960337862652
2,52,0,35,0,0.018515118129514015,0.028944791284122907,-0.12016158648549394
2,53,0,35,0,0.01834373852368711,0.028963153384747215,-0.12016158648549394
2,54,0,35,0,0.018533480230138327,0.028975394785163422,-0.1197882237727996
2,55,0,35,0,0.018527359529930225,0.029097808789325497,-0.11988615497612927
2,56,0,35,0,0.01866813563471661,0.028944791284122907,-0.12016770718570205
2,57,0,35,0,0.018331497123270903,0.029269188395152405,-0.12006977598237238
2,58,0,35,0,0.0184906353286816,0.029232464193903785,-0.11983718937446444
2,59,0,35,0,0.018466152527849188,0.029024360386828253,-0.12005753458195619
2,60,0,35,0,0.01826416942098176,0.029012118986412046,-0.12002081038070755
2,61,0,35,0,0.018368221324519526,0.02901823968662015,-0.12032072469090464
2,62,0,35,0,0.018582445831803157,0.029189619292447056,-0.11998408617945892
2,63,0,35,0,0.018276410821397967,0.029140653690782226,-0.12005141388174807
2,64,0,35,0,0.01839270412535194,0.029073325988493083,-0.12023503488799119
2,65,0,35,0,0.018460031827641082,0.02915901579140654,-0.11988615497612927
2,66,0,35,0,0.018460031827641082,0.02915901579140654,-0.11988615497612927
2,67,0,35,0,0.018062186314114333,0.029030481087036358,-0.11965968906842943
2,68,0,35,0,0.018533480230138327,0.029012118986412046,-0.1199534826784184
2,69,0,35,0,0.01844166972701677,0.029189619292447056,-0.11999020687966704
2,70,0,35,0,0.018588566532011262,0.029152895091198432,-0.1200758966825805
2,71,0,35,0,0.01852123882972212,0.029005998286203944,-0.11984943077488064
2,72,0,35,0,0.01840494552576815,0.029171257191822748,-0.11999632757987513
2,73,0,35,0,0.018515118129514015,0.02922022279348758,-0.12004529318153996
2,74,0,35,0,0.018398824825560045,0.029110050189741703,-0.1199228791773779
2,75,0,35,0,0.018331497123270903,0.02919573999265516,-0.12057167339943689
2,76,0,35,0,0.01840494552576815,0.02901823968662015,-0.1202778797894479
2,77,0,35,0,0.018478393928265394,0.029244705594319992,-0.11991675847716979
2,78,0,35,0,0.018508997429305913,0.02912841229036602,-0.11992899987758601
2,79,0,35,0,0.018331497123270903,0.029054963887868775,-0.11995960337862652
2,80,0,35,0,0.018172358917860204,0.029287550495776714,-0.11997184477904273
2,81,0,35,0,0.01837434202472763,0.029269188395152405,-0.11991063777696169
2,82,0,35,0,0.018484514628473496,0.02922022279348758,-0.11998408617945892
2,83,0,35,0,0.018368221324519526,0.02898763618557963,-0.11994124127800221
2,84,0,35,0,0.01847227322805729,0.02939772309952259,-0.12000244828008325
2,85,0,35,0,0.01847227322805729,0.02939772309952259,-0.12000244828008325
2,86,0,35,0,0.018564083731178845,0.029428326600563104,-0.12002693108091567
2,87,0,35,0,0.018686497735340923,0.02931203329660913,-0.12017994858611825
2,88,0,35,0,0.018484514628473496,0.0289325498837067,-0.1199534826784184
2,89,0,35,0,0.018447790427224876,0.029269188395152405,-0.12013710368466153
2,90,0,35,0,0.01847227322805729,0.02916513649161464,-0.11990451707675358
2,91,0,35,0,0.018429428326600564,0.029458930101603626,-0.12000856898029136
2,92,0,35,0,0.01866201493450851,0.02912841229036602,-0.1199534826784184
2,93,0,35,0,0.01861917003305178,0.028883584282041862,-0.12000244828008325
2,94,0,35,0,0.018588566532011262,0.029103929489533602,-0.1201126208838291
2,95,0,35,0,0.018288652221814174,0.029238584894111887,-0.12008201738278859
2,96,0,35,0,0.0184906353286816,0.029330395397233443,-0.12029624189007222
2,97,0,35,0,0.0181662382176521,0.02922022279348758,-0.1200881380829967
2,98,0,35,0,0.0181662382176521,0.029140653690782226,-0.11999632757987513
2,99,0,35,0,0.018380462724935733,0.029140653690782226,-0.11999632757987513
3,0,35,35,0,0.04335291957399927,0.016795201371036846,-0.07268943567144082
3,1,35,35,0,0.04335291957399927,0.016795201371036846,-0.07268943567144082
3,2,35,35,0,0.04331007467254254,0.01657485616354511,-0.0726771942710246
3,3,35,35,0,0.04336516097441547,0.016703390867915287,-0.07290366017872445
3,4,35,35,0,0.04333455747337495,0.016807442771453053,-0.07287917737789204
3,5,35,35,0,0.04333455747337495,0.016807442771453053,-0.07287917737789204
3,6,35,35,0,0.043628351083363937,0.016666666666666666,-0.0728302117762272
3,7,35,35,0,0.04325498837066961,0.016636063165626148,-0.07265271147019219
3,8,35,35,0,0.04325498837066961,0.016636063165626148,-0.07265271147019219
3,9,35,35,0,0.04312645366629943,0.016409597257926307,-0.07247521116415719
3,10,35,35,0,0.043401885175664096,0.016538131962296487,-0.07274452197331374
3,11,35,35,0,0.043401885175664096,0.016538131962296487,-0.07274452197331374
3,12,35,35,0,0.04350593707920186,0.01665442526625046,-0.07279960827518668
3,13,35,35,0,0.04318153996817236,0.01669114946749908,-0.07262210796915167
3,14,35,35,0,0.04318153996817236,0.01669114946749908,-0.07262210796915167
3,15,35,35,0,0.0432488676704615,0.016636063165626148,-0.07296486718080548
3,16,35,35,0,0.043187660668380465,0.01652589056188028,-0.07286081527726772
3,17,35,35,0,0.043389643775247885,0.016562614763128904,-0.07264659076998409
3,18,35,35,0,0.043389643775247885,0.016562614763128904,-0.07264659076998409
3,19,35,35,0,0.04326722977108581,0.016666666666666666,-0.07216305545354389
3,20,35,35,0,0.043157057167339946,0.016636063165626148,-0.07290366017872445
3,21,35,35,0,0.043157057167339946,0.016636063165626148,-0.07290366017872445
3,22,35,35,0,0.04333455747337495,0.016672787366874768,-0.07262210796915167
3,23,35,35,0,0.04335904027420737,0.01654425266250459,-0.07288529807810014
3,24,35,35,0,0.04335904027420737,0.01654425266250459,-0.07288529807810014
3,25,35,35,0,0.04329783327212633,0.016391235157301995,-0.07285469457705962
3,26,35,35,0,0.04305300526380218,0.016856408373117884,-0.07230995225853838
3,27,35,35,0,0.043414126576080306,0.016678908067082873,-0.07288529807810014
3,28,35,35,0,0.043414126576080306,0.016678908067082873,-0.07288529807810014
3,29,35,35,0,0.04311421226588322,0.01680132207124495,-0.07305667768392704
3,30,35,35,0,0.04302240176276166,0.01666054596645856,-0.07279348757497858
3,31,35,35,0,0.04302240176276166,0.01666054596645856,-0.07279348757497858
3,32,35,35,0,0.04333455747337495,0.016599338964377524,-0.07287305667768393
3,33,35,35,0,0.04329171257191823,0.016330028155220958,-0.07260986656873546
3,34,35,35,0,0.04329171257191823,0.016330028155220958,-0.07260986656873546
3,35,35,35,0,0.043389643775247885,0.01666054596645856,-0.07262210796915167
3,36,35,35,0,0.04322438486962908,0.016666666666666666,-0.07278736687477047
3,37,35,35,0,0.04322438486962908,0.016666666666666666,-0.07278736687477047
3,38,35,35,0,0.043120332966091315,0.016532011262088385,-0.07281797037581099
3,39,35,35,0,0.04334067817358306,0.016807442771453053,-0.07257926306769494
3,40,35,35,0,0.0430958501652589,0.016954339576447548,-0.07308116048475946
3,41,35,35,0,0.0430958501652589,0.016954339576447548,-0.07308116048475946
3,42,35,35,0,0.043163177867548044,0.016678908067082873,-0.07270167707185701
3,43,35,35,0,0.043414126576080306,0.0165564940629208,-0.07287917737789204
3,44,35,35,0,0.043414126576080306,0.0165564940629208,-0.07287917737789204
3,45,35,35,0,0.043163177867548044,0.016727873668747707,-0.07263434936956788
3,46,35,35,0,0.04336516097441547,0.016844166972701677,-0.07294038437997306
3,47,35,35,0,0.04336516097441547,0.016844166972701677,-0.07271391847227324
3,48,35,35,0,0.04318153996817236,0.016311666054596646,-0.07255478026686253
3,49,35,35,0,0.04325498837066961,0.016715632268331497,-0.07255478026686253
3,50,35,35,0,0.04322438486962908,0.0164034765577182,-0.0726833149712327
3,51,35,35,0,0.04329171257191823,0.0164034765577182,-0.07272003917248133
3,52,35,35,0,0.04319990206879667,0.016672787366874768,-0.07272615987268943
3,53,35,35,0,0.04342024727628841,0.016489166360631656,-0.07256702166727874
3,54,35,35,0,0.04326722977108581,0.016532011262088385,-0.07249357326478148
3,55,35,35,0,0.043273350471293916,0.016305545354388544,-0.07247521116415719
3,56,35,35,0,0.04311421226588322,0.01638511445709389,-0.07288529807810014
3,57,35,35,0,0.04343860937691272,0.016636063165626148,-0.0726833149712327
3,58,35,35,0,0.043089729465050804,0.01683192557228547,-0.07282409107601909
3,59,35,35,0,0.04337128167462358,0.01686252907332599,-0.07251805606561391
3,60,35,35,0,0.043401885175664096,0.01660545966458563,-0.07284245317664341
3,61,35,35,0,0.043218264169420983,0.016666666666666666,-0.0728302117762272
3,62,35,35,0,0.04327947117150202,0.01652589056188028,-0.07272615987268943
3,63,35,35,0,0.04331007467254254,0.016323907455012852,-0.07251805606561391
3,64,35,35,0,0.04348145427836945,0.016550373362712693,-0.07262822866935978
3,65,35,35,0,0.04348145427836945,0.016550373362712693,-0.07279348757497858
3,66,35,35,0,0.043303953972334434,0.016617701065001836,-0.07279348757497858
3,67,35,35,0,0.043157057167339946,0.016391235157301995,-0.07289753947851633
3,68,35,35,0,0.04334067817358306,0.01683804627249357,-0.0725058146651977
3,69,35,35,0,0.04334067817358306,0.016819684171869263,-0.07248133186436528
3,70,35,35,0,0.04326722977108581,0.016672787366874768,-0.07264659076998409
3,71,35,35,0,0.04337128167462358,0.016519769861672175,-0.0726771942710246
3,72,35,35,0,0.04332231607295874,0.0164034765577182,-0.07269555637164891
3,73,35,35,0,0.043157057167339946,0.016550373362712693,-0.07279960827518668
3,74,35,35,0,0.04346921287795324,0.01638511445709389,-0.07281184967560289
3,75,35,35,0,0.043273350471293916,0.016538131962296487,-0.0728302117762272
3,76,35,35,0,0.043316195372750645,0.016770718570204433,-0.07284857387685151
3,77,35,35,0,0.043316195372750645,0.016378993756885788,-0.07281797037581099
3,78,35,35,0,0.0432488676704615,0.01654425266250459,-0.07264047006977599
3,79,35,35,0,0.04338352307503979,0.016617701065001836,-0.07273228057289753
3,80,35,35,0,0.04338352307503979,0.016580976863753212,-0.07262822866935978
3,81,35,35,0,0.043389643775247885,0.016770718570204433,-0.07287917737789204
3,82,35,35,0,0.04337740237483168,0.01647692496021545,-0.07288529807810014
3,83,35,35,0,0.04300403966213735,0.016593218264169422,-0.07274452197331374
3,84,35,35,0,0.043157057167339946,0.016562614763128904,-0.07275676337372997
3,85,35,35,0,0.043157057167339946,0.016562614763128904,-0.07275676337372997
3,86,35,35,0,0.04315093646713184,0.01675235646958012,-0.0725058146651977
3,87,35,35,0,0.04334067817358306,0.016593218264169422,-0.0729771085812217
3,88,35,35,0,0.04336516097441547,0.016666666666666666,-0.0726649528706084
3,89,35,35,0,0.043175419267964255,0.016709511568123395,-0.07267107357081651
3,90,35,35,0,0.04322438486962908,0.016629942465418043,-0.07259762516831926
3,91,35,35,0,0.0434080058758722,0.016360631656261476,-0.07247521116415719
3,92,35,35,0,0.043432488676704614,0.016470804260007348,-0.07284245317664341
3,93,35,35,0,0.04335291957399927,0.01669114946749908,-0.07273228057289753
3,94,35,35,0,0.04337128167462358,0.01668502876729098,-0.0726833149712327
3,95,35,35,0,0.04319378136858857,0.0165564940629208,-0.07255478026686253
3,96,35,35,0,0.043456971477537035,0.016697270167707185,-0.07289753947851633
3,97,35,35,0,0.043218264169420983,0.01649528706083976,-0.07284245317664341
3,98,35,35,0,0.04320602276900477,0.01654425266250459,-0.07262210796915167
3,99,35,35,0,0.043542661280450486,0.016409597257926307,-0.07276900477414616
