values,,position,position,position,Magnetometer,Magnetometer,Magnetometer
axis,,x,y,z,x,y,z
Sensor,Sample,,,,,,
0,0,0,0,0,0.008397600685518423,0.004945525768147876,-0.10935242991798262
0,1,0,0,0,0.008495531888848084,0.004994491369812707,-0.10938915411923125
0,2,0,0,0,0.008581221691761537,0.0049332843677316685,-0.10937691271881503
0,3,0,0,0,0.008764842698004652,0.004976129269188395,-0.10943811972089608
0,4,0,0,0,0.008495531888848084,0.005037336271269433,-0.10941975762027176
0,5,0,0,0,0.008685273595299301,0.004994491369812707,-0.10947484392214468
0,6,0,0,0,0.008764842698004652,0.005116905373974782,-0.10922389521361245
0,7,0,0,0,0.008562859591137225,0.005037336271269433,-0.10949320602276899
0,8,0,0,0,0.008483290488431878,0.00500061207002081,-0.1093340678173583
0,9,0,0,0,0.00874648059738034,0.004939405067939772,-0.1091810503121557
0,10,0,0,0,0.008666911494674991,0.00508018117272616,-0.1096645856285959
0,11,0,0,0,0.008770963398212756,0.004957767168564084,-0.1094870853225609
0,12,0,0,0,0.008605704492593954,0.005098543273350471,-0.10929122291590158
0,13,0,0,0,0.008636307993634473,0.00490268086669115,-0.10924837801444484
0,14,0,0,0,0.008636307993634473,0.005074060472518056,-0.10915044681111519
0,15,0,0,0,0.0085200146896805,0.005074060472518056,-0.10915044681111519
0,16,0,0,0,0.008611825192802057,0.00508018117272616,-0.10944424042110416
0,17,0,0,0,0.00864854939405068,0.004970008568980291,-0.10952380952380954
0,18,0,0,0,0.00864854939405068,0.005012853470437019,-0.10954829232464194
0,19,0,0,0,0.008434324886767045,0.005147508875015302,-0.10925449871465295
0,20,0,0,0,0.008605704492593954,0.005092422573142368,-0.10935242991798262
0,21,0,0,0,0.008703635695923613,0.005043456971477537,-0.1094870853225609
0,22,0,0,0,0.008544497490512915,0.005227077977720651,-0.10926061941486107
0,23,0,0,0,0.008930101603623454,0.005043456971477537,-0.10955441302485006
0,24,0,0,0,0.008636307993634473,0.004970008568980291,-0.10946260252172849
0,25,0,0,0,0.008734239196964134,0.005061819072101848,-0.10935855061819073
0,26,0,0,0,0.008795446199045171,0.004792508262945281,-0.10946260252172849
0,27,0,0,0,0.008636307993634473,0.0051230260741828865,-0.1093034643163178
0,28,0,0,0,0.008495531888848084,0.005220957277512548,-0.10941363692006364
0,29,0,0,0,0.008495531888848084,0.005220957277512548,-0.1093034643163178
0,30,0,0,0,0.008624066593218264,0.005116905373974782,-0.1093034643163178
0,31,0,0,0,0.0085200146896805,0.005239319378136859,-0.1093340678173583
0,32,0,0,0,0.008544497490512915,0.004970008568980291,-0.10945648182152039
0,33,0,0,0,0.008642428693842576,0.005086301872934264,-0.10923001591382053
0,34,0,0,0,0.008666911494674991,0.005282164279593585,-0.10938915411923125
0,35,0,0,0,0.008562859591137225,0.005239319378136859,-0.1094870853225609
0,36,0,0,0,0.008489411188639981,0.004841473864610112,-0.1093340678173583
0,37,0,0,0,0.00858734239196964,0.0052331986779287545,-0.1094993267229771
0,38,0,0,0,0.00864854939405068,0.005092422573142368,-0.1093034643163178
0,39,0,0,0,0.008850532500918105,0.004921042967315461,-0.10902191210674501
0,40,0,0,0,0.008556738890929122,0.004884318766066838,-0.10923613661402864
0,41,0,0,0,0.008660790794466886,0.005116905373974782,-0.10939527481943934
0,42,0,0,0,0.008721997796547925,0.00500061207002081,-0.1094687232219366
0,43,0,0,0,0.00877708409842086,0.005190353776472029,-0.10944424042110416
0,44,0,0,0,0.00877708409842086,0.005190353776472029,-0.10944424042110416
0,45,0,0,0,0.008507773289264293,0.005202595176888236,-0.10927898151548536
0,46,0,0,0,0.008562859591137225,0.005410698983963765,-0.10920553311298813
0,47,0,0,0,0.008550618190721018,0.004945525768147876,-0.10942587832047986
0,48,0,0,0,0.00864854939405068,0.005006732770228914,-0.10949320602276899
0,49,0,0,0,0.008452686987391357,0.005037336271269433,-0.10943811972089608
0,50,0,0,0,0.008685273595299301,0.005049577671685641,-0.10937079201860693
0,51,0,0,0,0.008526135389888603,0.0049883706696046025,-0.10888725670216673
0,52,0,0,0,0.008636307993634473,0.004841473864610112,-0.10923001591382053
0,53,0,0,0,0.008611825192802057,0.005361733382298935,-0.10950544742318521
0,54,0,0,0,0.008721997796547925,0.005061819072101848,-0.10921165381319622
0,55,0,0,0,0.00869751499571551,0.0051597502754315095,-0.10938915411923125
0,56,0,0,0,0.008544497490512915,0.005257681478761171,-0.10953605092422573
0,57,0,0,0,0.008709756396131718,0.005367854082507039,-0.10905251560778553
0,58,0,0,0,0.008556738890929122,0.005116905373974782,-0.1089790672052883
0,59,0,0,0,0.008513893989472396,0.0051597502754315095,-0.10940751621985556
0,60,0,0,0,0.008673032194883095,0.005043456971477537,-0.10929122291590158
0,61,0,0,0,0.008673032194883095,0.005165870975639613,-0.1093340678173583
0,62,0,0,0,0.008526135389888603,0.005165870975639613,-0.1093340678173583
0,63,0,0,0,0.008581221691761537,0.00508018117272616,-0.10921165381319622
0,64,0,0,0,0.008532256090096706,0.0051413881748071984,-0.10939527481943934
0,65,0,0,0,0.00861794589301016,0.00503121557106133,-0.1093034643163178
0,66,0,0,0,0.008660790794466886,0.005300526380217897,-0.10947484392214468
0,67,0,0,0,0.00845880768759946,0.005086301872934264,-0.1096462235279716
0,68,0,0,0,0.008624066593218264,0.0051781123760558205,-0.1093340678173583
0,69,0,0,0,0.008593463092177745,0.004921042967315461,-0.10923001591382053
0,70,0,0,0,0.008770963398212756,0.005135267474599094,-0.10932794711715019
0,71,0,0,0,0.008373117884686008,0.004939405067939772,-0.10941975762027176
0,72,0,0,0,0.008526135389888603,0.00503121557106133,-0.10931570571673399
0,73,0,0,0,0.008526135389888603,0.005055698371893744,-0.10926061941486107
0,74,0,0,0,0.008593463092177745,0.005018974170645122,-0.10935242991798262
0,75,0,0,0,0.008550618190721018,0.005116905373974782,-0.10946260252172849
0,76,0,0,0,0.008550618190721018,0.005116905373974782,-0.10946260252172849
0,77,0,0,0,0.008348635083853593,0.004976129269188395,-0.10924225731423676
0,78,0,0,0,0.008807687599461378,0.00508018117272616,-0.10945036112131228
0,79,0,0,0,0.008642428693842576,0.005165870975639613,-0.10938915411923125
0,80,0,0,0,0.008660790794466886,0.005325009181050312,-0.10956053372505814
0,81,0,0,0,0.008532256090096706,0.005129146774390991,-0.10904027420736932
0,82,0,0,0,0.008709756396131718,0.0052148365773044434,-0.10940139551964745
0,83,0,0,0,0.008471049088015669,0.00500061207002081,-0.10953605092422573
0,84,0,0,0,0.008642428693842576,0.005153629575223405,-0.10949320602276899
0,85,0,0,0,0.008611825192802057,0.005245440078344963,-0.10935242991798262
0,86,0,0,0,0.008770963398212756,0.005049577671685641,-0.10938915411923125
0,87,0,0,0,0.00869751499571551,0.005147508875015302,-0.10904027420736932
0,88,0,0,0,0.008415962786142735,0.005263802178969274,-0.10967682702901212
0,89,0,0,0,0.00845880768759946,0.0052148365773044434,-0.10961562002693108
0,90,0,0,0,0.008709756396131718,0.0049332843677316685,-0.10938915411923125
0,91,0,0,0,0.008709756396131718,0.0049332843677316685,-0.10938915411923125
0,92,0,0,0,0.008434324886767045,0.005147508875015302,-0.10954217162443383
0,93,0,0,0,0.008868894601542417,0.004865956665442527,-0.10942587832047986
0,94,0,0,0,0.008507773289264293,0.005171991675847717,-0.10921777451340434
0,95,0,0,0,0.008556738890929122,0.005165870975639613,-0.10942587832047986
0,96,0,0,0,0.008562859591137225,0.005037336271269433,-0.10919941241278001
0,97,0,0,0,0.008526135389888603,0.005074060472518056,-0.10924225731423676
0,98,0,0,0,0.00856898029134533,0.0051413881748071984,-0.10917492961194761
0,99,0,0,0,0.008795446199045171,0.005318888480842209,-0.1094809646223528
1,0,35,0,0,-0.028406169665809767,0.017376667890806708,-0.06956175786509977
1,1,35,0,0,-0.028253152160607177,0.017052270779777206,-0.06933529195739993
1,2,35,0,0,-0.02815522095727751,0.017101236381442037,-0.06929856775615131
1,3,35,0,0,-0.02824703146039907,0.017003305178112375,-0.06950055086301873
1,4,35,0,0,-0.028191945158526133,0.017431754192679644,-0.06942710246052149
1,5,35,0,0,-0.028216427959358553,0.016935977475823233,-0.06917003305178113
1,6,35,0,0,-0.02811849675602889,0.0173644264903905,-0.06931080915656751
1,7,35,0,0,-0.028259272860815275,0.01749296119476068,-0.06926184355490268
1,8,35,0,0,-0.02827763496143959,0.016997184477904274,-0.0691516709511568
1,9,35,0,0,-0.028216427959358553,0.016984943077488067,-0.06958624066593219
1,10,35,0,0,-0.028406169665809767,0.017131839882482555,-0.06931692985677561
1,11,35,0,0,-0.028130738156445095,0.01708899498102583,-0.0694454645611458
1,12,35,0,0,-0.028130738156445095,0.017082874280817725,-0.0692924470559432
1,13,35,0,0,-0.0281368588566532,0.017082874280817725,-0.06936589545844044
1,14,35,0,0,-0.028161341657485617,0.01691149467499082,-0.06936589545844044
1,15,35,0,0,-0.028179703758109926,0.017223650385604115,-0.06955563716489166
1,16,35,0,0,-0.0281368588566532,0.017040029379361,-0.06931692985677561
1,17,35,0,0,-0.028259272860815275,0.01716856408373118,-0.06921287795323786
1,18,35,0,0,-0.0284551352674746,0.01718692618435549,-0.06954339576447546
1,19,35,0,0,-0.028087893254988373,0.017242012486228427,-0.06937201615864855
1,20,35,0,0,-0.028032806953115434,0.017480719794344474,-0.06940261965968907
1,21,35,0,0,-0.028369445464561143,0.017272615987268945,-0.0694393438609377
1,22,35,0,0,-0.028026686252907336,0.01718692618435549,-0.06928020565552699
1,23,35,0,0,-0.028320479862896313,0.01740115069163912,-0.06930468845635941
1,24,35,0,0,-0.028240910760190967,0.01700942587832048,-0.06934753335781614
1,25,35,0,0,-0.02800832415228302,0.017278736687477047,-0.06920675725302974
1,26,35,0,0,-0.027983841351450607,0.016972701677071857,-0.06965356836822131
1,27,35,0,0,-0.028191945158526133,0.017260374586852735,-0.06950055086301873
1,28,35,0,0,-0.02810013465540458,0.017254253886644633,-0.06935977475823234
1,29,35,0,0,-0.028130738156445095,0.017327702289141877,-0.06920675725302974
1,30,35,0,0,-0.02810013465540458,0.017272615987268945,-0.06931080915656751
1,31,35,0,0,-0.02810013465540458,0.017242012486228427,-0.06929856775615131
1,32,35,0,0,-0.028130738156445095,0.017242012486228427,-0.06929856775615131
1,33,35,0,0,-0.02815522095727751,0.01731546088872567,-0.06950055086301873
1,34,35,0,0,-0.028191945158526133,0.01712571918227445,-0.06942098176031339
1,35,35,0,0,-0.028265393561023384,0.01726649528706084,-0.06926796425511078
1,36,35,0,0,-0.028302117762272004,0.01710735708165014,-0.06960460276655649
1,37,35,0,0,-0.02811849675602889,0.017162443383523074,-0.06938425755906476
1,38,35,0,0,-0.028283755661647692,0.017150201983106867,-0.06932917125719182
1,39,35,0,0,-0.028069531154364058,0.0173644264903905,-0.06937813685885666
1,40,35,0,0,-0.028173583057901824,0.017456236993512057,-0.06938425755906476
1,41,35,0,0,-0.02837556616476925,0.017003305178112375,-0.06940874035989716
1,42,35,0,0,-0.02816746235769372,0.01717468478393928,-0.06963520626759702
1,43,35,0,0,-0.028204186558942346,0.016997184477904274,-0.06911494674990819
1,44,35,0,0,-0.02842453176643408,0.017205288284979803,-0.06931692985677561
1,45,35,0,0,-0.028351083363936835,0.01713796058269066,-0.06950055086301873
1,46,35,0,0,-0.028289876361855797,0.017199167584771698,-0.06937201615864855
1,47,35,0,0,-0.028124617456236994,0.016972701677071857,-0.06967805116905375
1,48,35,0,0,-0.028204186558942346,0.01710735708165014,-0.06951891296364304
1,49,35,0,0,-0.027800220345207495,0.017046150079569104,-0.06920675725302974
1,50,35,0,0,-0.028332721263312523,0.0173644264903905,-0.06949443016281062
1,51,35,0,0,-0.028271514261231485,0.017229771085812216,-0.06940261965968907
1,52,35,0,0,-0.028179703758109926,0.017027787978944792,-0.06940874035989716
1,53,35,0,0,-0.02814910025706941,0.01717468478393928,-0.0694515852613539
1,54,35,0,0,-0.027971599951034397,0.017272615987268945,-0.06912106745011629
1,55,35,0,0,-0.028210307259150448,0.017027787978944792,-0.06926796425511078
1,56,35,0,0,-0.02815522095727751,0.016997184477904274,-0.06946994736197822
1,57,35,0,0,-0.02815522095727751,0.01744399559309585,-0.06954339576447546
1,58,35,0,0,-0.028204186558942346,0.01734606438976619,-0.06941486106010528
1,59,35,0,0,-0.028204186558942346,0.01734606438976619,-0.06941486106010528
1,60,35,0,0,-0.02810013465540458,0.01710735708165014,-0.06939649895948097
1,61,35,0,0,-0.028338841963520628,0.016923736075407026,-0.06968417186926185
1,62,35,0,0,-0.028191945158526133,0.017248133186436528,-0.06942710246052149
1,63,35,0,0,-0.028338841963520628,0.01710735708165014,-0.06948218876239441
1,64,35,0,0,-0.028210307259150448,0.017272615987268945,-0.06929856775615131
1,65,35,0,0,-0.028173583057901824,0.017064512180193413,-0.06940874035989716
1,66,35,0,0,-0.028106255355612682,0.017242012486228427,-0.06937201615864855
1,67,35,0,0,-0.028063410454155956,0.017070632880401518,-0.06949443016281062
1,68,35,0,0,-0.02814910025706941,0.01709511568123393,-0.06946994736197822
1,69,35,0,0,-0.028216427959358553,0.017309340188517566,-0.06946994736197822
1,70,35,0,0,-0.028369445464561143,0.017431754192679644,-0.06940874035989716
1,71,35,0,0,-0.028216427959358553,0.017254253886644633,-0.06934753335781614
1,72,35,0,0,-0.02816746235769372,0.017242012486228427,-0.06955563716489166
1,73,35,0,0,-0.02816746235769372,0.017242012486228427,-0.06923124005386216
1,74,35,0,0,-0.028198065858734238,0.01696046027665565,-0.06923124005386216
1,75,35,0,0,-0.02832660056310442,0.017040029379361,-0.06948830946260252
1,76,35,0,0,-0.028173583057901824,0.01734606438976619,-0.06937813685885666
1,77,35,0,0,-0.02834496266372873,0.01731546088872567,-0.06922511935365407
1,78,35,0,0,-0.028142979556861302,0.017064512180193413,-0.06935977475823234
1,79,35,0,0,-0.028179703758109926,0.017052270779777206,-0.06935977475823234
1,80,35,0,0,-0.028240910760190967,0.01731546088872567,-0.06934753335781614
1,81,35,0,0,-0.02847349736809891,0.017303219488309464,-0.06958011996572408
1,82,35,0,0,-0.02834496266372873,0.017242012486228427,-0.0692924470559432
1,83,35,0,0,-0.02810013465540458,0.01699106377769617,-0.06935977475823234
1,84,35,0,0,-0.028032806953115434,0.01731546088872567,-0.06940261965968907
1,85,35,0,0,-0.028210307259150448,0.01718692618435549,-0.06978822377279961
1,86,35,0,0,-0.028253152160607177,0.017205288284979803,-0.06932305055698372
1,87,35,0,0,-0.028351083363936835,0.01718080548414739,-0.06995348267841842
1,88,35,0,0,-0.028338841963520628,0.016997184477904274,-0.06938425755906476
1,89,35,0,0,-0.028173583057901824,0.016942098176031338,-0.06949443016281062
1,90,35,0,0,-0.028351083363936835,0.01713796058269066,-0.06922511935365407
1,91,35,0,0,-0.028351083363936835,0.01713796058269066,-0.06922511935365407
1,92,35,0,0,-0.02843065246664218,0.017388909291222915,-0.0692924470559432
1,93,35,0,0,-0.028418411066225974,0.017199167584771698,-0.06926796425511078
1,94,35,0,0,-0.02818582445831803,0.017290978087893254,-0.06952503366385114
1,95,35,0,0,-0.02800220345207492,0.016997184477904274,-0.06946994736197822
1,96,35,0,0,-0.02842453176643408,0.017278736687477047,-0.06940874035989716
1,97,35,0,0,-0.028124617456236994,0.016923736075407026,-0.06946994736197822
1,98,35,0,0,-0.02838780756518546,0.01716856408373118,-0.06933529195739993
1,99,35,0,0,-0.02818582445831803,0.01726649528706084,-0.06943322316072958
2,0,0,35,0,-0.01282898763618558,0.013171746847839394,-0.10758354755784061
2,1,0,35,0,-0.012486228424531766,0.012688211531399193,-0.10744889215326234
2,2,0,35,0,-0.012467866323907454,0.012712694332231609,-0.10752846125596768
2,3,0,35,0,-0.012743297833272127,0.012902436038682824,-0.10758966825804872
2,4,0,35,0,-0.012798384135145061,0.013030970743053006,-0.107253029746603
2,5,0,35,0,-0.012486228424531766,0.013208471049088016,-0.10736932305055698
2,6,0,35,0,-0.012504590525156078,0.013226833149712328,-0.10729587464805974
2,7,0,35,0,-0.01266984943077488,0.013049332843677316,-0.10749173705471907
2,8,0,35,0,-0.012473987024115559,0.012865711837434202,-0.10768759946137837
2,9,0,35,0,-0.012467866323907454,0.01289631533847472,-0.10736320235034888
2,10,0,35,0,-0.012755539233688334,0.013098298445342146,-0.10726527114701923
2,11,0,35,0,-0.012633125229526258,0.01289631533847472,-0.10749173705471907
2,12,0,35,0,-0.012529073325988493,0.013018729342636797,-0.107546823356592
2,13,0,35,0,-0.0127004529318154,0.013012608642428694,-0.10709389154119231
2,14,0,35,0,-0.01259028032806953,0.012792263434936956,-0.10744889215326234
2,15,0,35,0,-0.01259028032806953,0.012792263434936956,-0.10744889215326234
2,16,0,35,0,-0.012755539233688334,0.013190108948463706,-0.10746113355367855
2,17,0,35,0,-0.012565797527237115,0.013135022646590768,-0.10735708165014077
2,18,0,35,0,-0.012633125229526258,0.013275798751377157,-0.10735096094993268
2,19,0,35,0,-0.012657608030358671,0.013043212143469212,-0.10720406414493817
2,20,0,35,0,-0.012792263434936956,0.01289631533847472,-0.10729587464805974
2,21,0,35,0,-0.01268209083119109,0.012975884441180072,-0.10765699596033787
2,22,0,35,0,-0.012498469824947973,0.012908556738890927,-0.1077182029624189
2,23,0,35,0,-0.012541314726404702,0.013098298445342146,-0.10714897784306525
2,24,0,35,0,-0.01268209083119109,0.01300648794222059,-0.10749173705471907
2,25,0,35,0,-0.012663728730566776,0.01300648794222059,-0.10764475455992166
2,26,0,35,0,-0.012761659933896437,0.013288040151793365,-0.1074182886522218
2,27,0,35,0,-0.012516831925572286,0.013098298445342146,-0.10736932305055698
2,28,0,35,0,-0.012620883829110049,0.012865711837434202,-0.10735708165014077
2,29,0,35,0,-0.01274941853348023,0.012963643040763865,-0.10747337495409474
2,30,0,35,0,-0.012657608030358671,0.013092177745134043,-0.10727751254743542
2,31,0,35,0,-0.012657608030358671,0.013092177745134043,-0.1072346676459787
2,32,0,35,0,-0.012859591137226099,0.013061574244093524,-0.1072346676459787
2,33,0,35,0,-0.012675970130982983,0.013202350348879913,-0.10748561635451095
2,34,0,35,0,-0.012816746235769371,0.01319622964867181,-0.10720406414493817
2,35,0,35,0,-0.012718815032439712,0.013037091443261109,-0.10765087526012976
2,36,0,35,0,-0.012773901334312646,0.012994246541804384,-0.1072346676459787
2,37,0,35,0,-0.012651487330150568,0.012933039539723346,-0.107253029746603
2,38,0,35,0,-0.01274941853348023,0.013012608642428694,-0.10713061574244094
2,39,0,35,0,-0.012498469824947973,0.013190108948463706,-0.10744277145305423
2,40,0,35,0,-0.012712694332231609,0.013024850042844902,-0.10751009915534337
2,41,0,35,0,-0.012376055820785898,0.012890194638266617,-0.10762027175908924
2,42,0,35,0,-0.012620883829110049,0.013141143346798872,-0.10687354633370058
2,43,0,35,0,-0.012767780634104543,0.012975884441180072,-0.10744277145305423
2,44,0,35,0,-0.012743297833272127,0.012933039539723346,-0.10716733994368957
2,45,0,35,0,-0.012951401640347656,0.012841229036601787,-0.10765699596033787
2,46,0,35,0,-0.012498469824947973,0.013049332843677316,-0.10709389154119231
2,47,0,35,0,-0.012480107724323663,0.013116660545966458,-0.10728975394785163
2,48,0,35,0,-0.012602521728485739,0.01326355735096095,-0.10703268453911127
2,49,0,35,0,-0.012504590525156078,0.01284734973680989,-0.1075407026563839
2,50,0,35,0,-0.012963643040763865,0.013202350348879913,-0.10745501285347044
2,51,0,35,0,-0.01278002203452075,0.013208471049088016,-0.10757742685763252
2,52,0,35,0,-0.012816746235769371,0.01295752234055576,-0.10732647814910026
2,53,0,35,0,-0.012278124617456237,0.012877953237850409,-0.10736932305055698
2,54,0,35,0,-0.012504590525156078,0.01300648794222059,-0.10724690904639492
2,55,0,35,0,-0.0127004529318154,0.013153384747215082,-0.10729587464805974
2,56,0,35,0,-0.012731056432855919,0.012975884441180072,-0.107253029746603
2,57,0,35,0,-0.01266984943077488,0.012871832537642305,-0.1075590647570082
2,58,0,35,0,-0.01266984943077488,0.012871832537642305,-0.1075590647570082
2,59,0,35,0,-0.012553556126820908,0.012908556738890927,-0.10733259884930837
2,60,0,35,0,-0.012786142734728853,0.012945280940139553,-0.1072163055453544
2,61,0,35,0,-0.01284734973680989,0.013122781246174562,-0.10717346064389766
2,62,0,35,0,-0.012339331619537274,0.013190108948463706,-0.10737544375076509
2,63,0,35,0,-0.012639245929734361,0.012645366629942464,-0.10730811604847594
2,64,0,35,0,-0.012718815032439712,0.013220712449504225,-0.10711837434202473
2,65,0,35,0,-0.0127004529318154,0.012884073938058512,-0.10757130615742441
2,66,0,35,0,-0.012737177133064024,0.013000367242012487,-0.10730811604847594
2,67,0,35,0,-0.012737177133064024,0.013000367242012487,-0.10724690904639492
2,68,0,35,0,-0.01282898763618558,0.012933039539723346,-0.10724690904639492
2,69,0,35,0,-0.012761659933896437,0.013030970743053006,-0.10727139184722731
2,70,0,35,0,-0.012657608030358671,0.01284734973680989,-0.1072346676459787
2,71,0,35,0,-0.012620883829110049,0.012994246541804384,-0.10763863385971355
2,72,0,35,0,-0.012620883829110049,0.013067694944301628,-0.10740604725180561
2,73,0,35,0,-0.012596401028277634,0.012975884441180072,-0.10750397845513526
2,74,0,35,0,-0.012816746235769371,0.012773901334312646,-0.10743053005263803
2,75,0,35,0,-0.012639245929734361,0.01295752234055576,-0.107546823356592
2,76,0,35,0,-0.012675970130982983,0.013000367242012487,-0.10739992655159751
2,77,0,35,0,-0.012455624923491247,0.01295752234055576,-0.10732035744889215
2,78,0,35,0,-0.012633125229526258,0.012792263434936956,-0.10747337495409474
2,79,0,35,0,-0.012724935732647815,0.013116660545966458,-0.10744889215326234
2,80,0,35,0,-0.012645366629942464,0.01284734973680989,-0.10728975394785163
2,81,0,35,0,-0.012688211531399193,0.013226833149712328,-0.10724690904639492
2,82,0,35,0,-0.012473987024115559,0.013177867548047497,-0.10728975394785163
2,83,0,35,0,-0.012504590525156078,0.01291467743909903,-0.10746113355367855
2,84,0,35,0,-0.012547435426612805,0.01321459174929612,-0.10746113355367855
2,85,0,35,0,-0.012731056432855919,0.012988125841596278,-0.10726527114701923
2,86,0,35,0,-0.012731056432855919,0.012988125841596278,-0.10735708165014077
2,87,0,35,0,-0.012731056432855919,0.013049332843677316,-0.10735708165014077
2,88,0,35,0,-0.012737177133064024,0.013239074550128535,-0.10714897784306525
2,89,0,35,0,-0.012584159627861427,0.012859591137226099,-0.10728363324764353
2,90,0,35,0,-0.012657608030358671,0.012798384135145061,-0.10713673644264905
2,91,0,35,0,-0.01257191822744522,0.012706573632023505,-0.10751009915534337
2,92,0,35,0,-0.012627004529318153,0.013147264047006977,-0.10733871954951646
2,93,0,35,0,-0.012559676827029012,0.013190108948463706,-0.10733259884930837
2,94,0,35,0,-0.012675970130982983,0.013177867548047497,-0.10731423674868405
2,95,0,35,0,-0.012437262822866935,0.012920798139307138,-0.107546823356592
2,96,0,35,0,-0.012565797527237115,0.012798384135145061,-0.10708165014077611
2,97,0,35,0,-0.01249234912473987,0.013061574244093524,-0.1075407026563839
2,98,0,35,0,-0.012504590525156078,0.012945280940139553,-0.10736932305055698
2,99,0,35,0,-0.01295752234055576,0.013116660545966458,-0.10744889215326234
3,0,35,35,0,0.03785653078712205,0.008550618190721018,-0.09284490145672665
3,1,35,35,0,0.03800342759211654,0.008526135389888603,-0.09289998775859959
3,2,35,35,0,0.03796670339086792,0.008165014077610479,-0.0929367119598482
3,3,35,35,0,0.037819806585873424,0.008409842085934632,-0.0929367119598482
3,4,35,35,0,0.0381074794956543,0.008666911494674991,-0.09310197086546701
3,5,35,35,0,0.037905496388786875,0.008379238584894113,-0.09332231607295874
3,6,35,35,0,0.037905496388786875,0.007969151670951156,-0.09305912596401028
3,7,35,35,0,0.03797282409107602,0.008281307381564452,-0.09299791896192924
3,8,35,35,0,0.03780756518545721,0.008452686987391357,-0.09301016036234545
3,9,35,35,0,0.037942220590035505,0.008385359285102216,-0.09312645366629943
3,10,35,35,0,0.037562737177133064,0.008336393683437384,-0.09290610845880769
3,11,35,35,0,0.037789203084832905,0.008501652589056188,-0.09307748806463459
3,12,35,35,0,0.03785041008691394,0.008373117884686008,-0.09286326355735096
3,13,35,35,0,0.03780756518545721,0.008611825192802057,-0.09302852246296976
3,14,35,35,0,0.03785041008691394,0.008269065981148243,-0.09326110907087772
3,15,35,35,0,0.037929979189619295,0.00839147998531032,-0.09310809156567511
3,16,35,35,0,0.03769739258171135,0.00823234177989962,-0.09319378136858857
3,17,35,35,0,0.037905496388786875,0.00834251438364549,-0.09282653935610233
3,18,35,35,0,0.037905496388786875,0.00834251438364549,-0.09282653935610233
3,19,35,35,0,0.03807687599461378,0.008452686987391357,-0.09297955686130494
3,20,35,35,0,0.03783816868649774,0.00858734239196964,-0.09305300526380218
3,21,35,35,0,0.037703513281919454,0.00826294528094014,-0.09307748806463459
3,22,35,35,0,0.037801444485249115,0.00834251438364549,-0.09305300526380218
3,23,35,35,0,0.03793609988982739,0.00823234177989962,-0.09315093646713184
3,24,35,35,0,0.037703513281919454,0.008275186681356347,-0.09287550495776717
3,25,35,35,0,0.0377769616844167,0.008489411188639981,-0.09314481576692374
3,26,35,35,0,0.037758599583792386,0.00844044558697515,-0.09304688456359408
3,27,35,35,0,0.037929979189619295,0.008287428081772555,-0.09334679887379116
3,28,35,35,0,0.037917737789203085,0.008452686987391357,-0.09290610845880769
3,29,35,35,0,0.037893254988370664,0.008318031582813074,-0.09315093646713184
3,30,35,35,0,0.03786877218753825,0.008562859591137225,-0.09316317786754805
3,31,35,35,0,0.037789203084832905,0.00839147998531032,-0.0929367119598482
3,32,35,35,0,0.03793609988982739,0.0082017382788591,-0.09297955686130494
3,33,35,35,0,0.038131962296486716,0.008318031582813074,-0.09315093646713184
3,34,35,35,0,0.037905496388786875,0.00844044558697515,-0.09324274697025339
3,35,35,35,0,0.037905496388786875,0.00844044558697515,-0.09307136736442649
3,36,35,35,0,0.037893254988370664,0.008489411188639981,-0.09307136736442649
3,37,35,35,0,0.037887134288162566,0.008299669482188762,-0.0929367119598482
3,38,35,35,0,0.037899375688578776,0.008660790794466886,-0.09326110907087772
3,39,35,35,0,0.03793609988982739,0.008385359285102216,-0.09326722977108581
3,40,35,35,0,0.037715754682335664,0.008207858979067204,-0.09285102215693475
3,41,35,35,0,0.03797894479128412,0.008379238584894113,-0.09312033296609132
3,42,35,35,0,0.037715754682335664,0.008226221079691516,-0.09302852246296976
3,43,35,35,0,0.037960582690659814,0.0085200146896805,-0.09322438486962908
3,44,35,35,0,0.038046272493573265,0.008354755784061698,-0.0930836087648427
3,45,35,35,0,0.03805239319378137,0.0082017382788591,-0.0931142122658832
3,46,35,35,0,0.037929979189619295,0.00839147998531032,-0.09322438486962908
3,47,35,35,0,0.03786877218753825,0.008415962786142735,-0.09330395397233443
3,48,35,35,0,0.03793609988982739,0.008630187293426368,-0.09301628106255355
3,49,35,35,0,0.037917737789203085,0.00864854939405068,-0.09314481576692374
3,50,35,35,0,0.037917737789203085,0.008146651976986167,-0.09289998775859959
3,51,35,35,0,0.038015668992532746,0.008336393683437384,-0.09302852246296976
3,52,35,35,0,0.03781368588566532,0.008434324886767045,-0.09310809156567511
3,53,35,35,0,0.037960582690659814,0.00818337617823479,-0.09337740237483169
3,54,35,35,0,0.03782592728608153,0.008348635083853593,-0.09321214346921289
3,55,35,35,0,0.03780756518545721,0.008269065981148243,-0.09301016036234545
3,56,35,35,0,0.03786265148733015,0.008446566287183254,-0.09266740115069164
3,57,35,35,0,0.03812584159627862,0.008495531888848084,-0.09317541926796426
3,58,35,35,0,0.037758599583792386,0.008691394295507405,-0.09282041865589423
3,59,35,35,0,0.03780756518545721,0.008379238584894113,-0.09309585016525891
3,60,35,35,0,0.03780756518545721,0.008495531888848084,-0.09288774635818338
3,61,35,35,0,0.03799118619170033,0.008495531888848084,-0.09288774635818338
3,62,35,35,0,0.03783816868649774,0.008770963398212756,-0.09303464316317786
3,63,35,35,0,0.03799118619170033,0.008293548781980659,-0.09287550495776717
3,64,35,35,0,0.03793609988982739,0.008721997796547925,-0.09285714285714286
3,65,35,35,0,0.037917737789203085,0.008636307993634473,-0.09293059125964011
3,66,35,35,0,0.03784428938670584,0.008434324886767045,-0.09298567756151303
3,67,35,35,0,0.03781368588566532,0.00831191088260497,-0.09312033296609132
3,68,35,35,0,0.03806463459419758,0.008532256090096706,-0.09323050556983718
3,69,35,35,0,0.037819806585873424,0.008489411188639981,-0.09305912596401028
3,70,35,35,0,0.037948341290243603,0.008532256090096706,-0.09283266005631044
3,71,35,35,0,0.03799118619170033,0.008630187293426368,-0.09296731546088872
3,72,35,35,0,0.0377769616844167,0.008360876484269801,-0.09300403966213736
3,73,35,35,0,0.037942220590035505,0.008275186681356347,-0.09301016036234545
3,74,35,35,0,0.038027910392948956,0.008526135389888603,-0.09296731546088872
3,75,35,35,0,0.038046272493573265,0.00823234177989962,-0.09307136736442649
3,76,35,35,0,0.03799118619170033,0.008446566287183254,-0.09315705716733994
3,77,35,35,0,0.03799118619170033,0.00833027298322928,-0.09331007467254254
3,78,35,35,0,0.03779532378504101,0.00833027298322928,-0.09331007467254254
3,79,35,35,0,0.037948341290243603,0.008385359285102216,-0.09313869506671564
3,80,35,35,0,0.03795446199045171,0.008385359285102216,-0.09324274697025339
3,81,35,35,0,0.03779532378504101,0.008538376790304811,-0.09296731546088872
3,82,35,35,0,0.03786877218753825,0.008354755784061698,-0.0930897294650508
3,83,35,35,0,0.037746358183376176,0.008434324886767045,-0.09310809156567511
3,84,35,35,0,0.03799118619170033,0.008305790182396865,-0.09296731546088872
3,85,35,35,0,0.037893254988370664,0.008636307993634473,-0.09302852246296976
3,86,35,35,0,0.03785653078712205,0.008299669482188762,-0.09310809156567511
3,87,35,35,0,0.03796670339086792,0.008397600685518423,-0.09314481576692374
3,88,35,35,0,0.03783204798628963,0.008501652589056188,-0.09306524666421838
3,89,35,35,0,0.037648426980046515,0.008403721385726527,-0.09289386705839148
3,90,35,35,0,0.037874892887746356,0.008281307381564452,-0.09285714285714286
3,91,35,35,0,0.03786877218753825,0.008287428081772555,-0.09301628106255355
3,92,35,35,0,0.03792385848941119,0.008403721385726527,-0.09300403966213736
3,93,35,35,0,0.0376117027787979,0.008226221079691516,-0.09327947117150201
3,94,35,35,0,0.037819806585873424,0.008269065981148243,-0.09313257436650753
3,95,35,35,0,0.037819806585873424,0.008324152283021177,-0.09288162565797528
3,96,35,35,0,0.03800342759211654,0.008324152283021177,-0.09288162565797528
3,97,35,35,0,0.03783204798628963,0.00833027298322928,-0.09289998775859959
3,98,35,35,0,0.03786265148733015,0.008373117884686008,-0.09303464316317786
3,99,35,35,0,0.037948341290243603,0.008385359285102216,-0.09304688456359408
