values,,position,position,position,Magnetometer,Magnetometer,Magnetometer
axis,,x,y,z,x,y,z
Sensor,Sample,,,,,,
0,0,0,0,0,-0.019708654670094257,-0.05295629820051414,-0.06335536785408251
0,1,0,0,0,-0.019708654670094257,-0.05295629820051414,-0.06335536785408251
0,2,0,0,0,-0.01983718937446444,-0.05312767780634105,-0.0633308850532501
0,3,0,0,0,-0.019794344473007715,-0.052748194393438606,-0.06291467743909904
0,4,0,0,0,-0.019794344473007715,-0.052748194393438606,-0.06291467743909904
0,5,0,0,0,-0.019678051169053738,-0.05319500550863019,-0.06344105765699595
0,6,0,0,0,-0.019702533969886155,-0.0530603501040519,-0.0631962296486718
0,7,0,0,0,-0.019702533969886155,-0.0530603501040519,-0.0631962296486718
0,8,0,0,0,-0.019653568368221325,-0.05312155710613294,-0.0631962296486718
0,9,0,0,0,-0.01966580976863753,-0.053078712204676214,-0.06287795323785042
0,10,0,0,0,-0.01966580976863753,-0.053078712204676214,-0.06287795323785042
0,11,0,0,0,-0.01987391357571306,-0.0530542294038438,-0.06307381564450973
0,12,0,0,0,-0.019678051169053738,-0.05315216060717346,-0.06323907455012853
0,13,0,0,0,-0.019678051169053738,-0.05315216060717346,-0.06323907455012853
0,14,0,0,0,-0.019678051169053738,-0.053133798506549146,-0.06330028155220957
0,15,0,0,0,-0.019714775370302362,-0.052974660301138454,-0.06325743665075284
0,16,0,0,0,-0.019714775370302362,-0.052974660301138454,-0.06325743665075284
0,17,0,0,0,-0.01980658587342392,-0.05325009181050312,-0.06301260864242869
0,18,0,0,0,-0.019567878565307874,-0.05298078100134655,-0.06330028155220957
0,19,0,0,0,-0.019831068674256335,-0.05308483290488432,-0.0631962296486718
0,20,0,0,0,-0.019831068674256335,-0.05308483290488432,-0.0631962296486718
0,21,0,0,0,-0.019506671563226833,-0.05309095360509243,-0.06307993634471784
0,22,0,0,0,-0.01995348267841841,-0.053146039906965356,-0.0631962296486718
0,23,0,0,0,-0.01995348267841841,-0.053146039906965356,-0.0631962296486718
0,24,0,0,0,-0.01991675847716979,-0.05295629820051414,-0.0633431264536663
0,25,0,0,0,-0.01964744766801322,-0.05298078100134655,-0.06325131595054474
0,26,0,0,0,-0.01964744766801322,-0.05298078100134655,-0.06325131595054474
0,27,0,0,0,-0.01974537887134288,-0.05310931570571673,-0.06305545354388542
0,28,0,0,0,-0.0197759823723834,-0.05285224629697638,-0.06315950544742319
0,29,0,0,0,-0.0197759823723834,-0.05285224629697638,-0.06315950544742319
0,30,0,0,0,-0.019782103072591505,-0.0530603501040519,-0.06335536785408251
0,31,0,0,0,-0.019739258171134776,-0.053029746603011386,-0.0631839882482556
0,32,0,0,0,-0.019739258171134776,-0.053029746603011386,-0.0631839882482556
0,33,0,0,0,-0.019671930468845637,-0.0530542294038438,-0.06332476435304199
0,34,0,0,0,-0.019812706573632023,-0.053286816011751746,-0.06342881625657976
0,35,0,0,0,-0.019812706573632023,-0.053286816011751746,-0.06342881625657976
0,36,0,0,0,-0.019739258171134776,-0.05326233321091933,-0.06320847104908801
0,37,0,0,0,-0.01974537887134288,-0.05310319500550863,-0.06344105765699595
0,38,0,0,0,-0.01974537887134288,-0.054670094258783206,-0.06330028155220957
0,39,0,0,0,-0.019751499571550986,-0.053280695311543634,-0.06330028155220957
0,40,0,0,0,-0.019702533969886155,-0.053029746603011386,-0.062853470437018
0,41,0,0,0,-0.019678051169053738,-0.052937936099889824,-0.0633308850532501
0,42,0,0,0,-0.019678051169053738,-0.052937936099889824,-0.0633308850532501
0,43,0,0,0,-0.01965968906842943,-0.05334190231362468,-0.06343493695678785
0,44,0,0,0,-0.019671930468845637,-0.05298690170155466,-0.06315338474721507
0,45,0,0,0,-0.019671930468845637,-0.05298690170155466,-0.06315338474721507
0,46,0,0,0,-0.019598482066348392,-0.053078712204676214,-0.063030970743053
0,47,0,0,0,-0.019714775370302362,-0.053390867915289505,-0.06336760925449872
0,48,0,0,0,-0.019714775370302362,-0.053390867915289505,-0.06336760925449872
0,49,0,0,0,-0.019555637164891664,-0.053176643408005875,-0.0633308850532501
0,50,0,0,0,-0.019720896070510467,-0.053133798506549146,-0.06324519525033664
0,51,0,0,0,-0.019720896070510467,-0.053133798506549146,-0.06324519525033664
0,52,0,0,0,-0.01990451707675358,-0.052974660301138454,-0.06326355735096095
0,53,0,0,0,-0.019714775370302362,-0.0528828497980169,-0.06315950544742319
0,54,0,0,0,-0.019714775370302362,-0.0528828497980169,-0.06315950544742319
0,55,0,0,0,-0.019763740971967193,-0.05292569469947363,-0.06305545354388542
0,56,0,0,0,-0.019720896070510467,-0.05324397111029502,-0.0631962296486718
0,57,0,0,0,-0.019720896070510467,-0.05324397111029502,-0.0631962296486718
0,58,0,0,0,-0.019824947974048233,-0.0533725058146652,-0.06315338474721507
0,59,0,0,0,-0.01986779287550496,-0.05324397111029502,-0.06322683314971232
0,60,0,0,0,-0.01958011996572408,-0.05325621251071122,-0.06339209205533113
0,61,0,0,0,-0.01958011996572408,-0.05325621251071122,-0.06339209205533113
0,62,0,0,0,-0.019959603378626515,-0.05306647080426,-0.06328191945158526
0,63,0,0,0,-0.01932305055698372,-0.053219488309462604,-0.06315950544742319
0,64,0,0,0,-0.01932305055698372,-0.053219488309462604,-0.06315950544742319
0,65,0,0,0,-0.019708654670094257,-0.053035867303219485,-0.06320235034887992
0,66,0,0,0,-0.0197759823723834,-0.05315828130738156,-0.0631901089484637
0,67,0,0,0,-0.0197759823723834,-0.05315828130738156,-0.0631901089484637
0,68,0,0,0,-0.019757620271759087,-0.05310931570571673,-0.06343493695678785
0,69,0,0,0,-0.01990451707675358,-0.05296853960093034,-0.0631778675480475
0,70,0,0,0,-0.01990451707675358,-0.05296853960093034,-0.0631778675480475
0,71,0,0,0,-0.019769861672175294,-0.05312767780634105,-0.0631901089484637
0,72,0,0,0,-0.01972701677071857,-0.053029746603011386,-0.06321459174929613
0,73,0,0,0,-0.01972701677071857,-0.053029746603011386,-0.06321459174929613
0,74,0,0,0,-0.01974537887134288,-0.05325621251071122,-0.06311666054596646
0,75,0,0,0,-0.0197759823723834,-0.05310319500550863,-0.06325131595054474
0,76,0,0,0,-0.0197759823723834,-0.05310319500550863,-0.06325131595054474
0,77,0,0,0,-0.019855551475088752,-0.05309707430530053,-0.06296976374097196
0,78,0,0,0,-0.01962908556738891,-0.052833884196352064,-0.06342269555637164
0,79,0,0,0,-0.01962908556738891,-0.052833884196352064,-0.06342269555637164
0,80,0,0,0,-0.019782103072591505,-0.05300526380217897,-0.06337372995470682
0,81,0,0,0,-0.019622964867180806,-0.05304198800342759,-0.06326355735096095
0,82,0,0,0,-0.019506671563226833,-0.0532256090096707,-0.06332476435304199
0,83,0,0,0,-0.019506671563226833,-0.0532256090096707,-0.06332476435304199
0,84,0,0,0,-0.0197759823723834,-0.053274574611335536,-0.0633492471538744
0,85,0,0,0,-0.0196168441669727,-0.05309707430530053,-0.06338597135512303
0,86,0,0,0,-0.0196168441669727,-0.05309707430530053,-0.06338597135512303
0,87,0,0,0,-0.01988615497612927,-0.05315216060717346,-0.06363692006365528
0,88,0,0,0,-0.019720896070510467,-0.05312155710613294,-0.06304933284367732
0,89,0,0,0,-0.019720896070510467,-0.05312155710613294,-0.06304933284367732
0,90,0,0,0,-0.01978822377279961,-0.0530481087036357,-0.06337985065491493
0,91,0,0,0,-0.019573999265515975,-0.05323785041008692,-0.06323295384992042
0,92,0,0,0,-0.019573999265515975,-0.05323785041008692,-0.06323295384992042
0,93,0,0,0,-0.019800465173215816,-0.05306647080426,-0.06312278124617457
0,94,0,0,0,-0.019573999265515975,-0.05315828130738156,-0.06355123026074183
0,95,0,0,0,-0.019573999265515975,-0.05315828130738156,-0.06355123026074183
0,96,0,0,0,-0.019892275676337372,-0.05301138450238707,-0.06297588444118007
0,97,0,0,0,-0.01981882727384013,-0.053146039906965356,-0.06325743665075284
0,98,0,0,0,-0.01981882727384013,-0.053146039906965356,-0.06325743665075284
0,99,0,0,0,-0.01969029256946995,-0.05325621251071122,-0.06340433345574734
1,0,35,0,0,0.015087526012975885,-0.0013587954461990453,-0.0017933651609744155
1,1,35,0,0,0.015087526012975885,-0.0013587954461990453,-0.0017933651609744155
1,2,35,0,0,0.015479250826294528,-0.0012425021422450729,-0.001713796058269066
1,3,35,0,0,0.015252784918594687,-0.001236381442036969,-0.0016954339576447544
1,4,35,0,0,0.015197698616721753,-0.0012302607418288652,-0.001609744154731301
1,5,35,0,0,0.015197698616721753,-0.0012302607418288652,-0.001609744154731301
1,6,35,0,0,0.015399681723589178,-0.001426123148488187,-0.0016342269555637164
1,7,35,0,0,0.015271147019218997,-0.0012180193414126576,-0.0015730199534826784
1,8,35,0,0,0.015271147019218997,-0.0012180193414126576,-0.0015730199534826784
1,9,35,0,0,0.015197698616721753,-0.0013465540457828376,-0.0017382788591014814
1,10,35,0,0,0.015399681723589178,-0.0013098298445342147,-0.001609744154731301
1,11,35,0,0,0.015399681723589178,-0.0013098298445342147,-0.001609744154731301
1,12,35,0,0,0.015289509119843312,-0.001138450238707308,-0.0016770718570204434
1,13,35,0,0,0.015203819316929856,-0.0012853470437017996,-0.0015668992532745746
1,14,35,0,0,0.015203819316929856,-0.0012853470437017996,-0.0015668992532745746
1,15,35,0,0,0.015344595421716244,-0.0010650018362100624,-0.0018178479618068306
1,16,35,0,0,0.015203819316929856,-0.0011323295384992043,-0.0018790549638878686
1,17,35,0,0,0.01525890561880279,-0.0012792263434936956,-0.0015791406536907822
1,18,35,0,0,0.01525890561880279,-0.0012792263434936956,-0.0015791406536907822
1,19,35,0,0,0.015307871220467622,-0.0015056922511935366,-0.0016158648549394051
1,20,35,0,0,0.015430285224629697,-0.0011323295384992043,-0.0016648304566042355
1,21,35,0,0,0.015430285224629697,-0.0011323295384992043,-0.0016648304566042355
1,22,35,0,0,0.015393561023381075,-0.0013832782470314603,-0.0017566409597257926
1,23,35,0,0,0.015289509119843312,-0.0012241400416207614,-0.0018056065613906232
1,24,35,0,0,0.015289509119843312,-0.0012241400416207614,-0.0018056065613906232
1,25,35,0,0,0.015313991920675726,-0.0011935365405802425,-0.0016648304566042355
1,26,35,0,0,0.015307871220467622,-0.0016403476557718202,-0.0015852613538988862
1,27,35,0,0,0.015307871220467622,-0.0016403476557718202,-0.0015852613538988862
1,28,35,0,0,0.015497612926918838,-0.0016587097563961317,-0.0016770718570204434
1,29,35,0,0,0.015613906230872813,-0.0016281062553556128,-0.0015791406536907822
1,30,35,0,0,0.01535071612192435,-0.0012241400416207614,-0.001371036846615253
1,31,35,0,0,0.01535071612192435,-0.0012241400416207614,-0.001371036846615253
1,32,35,0,0,0.015356836822132453,-0.0013771575468233565,-0.001456726649528706
1,33,35,0,0,0.015087526012975885,-0.0014383645489043947,-0.0015791406536907822
1,34,35,0,0,0.015087526012975885,-0.0014383645489043947,-0.0015791406536907822
1,35,35,0,0,0.015362957522340556,-0.0012486228424531767,-0.0013465540457828376
1,36,35,0,0,0.015148733015056922,-0.0018545721630554538,-0.0012547435426612805
1,37,35,0,0,0.015148733015056922,-0.0018545721630554538,-0.0012547435426612805
1,38,35,0,0,0.015142612314848819,-0.0013587954461990453,-0.0014077610478638756
1,39,35,0,0,0.015240543518178478,-0.0012975884441180073,-0.001524054351817848
1,40,35,0,0,0.015240543518178478,-0.0012975884441180073,-0.001524054351817848
1,41,35,0,0,0.015442526625045905,-0.00120577794099645,-0.0015852613538988862
1,42,35,0,0,0.01516097441547313,-0.0013587954461990453,-0.0013526747459909412
1,43,35,0,0,0.015222181417554168,-0.001517933651609744,-0.0016587097563961317
1,44,35,0,0,0.015222181417554168,-0.001517933651609744,-0.0016587097563961317
1,45,35,0,0,0.015295629820051415,-0.001046639735585751,-0.001683192557228547
1,46,35,0,0,0.015185457216305546,-0.001432243848696291,-0.0016403476557718202
1,47,35,0,0,0.015185457216305546,-0.001432243848696291,-0.0016403476557718202
1,48,35,0,0,0.015234422817970375,-0.0013098298445342147,-0.0014200024482800833
1,49,35,0,0,0.015203819316929856,-0.0012914677439099032,-0.0016281062553556128
1,50,35,0,0,0.015203819316929856,-0.0012914677439099032,-0.0016281062553556128
1,51,35,0,0,0.015442526625045905,-0.00133431264536663,-0.001744399559309585
1,52,35,0,0,0.015124250214224508,-0.001517933651609744,-0.0016158648549394051
1,53,35,0,0,0.015124250214224508,-0.001517933651609744,-0.0016158648549394051
1,54,35,0,0,0.015228302117762271,-0.0015301750520259516,-0.001609744154731301
1,55,35,0,0,0.015332354021300038,-0.0014812094503611213,-0.0017076753580609623
1,56,35,0,0,0.01520994001713796,-0.0012669849430774881,-0.0014750887501530177
1,57,35,0,0,0.01520994001713796,-0.0012669849430774881,-0.0014750887501530177
1,58,35,0,0,0.015393561023381075,-0.0012608642428693843,-0.0017076753580609623
1,59,35,0,0,0.015185457216305546,-0.0012180193414126576,-0.0015424164524421593
1,60,35,0,0,0.015185457216305546,-0.0012180193414126576,-0.0015424164524421593
1,61,35,0,0,0.015185457216305546,-0.0013465540457828376,-0.0015975027543150937
1,62,35,0,0,0.015222181417554168,-0.0011935365405802425,-0.0015791406536907822
1,63,35,0,0,0.015222181417554168,-0.0011935365405802425,-0.0015791406536907822
1,64,35,0,0,0.01535071612192435,-0.0011629330395397234,-0.0015362957522340557
1,65,35,0,0,0.015313991920675726,-0.0012425021422450729,-0.001670951156812339
1,66,35,0,0,0.015313991920675726,-0.0012425021422450729,-0.001670951156812339
1,67,35,0,0,0.015301750520259519,-0.0012669849430774881,-0.0014812094503611213
1,68,35,0,0,0.015332354021300038,-0.00146284734973681,-0.0014689680499449136
1,69,35,0,0,0.015332354021300038,-0.0015791406536907822,-0.001652589056188028
1,70,35,0,0,0.015332354021300038,-0.0015791406536907822,-0.001652589056188028
1,71,35,0,0,0.015295629820051415,-0.0012486228424531767,-0.0014812094503611213
1,72,35,0,0,0.015454768025462112,-0.0013771575468233565,-0.001456726649528706
1,73,35,0,0,0.015454768025462112,-0.0013771575468233565,-0.001456726649528706
1,74,35,0,0,0.01536907822254866,-0.0012669849430774881,-0.0018545721630554538
1,75,35,0,0,0.015265026319010893,-0.0011751744399559308,-0.001609744154731301
1,76,35,0,0,0.015265026319010893,-0.0011751744399559308,-0.001609744154731301
1,77,35,0,0,0.015344595421716244,-0.0010650018362100624,-0.0015730199534826784
1,78,35,0,0,0.01536907822254866,-0.0013281919451585261,-0.001621985555147509
1,79,35,0,0,0.01536907822254866,-0.0013281919451585261,-0.001621985555147509
1,80,35,0,0,0.015203819316929856,-0.0013526747459909412,-0.0019769861672175298
1,81,35,0,0,0.01516097441547313,-0.0012425021422450729,-0.0018056065613906232
1,82,35,0,0,0.015454768025462112,-0.0010711225364181663,-0.0014995715509854327
1,83,35,0,0,0.015454768025462112,-0.0010711225364181663,-0.0014995715509854327
1,84,35,0,0,0.015271147019218997,-0.0012792263434936956,-0.0015607785530664707
1,85,35,0,0,0.015099767413392093,-0.0012425021422450729,-0.0016281062553556128
1,86,35,0,0,0.015099767413392093,-0.0012425021422450729,-0.0016281062553556128
1,87,35,0,0,0.015540457828375567,-0.0011139674378748928,-0.0016464683559799242
1,88,35,0,0,0.015265026319010893,-0.0012669849430774881,-0.0015485371526502633
1,89,35,0,0,0.015265026319010893,-0.0012669849430774881,-0.0015485371526502633
1,90,35,0,0,0.015356836822132453,-0.0012425021422450729,-0.0019218998653445954
1,91,35,0,0,0.01525890561880279,-0.001432243848696291,-0.0015362957522340557
1,92,35,0,0,0.01525890561880279,-0.001432243848696291,-0.0015362957522340557
1,93,35,0,0,0.015020198310686742,-0.001517933651609744,-0.0014138817480719794
1,94,35,0,0,0.015118129514016403,-0.0013832782470314603,-0.001836210062431142
1,95,35,0,0,0.015118129514016403,-0.0014200024482800833,-0.0017382788591014814
1,96,35,0,0,0.015069163912351574,-0.0014200024482800833,-0.0017382788591014814
1,97,35,0,0,0.01535071612192435,-0.0014689680499449136,-0.0016648304566042355
1,98,35,0,0,0.015387440323172972,-0.001395519647447668,-0.001713796058269066
1,99,35,0,0,0.015387440323172972,-0.001395519647447668,-0.001713796058269066
2,0,0,35,0,0.010662259762516831,0.023999265515975025,-0.150942587832048
2,1,0,35,0,0.010343983351695434,0.024507283633247643,-0.15088750153017505
2,2,0,35,0,0.010864242869384259,0.02442159383033419,-0.150826294528094
2,3,0,35,0,0.010864242869384259,0.02442159383033419,-0.150826294528094
2,4,0,35,0,0.010607173460643899,0.024513404333455745,-0.15097931203329662
2,5,0,35,0,0.010698983963765455,0.024556249234912474,-0.150648794222059
2,6,0,35,0,0.010698983963765455,0.02430530052638022,-0.15074672542538867
2,7,0,35,0,0.010760190965846492,0.02430530052638022,-0.15074672542538867
2,8,0,35,0,0.010778553066470804,0.02453176643408006,-0.15087526012975885
2,9,0,35,0,0.010705104663973558,0.024317541926796426,-0.15069163912351574
2,10,0,35,0,0.010705104663973558,0.024317541926796426,-0.15069163912351574
2,11,0,35,0,0.010607173460643899,0.02426245562492349,-0.1509976741339209
2,12,0,35,0,0.010509242257314238,0.02391969641326968,-0.1509670706328804
2,13,0,35,0,0.010509242257314238,0.02391969641326968,-0.1509670706328804
2,14,0,35,0,0.010735708165014079,0.024537887134288165,-0.15104663973558574
2,15,0,35,0,0.010839760068551842,0.024568490635328684,-0.15056310441914555
2,16,0,35,0,0.010839760068551842,0.024568490635328684,-0.15056310441914555
2,17,0,35,0,0.010656139062308728,0.024299179826172114,-0.1506243114212266
2,18,0,35,0,0.010582690659811482,0.024317541926796426,-0.15067939772309952
2,19,0,35,0,0.010582690659811482,0.024317541926796426,-0.15067939772309952
2,20,0,35,0,0.01098053617333823,0.024397111029501775,-0.15085077732892643
2,21,0,35,0,0.010509242257314238,0.024482800832415226,-0.15071612192434816
2,22,0,35,0,0.010637776961684418,0.024452197331374707,-0.15075896682580486
2,23,0,35,0,0.010637776961684418,0.024452197331374707,-0.15075896682580486
2,24,0,35,0,0.010711225364181662,0.02461133553678541,-0.15055086301872936
2,25,0,35,0,0.01067450116293304,0.024537887134288165,-0.15074060472518055
2,26,0,35,0,0.01067450116293304,0.024537887134288165,-0.15074060472518055
2,27,0,35,0,0.010754070265638389,0.024544007834496267,-0.15073448402497244
2,28,0,35,0,0.010656139062308728,0.024299179826172114,-0.15069163912351574
2,29,0,35,0,0.010656139062308728,0.024299179826172114,-0.15069163912351574
2,30,0,35,0,0.010423552454400783,0.02481943934386094,-0.15073448402497244
2,31,0,35,0,0.010747949565430286,0.02447055943199902,-0.15073448402497244
2,32,0,35,0,0.010747949565430286,0.02447055943199902,-0.15073448402497244
2,33,0,35,0,0.01041743175419268,0.024482800832415226,-0.1507773289264292
2,34,0,35,0,0.01067450116293304,0.024482800832415226,-0.15075284612559675
2,35,0,35,0,0.010521483657730445,0.02451952503366385,-0.15075284612559675
2,36,0,35,0,0.010521483657730445,0.02451952503366385,-0.15075284612559675
2,37,0,35,0,0.010741828865222182,0.024507283633247643,-0.15072836332476436
2,38,0,35,0,0.010735708165014079,0.024501162933039538,-0.1507895703268454
2,39,0,35,0,0.010735708165014079,0.024501162933039538,-0.1507895703268454
2,40,0,35,0,0.010594932060227689,0.024256334924715385,-0.1508385359285102
2,41,0,35,0,0.010729587464805974,0.024378748928877463,-0.150648794222059
2,42,0,35,0,0.010729587464805974,0.024378748928877463,-0.150648794222059
2,43,0,35,0,0.010747949565430286,0.024335904027420738,-0.15090586363079936
2,44,0,35,0,0.010594932060227689,0.024501162933039538,-0.1506426735218509
2,45,0,35,0,0.010594932060227689,0.024501162933039538,-0.1506426735218509
2,46,0,35,0,0.01049700085689803,0.024366507528461256,-0.15060594932060228
2,47,0,35,0,0.010643897661892521,0.02438486962908557,-0.151003794834129
2,48,0,35,0,0.010643897661892521,0.02438486962908557,-0.151003794834129
2,49,0,35,0,0.010331741951279226,0.024342024727628843,-0.1506671563226833
2,50,0,35,0,0.010784673766678908,0.024219610723466765,-0.15061819072101848
2,51,0,35,0,0.010552087158770963,0.024709266740115067,-0.15112620883829112
2,52,0,35,0,0.010552087158770963,0.024709266740115067,-0.15112620883829112
2,53,0,35,0,0.01072346676459787,0.02442159383033419,-0.15085689802913455
2,54,0,35,0,0.010607173460643899,0.024476680132207124,-0.15084465662871832
2,55,0,35,0,0.010607173460643899,0.024476680132207124,-0.15084465662871832
2,56,0,35,0,0.010607173460643899,0.0244399559309585,-0.1504468111151916
2,57,0,35,0,0.010680621863141143,0.024476680132207124,-0.15071612192434816
2,58,0,35,0,0.010680621863141143,0.024476680132207124,-0.15071612192434816
2,59,0,35,0,0.010613294160852002,0.0244338352307504,-0.1507773289264292
2,60,0,35,0,0.010827518668135635,0.024568490635328684,-0.15057534581956175
2,61,0,35,0,0.010827518668135635,0.024568490635328684,-0.15057534581956175
2,62,0,35,0,0.010656139062308728,0.024378748928877463,-0.15075896682580486
2,63,0,35,0,0.010650018362100624,0.024452197331374707,-0.15085689802913455
2,64,0,35,0,0.010521483657730445,0.024556249234912474,-0.15059370792018606
2,65,0,35,0,0.010521483657730445,0.024556249234912474,-0.15059370792018606
2,66,0,35,0,0.010705104663973558,0.024782715142612315,-0.1506610356224752
2,67,0,35,0,0.01080303586730322,0.024415473130126087,-0.15085689802913455
2,68,0,35,0,0.01080303586730322,0.024415473130126087,-0.15085689802913455
2,69,0,35,0,0.01072346676459787,0.024378748928877463,-0.15124250214224508
2,70,0,35,0,0.010790794466887011,0.024280817725547802,-0.1508385359285102
2,71,0,35,0,0.010790794466887011,0.024280817725547802,-0.1508385359285102
2,72,0,35,0,0.010796915167095116,0.02438486962908557,-0.1509854327335047
2,73,0,35,0,0.010680621863141143,0.02432366262700453,-0.15104051903537766
2,74,0,35,0,0.010680621863141143,0.02432366262700453,-0.15104051903537766
2,75,0,35,0,0.010705104663973558,0.024513404333455745,-0.1506426735218509
2,76,0,35,0,0.010601052760435794,0.024672542538866447,-0.15071612192434816
2,77,0,35,0,0.010601052760435794,0.024672542538866447,-0.15071612192434816
2,78,0,35,0,0.010686742563349247,0.02462969763740972,-0.15087526012975885
2,79,0,35,0,0.01049700085689803,0.024574611335536786,-0.15104051903537766
2,80,0,35,0,0.010870363569592362,0.02435426612804505,-0.15050189741706452
2,81,0,35,0,0.010870363569592362,0.02435426612804505,-0.15050189741706452
2,82,0,35,0,0.010570449259395275,0.024544007834496267,-0.15084465662871832
2,83,0,35,0,0.010637776961684418,0.02456236993512058,-0.1508018117272616
2,84,0,35,0,0.010637776961684418,0.02456236993512058,-0.1508018117272616
2,85,0,35,0,0.010643897661892521,0.02423185212388297,-0.1506243114212266
2,86,0,35,0,0.010705104663973558,0.024770473742196108,-0.1507895703268454
2,87,0,35,0,0.010705104663973558,0.024770473742196108,-0.1507895703268454
2,88,0,35,0,0.010515362957522341,0.024550128534704372,-0.1506120700208104
2,89,0,35,0,0.010839760068551842,0.024446076631166606,-0.15071000122414005
2,90,0,35,0,0.010839760068551842,0.024446076631166606,-0.15071000122414005
2,91,0,35,0,0.010754070265638389,0.024641939037825928,-0.15084465662871832
2,92,0,35,0,0.010760190965846492,0.02430530052638022,-0.15099155343371282
2,93,0,35,0,0.010509242257314238,0.02464805973803403,-0.15071612192434816
2,94,0,35,0,0.010509242257314238,0.02464805973803403,-0.15071612192434816
2,95,0,35,0,0.010698983963765455,0.024366507528461256,-0.1508324152283021
2,96,0,35,0,0.01082139796792753,0.024599094136369203,-0.1507712082262211
2,97,0,35,0,0.01082139796792753,0.024599094136369203,-0.1507712082262211
2,98,0,35,0,0.010919329171257191,0.02451952503366385,-0.15106500183621005
2,99,0,35,0,0.010454155955441302,0.024458318031582812,-0.15078344962663728
3,0,35,35,0,0.03512057779409965,0.015032439711102949,-0.04097196719304688
3,1,35,35,0,0.03512057779409965,0.015032439711102949,-0.04097196719304688
3,2,35,35,0,0.0352185089974293,0.015056922511935366,-0.040763863385971356
3,3,35,35,0,0.035041008691394294,0.01467743909903293,-0.04086791528950912
3,4,35,35,0,0.035041008691394294,0.01467743909903293,-0.04086791528950912
3,5,35,35,0,0.035138939894723956,0.015020198310686742,-0.040965846492838784
3,6,35,35,0,0.03526135389888603,0.014861060105276044,-0.041033174195127926
3,7,35,35,0,0.03526135389888603,0.014861060105276044,-0.04077610478638756
3,8,35,35,0,0.035022646590769986,0.014861060105276044,-0.04077610478638756
3,9,35,35,0,0.03510833639368344,0.014793732402986901,-0.040923001591382055
3,10,35,35,0,0.035163422695556376,0.01485493940506794,-0.040684294283266004
3,11,35,35,0,0.035163422695556376,0.01485493940506794,-0.040684294283266004
3,12,35,35,0,0.03523687109805362,0.01509364671318399,-0.04074550128534704
3,13,35,35,0,0.03499816378993757,0.014793732402986901,-0.04059860448035255
3,14,35,35,0,0.03499816378993757,0.014793732402986901,-0.04059860448035255
3,15,35,35,0,0.035041008691394294,0.015136491614640715,-0.04078222548659567
3,16,35,35,0,0.035163422695556376,0.014916146407148978,-0.040751621985555146
3,17,35,35,0,0.035163422695556376,0.014916146407148978,-0.040751621985555146
3,18,35,35,0,0.03512057779409965,0.014848818704859837,-0.04086791528950912
3,19,35,35,0,0.03518790549638879,0.014738646101113967,-0.04094748439221447
3,20,35,35,0,0.03518790549638879,0.015240543518178478,-0.0410025706940874
3,21,35,35,0,0.035151181295140166,0.015240543518178478,-0.0410025706940874
3,22,35,35,0,0.03527971599951034,0.014946749908189496,-0.04071489778430652
3,23,35,35,0,0.03520014689680499,0.014818215203819318,-0.04072713918472273
3,24,35,35,0,0.03520014689680499,0.014818215203819318,-0.04072713918472273
3,25,35,35,0,0.03501652589056188,0.015265026319010893,-0.04106377769616844
3,26,35,35,0,0.03526135389888603,0.015087526012975885,-0.04073325988493083
3,27,35,35,0,0.03526135389888603,0.015087526012975885,-0.04073325988493083
3,28,35,35,0,0.03534092300159138,0.015056922511935366,-0.04069041498347411
3,29,35,35,0,0.035151181295140166,0.014922267107357081,-0.040672052882849793
3,30,35,35,0,0.035151181295140166,0.014922267107357081,-0.040672052882849793
3,31,35,35,0,0.035181784796180685,0.014958991308605705,-0.040794466887011875
3,32,35,35,0,0.03533480230138328,0.014665197698616721,-0.04073325988493083
3,33,35,35,0,0.03533480230138328,0.014903905006732771,-0.040898518790549634
3,34,35,35,0,0.03532868160117518,0.014903905006732771,-0.040898518790549634
3,35,35,35,0,0.03510833639368344,0.015105888113600197,-0.040653690782225485
3,36,35,35,0,0.03508385359285102,0.015032439711102949,-0.040910760190965845
3,37,35,35,0,0.03508385359285102,0.015032439711102949,-0.040910760190965845
3,38,35,35,0,0.03498592238952136,0.014732525400905864,-0.041051536295752235
3,39,35,35,0,0.03524299179826172,0.015087526012975885,-0.04102705349491982
3,40,35,35,0,0.03524299179826172,0.015087526012975885,-0.04102705349491982
3,41,35,35,0,0.03511445709389154,0.014750887501530174,-0.040825070388052394
3,42,35,35,0,0.035169543395764474,0.014824335904027422,-0.04046394907577427
3,43,35,35,0,0.035169543395764474,0.014824335904027422,-0.04046394907577427
3,44,35,35,0,0.03527359529930224,0.014928387807565186,-0.04078222548659567
3,45,35,35,0,0.035181784796180685,0.014897784306524667,-0.040568000979312034
3,46,35,35,0,0.0352062675970131,0.014946749908189496,-0.040953605092422574
3,47,35,35,0,0.0352062675970131,0.014946749908189496,-0.040953605092422574
3,48,35,35,0,0.035163422695556376,0.014769249602154486,-0.040812828987636184
3,49,35,35,0,0.035157301995348264,0.015075284612559678,-0.04097196719304688
3,50,35,35,0,0.035157301995348264,0.015075284612559678,-0.04097196719304688
3,51,35,35,0,0.035255233198677925,0.014720284000489655,-0.04078834618680377
3,52,35,35,0,0.03527359529930224,0.015142612314848819,-0.04080058758721998
3,53,35,35,0,0.03527359529930224,0.015142612314848819,-0.04080058758721998
3,54,35,35,0,0.03532256090096707,0.015063043212143471,-0.04095972579263067
3,55,35,35,0,0.03537764720284001,0.014922267107357081,-0.040696535683682214
3,56,35,35,0,0.03537764720284001,0.014922267107357081,-0.040696535683682214
3,57,35,35,0,0.035028767290978084,0.014732525400905864,-0.04073938058513894
3,58,35,35,0,0.03513281919451585,0.014738646101113967,-0.040965846492838784
3,59,35,35,0,0.0350471293916024,0.014916146407148978,-0.040812828987636184
3,60,35,35,0,0.0350471293916024,0.014916146407148978,-0.040812828987636184
3,61,35,35,0,0.0350532500918105,0.014977353409230015,-0.040684294283266004
3,62,35,35,0,0.035138939894723956,0.014916146407148978,-0.04121679520137104
3,63,35,35,0,0.035138939894723956,0.014916146407148978,-0.04121679520137104
3,64,35,35,0,0.03512669849430775,0.014946749908189496,-0.04106989839637655
3,65,35,35,0,0.0353715265026319,0.014971232709021912,-0.04125964010282777
3,66,35,35,0,0.0353715265026319,0.014971232709021912,-0.04125964010282777
3,67,35,35,0,0.03507773289264292,0.01509364671318399,-0.040451707675358065
3,68,35,35,0,0.034912473987024115,0.014867180805484149,-0.040653690782225485
3,69,35,35,0,0.034912473987024115,0.014867180805484149,-0.040653690782225485
3,70,35,35,0,0.03524911249846983,0.015050801811727263,-0.04081894968784429
3,71,35,35,0,0.0352185089974293,0.015014077610478637,-0.04104541559554413
3,72,35,35,0,0.035267474599094135,0.014848818704859837,-0.04085567388909291
3,73,35,35,0,0.035267474599094135,0.014848818704859837,-0.04085567388909291
3,74,35,35,0,0.03529195739992655,0.014958991308605705,-0.04070877708409842
3,75,35,35,0,0.03527971599951034,0.015032439711102949,-0.04059248378014445
3,76,35,35,0,0.03527971599951034,0.015032439711102949,-0.04059248378014445
3,77,35,35,0,0.035157301995348264,0.015271147019218997,-0.040880156689925326
3,78,35,35,0,0.03528583669971845,0.014805973803403108,-0.04107601909658465
3,79,35,35,0,0.03528583669971845,0.014805973803403108,-0.04107601909658465
3,80,35,35,0,0.03532256090096707,0.014885542906108459,-0.04078222548659567
3,81,35,35,0,0.0352185089974293,0.014616232096951893,-0.040751621985555146
3,82,35,35,0,0.0352185089974293,0.014616232096951893,-0.040751621985555146
3,83,35,35,0,0.0352062675970131,0.014873301505692252,-0.040623087281184966
3,84,35,35,0,0.03506549149222671,0.014867180805484149,-0.04094748439221447
3,85,35,35,0,0.03499816378993757,0.014879422205900356,-0.040880156689925326
3,86,35,35,0,0.03499816378993757,0.014879422205900356,-0.040880156689925326
3,87,35,35,0,0.03530419880034276,0.014885542906108459,-0.040904639490757747
3,88,35,35,0,0.035255233198677925,0.014977353409230015,-0.04097808789325499
3,89,35,35,0,0.035255233198677925,0.014977353409230015,-0.04097808789325499
3,90,35,35,0,0.035169543395764474,0.014897784306524667,-0.040825070388052394
3,91,35,35,0,0.03514506059493206,0.014873301505692252,-0.0405129146774391
3,92,35,35,0,0.03514506059493206,0.014873301505692252,-0.0405129146774391
3,93,35,35,0,0.035157301995348264,0.014965112008813808,-0.04084955318888481
3,94,35,35,0,0.03512057779409965,0.014940629207981393,-0.040763863385971356
3,95,35,35,0,0.03512057779409965,0.014940629207981393,-0.040763863385971356
3,96,35,35,0,0.03534092300159138,0.015075284612559678,-0.04053127677806341
3,97,35,35,0,0.0352185089974293,0.015032439711102949,-0.04101481209450361
3,98,35,35,0,0.03530419880034276,0.015136491614640715,-0.04064757008201738
3,99,35,35,0,0.03530419880034276,0.015136491614640715,-0.04064757008201738
