values,,position,position,position,Magnetometer,Magnetometer,Magnetometer
axis,,x,y,z,x,y,z
Sensor,Sample,,,,,,
0,0,0,0,0,-0.018160117517443997,-0.01284734973680989,-0.05135879544619905
0,1,0,0,0,-0.018025462112865712,-0.012859591137226099,-0.050924225731423675
0,2,0,0,0,-0.018202962418900723,-0.013098298445342146,-0.051022156934753336
0,3,0,0,0,-0.018043824213490024,-0.012951401640347656,-0.05090586363079937
0,4,0,0,0,-0.018043824213490024,-0.012951401640347656,-0.05090586363079937
0,5,0,0,0,-0.01814787611702779,-0.012865711837434202,-0.051150691639123516
0,6,0,0,0,-0.01813563471661158,-0.013043212143469212,-0.050807932427469706
0,7,0,0,0,-0.01813563471661158,-0.013043212143469212,-0.050807932427469706
0,8,0,0,0,-0.01790916880891174,-0.012963643040763865,-0.05108948463704248
0,9,0,0,0,-0.01805606561390623,-0.01295752234055576,-0.050967070632880404
0,10,0,0,0,-0.01805606561390623,-0.01295752234055576,-0.050967070632880404
0,11,0,0,0,-0.018276410821397967,-0.013024850042844902,-0.05114457093891541
0,12,0,0,0,-0.01795813441057657,-0.012871832537642305,-0.05077732892642919
0,13,0,0,0,-0.01795813441057657,-0.012871832537642305,-0.05077732892642919
0,14,0,0,0,-0.018245807320357448,-0.012841229036601787,-0.05126086424286939
0,15,0,0,0,-0.017945893010160363,-0.012871832537642305,-0.05127310564328559
0,16,0,0,0,-0.017945893010160363,-0.012871832537642305,-0.05127310564328559
0,17,0,0,0,-0.018202962418900723,-0.01291467743909903,-0.05117517443995593
0,18,0,0,0,-0.01812951401640348,-0.01289631533847472,-0.05123026074182887
0,19,0,0,0,-0.01812951401640348,-0.01289631533847472,-0.05123026074182887
0,20,0,0,0,-0.018068307014322438,-0.012706573632023505,-0.05087526012975885
0,21,0,0,0,-0.018013220712449506,-0.012841229036601787,-0.051211898641204553
0,22,0,0,0,-0.018013220712449506,-0.012841229036601787,-0.051211898641204553
0,23,0,0,0,-0.01831313502264659,-0.012841229036601787,-0.051266984943077486
0,24,0,0,0,-0.018043824213490024,-0.012859591137226099,-0.051162933039539726
0,25,0,0,0,-0.018227445219733136,-0.013067694944301628,-0.05104051903537765
0,26,0,0,0,-0.018227445219733136,-0.013067694944301628,-0.05104051903537765
0,27,0,0,0,-0.018227445219733136,-0.01310441914555025,-0.05110172603745868
0,28,0,0,0,-0.018025462112865712,-0.012865711837434202,-0.05125474354266128
0,29,0,0,0,-0.018025462112865712,-0.012865711837434202,-0.05125474354266128
0,30,0,0,0,-0.018153996817235892,-0.012694332231607297,-0.051095605337250584
0,31,0,0,0,-0.0181662382176521,-0.01291467743909903,-0.05132819194515853
0,32,0,0,0,-0.0181662382176521,-0.01291467743909903,-0.05132819194515853
0,33,0,0,0,-0.01805606561390623,-0.013018729342636797,-0.05118741584037214
0,34,0,0,0,-0.018049944913698126,-0.013220712449504225,-0.05124250214224507
0,35,0,0,0,-0.018049944913698126,-0.013220712449504225,-0.05124250214224507
0,36,0,0,0,-0.018000979312033295,-0.01282898763618558,-0.0511139674378749
0,37,0,0,0,-0.01826416942098176,-0.012798384135145061,-0.051266984943077486
0,38,0,0,0,-0.01826416942098176,-0.012798384135145061,-0.051266984943077486
0,39,0,0,0,-0.018074427714530543,-0.012969763740971968,-0.050869139429550736
0,40,0,0,0,-0.018251928020565553,-0.013030970743053006,-0.05125474354266128
0,41,0,0,0,-0.018251928020565553,-0.013030970743053006,-0.05125474354266128
0,42,0,0,0,-0.017952013710368468,-0.012902436038682824,-0.051065001836210065
0,43,0,0,0,-0.01792753090953605,-0.012596401028277634,-0.051236381442036974
0,44,0,0,0,-0.01792753090953605,-0.012596401028277634,-0.051236381442036974
0,45,0,0,0,-0.018049944913698126,-0.012926918839515241,-0.051150691639123516
0,46,0,0,0,-0.01803770351328192,-0.012963643040763865,-0.051126208838291096
0,47,0,0,0,-0.018202962418900723,-0.012810625535561268,-0.05100379483412902
0,48,0,0,0,-0.018202962418900723,-0.012810625535561268,-0.05100379483412902
0,49,0,0,0,-0.01808666911494675,-0.013012608642428694,-0.05153629575223405
0,50,0,0,0,-0.018172358917860204,-0.013116660545966458,-0.051156812339331614
0,51,0,0,0,-0.018172358917860204,-0.013116660545966458,-0.051156812339331614
0,52,0,0,0,-0.018276410821397967,-0.012969763740971968,-0.05097931203329661
0,53,0,0,0,-0.018202962418900723,-0.012920798139307138,-0.050942587832047984
0,54,0,0,0,-0.018202962418900723,-0.012920798139307138,-0.050942587832047984
0,55,0,0,0,-0.01811727261598727,-0.012908556738890927,-0.05125474354266128
0,56,0,0,0,-0.018172358917860204,-0.012853470437017993,-0.051407761047863876
0,57,0,0,0,-0.018172358917860204,-0.012853470437017993,-0.051407761047863876
0,58,0,0,0,-0.017970375810992777,-0.012786142734728853,-0.05118741584037214
0,59,0,0,0,-0.018031582813073814,-0.01293916023993145,-0.051211898641204553
0,60,0,0,0,-0.018031582813073814,-0.01293916023993145,-0.051211898641204553
0,61,0,0,0,-0.01809278981515485,-0.012884073938058512,-0.051150691639123516
0,62,0,0,0,-0.01814787611702779,-0.012926918839515241,-0.051126208838291096
0,63,0,0,0,-0.01814787611702779,-0.012926918839515241,-0.051126208838291096
0,64,0,0,0,-0.018153996817235892,-0.012920798139307138,-0.05104663973558575
0,65,0,0,0,-0.018019341412657607,-0.012865711837434202,-0.050967070632880404
0,66,0,0,0,-0.018019341412657607,-0.012865711837434202,-0.050967070632880404
0,67,0,0,0,-0.018111151915779163,-0.012773901334312646,-0.051022156934753336
0,68,0,0,0,-0.01810503121557106,-0.01300648794222059,-0.051156812339331614
0,69,0,0,0,-0.018209083119108828,-0.012884073938058512,-0.05118741584037214
0,70,0,0,0,-0.018209083119108828,-0.012884073938058512,-0.05118741584037214
0,71,0,0,0,-0.018049944913698126,-0.012675970130982983,-0.05102827763496144
0,72,0,0,0,-0.01810503121557106,-0.013043212143469212,-0.051371036846615245
0,73,0,0,0,-0.01810503121557106,-0.013043212143469212,-0.051371036846615245
0,74,0,0,0,-0.018239686620149347,-0.01278002203452075,-0.051169053739747825
0,75,0,0,0,-0.01826416942098176,-0.013128901946382665,-0.051193536540580245
0,76,0,0,0,-0.01826416942098176,-0.013128901946382665,-0.051193536540580245
0,77,0,0,0,-0.018319255722854692,-0.012718815032439712,-0.0512914677439099
0,78,0,0,0,-0.018098910515362956,-0.013141143346798872,-0.05090586363079937
0,79,0,0,0,-0.018098910515362956,-0.013141143346798872,-0.05090586363079937
0,80,0,0,0,-0.018062186314114333,-0.012743297833272127,-0.05108336393683437
0,81,0,0,0,-0.018043824213490024,-0.012908556738890927,-0.0511323295384992
0,82,0,0,0,-0.018043824213490024,-0.012908556738890927,-0.0511323295384992
0,83,0,0,0,-0.018025462112865712,-0.013024850042844902,-0.0511139674378749
0,84,0,0,0,-0.018080548414738645,-0.013067694944301628,-0.05110784673766679
0,85,0,0,0,-0.018080548414738645,-0.013067694944301628,-0.05110784673766679
0,86,0,0,0,-0.018080548414738645,-0.012865711837434202,-0.0511139674378749
0,87,0,0,0,-0.018043824213490024,-0.012743297833272127,-0.050991553433712825
0,88,0,0,0,-0.018190721018484516,-0.012933039539723346,-0.051211898641204553
0,89,0,0,0,-0.018190721018484516,-0.012933039539723346,-0.051211898641204553
0,90,0,0,0,-0.01817847961806831,-0.013018729342636797,-0.05117517443995593
0,91,0,0,0,-0.017915289509119844,-0.012871832537642305,-0.05108336393683437
0,92,0,0,0,-0.017915289509119844,-0.012871832537642305,-0.05108336393683437
0,93,0,0,0,-0.018062186314114333,-0.012645366629942464,-0.051065001836210065
0,94,0,0,0,-0.01812339331619537,-0.013049332843677316,-0.051156812339331614
0,95,0,0,0,-0.01812339331619537,-0.013049332843677316,-0.051156812339331614
0,96,0,0,0,-0.01817847961806831,-0.01300648794222059,-0.05099767413392092
0,97,0,0,0,-0.017939772309952258,-0.01308605704492594,-0.0512853470437018
0,98,0,0,0,-0.017939772309952258,-0.01308605704492594,-0.0512853470437018
0,99,0,0,0,-0.01795813441057657,-0.012694332231607297,-0.0512914677439099
1,0,35,0,0,0.007124495042232832,0.008593463092177745,-0.006090096707063288
1,1,35,0,0,0.007240788346186804,0.008238462480107725,-0.0061207002081038065
1,2,35,0,0,0.007014322438486963,0.008097686375321336,-0.005826906598114824
1,3,35,0,0,0.007014322438486963,0.008097686375321336,-0.005826906598114824
1,4,35,0,0,0.0070449259395274815,0.00818337617823479,-0.006059493206022769
1,5,35,0,0,0.006867425633492472,0.00818337617823479,-0.005961562002693108
1,6,35,0,0,0.007124495042232832,0.008532256090096706,-0.006181907210184845
1,7,35,0,0,0.007124495042232832,0.008532256090096706,-0.006181907210184845
1,8,35,0,0,0.0071979434447300775,0.008624066593218264,-0.005839147998531032
1,9,35,0,0,0.007210184845146285,0.008226221079691516,-0.005992165503733627
1,10,35,0,0,0.007210184845146285,0.008226221079691516,-0.005992165503733627
1,11,35,0,0,0.006769494430162811,0.008336393683437384,-0.006010527604357939
1,12,35,0,0,0.007038805239319377,0.00833027298322928,-0.006145183008936223
1,13,35,0,0,0.007038805239319377,0.00833027298322928,-0.006145183008936223
1,14,35,0,0,0.006959236136614029,0.00833027298322928,-0.005906475700820174
1,15,35,0,0,0.007014322438486963,0.008269065981148243,-0.006218631411433468
1,16,35,0,0,0.007014322438486963,0.008269065981148243,-0.006218631411433468
1,17,35,0,0,0.006891908434324886,0.008281307381564452,-0.006004406904149834
1,18,35,0,0,0.0069714775370302365,0.008715877096339822,-0.0058942343004039655
1,19,35,0,0,0.006940874035989718,0.0082017382788591,-0.0061207002081038065
1,20,35,0,0,0.006940874035989718,0.0082017382788591,-0.0061207002081038065
1,21,35,0,0,0.007118374342024727,0.008379238584894113,-0.00585138939894724
1,22,35,0,0,0.007075529440568001,0.008366997184477904,-0.005937079201860693
1,23,35,0,0,0.007075529440568001,0.008366997184477904,-0.005937079201860693
1,24,35,0,0,0.0070265638389031704,0.00823234177989962,-0.0060656139062308725
1,25,35,0,0,0.00718570204431387,0.00834251438364549,-0.0060288897049822505
1,26,35,0,0,0.00718570204431387,0.00834251438364549,-0.0060288897049822505
1,27,35,0,0,0.007112253641816624,0.008422083486350838,-0.005881992899987759
1,28,35,0,0,0.007038805239319377,0.008318031582813074,-0.005973803403109316
1,29,35,0,0,0.007038805239319377,0.008318031582813074,-0.005973803403109316
1,30,35,0,0,0.006940874035989718,0.00826294528094014,-0.00567388909291223
1,31,35,0,0,0.007124495042232832,0.008373117884686008,-0.0060472518056065615
1,32,35,0,0,0.006910270534949197,0.008238462480107725,-0.006010527604357939
1,33,35,0,0,0.006910270534949197,0.008238462480107725,-0.006010527604357939
1,34,35,0,0,0.007112253641816624,0.008269065981148243,-0.0058575100991553435
1,35,35,0,0,0.006965356836822133,0.008109927775737543,-0.00597992410331742
1,36,35,0,0,0.006965356836822133,0.008109927775737543,-0.00597992410331742
1,37,35,0,0,0.007087770840984209,0.008091565675113233,-0.006035010405190354
1,38,35,0,0,0.00697759823723834,0.0082017382788591,-0.006169665809768637
1,39,35,0,0,0.00697759823723834,0.0082017382788591,-0.006169665809768637
1,40,35,0,0,0.007100012241400416,0.008250703880523933,-0.006096217407271392
1,41,35,0,0,0.007081650140776105,0.007938548169910638,-0.005967682702901212
1,42,35,0,0,0.007081650140776105,0.007938548169910638,-0.005967682702901212
1,43,35,0,0,0.006861304933284368,0.00821397967927531,-0.00577182029624189
1,44,35,0,0,0.007051046639735587,0.008116048475945648,-0.005973803403109316
1,45,35,0,0,0.00697759823723834,0.007834496266372873,-0.006016648304566043
1,46,35,0,0,0.00697759823723834,0.007834496266372873,-0.006016648304566043
1,47,35,0,0,0.007240788346186804,0.00810380707552944,-0.005833027298322928
1,48,35,0,0,0.00705716733994369,0.00800587587219978,-0.0059493206022769
1,49,35,0,0,0.00705716733994369,0.00800587587219978,-0.0059493206022769
1,50,35,0,0,0.007142857142857143,0.008354755784061698,-0.0061207002081038065
1,51,35,0,0,0.007100012241400416,0.008226221079691516,-0.005863630799363447
1,52,35,0,0,0.007100012241400416,0.008226221079691516,-0.005863630799363447
1,53,35,0,0,0.006855184233076264,0.008256824580732037,-0.006071734606438976
1,54,35,0,0,0.0069714775370302365,0.008067082874280818,-0.0061084588076876
1,55,35,0,0,0.0069714775370302365,0.008067082874280818,-0.0061084588076876
1,56,35,0,0,0.0070265638389031704,0.008195617578650997,-0.006022769004774146
1,57,35,0,0,0.006830701432243849,0.008318031582813074,-0.006218631411433468
1,58,35,0,0,0.007093891541192313,0.008299669482188762,-0.005839147998531032
1,59,35,0,0,0.007093891541192313,0.008299669482188762,-0.005839147998531032
1,60,35,0,0,0.007228546945770596,0.008336393683437384,-0.0058942343004039655
1,61,35,0,0,0.007148977843065246,0.008256824580732037,-0.006022769004774146
1,62,35,0,0,0.007148977843065246,0.008256824580732037,-0.006022769004774146
1,63,35,0,0,0.007032684539111274,0.007871220467621495,-0.006114579507895703
1,64,35,0,0,0.007075529440568001,0.008073203574488921,-0.006059493206022769
1,65,35,0,0,0.007075529440568001,0.008073203574488921,-0.006059493206022769
1,66,35,0,0,0.007161219243481454,0.00800587587219978,-0.005900355000612071
1,67,35,0,0,0.007075529440568001,0.008354755784061698,-0.006163545109560534
1,68,35,0,0,0.007075529440568001,0.008354755784061698,-0.006163545109560534
1,69,35,0,0,0.007038805239319377,0.008207858979067204,-0.0060472518056065615
1,70,35,0,0,0.006940874035989718,0.008281307381564452,-0.0058575100991553435
1,71,35,0,0,0.006995960337862652,0.008073203574488921,-0.006004406904149834
1,72,35,0,0,0.006995960337862652,0.008073203574488921,-0.006004406904149834
1,73,35,0,0,0.0072346676459786995,0.008060962174072714,-0.006041131105398457
1,74,35,0,0,0.006983718937446444,0.008452686987391357,-0.006114579507895703
1,75,35,0,0,0.006983718937446444,0.008452686987391357,-0.006114579507895703
1,76,35,0,0,0.007173460643897662,0.00797527237115926,-0.006035010405190354
1,77,35,0,0,0.007038805239319377,0.008556738890929122,-0.005973803403109316
1,78,35,0,0,0.007038805239319377,0.008556738890929122,-0.005973803403109316
1,79,35,0,0,0.007081650140776105,0.008030358673032196,-0.006249234912473986
1,80,35,0,0,0.0070265638389031704,0.008318031582813074,-0.006004406904149834
1,81,35,0,0,0.0070265638389031704,0.007950789570326845,-0.005912596401028277
1,82,35,0,0,0.007081650140776105,0.007950789570326845,-0.005912596401028277
1,83,35,0,0,0.007087770840984209,0.007840616966580977,-0.0061084588076876
1,84,35,0,0,0.006983718937446444,0.008073203574488921,-0.005863630799363447
1,85,35,0,0,0.006983718937446444,0.008073203574488921,-0.005863630799363447
1,86,35,0,0,0.006891908434324886,0.007810013465540458,-0.0058942343004039655
1,87,35,0,0,0.006983718937446444,0.008165014077610479,-0.006010527604357939
1,88,35,0,0,0.006983718937446444,0.008165014077610479,-0.006010527604357939
1,89,35,0,0,0.006879667033908679,0.008165014077610479,-0.005759578895825682
1,90,35,0,0,0.007204064144938181,0.008048720773656506,-0.005955441302485005
1,91,35,0,0,0.007204064144938181,0.008048720773656506,-0.005955441302485005
1,92,35,0,0,0.006995960337862652,0.007981393071367363,-0.005814665197698616
1,93,35,0,0,0.0070265638389031704,0.008171134777818582,-0.005735096094993267
1,94,35,0,0,0.0070265638389031704,0.008171134777818582,-0.0061084588076876
1,95,35,0,0,0.006904149834741094,0.008091565675113233,-0.0061084588076876
1,96,35,0,0,0.00684906353286816,0.008073203574488921,-0.005918717101236382
1,97,35,0,0,0.007240788346186804,0.008250703880523933,-0.005930958501652589
1,98,35,0,0,0.007240788346186804,0.008250703880523933,-0.005930958501652589
1,99,35,0,0,0.006898029134532991,0.00839147998531032,-0.006096217407271392
2,0,0,35,0,0.0038499204308972946,0.01020932794711715,-0.0070449259395274815
2,1,0,35,0,0.0036907822254865956,0.010233810747949565,-0.0074244093524299185
2,2,0,35,0,0.0036907822254865956,0.010233810747949565,-0.0074244093524299185
2,3,0,35,0,0.0038621618313135022,0.010405190353776472,-0.007112253641816624
2,4,0,35,0,0.003684661525278492,0.010405190353776472,-0.007020443138695066
2,5,0,35,0,0.003684661525278492,0.010405190353776472,-0.006836822132451953
2,6,0,35,0,0.0036234545231974536,0.010570449259395275,-0.006836822132451953
2,7,0,35,0,0.0038560411311053984,0.01036846615252785,-0.007350960949932673
2,8,0,35,0,0.0036356959236136612,0.010184845146284736,-0.00710613294160852
2,9,0,35,0,0.0036356959236136612,0.010184845146284736,-0.00710613294160852
2,10,0,35,0,0.003917248133186437,0.010044069041498347,-0.007038805239319377
2,11,0,35,0,0.003715265026319011,0.009976741339209205,-0.007148977843065246
2,12,0,35,0,0.003715265026319011,0.009976741339209205,-0.007148977843065246
2,13,0,35,0,0.003966213734851267,0.010111396743787488,-0.0069714775370302365
2,14,0,35,0,0.003898886032562125,0.010044069041498347,-0.00710613294160852
2,15,0,35,0,0.003898886032562125,0.010044069041498347,-0.00710613294160852
2,16,0,35,0,0.0038927653323540213,0.010319500550863019,-0.00728363324764353
2,17,0,35,0,0.003788713428816257,0.01043579385481699,-0.007020443138695066
2,18,0,35,0,0.003788713428816257,0.01043579385481699,-0.007020443138695066
2,19,0,35,0,0.003684661525278492,0.010154241645244217,-0.0067817358305790176
2,20,0,35,0,0.0036662994246541803,0.010068551842330763,-0.006867425633492472
2,21,0,35,0,0.003978455135267475,0.010258293548781982,-0.006934753335781614
2,22,0,35,0,0.003978455135267475,0.010258293548781982,-0.006934753335781614
2,23,0,35,0,0.003684661525278492,0.010093034643163178,-0.0069898396376545475
2,24,0,35,0,0.0038744032317297094,0.01016036234545232,-0.0072713918472273225
2,25,0,35,0,0.0038744032317297094,0.01016036234545232,-0.0072713918472273225
2,26,0,35,0,0.0036173338229893498,0.010166483045660424,-0.00684906353286816
2,27,0,35,0,0.003788713428816257,0.01043579385481699,-0.006995960337862652
2,28,0,35,0,0.003788713428816257,0.01043579385481699,-0.006995960337862652
2,29,0,35,0,0.003556126820908312,0.010239931448157668,-0.006873546333700575
2,30,0,35,0,0.0038254376300648797,0.010282776349614397,-0.006879667033908679
2,31,0,35,0,0.0038254376300648797,0.010282776349614397,-0.006879667033908679
2,32,0,35,0,0.003868282531521606,0.009982862039417308,-0.006732770228914188
2,33,0,35,0,0.0036662994246541803,0.009988982739625413,-0.007350960949932673
2,34,0,35,0,0.0036662994246541803,0.009988982739625413,-0.006946994736197821
2,35,0,35,0,0.0036662994246541803,0.01003182764108214,-0.006946994736197821
2,36,0,35,0,0.003917248133186437,0.010123638144203697,-0.006910270534949197
2,37,0,35,0,0.003905006732770229,0.010123638144203697,-0.006922511935365405
2,38,0,35,0,0.003905006732770229,0.010123638144203697,-0.006922511935365405
2,39,0,35,0,0.00392336883339454,0.010111396743787488,-0.007332598849308361
2,40,0,35,0,0.0037213857265271147,0.01006243114212266,-0.006983718937446444
2,41,0,35,0,0.0037213857265271147,0.01006243114212266,-0.006983718937446444
2,42,0,35,0,0.003807075529440568,0.010093034643163178,-0.007253029746603011
2,43,0,35,0,0.0036356959236136612,0.009909413636920064,-0.0069714775370302365
2,44,0,35,0,0.0036356959236136612,0.009909413636920064,-0.0069714775370302365
2,45,0,35,0,0.004015179336516098,0.009909413636920064,-0.006861304933284368
2,46,0,35,0,0.0036662994246541803,0.010197086546700942,-0.008042600073448402
2,47,0,35,0,0.0036662994246541803,0.010197086546700942,-0.008042600073448402
2,48,0,35,0,0.003776472028400049,0.010331741951279226,-0.00718570204431387
2,49,0,35,0,0.0037519892275676334,0.010270534949198188,-0.006928632635573509
2,50,0,35,0,0.0036356959236136612,0.009970620639001102,-0.006910270534949197
2,51,0,35,0,0.0036356959236136612,0.009970620639001102,-0.006910270534949197
2,52,0,35,0,0.00400293793609989,0.010319500550863019,-0.0067633737299547065
2,53,0,35,0,0.003672420124862284,0.010380707552944058,-0.0069714775370302365
2,54,0,35,0,0.003672420124862284,0.010380707552944058,-0.0069714775370302365
2,55,0,35,0,0.0035989717223650387,0.0101297588444118,-0.007020443138695066
2,56,0,35,0,0.0038131962296486716,0.010135879544619905,-0.007081650140776105
2,57,0,35,0,0.0038131962296486716,0.010135879544619905,-0.007081650140776105
2,58,0,35,0,0.00400293793609989,0.010086913942955075,-0.007051046639735587
2,59,0,35,0,0.0036050924225731426,0.010343983351695434,-0.006824580732035746
2,60,0,35,0,0.0036050924225731426,0.010343983351695434,-0.006824580732035746
2,61,0,35,0,0.0037642306279838415,0.010190965846492839,-0.007161219243481454
2,62,0,35,0,0.0038376790304810874,0.01016036234545232,-0.006861304933284368
2,63,0,35,0,0.0038376790304810874,0.01016036234545232,-0.006861304933284368
2,64,0,35,0,0.003776472028400049,0.010203207246909046,-0.007063288040151794
2,65,0,35,0,0.0039539723344350595,0.010007344840249724,-0.007118374342024727
2,66,0,35,0,0.0038254376300648797,0.010025706940874037,-0.007191822744521974
2,67,0,35,0,0.0038254376300648797,0.010025706940874037,-0.007191822744521974
2,68,0,35,0,0.0036907822254865956,0.010111396743787488,-0.007100012241400416
2,69,0,35,0,0.0038131962296486716,0.010490880156689926,-0.007087770840984209
2,70,0,35,0,0.0038131962296486716,0.010490880156689926,-0.007087770840984209
2,71,0,35,0,0.003776472028400049,0.010197086546700942,-0.007571306157424409
2,72,0,35,0,0.003739747827151426,0.010117517443995593,-0.007289753947851635
2,73,0,35,0,0.003739747827151426,0.010117517443995593,-0.007289753947851635
2,74,0,35,0,0.0037336271269433224,0.010056310441914556,-0.007552944056800098
2,75,0,35,0,0.0038315583302729835,0.010086913942955075,-0.00710613294160852
2,76,0,35,0,0.0038315583302729835,0.010086913942955075,-0.00710613294160852
2,77,0,35,0,0.003562247521116416,0.010356224752111641,-0.0069531154364059254
2,78,0,35,0,0.004119231240053862,0.010154241645244217,-0.007173460643897662
2,79,0,35,0,0.0036907822254865956,0.010270534949198188,-0.007136736442649038
2,80,0,35,0,0.0036907822254865956,0.010270534949198188,-0.007136736442649038
2,81,0,35,0,0.003868282531521606,0.009927775737544376,-0.0072713918472273225
2,82,0,35,0,0.0038131962296486716,0.009909413636920064,-0.007265271147019218
2,83,0,35,0,0.0038131962296486716,0.009909413636920064,-0.007265271147019218
2,84,0,35,0,0.0035377647202840005,0.010227690047741461,-0.007032684539111274
2,85,0,35,0,0.0038499204308972946,0.010386828253152161,-0.006940874035989718
2,86,0,35,0,0.0038499204308972946,0.010386828253152161,-0.006940874035989718
2,87,0,35,0,0.0038131962296486716,0.010319500550863019,-0.007320357448892154
2,88,0,35,0,0.0038560411311053984,0.010044069041498347,-0.006922511935365405
2,89,0,35,0,0.0038560411311053984,0.010044069041498347,-0.006922511935365405
2,90,0,35,0,0.003715265026319011,0.010246052148365773,-0.007014322438486963
2,91,0,35,0,0.003880523931937814,0.010239931448157668,-0.007032684539111274
2,92,0,35,0,0.003880523931937814,0.010142000244828009,-0.006891908434324886
2,93,0,35,0,0.003568368221324519,0.010142000244828009,-0.006891908434324886
2,94,0,35,0,0.004027420736932305,0.010282776349614397,-0.006946994736197821
2,95,0,35,0,0.00392336883339454,0.010154241645244217,-0.006928632635573509
2,96,0,35,0,0.00392336883339454,0.010154241645244217,-0.006928632635573509
2,97,0,35,0,0.003654058024237973,0.010582690659811482,-0.007161219243481454
2,98,0,35,0,0.0035989717223650387,0.01008079324274697,-0.007075529440568001
2,99,0,35,0,0.0035989717223650387,0.01008079324274697,-0.007075529440568001
3,0,35,35,0,-0.005655526992287918,0.007069408740359898,-0.02879177377892031
3,1,35,35,0,-0.005655526992287918,0.007069408740359898,-0.02879177377892031
3,2,35,35,0,-0.005710613294160852,0.007320357448892154,-0.028491859468723225
3,3,35,35,0,-0.0058024237972824095,0.007522340555759578,-0.028730566776839273
3,4,35,35,0,-0.005600440690414984,0.007124495042232832,-0.028461255967682703
3,5,35,35,0,-0.005600440690414984,0.007124495042232832,-0.028461255967682703
3,6,35,35,0,-0.005833027298322928,0.007350960949932673,-0.028767290978087896
3,7,35,35,0,-0.005930958501652589,0.007491737054719059,-0.028540825070388055
3,8,35,35,0,-0.005930958501652589,0.007491737054719059,-0.028540825070388055
3,9,35,35,0,-0.005741216795201371,0.007491737054719059,-0.02888970498224997
3,10,35,35,0,-0.005582078589790672,0.00728363324764353,-0.02870608397600686
3,11,35,35,0,-0.005582078589790672,0.00728363324764353,-0.02870608397600686
3,12,35,35,0,-0.005826906598114824,0.007455012853470437,-0.02869996327579875
3,13,35,35,0,-0.005741216795201371,0.007338719549516465,-0.02851634226955564
3,14,35,35,0,-0.005741216795201371,0.007338719549516465,-0.02851634226955564
3,15,35,35,0,-0.00564328559187171,0.007540702656383891,-0.028712204676214957
3,16,35,35,0,-0.005716733994368955,0.007295874648059739,-0.029091688089117395
3,17,35,35,0,-0.005728975394785164,0.007246909046394907,-0.028730566776839273
3,18,35,35,0,-0.005728975394785164,0.007246909046394907,-0.028730566776839273
3,19,35,35,0,-0.0058575100991553435,0.0071795813441057664,-0.02889582568245807
3,20,35,35,0,-0.005716733994368955,0.007246909046394907,-0.02884073938058514
3,21,35,35,0,-0.005716733994368955,0.007246909046394907,-0.02884073938058514
3,22,35,35,0,-0.005422940384379973,0.007100012241400416,-0.0286142734728853
3,23,35,35,0,-0.005533112988125841,0.007308116048475946,-0.028583669971844777
3,24,35,35,0,-0.005533112988125841,0.007308116048475946,-0.028583669971844777
3,25,35,35,0,-0.005624923491247399,0.007136736442649038,-0.028828497980168934
3,26,35,35,0,-0.00567388909291223,0.007173460643897662,-0.028644876973925815
3,27,35,35,0,-0.00567388909291223,0.007173460643897662,-0.028644876973925815
3,28,35,35,0,-0.005833027298322928,0.007308116048475946,-0.028265393561023384
3,29,35,35,0,-0.0055943199902068795,0.007326478149100257,-0.02888970498224997
3,30,35,35,0,-0.005808544497490513,0.007295874648059739,-0.029042722487452564
3,31,35,35,0,-0.005808544497490513,0.007295874648059739,-0.029042722487452564
3,32,35,35,0,-0.005759578895825682,0.0072713918472273225,-0.028846860080793242
3,33,35,35,0,-0.005582078589790672,0.007167339943689557,-0.02879177377892031
3,34,35,35,0,-0.005582078589790672,0.007167339943689557,-0.02879177377892031
3,35,35,35,0,-0.0060472518056065615,0.007363202350348879,-0.028779532378504103
3,36,35,35,0,-0.005551475088750153,0.007265271147019218,-0.02889582568245807
3,37,35,35,0,-0.005551475088750153,0.007265271147019218,-0.02889582568245807
3,38,35,35,0,-0.005533112988125841,0.007222426245562493,-0.028687721875382544
3,39,35,35,0,-0.0056126820908311914,0.007418288652221815,-0.02906720528828498
3,40,35,35,0,-0.0056126820908311914,0.007418288652221815,-0.02906720528828498
3,41,35,35,0,-0.0056310441914555025,0.007112253641816624,-0.028761170277879788
3,42,35,35,0,-0.005618802791039295,0.0071979434447300775,-0.02901823968662015
3,43,35,35,0,-0.005680009793120333,0.007222426245562493,-0.028804015179336517
3,44,35,35,0,-0.005680009793120333,0.007222426245562493,-0.028804015179336517
3,45,35,35,0,-0.005624923491247399,0.007455012853470437,-0.028602032072469093
3,46,35,35,0,-0.0056126820908311914,0.007369323050556984,-0.02870608397600686
3,47,35,35,0,-0.0056126820908311914,0.007369323050556984,-0.02870608397600686
3,48,35,35,0,-0.005692251193536541,0.007240788346186804,-0.02879177377892031
3,49,35,35,0,-0.005588199289998775,0.007253029746603011,-0.028828497980168934
3,50,35,35,0,-0.005588199289998775,0.007253029746603011,-0.028828497980168934
3,51,35,35,0,-0.00564328559187171,0.007124495042232832,-0.028534704370179947
3,52,35,35,0,-0.005704492593952748,0.007308116048475946,-0.02879789447912841
3,53,35,35,0,-0.005704492593952748,0.007308116048475946,-0.02879789447912841
3,54,35,35,0,-0.005471905986044803,0.007253029746603011,-0.02887746358183376
3,55,35,35,0,-0.0055759578895825685,0.007320357448892154,-0.02874892887746358
3,56,35,35,0,-0.005710613294160852,0.007455012853470437,-0.02827763496143959
3,57,35,35,0,-0.005710613294160852,0.007455012853470437,-0.02827763496143959
3,58,35,35,0,-0.005539233688333946,0.007130615742440935,-0.028467376667890808
3,59,35,35,0,-0.005924837801444485,0.007173460643897662,-0.028755049577671686
3,60,35,35,0,-0.005924837801444485,0.007173460643897662,-0.028755049577671686
3,61,35,35,0,-0.005661647692496022,0.007240788346186804,-0.02884073938058514
3,62,35,35,0,-0.005814665197698616,0.007387685151181295,-0.02865099767413392
3,63,35,35,0,-0.005814665197698616,0.007387685151181295,-0.02865099767413392
3,64,35,35,0,-0.005508630187293426,0.006940874035989718,-0.02866323907455013
3,65,35,35,0,-0.00577182029624189,0.007491737054719059,-0.028632635573509608
3,66,35,35,0,-0.00577182029624189,0.007491737054719059,-0.028632635573509608
3,67,35,35,0,-0.005759578895825682,0.0072713918472273225,-0.028595911372260984
3,68,35,35,0,-0.005618802791039295,0.007100012241400416,-0.028681601175174442
3,69,35,35,0,-0.005496388786877219,0.0074978577549271634,-0.02869996327579875
3,70,35,35,0,-0.005496388786877219,0.0074978577549271634,-0.02869996327579875
3,71,35,35,0,-0.0056310441914555025,0.007136736442649038,-0.028993756885787737
3,72,35,35,0,-0.005741216795201371,0.007087770840984209,-0.02879789447912841
3,73,35,35,0,-0.005741216795201371,0.007087770840984209,-0.02879789447912841
3,74,35,35,0,-0.005796303097074305,0.007344840249724568,-0.0286203941730934
3,75,35,35,0,-0.005753458195617579,0.007369323050556984,-0.02839392826539356
3,76,35,35,0,-0.005753458195617579,0.007369323050556984,-0.02839392826539356
3,77,35,35,0,-0.005759578895825682,0.007246909046394907,-0.02892030848329049
3,78,35,35,0,-0.0056494062920798135,0.007100012241400416,-0.028669359774758228
3,79,35,35,0,-0.0056494062920798135,0.007100012241400416,-0.028761170277879788
3,80,35,35,0,-0.0056494062920798135,0.0074611335536785405,-0.028761170277879788
3,81,35,35,0,-0.005796303097074305,0.006922511935365405,-0.02870608397600686
3,82,35,35,0,-0.005716733994368955,0.00731423674868405,-0.02874280817725548
3,83,35,35,0,-0.005716733994368955,0.00731423674868405,-0.02874280817725548
3,84,35,35,0,-0.005753458195617579,0.007387685151181295,-0.028589790672052882
3,85,35,35,0,-0.005661647692496022,0.007295874648059739,-0.02865711837434202
3,86,35,35,0,-0.005661647692496022,0.007295874648059739,-0.02865711837434202
3,87,35,35,0,-0.005588199289998775,0.007491737054719059,-0.028632635573509608
3,88,35,35,0,-0.005735096094993267,0.0074427714530542295,-0.028901946382666178
3,89,35,35,0,-0.005735096094993267,0.0074427714530542295,-0.028901946382666178
3,90,35,35,0,-0.005667768392704125,0.007259150446811115,-0.028669359774758228
3,91,35,35,0,-0.005526992287917738,0.007540702656383891,-0.028730566776839273
3,92,35,35,0,-0.005526992287917738,0.007540702656383891,-0.028553066470804262
3,93,35,35,0,-0.005765699596033786,0.007332598849308361,-0.028553066470804262
3,94,35,35,0,-0.005637164891663606,0.007265271147019218,-0.02857142857142857
3,95,35,35,0,-0.005533112988125841,0.007320357448892154,-0.02874280817725548
3,96,35,35,0,-0.005533112988125841,0.007320357448892154,-0.02874280817725548
3,97,35,35,0,-0.005710613294160852,0.00731423674868405,-0.028718325376423066
3,98,35,35,0,-0.0058207858979067205,0.0072163055453543885,-0.02869996327579875
3,99,35,35,0,-0.0058207858979067205,0.0072163055453543885,-0.02869996327579875
