values,,position,position,position,Magnetometer,Magnetometer,Magnetometer
axis,,x,y,z,x,y,z
Sensor,Sample,,,,,,
0,0,0,0,0,-0.023117884686008082,0.023381074794956543,-0.039141877830823846
0,1,0,0,0,-0.023368833394540336,0.023228057289753946,-0.03950911984331008
0,2,0,0,0,-0.02321581588933774,0.023228057289753946,-0.03950911984331008
0,3,0,0,0,-0.023228057289753946,0.02338719549516465,-0.03919084343248867
0,4,0,0,0,-0.02374831680744277,0.023564695801199655,-0.0393805851389399
0,5,0,0,0,-0.023411678295997062,0.023044436283510834,-0.03920308483290488
0,6,0,0,0,-0.02340555759578896,0.023448402497245686,-0.03927653323540213
0,7,0,0,0,-0.023479005998286204,0.023344350593707923,-0.03931325743665075
0,8,0,0,0,-0.023479005998286204,0.023540213000367242,-0.03925205043456971
0,9,0,0,0,-0.02339331619537275,0.023601420002448283,-0.0392214469335292
0,10,0,0,0,-0.023644264903905008,0.023325988493083608,-0.039184722732280575
0,11,0,0,0,-0.023240298690170157,0.023430040396621374,-0.039013343126453666
0,12,0,0,0,-0.02323417798996205,0.023252540090586363,-0.039558085444974904
0,13,0,0,0,-0.023466764597869998,0.02338719549516465,-0.039386705839148
0,14,0,0,0,-0.02329538499204309,0.02344228179703758,-0.039441792141020934
0,15,0,0,0,-0.023381074794956543,0.0233137470926674,-0.03937446443873179
0,16,0,0,0,-0.023381074794956543,0.023564695801199655,-0.039129636430407636
0,17,0,0,0,-0.023307626392459296,0.023430040396621374,-0.03957644754559922
0,18,0,0,0,-0.02329538499204309,0.023240298690170157,-0.0393928265393561
0,19,0,0,0,-0.02329538499204309,0.023240298690170157,-0.0392275676337373
0,20,0,0,0,-0.02336271269433223,0.023497368098910516,-0.0392275676337373
0,21,0,0,0,-0.02335659199412413,0.023503488799118618,-0.03917860203207247
0,22,0,0,0,-0.023203574488921533,0.023705471905986045,-0.039056188027910395
0,23,0,0,0,-0.023203574488921533,0.02339331619537275,-0.039301016036234544
0,24,0,0,0,-0.023332109193291713,0.022903660178724448,-0.03912351573019954
0,25,0,0,0,-0.02342391969641327,0.023277022891418777,-0.0395458440445587
0,26,0,0,0,-0.02326478149100257,0.023399436895580855,-0.03929489533602644
0,27,0,0,0,-0.023344350593707923,0.023338229893499814,-0.039527481943934385
0,28,0,0,0,-0.02340555759578896,0.023558575100991554,-0.039172481331864364
0,29,0,0,0,-0.023332109193291713,0.023460643897661893,-0.03934386093769127
0,30,0,0,0,-0.0233137470926674,0.02344228179703758,-0.03933161953727506
0,31,0,0,0,-0.02357081650140776,0.02337495409474844,-0.03924592973436161
0,32,0,0,0,-0.02352185089974293,0.023209695189129638,-0.03949075774268576
0,33,0,0,0,-0.023332109193291713,0.02337495409474844,-0.039288774635818334
0,34,0,0,0,-0.023332109193291713,0.02337495409474844,-0.03914799853103195
0,35,0,0,0,-0.023540213000367242,0.023332109193291713,-0.03914799853103195
0,36,0,0,0,-0.023430040396621374,0.023509609499326723,-0.0393928265393561
0,37,0,0,0,-0.02342391969641327,0.023381074794956543,-0.03911739502999143
0,38,0,0,0,-0.023368833394540336,0.02303831558330273,-0.039184722732280575
0,39,0,0,0,-0.02317909168808912,0.023497368098910516,-0.03919084343248867
0,40,0,0,0,-0.023289264291834984,0.02368098910515363,-0.03930713673644265
0,41,0,0,0,-0.023301505692251194,0.023430040396621374,-0.0392275676337373
0,42,0,0,0,-0.02305667768392704,0.02339331619537275,-0.03903170522707798
0,43,0,0,0,-0.023417798996205167,0.02336271269433223,-0.039288774635818334
0,44,0,0,0,-0.023576937201615862,0.02340555759578896,-0.039411188639980416
0,45,0,0,0,-0.02324641939037826,0.0234728852980781,-0.03912351573019954
0,46,0,0,0,-0.023301505692251194,0.023381074794956543,-0.039043946627494185
0,47,0,0,0,-0.023460643897661893,0.023283143591626882,-0.03905006732770229
0,48,0,0,0,-0.023209695189129638,0.023277022891418777,-0.03924592973436161
0,49,0,0,0,-0.023717713306402252,0.023466764597869998,-0.03919084343248867
0,50,0,0,0,-0.023717713306402252,0.023466764597869998,-0.03919084343248867
0,51,0,0,0,-0.02365038560411311,0.023546333700575343,-0.03930713673644265
0,52,0,0,0,-0.023430040396621374,0.023576937201615862,-0.03932549883706696
0,53,0,0,0,-0.02344228179703758,0.023258660790794465,-0.03934998163789938
0,54,0,0,0,-0.02361366140286449,0.02326478149100257,-0.03933774023748317
0,55,0,0,0,-0.02329538499204309,0.02339331619537275,-0.03908067082874281
0,56,0,0,0,-0.02336271269433223,0.02366262700452932,-0.03950911984331008
0,57,0,0,0,-0.02361366140286449,0.023564695801199655,-0.039270412535194026
0,58,0,0,0,-0.023485126698494306,0.023252540090586363,-0.03924592973436161
0,59,0,0,0,-0.02339331619537275,0.023558575100991554,-0.0393928265393561
0,60,0,0,0,-0.023399436895580855,0.023344350593707923,-0.03925817113477782
0,61,0,0,0,-0.02338719549516465,0.02352185089974293,-0.03923980903415351
0,62,0,0,0,-0.023417798996205167,0.023411678295997062,-0.03899498102582936
0,63,0,0,0,-0.023172970987881014,0.0233137470926674,-0.03936834373852369
0,64,0,0,0,-0.023172970987881014,0.023601420002448283,-0.039184722732280575
0,65,0,0,0,-0.02349124739870241,0.023601420002448283,-0.037617823479005996
0,66,0,0,0,-0.02317909168808912,0.02326478149100257,-0.038970498224996944
0,67,0,0,0,-0.023172970987881014,0.02317909168808912,-0.039141877830823846
0,68,0,0,0,-0.023527971599951035,0.023417798996205167,-0.03913575713061575
0,69,0,0,0,-0.023411678295997062,0.023509609499326723,-0.03899498102582936
0,70,0,0,0,-0.02352185089974293,0.02357081650140776,-0.03950299914310197
0,71,0,0,0,-0.02343616109682948,0.023589178602032072,-0.03934998163789938
0,72,0,0,0,-0.02344228179703758,0.02358305790182397,-0.039441792141020934
0,73,0,0,0,-0.023485126698494306,0.023625902803280696,-0.03927653323540213
0,74,0,0,0,-0.02318521238829722,0.02324641939037826,-0.03912351573019954
0,75,0,0,0,-0.023332109193291713,0.023485126698494306,-0.03940506793977231
0,76,0,0,0,-0.023258660790794465,0.02357081650140776,-0.039282653935610236
0,77,0,0,0,-0.023601420002448283,0.0233137470926674,-0.03961929244705594
0,78,0,0,0,-0.023546333700575343,0.023301505692251194,-0.03926429183498592
0,79,0,0,0,-0.023479005998286204,0.023711592606194147,-0.03921532623332109
0,80,0,0,0,-0.023479005998286204,0.023711592606194147,-0.037648426980046515
0,81,0,0,0,-0.023576937201615862,0.02313624678663239,-0.03913575713061575
0,82,0,0,0,-0.0234728852980781,0.023466764597869998,-0.03917860203207247
0,83,0,0,0,-0.02323417798996205,0.023399436895580855,-0.03913575713061575
0,84,0,0,0,-0.023350471293916025,0.02323417798996205,-0.039417309340188514
0,85,0,0,0,-0.02324641939037826,0.023430040396621374,-0.03952136124372628
0,86,0,0,0,-0.02343616109682948,0.0234728852980781,-0.03937446443873179
0,87,0,0,0,-0.023399436895580855,0.023277022891418777,-0.03920920553311299
0,88,0,0,0,-0.023307626392459296,0.023466764597869998,-0.03910515362957522
0,89,0,0,0,-0.023411678295997062,0.02338719549516465,-0.039172481331864364
0,90,0,0,0,-0.023307626392459296,0.023638144203696903,-0.03921532623332109
0,91,0,0,0,-0.023203574488921533,0.023301505692251194,-0.03919084343248867
0,92,0,0,0,-0.02329538499204309,0.023497368098910516,-0.03892153262333211
0,93,0,0,0,-0.023325988493083608,0.023307626392459296,-0.03925205043456971
0,94,0,0,0,-0.02339331619537275,0.023301505692251194,-0.03920920553311299
0,95,0,0,0,-0.02339331619537275,0.023301505692251194,-0.03920920553311299
0,96,0,0,0,-0.023411678295997062,0.023454523197453787,-0.039301016036234544
0,97,0,0,0,-0.023411678295997062,0.02349124739870241,-0.03934386093769127
0,98,0,0,0,-0.02352185089974293,0.023448402497245686,-0.0390684294283266
0,99,0,0,0,-0.023191333088505326,0.023258660790794465,-0.03933774023748317
1,0,35,0,0,-0.006910270534949197,0.02055943199902069,-0.006647080426000734
1,1,35,0,0,-0.007191822744521974,0.020522707797772065,-0.006628718325376423
1,2,35,0,0,-0.006842942832660057,0.020522707797772065,-0.006995960337862652
1,3,35,0,0,-0.007210184845146285,0.02060839760068552,-0.006867425633492472
1,4,35,0,0,-0.0069898396376545475,0.020669604602766557,-0.006867425633492472
1,5,35,0,0,-0.006867425633492472,0.02055943199902069,-0.0067450116293303955
1,6,35,0,0,-0.006965356836822133,0.02035132819194516,-0.006812339331619536
1,7,35,0,0,-0.006806218631411433,0.02086546700942588,-0.00715509854327335
1,8,35,0,0,-0.006775615130370914,0.020504345697147756,-0.006659321826416942
1,9,35,0,0,-0.006959236136614029,0.020534949198188275,-0.006677683927041253
1,10,35,0,0,-0.006898029134532991,0.020235034887991186,-0.006738890929122292
1,11,35,0,0,-0.00705716733994369,0.020669604602766557,-0.006665442526625045
1,12,35,0,0,-0.006806218631411433,0.020602276900477414,-0.006653201126208838
1,13,35,0,0,-0.006855184233076264,0.020565552699228794,-0.006665442526625045
1,14,35,0,0,-0.006830701432243849,0.020565552699228794,-0.006898029134532991
1,15,35,0,0,-0.007167339943689557,0.02035132819194516,-0.006787856530787122
1,16,35,0,0,-0.007002081038070755,0.020541069898396377,-0.006910270534949197
1,17,35,0,0,-0.006879667033908679,0.02052882849798017,-0.006549149222671073
1,18,35,0,0,-0.006867425633492472,0.02060839760068552,-0.006665442526625045
1,19,35,0,0,-0.006861304933284368,0.020192189986534458,-0.006696046027665566
1,20,35,0,0,-0.006965356836822133,0.020669604602766557,-0.0068000979312033295
1,21,35,0,0,-0.006959236136614029,0.020455380095482922,-0.006793977230995225
1,22,35,0,0,-0.006787856530787122,0.020332966091320848,-0.006775615130370914
1,23,35,0,0,-0.006787856530787122,0.020332966091320848,-0.006775615130370914
1,24,35,0,0,-0.0069898396376545475,0.020792018606928635,-0.0069898396376545475
1,25,35,0,0,-0.00697759823723834,0.02061451830089362,-0.006940874035989718
1,26,35,0,0,-0.007051046639735587,0.02068796670339087,-0.006836822132451953
1,27,35,0,0,-0.0070082017382788585,0.020712449504223282,-0.006628718325376423
1,28,35,0,0,-0.007063288040151794,0.020461500795691027,-0.006959236136614029
1,29,35,0,0,-0.00684906353286816,0.02035744889215326,-0.006842942832660057
1,30,35,0,0,-0.006830701432243849,0.020149345085077732,-0.006738890929122292
1,31,35,0,0,-0.006873546333700575,0.02066348390255845,-0.006616476924960216
1,32,35,0,0,-0.006873546333700575,0.020516587097563963,-0.006806218631411433
1,33,35,0,0,-0.006928632635573509,0.0204186558942343,-0.00697759823723834
1,34,35,0,0,-0.007020443138695066,0.020761415105888116,-0.007069408740359898
1,35,35,0,0,-0.006946994736197821,0.020394173093401885,-0.006738890929122292
1,36,35,0,0,-0.00705716733994369,0.020571673399436895,-0.006879667033908679
1,37,35,0,0,-0.00697759823723834,0.020504345697147756,-0.006787856530787122
1,38,35,0,0,-0.006940874035989718,0.02081650140776105,-0.00667156322683315
1,39,35,0,0,-0.006946994736197821,0.020473742196107234,-0.006787856530787122
1,40,35,0,0,-0.007014322438486963,0.020449259395274817,-0.00697759823723834
1,41,35,0,0,-0.007014322438486963,0.020632880401517933,-0.006873546333700575
1,42,35,0,0,-0.007038805239319377,0.020632880401517933,-0.006873546333700575
1,43,35,0,0,-0.007002081038070755,0.020492104296731546,-0.006757253029746603
1,44,35,0,0,-0.006995960337862652,0.02060839760068552,-0.006579752723711594
1,45,35,0,0,-0.0068000979312033295,0.02048598359652344,-0.006769494430162811
1,46,35,0,0,-0.007112253641816624,0.020547190598604482,-0.006665442526625045
1,47,35,0,0,-0.007075529440568001,0.020669604602766557,-0.006616476924960216
1,48,35,0,0,-0.00705716733994369,0.02036969029256947,-0.0065736320235034885
1,49,35,0,0,-0.006946994736197821,0.020510466397355858,-0.006377769616844167
1,50,35,0,0,-0.006916391235157302,0.020602276900477414,-0.006665442526625045
1,51,35,0,0,-0.0070082017382788585,0.020583914799853102,-0.006561390623087281
1,52,35,0,0,-0.007130615742440935,0.020669604602766557,-0.006775615130370914
1,53,35,0,0,-0.006861304933284368,0.020700208103807075,-0.006830701432243849
1,54,35,0,0,-0.007124495042232832,0.020510466397355858,-0.006812339331619536
1,55,35,0,0,-0.006983718937446444,0.020798139307136736,-0.006738890929122292
1,56,35,0,0,-0.006995960337862652,0.02069408740359897,-0.006787856530787122
1,57,35,0,0,-0.006922511935365405,0.020590035500061207,-0.0067633737299547065
1,58,35,0,0,-0.007148977843065246,0.020681846003182763,-0.006769494430162811
1,59,35,0,0,-0.007148977843065246,0.020534949198188275,-0.006842942832660057
1,60,35,0,0,-0.006922511935365405,0.020534949198188275,-0.006438976618925204
1,61,35,0,0,-0.007081650140776105,0.020326845391112743,-0.006438976618925204
1,62,35,0,0,-0.007100012241400416,0.020632880401517933,-0.006898029134532991
1,63,35,0,0,-0.006995960337862652,0.02048598359652344,-0.006751132329538499
1,64,35,0,0,-0.006922511935365405,0.020602276900477414,-0.006640959725792631
1,65,35,0,0,-0.006940874035989718,0.020602276900477414,-0.006506304321214347
1,66,35,0,0,-0.007124495042232832,0.020522707797772065,-0.006677683927041253
1,67,35,0,0,-0.0069714775370302365,0.020424776594442404,-0.006689925327457461
1,68,35,0,0,-0.006836822132451953,0.02087158770963398,-0.006689925327457461
1,69,35,0,0,-0.006861304933284368,0.020541069898396377,-0.006647080426000734
1,70,35,0,0,-0.006916391235157302,0.020565552699228794,-0.006910270534949197
1,71,35,0,0,-0.006928632635573509,0.020461500795691027,-0.006861304933284368
1,72,35,0,0,-0.006959236136614029,0.02064512180193414,-0.006702166727873669
1,73,35,0,0,-0.006891908434324886,0.020553311298812584,-0.006696046027665566
1,74,35,0,0,-0.007130615742440935,0.020577794099645,-0.006696046027665566
1,75,35,0,0,-0.006995960337862652,0.02080426000734484,-0.00667156322683315
1,76,35,0,0,-0.006769494430162811,0.020773656506304323,-0.006616476924960216
1,77,35,0,0,-0.006879667033908679,0.020957277512547435,-0.006934753335781614
1,78,35,0,0,-0.006818460031827641,0.02083486350838536,-0.007051046639735587
1,79,35,0,0,-0.006959236136614029,0.020963398212755537,-0.006812339331619536
1,80,35,0,0,-0.007075529440568001,0.020767535806096218,-0.006916391235157302
1,81,35,0,0,-0.007075529440568001,0.020639001101726038,-0.006494062920798139
1,82,35,0,0,-0.0069531154364059254,0.020639001101726038,-0.006494062920798139
1,83,35,0,0,-0.006873546333700575,0.020773656506304323,-0.006628718325376423
1,84,35,0,0,-0.007063288040151794,0.020590035500061207,-0.006806218631411433
1,85,35,0,0,-0.007038805239319377,0.02072469090463949,-0.0065369078222548655
1,86,35,0,0,-0.00697759823723834,0.020541069898396377,-0.006793977230995225
1,87,35,0,0,-0.007038805239319377,0.020859346309217774,-0.006622597625168319
1,88,35,0,0,-0.00684906353286816,0.020504345697147756,-0.0067817358305790176
1,89,35,0,0,-0.0067817358305790176,0.020639001101726038,-0.006689925327457461
1,90,35,0,0,-0.006940874035989718,0.02052882849798017,-0.0070449259395274815
1,91,35,0,0,-0.006983718937446444,0.02078589790672053,-0.006634839025584527
1,92,35,0,0,-0.00715509854327335,0.020957277512547435,-0.006708287428081773
1,93,35,0,0,-0.006879667033908679,0.020406414493818092,-0.006898029134532991
1,94,35,0,0,-0.006910270534949197,0.020381931692985678,-0.0069714775370302365
1,95,35,0,0,-0.006916391235157302,0.020847104908801567,-0.0067266495287060845
1,96,35,0,0,-0.006867425633492472,0.020681846003182763,-0.006812339331619536
1,97,35,0,0,-0.006891908434324886,0.020602276900477414,-0.006702166727873669
1,98,35,0,0,-0.0069531154364059254,0.020547190598604482,-0.0065919941241278
1,99,35,0,0,-0.006891908434324886,0.020308483290488434,-0.006769494430162811
2,0,0,35,0,0.021538744032317297,0.03964989594809647,0.11955563716489166
2,1,0,35,0,0.021630554535438853,0.03988860325621251,0.11957399926551597
2,2,0,35,0,0.02155710613294161,0.04004774146162321,0.11942098176031338
2,3,0,35,0,0.02142857142857143,0.03972334435059371,0.11981882727384012
2,4,0,35,0,0.021593830334190232,0.03999877585995838,0.11939649895948097
2,5,0,35,0,0.021471416330028158,0.0397172236503856,0.11973925817113477
2,6,0,35,0,0.021599951034398334,0.04012731056432856,0.11932305055698371
2,7,0,35,0,0.021722365038560412,0.039894723956420616,0.11956787856530786
2,8,0,35,0,0.02162443383523075,0.04013343126453666,0.11942710246052149
2,9,0,35,0,0.02162443383523075,0.039955930958501654,0.11973313747092666
2,10,0,35,0,0.02162443383523075,0.039711102950177504,0.11969641326967806
2,11,0,35,0,0.021293916023993144,0.039711102950177504,0.11969641326967806
2,12,0,35,0,0.02166115803647937,0.03974782715142612,0.1196229648671808
2,13,0,35,0,0.021710123638144205,0.03977843065246664,0.119457705961562
2,14,0,35,0,0.021410209327947117,0.040023258660790796,0.11969641326967806
2,15,0,35,0,0.02157546823356592,0.03998653445954217,0.11972089607051047
2,16,0,35,0,0.021502019831068676,0.039882482556004406,0.11919451585261354
2,17,0,35,0,0.021746847839392826,0.040170155465785284,0.1196229648671808
2,18,0,35,0,0.021673399436895578,0.03998653445954217,0.11933529195739993
2,19,0,35,0,0.02141633002815522,0.039913086057044925,0.11962908556738891
2,20,0,35,0,0.021342881625657974,0.04009670706328804,0.11970865467009426
2,21,0,35,0,0.021391847227322805,0.03983351695433958,0.11932917125719182
2,22,0,35,0,0.02147753703023626,0.03999265515975027,0.11988615497612927
2,23,0,35,0,0.021361243726282286,0.03985799975517199,0.11955563716489166
2,24,0,35,0,0.02160607173460644,0.040029379360998894,0.11969029256946995
2,25,0,35,0,0.021716244338352307,0.03991920675725303,0.1197576202717591
2,26,0,35,0,0.021636675235646958,0.03969274084955319,0.11948218876239443
2,27,0,35,0,0.021422450728363324,0.040011017260374586,0.11971477537030237
2,28,0,35,0,0.021550985432733503,0.039711102950177504,0.11954951646468356
2,29,0,35,0,0.021550985432733503,0.03990084465662872,0.11981270657363204
2,30,0,35,0,0.02160607173460644,0.03990084465662872,0.11972701677071858
2,31,0,35,0,0.021306157424409354,0.04000489656016648,0.11972701677071858
2,32,0,35,0,0.02141633002815522,0.039827396254131474,0.11973925817113477
2,33,0,35,0,0.02141633002815522,0.03973558575100992,0.11975149957155098
2,34,0,35,0,0.02160607173460644,0.039698861549761294,0.11948218876239443
2,35,0,35,0,0.021361243726282286,0.039668258048720775,0.11969641326967806
2,36,0,35,0,0.02136736442649039,0.039698861549761294,0.11940261965968905
2,37,0,35,0,0.02144693352919574,0.03980291345329905,0.11948830946260251
2,38,0,35,0,0.021514261231484883,0.03972946505080181,0.1194699473619782
2,39,0,35,0,0.021710123638144205,0.039894723956420616,0.11923124005386217
2,40,0,35,0,0.02160607173460644,0.03961929244705594,0.11942098176031338
2,41,0,35,0,0.02157546823356592,0.03977230995225854,0.1191577916513649
2,42,0,35,0,0.021471416330028158,0.039827396254131474,0.11954951646468356
2,43,0,35,0,0.021538744032317297,0.03984575835475578,0.11953115436405926
2,44,0,35,0,0.02134900232586608,0.03984575835475578,0.11942710246052149
2,45,0,35,0,0.021587709633982127,0.039741706451218016,0.11945158526135391
2,46,0,35,0,0.021244950422328317,0.03991920675725303,0.11964132696780512
2,47,0,35,0,0.021422450728363324,0.03976006855184233,0.11901089484637042
2,48,0,35,0,0.021648916636063165,0.039827396254131474,0.1187905496388787
2,49,0,35,0,0.021648916636063165,0.039913086057044925,0.11968417186926184
2,50,0,35,0,0.021691761537519894,0.039913086057044925,0.11968417186926184
2,51,0,35,0,0.021459174929611947,0.03999877585995838,0.11966580976863753
2,52,0,35,0,0.021520381931692985,0.0397172236503856,0.11934141265760803
2,53,0,35,0,0.021287795323785042,0.03976618925205043,0.11915167095115682
2,54,0,35,0,0.021679520137103683,0.039827396254131474,0.11956787856530786
2,55,0,35,0,0.021679520137103683,0.03977843065246664,0.1197759823723834
2,56,0,35,0,0.021508140531276778,0.039827396254131474,0.1195984820663484
2,57,0,35,0,0.02143469212877953,0.040084465662871833,0.11962908556738891
2,58,0,35,0,0.021453054229403846,0.03960705104663974,0.11948830946260251
2,59,0,35,0,0.02164279593585506,0.039882482556004406,0.11950055086301874
2,60,0,35,0,0.021759089239809036,0.03999265515975027,0.11987391357571306
2,61,0,35,0,0.021508140531276778,0.03991920675725303,0.11941486106010528
2,62,0,35,0,0.021630554535438853,0.039698861549761294,0.11971477537030237
2,63,0,35,0,0.021587709633982127,0.03998041375933407,0.11950055086301874
2,64,0,35,0,0.021410209327947117,0.039937568857877345,0.11924348145427836
2,65,0,35,0,0.021483657730444364,0.03991920675725303,0.11953115436405926
2,66,0,35,0,0.02162443383523075,0.039827396254131474,0.11885787734116784
2,67,0,35,0,0.02162443383523075,0.039827396254131474,0.11885787734116784
2,68,0,35,0,0.02117150201983107,0.03990084465662872,0.11963520626759701
2,69,0,35,0,0.021587709633982127,0.03961317174684784,0.11973925817113477
2,70,0,35,0,0.021453054229403846,0.03984575835475578,0.11888848084220835
2,71,0,35,0,0.021483657730444364,0.03998041375933407,0.11967805116905375
2,72,0,35,0,0.021532623332109195,0.03990084465662872,0.11971477537030237
2,73,0,35,0,0.02136736442649039,0.03981515485371527,0.11902313624678665
2,74,0,35,0,0.021593830334190232,0.039913086057044925,0.1194332231607296
2,75,0,35,0,0.021410209327947117,0.039894723956420616,0.11972089607051047
2,76,0,35,0,0.02157546823356592,0.03994368955808544,0.11954951646468356
2,77,0,35,0,0.02149589913086057,0.03976006855184233,0.11959236136614029
2,78,0,35,0,0.021324519525033662,0.04012118986412046,0.11887011874158404
2,79,0,35,0,0.021520381931692985,0.03987636185579631,0.11922511935365405
2,80,0,35,0,0.02152650263190109,0.03999877585995838,0.11968417186926184
2,81,0,35,0,0.021997796547925084,0.04007834496266373,0.11975149957155098
2,82,0,35,0,0.02160607173460644,0.040182396866201495,0.11940261965968905
2,83,0,35,0,0.021697882237728,0.03964989594809647,0.11971477537030237
2,84,0,35,0,0.021697882237728,0.03964989594809647,0.11971477537030237
2,85,0,35,0,0.021538744032317297,0.03981515485371527,0.11915167095115682
2,86,0,35,0,0.021324519525033662,0.04004774146162321,0.11951279226343495
2,87,0,35,0,0.021777451340433344,0.040041620761415105,0.11966580976863753
2,88,0,35,0,0.02141633002815522,0.04009058636307994,0.11941486106010528
2,89,0,35,0,0.021465295629820053,0.04000489656016648,0.11939649895948097
2,90,0,35,0,0.021716244338352307,0.04010282776349615,0.11872934263679764
2,91,0,35,0,0.02131839882482556,0.03987636185579631,0.1195984820663484
2,92,0,35,0,0.021691761537519894,0.03998041375933407,0.11941486106010528
2,93,0,35,0,0.021599951034398334,0.03974782715142612,0.11972089607051047
2,94,0,35,0,0.021844779042722487,0.04013343126453666,0.11973925817113477
2,95,0,35,0,0.021593830334190232,0.03994981025829355,0.11919451585261354
2,96,0,35,0,0.021440812828987636,0.03999877585995838,0.11909658464928388
2,97,0,35,0,0.02136736442649039,0.040164034765577186,0.11961684416697269
2,98,0,35,0,0.021581588933774022,0.0398641204553801,0.11933529195739993
2,99,0,35,0,0.02136736442649039,0.03994368955808544,0.1194699473619782
3,0,35,35,0,-0.03987636185579631,0.00856898029134533,-0.018710980536173337
3,1,35,35,0,-0.03994368955808544,0.00856898029134533,-0.01883951524054352
3,2,35,35,0,-0.039882482556004406,0.008611825192802057,-0.01883339454033541
3,3,35,35,0,-0.03972334435059371,0.008360876484269801,-0.01883339454033541
3,4,35,35,0,-0.03974782715142612,0.008379238584894113,-0.01918227445219733
3,5,35,35,0,-0.03976618925205043,0.008403721385726527,-0.018931325743665076
3,6,35,35,0,-0.0398641204553801,0.008226221079691516,-0.019023136246786632
3,7,35,35,0,-0.03990696535683682,0.008324152283021177,-0.01883951524054352
3,8,35,35,0,-0.03974782715142612,0.00834251438364549,-0.01877830823846248
3,9,35,35,0,-0.039913086057044925,0.008575100991553434,-0.01861304933284368
3,10,35,35,0,-0.03969274084955319,0.00864854939405068,-0.01891908434324887
3,11,35,35,0,-0.03977843065246664,0.008489411188639981,-0.019114946749908192
3,12,35,35,0,-0.03991920675725303,0.00858734239196964,-0.01887623944179214
3,13,35,35,0,-0.0398641204553801,0.008379238584894113,-0.018766066838046273
3,14,35,35,0,-0.03977230995225854,0.008605704492593954,-0.019090463949075775
3,15,35,35,0,-0.03976006855184233,0.008550618190721018,-0.019047619047619046
3,16,35,35,0,-0.039796792753090955,0.008415962786142735,-0.019108826049700087
3,17,35,35,0,-0.039784551352674745,0.00844044558697515,-0.01909658464928388
3,18,35,35,0,-0.03963765454768026,0.008544497490512915,-0.019029256946994734
3,19,35,35,0,-0.039925327457461135,0.00845880768759946,-0.01898641204553801
3,20,35,35,0,-0.03987636185579631,0.008691394295507405,-0.01892520504345697
3,21,35,35,0,-0.03977843065246664,0.008673032194883095,-0.018937446443873178
3,22,35,35,0,-0.03977843065246664,0.008673032194883095,-0.018974170645121802
3,23,35,35,0,-0.04004774146162321,0.008709756396131718,-0.018974170645121802
3,24,35,35,0,-0.039784551352674745,0.008795446199045171,-0.01921287795323785
3,25,35,35,0,-0.03990696535683682,0.008489411188639981,-0.019335291957399928
3,26,35,35,0,-0.03983351695433958,0.008758721997796547,-0.01898641204553801
3,27,35,35,0,-0.03963153384747215,0.008544497490512915,-0.018741584037213856
3,28,35,35,0,-0.03982127555392337,0.008709756396131718,-0.018863998041375934
3,29,35,35,0,-0.039925327457461135,0.00833027298322928,-0.01861304933284368
3,30,35,35,0,-0.03976618925205043,0.00882604970008569,-0.018992532745746114
3,31,35,35,0,-0.03983351695433958,0.008318031582813074,-0.01890684294283266
3,32,35,35,0,-0.040011017260374586,0.008709756396131718,-0.019078222548659568
3,33,35,35,0,-0.0398641204553801,0.008434324886767045,-0.018894601542416452
3,34,35,35,0,-0.03983351695433958,0.008679152895091198,-0.018863998041375934
3,35,35,35,0,-0.039882482556004406,0.008397600685518423,-0.018704859835965235
3,36,35,35,0,-0.039827396254131474,0.008397600685518423,-0.01882727384012731
3,37,35,35,0,-0.039625413147264046,0.008550618190721018,-0.0191333088505325
3,38,35,35,0,-0.03982127555392337,0.008734239196964134,-0.01883339454033541
3,39,35,35,0,-0.03956420614518301,0.00869751499571551,-0.018937446443873178
3,40,35,35,0,-0.039784551352674745,0.008715877096339822,-0.019078222548659568
3,41,35,35,0,-0.039784551352674745,0.008715877096339822,-0.019078222548659568
3,42,35,35,0,-0.03994368955808544,0.008581221691761537,-0.018943567144081283
3,43,35,35,0,-0.03979067205288285,0.008354755784061698,-0.01879667033908679
3,44,35,35,0,-0.039668258048720775,0.008434324886767045,-0.01895580854449749
3,45,35,35,0,-0.03946015424164524,0.008550618190721018,-0.018753825437630066
3,46,35,35,0,-0.039753947851634226,0.008513893989472396,-0.018821153139919205
3,47,35,35,0,-0.039711102950177504,0.008171134777818582,-0.019078222548659568
3,48,35,35,0,-0.03990084465662872,0.008679152895091198,-0.019023136246786632
3,49,35,35,0,-0.039656016648304565,0.008654670094258783,-0.018943567144081283
3,50,35,35,0,-0.039711102950177504,0.008158893377402375,-0.018815032439711103
3,51,35,35,0,-0.03976006855184233,0.008562859591137225,-0.018937446443873178
3,52,35,35,0,-0.03982127555392337,0.008611825192802057,-0.018802791039294893
3,53,35,35,0,-0.039741706451218016,0.008434324886767045,-0.018912963643040764
3,54,35,35,0,-0.03976618925205043,0.008599583792385849,-0.018961929244705595
3,55,35,35,0,-0.03974782715142612,0.008624066593218264,-0.01866201493450851
3,56,35,35,0,-0.039784551352674745,0.008452686987391357,-0.018961929244705595
3,57,35,35,0,-0.03982127555392337,0.008409842085934632,-0.018894601542416452
3,58,35,35,0,-0.03985187905496389,0.008666911494674991,-0.018980291345329907
3,59,35,35,0,-0.03985187905496389,0.008666911494674991,-0.018717101236381442
3,60,35,35,0,-0.03976618925205043,0.008575100991553434,-0.019010894846370426
3,61,35,35,0,-0.03988860325621251,0.008581221691761537,-0.019010894846370426
3,62,35,35,0,-0.03997429305912596,0.008422083486350838,-0.019065981148243358
3,63,35,35,0,-0.04001713796058269,0.008715877096339822,-0.01887623944179214
3,64,35,35,0,-0.03985187905496389,0.00882604970008569,-0.019078222548659568
3,65,35,35,0,-0.040035500061207,0.00844044558697515,-0.01887623944179214
3,66,35,35,0,-0.0397172236503856,0.0085200146896805,-0.018759946137838168
3,67,35,35,0,-0.03983351695433958,0.008422083486350838,-0.01887011874158404
3,68,35,35,0,-0.039625413147264046,0.008630187293426368,-0.01898641204553801
3,69,35,35,0,-0.03994368955808544,0.00864854939405068,-0.019023136246786632
3,70,35,35,0,-0.03990084465662872,0.008801566899253275,-0.019065981148243358
3,71,35,35,0,-0.04000489656016648,0.008293548781980659,-0.018882360142000246
3,72,35,35,0,-0.039870241155588196,0.008379238584894113,-0.01903537764720284
3,73,35,35,0,-0.03963765454768026,0.008599583792385849,-0.018900722242624558
3,74,35,35,0,-0.039894723956420616,0.008844411800710002,-0.0191271881503244
3,75,35,35,0,-0.03982127555392337,0.008599583792385849,-0.019108826049700087
3,76,35,35,0,-0.039753947851634226,0.008550618190721018,-0.01877830823846248
3,77,35,35,0,-0.03994981025829355,0.008721997796547925,-0.01895580854449749
3,78,35,35,0,-0.03958868894601543,0.00874648059738034,-0.018717101236381442
3,79,35,35,0,-0.039870241155588196,0.008562859591137225,-0.01879667033908679
3,80,35,35,0,-0.03974782715142612,0.008740359897172237,-0.018937446443873178
3,81,35,35,0,-0.03974782715142612,0.008740359897172237,-0.018937446443873178
3,82,35,35,0,-0.040035500061207,0.00887501530175052,-0.018912963643040764
3,83,35,35,0,-0.039894723956420616,0.008556738890929122,-0.01898641204553801
3,84,35,35,0,-0.039870241155588196,0.008630187293426368,-0.018863998041375934
3,85,35,35,0,-0.03977843065246664,0.008428204186558942,-0.018992532745746114
3,86,35,35,0,-0.0397172236503856,0.008507773289264293,-0.018931325743665076
3,87,35,35,0,-0.03993144815766923,0.008366997184477904,-0.018949687844289388
3,88,35,35,0,-0.03961317174684784,0.008501652589056188,-0.018478393928265394
3,89,35,35,0,-0.03961317174684784,0.008691394295507405,-0.01883339454033541
3,90,35,35,0,-0.039753947851634226,0.008764842698004652,-0.019298567756151304
3,91,35,35,0,-0.04001713796058269,0.00861794589301016,-0.018772187538254374
3,92,35,35,0,-0.03990696535683682,0.008452686987391357,-0.018741584037213856
3,93,35,35,0,-0.03987636185579631,0.00844044558697515,-0.01872934263679765
3,94,35,35,0,-0.03972946505080181,0.008709756396131718,-0.019108826049700087
3,95,35,35,0,-0.039784551352674745,0.0085200146896805,-0.01917615375198923
3,96,35,35,0,-0.03972334435059371,0.00839147998531032,-0.018949687844289388
3,97,35,35,0,-0.03983351695433958,0.008783204798628963,-0.019047619047619046
3,98,35,35,0,-0.03976006855184233,0.008366997184477904,-0.018980291345329907
3,99,35,35,0,-0.039925327457461135,0.008550618190721018,-0.01887623944179214
