values,,position,position,position,Magnetometer,Magnetometer,Magnetometer
axis,,x,y,z,x,y,z
Sensor,Sample,,,,,,
0,0,0,0,0,-0.12302607418288651,0.18019341412657608,-0.20056310441914554
0,1,0,0,0,-0.12252417676582202,0.17986901701554658,-0.20056310441914554
0,2,0,0,0,-0.12243236626270045,0.17985677561513036,-0.20056310441914554
0,3,0,0,0,-0.12288529807810014,0.18008324152283023,-0.20056310441914554
0,4,0,0,0,-0.12288529807810014,0.18008324152283023,-0.20056310441914554
0,5,0,0,0,-0.12291590157914065,0.17985677561513036,-0.20056310441914554
0,6,0,0,0,-0.12279348757497859,0.18000979312033297,-0.20056310441914554
0,7,0,0,0,-0.12279348757497859,0.18000979312033297,-0.20056310441914554
0,8,0,0,0,-0.12279960827518668,0.1799241033174195,-0.20056310441914554
0,9,0,0,0,-0.12273840127310565,0.18002815522095728,-0.20056310441914554
0,10,0,0,0,-0.12273840127310565,0.18002815522095728,-0.20056310441914554
0,11,0,0,0,-0.1228240910760191,0.18007712082262212,-0.20056310441914554
0,12,0,0,0,-0.12276288407393805,0.17979556861304932,-0.20056310441914554
0,13,0,0,0,-0.12276288407393805,0.17979556861304932,-0.20056310441914554
0,14,0,0,0,-0.12288529807810014,0.18018729342636797,-0.20056310441914554
0,15,0,0,0,-0.12287305667768393,0.18014444852491124,-0.20056310441914554
0,16,0,0,0,-0.12287305667768393,0.18014444852491124,-0.20056310441914554
0,17,0,0,0,-0.12241400416207615,0.1798873791161709,-0.20056310441914554
0,18,0,0,0,-0.12287917737789203,0.17981393071367363,-0.20056310441914554
0,19,0,0,0,-0.12287917737789203,0.17981393071367363,-0.20056310441914554
0,20,0,0,0,-0.12275064267352184,0.17994246541804382,-0.20056310441914554
0,21,0,0,0,-0.12297710858122168,0.1799241033174195,-0.20056310441914554
0,22,0,0,0,-0.12281797037581099,0.1799241033174195,-0.20056310441914554
0,23,0,0,0,-0.12281797037581099,0.1799241033174195,-0.20056310441914554
0,24,0,0,0,-0.12295262578038928,0.1798996205165871,-0.20056310441914554
0,25,0,0,0,-0.12283021177622719,0.18002815522095728,-0.20056310441914554
0,26,0,0,0,-0.12283021177622719,0.18002815522095728,-0.20056310441914554
0,27,0,0,0,-0.12291590157914065,0.17977108581221693,-0.20056310441914554
0,28,0,0,0,-0.12292202227934876,0.18004039662137347,-0.20056310441914554
0,29,0,0,0,-0.12292202227934876,0.18004039662137347,-0.20056310441914554
0,30,0,0,0,-0.12263434936956788,0.17971599951034398,-0.20056310441914554
0,31,0,0,0,-0.12246296976374098,0.18027298322928142,-0.20056310441914554
0,32,0,0,0,-0.12246296976374098,0.18027298322928142,-0.20056310441914554
0,33,0,0,0,-0.12268943567144082,0.1798873791161709,-0.20056310441914554
0,34,0,0,0,-0.12289753947851634,0.17967315460888728,-0.20056310441914554
0,35,0,0,0,-0.12289753947851634,0.17967315460888728,-0.20056310441914554
0,36,0,0,0,-0.12264659076998408,0.17999143101970866,-0.20056310441914554
0,37,0,0,0,-0.12281797037581099,0.17996082751866813,-0.20056310441914554
0,38,0,0,0,-0.12281797037581099,0.17996082751866813,-0.20056310441914554
0,39,0,0,0,-0.12285469457705962,0.17983229281429797,-0.20056310441914554
0,40,0,0,0,-0.12255478026686253,0.1800342759211654,-0.20056310441914554
0,41,0,0,0,-0.12255478026686253,0.1800342759211654,-0.20056310441914554
0,42,0,0,0,-0.12258538376790304,0.17973436161096829,-0.20056310441914554
0,43,0,0,0,-0.12277512547435428,0.17973436161096829,-0.20056310441914554
0,44,0,0,0,-0.12293426367976497,0.18015056922511935,-0.20056310441914554
0,45,0,0,0,-0.12293426367976497,0.18015056922511935,-0.20056310441914554
0,46,0,0,0,-0.1228057289753948,0.18016281062553557,-0.20056310441914554
0,47,0,0,0,-0.1225058146651977,0.1799118619170033,-0.20056310441914554
0,48,0,0,0,-0.1225058146651977,0.1799118619170033,-0.20056310441914554
0,49,0,0,0,-0.12278736687477047,0.18018729342636797,-0.20056310441914554
0,50,0,0,0,-0.12294650508018116,0.18002815522095728,-0.20056310441914554
0,51,0,0,0,-0.12294650508018116,0.18002815522095728,-0.20056310441914554
0,52,0,0,0,-0.1228057289753948,0.18010160362345454,-0.20056310441914554
0,53,0,0,0,-0.12262822866935978,0.17996694821887624,-0.20056310441914554
0,54,0,0,0,-0.12262822866935978,0.17996694821887624,-0.20056310441914554
0,55,0,0,0,-0.12281797037581099,0.17970375810992778,-0.20056310441914554
0,56,0,0,0,-0.12271391847227323,0.18024850042844903,-0.20056310441914554
0,57,0,0,0,-0.12271391847227323,0.18024850042844903,-0.20056310441914554
0,58,0,0,0,-0.12290978087893253,0.17998531031950055,-0.20056310441914554
0,59,0,0,0,-0.12281184967560288,0.17996082751866813,-0.20056310441914554
0,60,0,0,0,-0.12281184967560288,0.17996082751866813,-0.20056310441914554
0,61,0,0,0,-0.12273840127310565,0.17999143101970866,-0.20056310441914554
0,62,0,0,0,-0.12278124617456236,0.18010772432366262,-0.20056310441914554
0,63,0,0,0,-0.12278124617456236,0.17994246541804382,-0.20056310441914554
0,64,0,0,0,-0.12278124617456236,0.17994246541804382,-0.20056310441914554
0,65,0,0,0,-0.12298934998163791,0.17980781001346552,-0.20056310441914554
0,66,0,0,0,-0.12242624556249235,0.17961806830701432,-0.20056310441914554
0,67,0,0,0,-0.12242624556249235,0.17961806830701432,-0.20056310441914554
0,68,0,0,0,-0.12278736687477047,0.17995470681846004,-0.20056310441914554
0,69,0,0,0,-0.12274452197331373,0.18018729342636797,-0.20056310441914554
0,70,0,0,0,-0.12274452197331373,0.18018729342636797,-0.20056310441914554
0,71,0,0,0,-0.1228240910760191,0.1798873791161709,-0.20056310441914554
0,72,0,0,0,-0.12257926306769495,0.1797466030113845,-0.20056310441914554
0,73,0,0,0,-0.12257926306769495,0.1797466030113845,-0.20056310441914554
0,74,0,0,0,-0.12272615987268945,0.17991798261721142,-0.20056310441914554
0,75,0,0,0,-0.12291590157914065,0.17993634471783573,-0.20056310441914554
0,76,0,0,0,-0.12291590157914065,0.17993634471783573,-0.20056310441914554
0,77,0,0,0,-0.12291590157914065,0.18002203452074916,-0.20056310441914554
0,78,0,0,0,-0.12268943567144082,0.17983841351450608,-0.20056310441914554
0,79,0,0,0,-0.12268943567144082,0.17983841351450608,-0.20056310441914554
0,80,0,0,0,-0.12301995348267843,0.17978332721263313,-0.20056310441914554
0,81,0,0,0,-0.1228240910760191,0.1800893622230383,-0.20056310441914554
0,82,0,0,0,-0.12263434936956788,0.1799118619170033,-0.20056310441914554
0,83,0,0,0,-0.12263434936956788,0.1799118619170033,-0.20056310441914554
0,84,0,0,0,-0.12238952136124373,0.17998531031950055,-0.20056310441914554
0,85,0,0,0,-0.12256090096707065,0.17956910270534948,-0.20056310441914554
0,86,0,0,0,-0.12256090096707065,0.17956910270534948,-0.20056310441914554
0,87,0,0,0,-0.12256702166727873,0.1799241033174195,-0.20056310441914554
0,88,0,0,0,-0.12262210796915167,0.17995470681846004,-0.20056310441914554
0,89,0,0,0,-0.12262210796915167,0.17995470681846004,-0.20056310441914554
0,90,0,0,0,-0.12274452197331373,0.17994246541804382,-0.20056310441914554
0,91,0,0,0,-0.12270167707185702,0.1798996205165871,-0.20056310441914554
0,92,0,0,0,-0.12270167707185702,0.1798996205165871,-0.20056310441914554
0,93,0,0,0,-0.12268331497123271,0.18005875872199778,-0.20056310441914554
0,94,0,0,0,-0.12262822866935978,0.17967927530909536,-0.20056310441914554
0,95,0,0,0,-0.12262822866935978,0.17967927530909536,-0.20056310441914554
0,96,0,0,0,-0.12273228057289753,0.17996694821887624,-0.20056310441914554
0,97,0,0,0,-0.12295874648059738,0.18011384502387073,-0.20056310441914554
0,98,0,0,0,-0.12295874648059738,0.18011384502387073,-0.20056310441914554
0,99,0,0,0,-0.1226955563716489,0.1797466030113845,-0.20056310441914554
1,0,35,0,0,-0.1394050679397723,0.03632635573509609,-0.05384992043089729
1,1,35,0,0,-0.1393805851389399,0.036124372628228665,-0.05390500673277023
1,2,35,0,0,-0.13927653323540212,0.03597135512302607,-0.05414371404088628
1,3,35,0,0,-0.13927653323540212,0.03597135512302607,-0.05414371404088628
1,4,35,0,0,-0.1395152405435182,0.03583669971844779,-0.054162076141510584
1,5,35,0,0,-0.13909903292936712,0.03615497612926919,-0.05403966213734851
1,6,35,0,0,-0.13909903292936712,0.03615497612926919,-0.05403966213734851
1,7,35,0,0,-0.1392030848329049,0.035952993022401764,-0.0538621618313135
1,8,35,0,0,-0.13931325743665074,0.03600195862406659,-0.053929489533602645
1,9,35,0,0,-0.13931325743665074,0.03600195862406659,-0.053929489533602645
1,10,35,0,0,-0.13932549883706696,0.03586730321948831,-0.05411311053984576
1,11,35,0,0,-0.13952136124372627,0.03570204431386951,-0.05438854204921043
1,12,35,0,0,-0.13952136124372627,0.03570204431386951,-0.05438854204921043
1,13,35,0,0,-0.13927041253519404,0.03613049332843678,-0.05411923124005387
1,14,35,0,0,-0.13906230872811848,0.03602644142489901,-0.053776472028400045
1,15,35,0,0,-0.13912351573019954,0.03625290733259885,-0.05420492104296731
1,16,35,0,0,-0.13912351573019954,0.03625290733259885,-0.05420492104296731
1,17,35,0,0,-0.13918472273228058,0.036038682825315214,-0.0541804382421349
1,18,35,0,0,-0.1393683437385237,0.03605704492593953,-0.054058024237972825
1,19,35,0,0,-0.1393683437385237,0.03605704492593953,-0.054058024237972825
1,20,35,0,0,-0.13934998163789938,0.0358428204186559,-0.05404578283755662
1,21,35,0,0,-0.13941730934018853,0.03614273472885298,-0.053917248133186435
1,22,35,0,0,-0.13941730934018853,0.03614273472885298,-0.053917248133186435
1,23,35,0,0,-0.1392030848329049,0.03628963153384747,-0.0541681968417187
1,24,35,0,0,-0.13924592973436162,0.03587342391969641,-0.05394173093401885
1,25,35,0,0,-0.13924592973436162,0.03587342391969641,-0.05394173093401885
1,26,35,0,0,-0.13939282653935609,0.03594075162198555,-0.05396621373485126
1,27,35,0,0,-0.1391908434324887,0.03581221691761537,-0.05432733504712939
1,28,35,0,0,-0.13936222303831558,0.03611213122781246,-0.054100869139429554
1,29,35,0,0,-0.13936222303831558,0.03611213122781246,-0.054100869139429554
1,30,35,0,0,-0.1391908434324887,0.03623454523197454,-0.054155955441302486
1,31,35,0,0,-0.13926429183498593,0.036179458930101605,-0.054174317541926795
1,32,35,0,0,-0.13926429183498593,0.036179458930101605,-0.054174317541926795
1,33,35,0,0,-0.13925205043456973,0.03620394173093402,-0.05410698983963765
1,34,35,0,0,-0.13911739502999143,0.03598971722365039,-0.05406414493818092
1,35,35,0,0,-0.13911739502999143,0.03598971722365039,-0.05406414493818092
1,36,35,0,0,-0.1395152405435182,0.03613049332843678,-0.05427836944546456
1,37,35,0,0,-0.13936222303831558,0.03594687232219366,-0.054100869139429554
1,38,35,0,0,-0.13936222303831558,0.03594687232219366,-0.054100869139429554
1,39,35,0,0,-0.13928877463581835,0.035922389521361245,-0.05410698983963765
1,40,35,0,0,-0.1394050679397723,0.03614273472885298,-0.053703023625902804
1,41,35,0,0,-0.13943567144081284,0.03562859591137226,-0.05372750642673522
1,42,35,0,0,-0.13943567144081284,0.03562859591137226,-0.05372750642673522
1,43,35,0,0,-0.1392214469335292,0.03586730321948831,-0.05399069653568368
1,44,35,0,0,-0.13926429183498593,0.036032562125107116,-0.054486473252540094
1,45,35,0,0,-0.13926429183498593,0.036032562125107116,-0.054486473252540094
1,46,35,0,0,-0.1391908434324887,0.03604480352552332,-0.05408250703880524
1,47,35,0,0,-0.1395458440445587,0.035781613416574855,-0.05406414493818092
1,48,35,0,0,-0.1395458440445587,0.035781613416574855,-0.05406414493818092
1,49,35,0,0,-0.13900110172603747,0.03594687232219366,-0.05407638633859714
1,50,35,0,0,-0.13921532623332109,0.03632635573509609,-0.053953972334435066
1,51,35,0,0,-0.13921532623332109,0.036277390133431266,-0.05380095482923246
1,52,35,0,0,-0.13929489533602643,0.036277390133431266,-0.05380095482923246
1,53,35,0,0,-0.13963765454768023,0.036050924225731425,-0.05397845513526748
1,54,35,0,0,-0.13931325743665074,0.03594687232219366,-0.05410698983963765
1,55,35,0,0,-0.13931325743665074,0.03594687232219366,-0.05410698983963765
1,56,35,0,0,-0.13932549883706696,0.03597747582323418,-0.053856041131105405
1,57,35,0,0,-0.13930713673644263,0.035965234422817974,-0.05408862773901334
1,58,35,0,0,-0.13930713673644263,0.035965234422817974,-0.05408862773901334
1,59,35,0,0,-0.13941730934018853,0.03558575100991553,-0.05411923124005387
1,60,35,0,0,-0.13912963643040763,0.036148855429061086,-0.05399681723589178
1,61,35,0,0,-0.13912963643040763,0.036148855429061086,-0.05399681723589178
1,62,35,0,0,-0.13944179214102093,0.03625902803280696,-0.05392336883339453
1,63,35,0,0,-0.13929489533602643,0.03644876973925817,-0.05377035132819195
1,64,35,0,0,-0.13929489533602643,0.034881870485983596,-0.05403354143714041
1,65,35,0,0,-0.1393683437385237,0.03595911372260986,-0.05403354143714041
1,66,35,0,0,-0.13931325743665074,0.03650385604113111,-0.05411311053984576
1,67,35,0,0,-0.13952136124372627,0.03630187293426368,-0.054162076141510584
1,68,35,0,0,-0.13952136124372627,0.03630187293426368,-0.054162076141510584
1,69,35,0,0,-0.13909903292936712,0.036265148733015055,-0.05410698983963765
1,70,35,0,0,-0.1395152405435182,0.03598971722365039,-0.0541681968417187
1,71,35,0,0,-0.1395152405435182,0.03598971722365039,-0.0541681968417187
1,72,35,0,0,-0.13927653323540212,0.03619782103072591,-0.054021300036724194
1,73,35,0,0,-0.13927041253519404,0.036167217529685394,-0.054155955441302486
1,74,35,0,0,-0.13927041253519404,0.036167217529685394,-0.054155955441302486
1,75,35,0,0,-0.13916023993144816,0.03611825192802057,-0.053960093034643164
1,76,35,0,0,-0.13928265393561023,0.036124372628228665,-0.05408250703880524
1,77,35,0,0,-0.13933161953727508,0.03606928632635574,-0.05403966213734851
1,78,35,0,0,-0.13933161953727508,0.03606928632635574,-0.05403966213734851
1,79,35,0,0,-0.13958256824580734,0.036277390133431266,-0.054070265638389035
1,80,35,0,0,-0.13934998163789938,0.03619782103072591,-0.054162076141510584
1,81,35,0,0,-0.13934998163789938,0.03619782103072591,-0.054162076141510584
1,82,35,0,0,-0.13927653323540212,0.03627126943322316,-0.05397845513526748
1,83,35,0,0,-0.13932549883706696,0.03625290733259885,-0.054155955441302486
1,84,35,0,0,-0.13932549883706696,0.03625290733259885,-0.054155955441302486
1,85,35,0,0,-0.1390561880279104,0.036277390133431266,-0.05414983474109438
1,86,35,0,0,-0.13929489533602643,0.035879544619904516,-0.05425388664463214
1,87,35,0,0,-0.13929489533602643,0.035879544619904516,-0.05425388664463214
1,88,35,0,0,-0.13925205043456973,0.03621006243114212,-0.053856041131105405
1,89,35,0,0,-0.13920920553311297,0.03595911372260986,-0.05413759334067817
1,90,35,0,0,-0.13931325743665074,0.03583057901823969,-0.05405190353776472
1,91,35,0,0,-0.13931325743665074,0.03583057901823969,-0.05405190353776472
1,92,35,0,0,-0.13944179214102093,0.036265148733015055,-0.054186558942343
1,93,35,0,0,-0.1393989472395642,0.03592851022156935,-0.054015179336516096
1,94,35,0,0,-0.1393989472395642,0.03592851022156935,-0.054015179336516096
1,95,35,0,0,-0.13914187783082385,0.036136614028644876,-0.053947851634226954
1,96,35,0,0,-0.13925817113477781,0.036148855429061086,-0.05393561023381075
1,97,35,0,0,-0.13925817113477781,0.036148855429061086,-0.05393561023381075
1,98,35,0,0,-0.13944791284122904,0.03575713061574244,-0.05408250703880524
1,99,35,0,0,-0.1393805851389399,0.03583057901823969,-0.053929489533602645
2,0,0,35,0,0.11669727016770719,0.1678724446076631,-0.20056310441914554
2,1,0,35,0,0.11669727016770719,0.1678724446076631,-0.20056310441914554
2,2,0,35,0,0.11648304566042356,0.16790916880891174,-0.20056310441914554
2,3,0,35,0,0.1167401150691639,0.167982617211409,-0.20056310441914554
2,4,0,35,0,0.1167401150691639,0.167982617211409,-0.20056310441914554
2,5,0,35,0,0.11691149467499082,0.16788468600807932,-0.20056310441914554
2,6,0,35,0,0.11675235646958011,0.16779287550495775,-0.20056310441914554
2,7,0,35,0,0.11675235646958011,0.16779287550495775,-0.20056310441914554
2,8,0,35,0,0.11697882237727997,0.16827029012118985,-0.20056310441914554
2,9,0,35,0,0.1168502876729098,0.1678479618068307,-0.20056310441914554
2,10,0,35,0,0.1168502876729098,0.1676827029012119,-0.20056310441914554
2,11,0,35,0,0.11689925327457462,0.1676827029012119,-0.20056310441914554
2,12,0,35,0,0.11658709756396131,0.16778675480474967,-0.20056310441914554
2,13,0,35,0,0.11681356347166116,0.1678112376055821,-0.20056310441914554
2,14,0,35,0,0.11681356347166116,0.1678112376055821,-0.20056310441914554
2,15,0,35,0,0.11694821887623945,0.16838046272493573,-0.20056310441914554
2,16,0,35,0,0.11677071857020442,0.16740727139184725,-0.20056310441914554
2,17,0,35,0,0.11677071857020442,0.16740727139184725,-0.20056310441914554
2,18,0,35,0,0.11651364916146408,0.16782347900599828,-0.20056310441914554
2,19,0,35,0,0.11675847716978822,0.16779899620516586,-0.20056310441914554
2,20,0,35,0,0.11675847716978822,0.16779899620516586,-0.20056310441914554
2,21,0,35,0,0.11718692618435549,0.16761537519892275,-0.20056310441914554
2,22,0,35,0,0.11667278736687477,0.16796425511078467,-0.20056310441914554
2,23,0,35,0,0.11667278736687477,0.16796425511078467,-0.20056310441914554
2,24,0,35,0,0.11655649406292079,0.16773166850287674,-0.20056310441914554
2,25,0,35,0,0.11677683927041253,0.16793977230995225,-0.20056310441914554
2,26,0,35,0,0.11676459786999634,0.16778063410454155,-0.20056310441914554
2,27,0,35,0,0.11676459786999634,0.16778063410454155,-0.20056310441914554
2,28,0,35,0,0.11697882237727997,0.16822744521973315,-0.20056310441914554
2,29,0,35,0,0.11692985677561514,0.16775615130370913,-0.20056310441914554
2,30,0,35,0,0.11692985677561514,0.16775615130370913,-0.20056310441914554
2,31,0,35,0,0.11675235646958011,0.1676643408005876,-0.20056310441914554
2,32,0,35,0,0.11663606316562616,0.1676765822010038,-0.20056310441914554
2,33,0,35,0,0.11663606316562616,0.1676765822010038,-0.20056310441914554
2,34,0,35,0,0.11664830456604236,0.16759089239809036,-0.20056310441914554
2,35,0,35,0,0.11679520137103686,0.1677133064022524,-0.20056310441914554
2,36,0,35,0,0.11679520137103686,0.1677133064022524,-0.20056310441914554
2,37,0,35,0,0.1167401150691639,0.16777451340433344,-0.20056310441914554
2,38,0,35,0,0.11698494307748805,0.16795813441057655,-0.20056310441914554
2,39,0,35,0,0.11698494307748805,0.16795813441057655,-0.20056310441914554
2,40,0,35,0,0.11660545966458562,0.16776839270412536,-0.20056310441914554
2,41,0,35,0,0.11665442526625044,0.1674868404945526,-0.20056310441914554
2,42,0,35,0,0.11676459786999634,0.16762761659933895,-0.20056310441914554
2,43,0,35,0,0.11676459786999634,0.16762761659933895,-0.20056310441914554
2,44,0,35,0,0.11618925205043458,0.1675480474966336,-0.20056310441914554
2,45,0,35,0,0.11662382176520994,0.1675174439955931,-0.20056310441914554
2,46,0,35,0,0.11662382176520994,0.1675174439955931,-0.20056310441914554
2,47,0,35,0,0.11702166727873668,0.1678479618068307,-0.20056310441914554
2,48,0,35,0,0.11648916636063164,0.16775615130370913,-0.20056310441914554
2,49,0,35,0,0.11648916636063164,0.16775615130370913,-0.20056310441914554
2,50,0,35,0,0.11650140776104786,0.16779899620516586,-0.20056310441914554
2,51,0,35,0,0.11694209817603134,0.1676949443016281,-0.20056310441914554
2,52,0,35,0,0.11694209817603134,0.1676949443016281,-0.20056310441914554
2,53,0,35,0,0.11680744277145305,0.16761537519892275,-0.20056310441914554
2,54,0,35,0,0.11692985677561514,0.16744399559309583,-0.20056310441914554
2,55,0,35,0,0.11663606316562616,0.16804382421349,-0.20056310441914554
2,56,0,35,0,0.11663606316562616,0.16804382421349,-0.20056310441914554
2,57,0,35,0,0.11650140776104786,0.16779899620516586,-0.20056310441914554
2,58,0,35,0,0.1167217529685396,0.16762761659933895,-0.20056310441914554
2,59,0,35,0,0.1167217529685396,0.16762761659933895,-0.20056310441914554
2,60,0,35,0,0.1167401150691639,0.167866323907455,-0.20056310441914554
2,61,0,35,0,0.11667890806708288,0.16762149589913086,-0.20056310441914554
2,62,0,35,0,0.11667890806708288,0.16762149589913086,-0.20056310441914554
2,63,0,35,0,0.11688089117395031,0.16795813441057655,-0.20056310441914554
2,64,0,35,0,0.11712571918227446,0.1678295997062064,-0.20056310441914554
2,65,0,35,0,0.11712571918227446,0.1678295997062064,-0.20056310441914554
2,66,0,35,0,0.11693597747582322,0.16812951401640347,-0.20056310441914554
2,67,0,35,0,0.11694821887623945,0.1678418411066226,-0.20056310441914554
2,68,0,35,0,0.11682580487207736,0.16772554780266863,-0.20056310441914554
2,69,0,35,0,0.11682580487207736,0.16772554780266863,-0.20056310441914554
2,70,0,35,0,0.11659933896437753,0.16795813441057655,-0.20056310441914554
2,71,0,35,0,0.11699106377769616,0.1681723589178602,-0.20056310441914554
2,72,0,35,0,0.11699106377769616,0.1681723589178602,-0.20056310441914554
2,73,0,35,0,0.11696046027665566,0.16792753090953605,-0.20056310441914554
2,74,0,35,0,0.11675847716978822,0.1675296853960093,-0.20056310441914554
2,75,0,35,0,0.11675847716978822,0.1675296853960093,-0.20056310441914554
2,76,0,35,0,0.11694821887623945,0.1676827029012119,-0.20056310441914554
2,77,0,35,0,0.11661770106500184,0.167866323907455,-0.20056310441914554
2,78,0,35,0,0.11661770106500184,0.167866323907455,-0.20056310441914554
2,79,0,35,0,0.11679520137103686,0.16792753090953605,-0.20056310441914554
2,80,0,35,0,0.11691149467499082,0.1678173583057902,-0.20056310441914554
2,81,0,35,0,0.11635451095605338,0.16779899620516586,-0.20056310441914554
2,82,0,35,0,0.11635451095605338,0.16779899620516586,-0.20056310441914554
2,83,0,35,0,0.11696046027665566,0.16759089239809036,-0.20056310441914554
2,84,0,35,0,0.11692985677561514,0.16788468600807932,-0.20056310441914554
2,85,0,35,0,0.11692985677561514,0.16788468600807932,-0.20056310441914554
2,86,0,35,0,0.11644632145917493,0.16763373729954706,-0.20056310441914554
2,87,0,35,0,0.11712571918227446,0.16778063410454155,-0.20056310441914554
2,88,0,35,0,0.11712571918227446,0.16778063410454155,-0.20056310441914554
2,89,0,35,0,0.11677071857020442,0.1677010650018362,-0.20056310441914554
2,90,0,35,0,0.11691761537519892,0.16776839270412536,-0.20056310441914554
2,91,0,35,0,0.11691761537519892,0.16776839270412536,-0.20056310441914554
2,92,0,35,0,0.11640347655771821,0.1675174439955931,-0.20056310441914554
2,93,0,35,0,0.1167095115681234,0.16718080548414738,-0.20056310441914554
2,94,0,35,0,0.1167095115681234,0.16718080548414738,-0.20056310441914554
2,95,0,35,0,0.1168870118741584,0.1678479618068307,-0.20056310441914554
2,96,0,35,0,0.11710123638144203,0.16743787489288775,-0.20056310441914554
2,97,0,35,0,0.11685640837311788,0.16758477169788225,-0.20056310441914554
2,98,0,35,0,0.11685640837311788,0.16758477169788225,-0.20056310441914554
2,99,0,35,0,0.11652589056188027,0.16780511690537397,-0.20056310441914554
3,0,35,35,0,0.16000122414004164,0.0384196352062676,-0.07882237727996083
3,1,35,35,0,0.16031950055086303,0.038431876606683804,-0.07880401517933652
3,2,35,35,0,0.16031950055086303,0.038431876606683804,-0.07880401517933652
3,3,35,35,0,0.16019708654670095,0.03839515240543519,-0.07882849798016893
3,4,35,35,0,0.16038682825315215,0.03832782470314604,-0.07887746358183376
3,5,35,35,0,0.16038682825315215,0.03832782470314604,-0.07887746358183376
3,6,35,35,0,0.16020932794711715,0.03824213490023259,-0.07939772309952259
3,7,35,35,0,0.16017260374586853,0.03828497980168931,-0.07906108458807688
3,8,35,35,0,0.16011751744399558,0.038444118007100014,-0.07890194638266618
3,9,35,35,0,0.16011751744399558,0.038444118007100014,-0.07890194638266618
3,10,35,35,0,0.16039906965356837,0.038413514506059496,-0.07937936099889828
3,11,35,35,0,0.16022769004774146,0.03836454890439466,-0.07869996327579876
3,12,35,35,0,0.16022769004774146,0.03836454890439466,-0.07869996327579876
3,13,35,35,0,0.1601297588444118,0.03823601420002448,-0.0787795323785041
3,14,35,35,0,0.16000734484024973,0.038701187415840374,-0.07873668747704737
3,15,35,35,0,0.16000734484024973,0.038701187415840374,-0.07873668747704737
3,16,35,35,0,0.1602766556494063,0.0385787734116783,-0.07864487697392582
3,17,35,35,0,0.16017260374586853,0.03849308360876484,-0.07889582568245808
3,18,35,35,0,0.16017260374586853,0.03849308360876484,-0.07889582568245808
3,19,35,35,0,0.16010527604357938,0.03845023870730811,-0.07936711959848206
3,20,35,35,0,0.15998898273962542,0.03830946260252173,-0.07865711837434203
3,21,35,35,0,0.16036846615252784,0.03832782470314604,-0.07880401517933652
3,22,35,35,0,0.16036846615252784,0.03832782470314604,-0.07880401517933652
3,23,35,35,0,0.16032562125107114,0.038303341902313624,-0.07923246419390378
3,24,35,35,0,0.16007467254253888,0.03832170400293793,-0.07856530787122047
3,25,35,35,0,0.16007467254253888,0.03832170400293793,-0.07856530787122047
3,26,35,35,0,0.16037458685273595,0.038229893499816384,-0.0786203941730934
3,27,35,35,0,0.16011751744399558,0.0384257559064757,-0.07911617088994981
3,28,35,35,0,0.16011751744399558,0.0384257559064757,-0.07911617088994981
3,29,35,35,0,0.1605888113600196,0.0384257559064757,-0.07868160117517445
3,30,35,35,0,0.160258293548782,0.03832170400293793,-0.07873056677683928
3,31,35,35,0,0.160258293548782,0.03832170400293793,-0.07873056677683928
3,32,35,35,0,0.16016648304566042,0.03849920430897295,-0.07885298078100135
3,33,35,35,0,0.16018484514628473,0.03846248010772432,-0.0789570326845391
3,34,35,35,0,0.16022769004774146,0.03838291100501897,-0.07898151548537152
3,35,35,35,0,0.16022769004774146,0.03838291100501897,-0.07898151548537152
3,36,35,35,0,0.16021544864732526,0.03830946260252173,-0.07869996327579876
3,37,35,35,0,0.160142000244828,0.03849308360876484,-0.07886522218141755
3,38,35,35,0,0.160142000244828,0.03849308360876484,-0.07886522218141755
3,39,35,35,0,0.160142000244828,0.03806463459419758,-0.07940384379973069
3,40,35,35,0,0.16028277634961438,0.038444118007100014,-0.07920186069286327
3,41,35,35,0,0.16028277634961438,0.038444118007100014,-0.07920186069286327
3,42,35,35,0,0.1602766556494063,0.03838291100501897,-0.0791222915901579
3,43,35,35,0,0.16028277634961438,0.03811360019586241,-0.07874892887746358
3,44,35,35,0,0.16028277634961438,0.03811360019586241,-0.07874892887746358
3,45,35,35,0,0.15999510343983353,0.03823601420002448,-0.07899375688578773
3,46,35,35,0,0.1601297588444118,0.03836454890439466,-0.0787856530787122
3,47,35,35,0,0.1601297588444118,0.03833394540335414,-0.07922022279348757
3,48,35,35,0,0.16031950055086303,0.03833394540335414,-0.07922022279348757
3,49,35,35,0,0.16035622475211164,0.038444118007100014,-0.07871220467621495
3,50,35,35,0,0.16027053494919818,0.0384196352062676,-0.07889582568245808
3,51,35,35,0,0.16027053494919818,0.0384196352062676,-0.07889582568245808
3,52,35,35,0,0.16006855184233076,0.03829722120210552,-0.07911005018974171
3,53,35,35,0,0.16006243114212265,0.03852368710980536,-0.07952013710368466
3,54,35,35,0,0.16006243114212265,0.03852368710980536,-0.07952013710368466
3,55,35,35,0,0.16020320724690904,0.03823601420002448,-0.07907332598849308
3,56,35,35,0,0.1601113967437875,0.038174807197943444,-0.07933651609744155
3,57,35,35,0,0.1601113967437875,0.038174807197943444,-0.07933651609744155
3,58,35,35,0,0.16000122414004164,0.03828497980168931,-0.07885298078100135
3,59,35,35,0,0.16023993144815768,0.03857265271147019,-0.0789325498837067
3,60,35,35,0,0.16039294895336026,0.03807075529440568,-0.07883461868037703
3,61,35,35,0,0.16039294895336026,0.03807075529440568,-0.07883461868037703
3,62,35,35,0,0.16019708654670095,0.0384196352062676,-0.0787611702778798
3,63,35,35,0,0.16013587954461989,0.038162565797527234,-0.07893867058391481
3,64,35,35,0,0.16013587954461989,0.038162565797527234,-0.07893867058391481
3,65,35,35,0,0.16008691394295507,0.037905496388786875,-0.07899987758599583
3,66,35,35,0,0.16015424164524422,0.038303341902313624,-0.07875504957767168
3,67,35,35,0,0.16015424164524422,0.038303341902313624,-0.07875504957767168
3,68,35,35,0,0.16006243114212265,0.03843799730689191,-0.07865711837434203
3,69,35,35,0,0.16025217284857388,0.03848084220834864,-0.07945280940139551
3,70,35,35,0,0.16025217284857388,0.03848084220834864,-0.07915289509119844
3,71,35,35,0,0.1604419145550251,0.03848084220834864,-0.07915289509119844
3,72,35,35,0,0.16031950055086303,0.03833394540335414,-0.07923246419390378
3,73,35,35,0,0.16041743175419268,0.03820541069898396,-0.07871220467621495
3,74,35,35,0,0.16041743175419268,0.03820541069898396,-0.07871220467621495
3,75,35,35,0,0.16023381074794957,0.0385787734116783,-0.07954461990451708
3,76,35,35,0,0.1602950177500306,0.03819316929856776,-0.07897539478516342
3,77,35,35,0,0.1602950177500306,0.03819316929856776,-0.07897539478516342
3,78,35,35,0,0.16020320724690904,0.03865222181417554,-0.07889582568245808
3,79,35,35,0,0.1603011384502387,0.03820541069898396,-0.07899987758599583
3,80,35,35,0,0.1603011384502387,0.03820541069898396,-0.07899987758599583
3,81,35,35,0,0.16019096584649284,0.038272738401273106,-0.07899375688578773
3,82,35,35,0,0.1599828620394173,0.03824825560044069,-0.0798996205165871
3,83,35,35,0,0.16017872444607664,0.03830946260252173,-0.0789570326845391
3,84,35,35,0,0.16017872444607664,0.03830946260252173,-0.0789570326845391
3,85,35,35,0,0.15995225853837677,0.03820541069898396,-0.0787917737789203
3,86,35,35,0,0.16018484514628473,0.03843799730689191,-0.07922022279348757
3,87,35,35,0,0.16018484514628473,0.03843799730689191,-0.07922022279348757
3,88,35,35,0,0.16006855184233076,0.03846248010772432,-0.07936711959848206
3,89,35,35,0,0.16039294895336026,0.03837066960460277,-0.07881013587954462
3,90,35,35,0,0.16039294895336026,0.03837066960460277,-0.07881013587954462
3,91,35,35,0,0.1601481209450361,0.03864610111396744,-0.07936099889827396
3,92,35,35,0,0.1601481209450361,0.03767903048108704,-0.07912841229036602
3,93,35,35,0,0.1601481209450361,0.03767903048108704,-0.07912841229036602
3,94,35,35,0,0.1602888970498225,0.03837679030481087,-0.07874280817725547
3,95,35,35,0,0.16007467254253888,0.038315583302729835,-0.07929979189619293
3,96,35,35,0,0.16007467254253888,0.03821765209940017,-0.07871832537642307
3,97,35,35,0,0.16021544864732526,0.03821765209940017,-0.07871832537642307
3,98,35,35,0,0.1604541559554413,0.03860325621251071,-0.07882237727996083
3,99,35,35,0,0.160080793242747,0.03805851389398947,-0.07884686008079325
