values,,position,position,position,Magnetometer,Magnetometer,Magnetometer
axis,,x,y,z,x,y,z
Sensor,Sample,,,,,,
0,0,0,0,0,0.08826049700085689,-0.20056310441914554,-0.20056310441914554
0,1,0,0,0,0.08879299791896192,-0.20056310441914554,-0.20056310441914554
0,2,0,0,0,0.08829722120210552,-0.20056310441914554,-0.20056310441914554
0,3,0,0,0,0.08829722120210552,-0.20056310441914554,-0.20056310441914554
0,4,0,0,0,0.08886644632145918,-0.20056310441914554,-0.20056310441914554
0,5,0,0,0,0.08840127310564329,-0.20056310441914554,-0.20056310441914554
0,6,0,0,0,0.08840127310564329,-0.20056310441914554,-0.20056310441914554
0,7,0,0,0,0.08796670339086791,-0.20056310441914554,-0.20056310441914554
0,8,0,0,0,0.0879360998898274,-0.20056310441914554,-0.20056310441914554
0,9,0,0,0,0.0879360998898274,-0.20056310441914554,-0.20056310441914554
0,10,0,0,0,0.08818092789815155,-0.20056310441914554,-0.20056310441914554
0,11,0,0,0,0.08865834251438365,-0.20056310441914554,-0.20056310441914554
0,12,0,0,0,0.08865834251438365,-0.20056310441914554,-0.20056310441914554
0,13,0,0,0,0.08904394662749418,-0.20056310441914554,-0.20056310441914554
0,14,0,0,0,0.0884135145060595,-0.20056310441914554,-0.20056310441914554
0,15,0,0,0,0.0884135145060595,-0.20056310441914554,-0.20056310441914554
0,16,0,0,0,0.08884196352062676,-0.20056310441914554,-0.20056310441914554
0,17,0,0,0,0.08822989349981639,-0.20056310441914554,-0.20056310441914554
0,18,0,0,0,0.08822989349981639,-0.20056310441914554,-0.20056310441914554
0,19,0,0,0,0.08831558330272983,-0.20056310441914554,-0.20056310441914554
0,20,0,0,0,0.08804015179336516,-0.20056310441914554,-0.20056310441914554
0,21,0,0,0,0.08804015179336516,-0.20056310441914554,-0.20056310441914554
0,22,0,0,0,0.08816256579752724,-0.20056310441914554,-0.20056310441914554
0,23,0,0,0,0.08829110050189741,-0.20056310441914554,-0.20056310441914554
0,24,0,0,0,0.08805239319378136,-0.20056310441914554,-0.20056310441914554
0,25,0,0,0,0.08805239319378136,-0.20056310441914554,-0.20056310441914554
0,26,0,0,0,0.08862773901334313,-0.20056310441914554,-0.20056310441914554
0,27,0,0,0,0.08868282531521607,-0.20056310441914554,-0.20056310441914554
0,28,0,0,0,0.08868282531521607,-0.20056310441914554,-0.20056310441914554
0,29,0,0,0,0.08865834251438365,-0.20056310441914554,-0.20056310441914554
0,30,0,0,0,0.0885910148120945,-0.20056310441914554,-0.20056310441914554
0,31,0,0,0,0.0885910148120945,-0.20056310441914554,-0.20056310441914554
0,32,0,0,0,0.08789937568857878,-0.20056310441914554,-0.20056310441914554
0,33,0,0,0,0.08837679030481087,-0.20056310441914554,-0.20056310441914554
0,34,0,0,0,0.08837679030481087,-0.20056310441914554,-0.20056310441914554
0,35,0,0,0,0.08798506549149224,-0.20056310441914554,-0.20056310441914554
0,36,0,0,0,0.08876851511812951,-0.20056310441914554,-0.20056310441914554
0,37,0,0,0,0.08876851511812951,-0.20056310441914554,-0.20056310441914554
0,38,0,0,0,0.08874403231729709,-0.20056310441914554,-0.20056310441914554
0,39,0,0,0,0.08757497857754927,-0.20056310441914554,-0.20056310441914554
0,40,0,0,0,0.08757497857754927,-0.20056310441914554,-0.20056310441914554
0,41,0,0,0,0.08849920430897294,-0.20056310441914554,-0.20056310441914554
0,42,0,0,0,0.08867058391479984,-0.20056310441914554,-0.20056310441914554
0,43,0,0,0,0.08867058391479984,-0.20056310441914554,-0.20056310441914554
0,44,0,0,0,0.08879911861917003,-0.20056310441914554,-0.20056310441914554
0,45,0,0,0,0.0884135145060595,-0.20056310441914554,-0.20056310441914554
0,46,0,0,0,0.0884318766066838,-0.20056310441914554,-0.20056310441914554
0,47,0,0,0,0.0884318766066838,-0.20056310441914554,-0.20056310441914554
0,48,0,0,0,0.08791161708899498,-0.20056310441914554,-0.20056310441914554
0,49,0,0,0,0.08870118741584038,-0.20056310441914554,-0.20056310441914554
0,50,0,0,0,0.08870118741584038,-0.20056310441914554,-0.20056310441914554
0,51,0,0,0,0.08759334067817358,-0.20056310441914554,-0.20056310441914554
0,52,0,0,0,0.08802791039294895,-0.20056310441914554,-0.20056310441914554
0,53,0,0,0,0.08802791039294895,-0.20056310441914554,-0.20056310441914554
0,54,0,0,0,0.0884135145060595,-0.20056310441914554,-0.20056310441914554
0,55,0,0,0,0.0876117027787979,-0.20056310441914554,-0.20056310441914554
0,56,0,0,0,0.0876117027787979,-0.20056310441914554,-0.20056310441914554
0,57,0,0,0,0.08853592851022157,-0.20056310441914554,-0.20056310441914554
0,58,0,0,0,0.08879911861917003,-0.20056310441914554,-0.20056310441914554
0,59,0,0,0,0.08879911861917003,-0.20056310441914554,-0.20056310441914554
0,60,0,0,0,0.08860937691271882,-0.20056310441914554,-0.20056310441914554
0,61,0,0,0,0.0884318766066838,-0.20056310441914554,-0.20056310441914554
0,62,0,0,0,0.0884318766066838,-0.20056310441914554,-0.20056310441914554
0,63,0,0,0,0.08789937568857878,-0.20056310441914554,-0.20056310441914554
0,64,0,0,0,0.08785653078712205,-0.20056310441914554,-0.20056310441914554
0,65,0,0,0,0.0877892030848329,-0.20056310441914554,-0.20056310441914554
0,66,0,0,0,0.0877892030848329,-0.20056310441914554,-0.20056310441914554
0,67,0,0,0,0.08863998041375934,-0.20056310441914554,-0.20056310441914554
0,68,0,0,0,0.08763006487942221,-0.20056310441914554,-0.20056310441914554
0,69,0,0,0,0.08763006487942221,-0.20056310441914554,-0.20056310441914554
0,70,0,0,0,0.08840739380585139,-0.20056310441914554,-0.20056310441914554
0,71,0,0,0,0.08835842820418656,-0.20056310441914554,-0.20056310441914554
0,72,0,0,0,0.08835842820418656,-0.20056310441914554,-0.20056310441914554
0,73,0,0,0,0.0885910148120945,-0.20056310441914554,-0.20056310441914554
0,74,0,0,0,0.08849308360876484,-0.20056310441914554,-0.20056310441914554
0,75,0,0,0,0.08849308360876484,-0.20056310441914554,-0.20056310441914554
0,76,0,0,0,0.08851756640959726,-0.20056310441914554,-0.20056310441914554
0,77,0,0,0,0.08896437752478883,-0.20056310441914554,-0.20056310441914554
0,78,0,0,0,0.08896437752478883,-0.20056310441914554,-0.20056310441914554
0,79,0,0,0,0.08900722242624556,-0.20056310441914554,-0.20056310441914554
0,80,0,0,0,0.08759946137838168,-0.20056310441914554,-0.20056310441914554
0,81,0,0,0,0.08759946137838168,-0.20056310441914554,-0.20056310441914554
0,82,0,0,0,0.08830334190231362,-0.20056310441914554,-0.20056310441914554
0,83,0,0,0,0.08817480719794345,-0.20056310441914554,-0.20056310441914554
0,84,0,0,0,0.08789325498837067,-0.20056310441914554,-0.20056310441914554
0,85,0,0,0,0.08789325498837067,-0.20056310441914554,-0.20056310441914554
0,86,0,0,0,0.08822989349981639,-0.20056310441914554,-0.20056310441914554
0,87,0,0,0,0.0884196352062676,-0.20056310441914554,-0.20056310441914554
0,88,0,0,0,0.0884196352062676,-0.20056310441914554,-0.20056310441914554
0,89,0,0,0,0.08910515362957523,-0.20056310441914554,-0.20056310441914554
0,90,0,0,0,0.08804015179336516,-0.20056310441914554,-0.20056310441914554
0,91,0,0,0,0.08804015179336516,-0.20056310441914554,-0.20056310441914554
0,92,0,0,0,0.08931325743665075,-0.20056310441914554,-0.20056310441914554
0,93,0,0,0,0.08852368710980536,-0.20056310441914554,-0.20056310441914554
0,94,0,0,0,0.08852368710980536,-0.20056310441914554,-0.20056310441914554
0,95,0,0,0,0.08885420492104297,-0.20056310441914554,-0.20056310441914554
0,96,0,0,0,0.08821153139919206,-0.20056310441914554,-0.20056310441914554
0,97,0,0,0,0.08821153139919206,-0.20056310441914554,-0.20056310441914554
0,98,0,0,0,0.08894601542416453,-0.20056310441914554,-0.20056310441914554
0,99,0,0,0,0.08839515240543519,-0.20056310441914554,-0.20056310441914554
1,0,35,0,0,-0.14607663116660546,0.15629207981393073,-0.0638266617701065
1,1,35,0,0,-0.1466458562859591,0.15666544252662504,-0.06435304198800343
1,2,35,0,0,-0.14649283878075653,0.1562982005141388,-0.0638205410698984
1,3,35,0,0,-0.14649283878075653,0.1562982005141388,-0.0638205410698984
1,4,35,0,0,-0.1466274941853348,0.15555147508875017,-0.06429183498592239
1,5,35,0,0,-0.14658464928387807,0.15651242502142243,-0.06406536907822255
1,6,35,0,0,-0.14658464928387807,0.15651242502142243,-0.06406536907822255
1,7,35,0,0,-0.14634594197576203,0.15634104541559554,-0.06389398947239563
1,8,35,0,0,-0.14668258048720775,0.15645733871954953,-0.06421226588321703
1,9,35,0,0,-0.14668258048720775,0.15645733871954953,-0.06421226588321703
1,10,35,0,0,-0.14654792508262945,0.15662871832537642,-0.06371648916636063
1,11,35,0,0,-0.14650508018117273,0.1561145795078957,-0.06425511078467376
1,12,35,0,0,-0.1464499938792998,0.1565552699228792,-0.06385726527114702
1,13,35,0,0,-0.1464499938792998,0.1565552699228792,-0.06385726527114702
1,14,35,0,0,-0.14652344228179703,0.15640225241767658,-0.06407761047863876
1,15,35,0,0,-0.14665809768637533,0.15652466642183865,-0.06440200758966826
1,16,35,0,0,-0.14665809768637533,0.15652466642183865,-0.06440200758966826
1,17,35,0,0,-0.1464744766801322,0.15622475211164158,-0.06407148977843066
1,18,35,0,0,-0.14649895948096464,0.15649406292079815,-0.06453054229403844
1,19,35,0,0,-0.14649895948096464,0.15649406292079815,-0.06453054229403844
1,20,35,0,0,-0.14638878687721874,0.15597992410331743,-0.06389398947239563
1,21,35,0,0,-0.14600930346431631,0.15621863141143347,-0.06404700697759824
1,22,35,0,0,-0.14600930346431631,0.15621863141143347,-0.06404700697759824
1,23,35,0,0,-0.146639735585751,0.15634104541559554,-0.06410821397967928
1,24,35,0,0,-0.14651120088138084,0.15641449381809278,-0.06386950667156323
1,25,35,0,0,-0.14668870118741584,0.15670216672787368,-0.0643101970865467
1,26,35,0,0,-0.14668870118741584,0.15670216672787368,-0.0643101970865467
1,27,35,0,0,-0.1466274941853348,0.15664708042600073,-0.06412045538009549
1,28,35,0,0,-0.146639735585751,0.15600440690414982,-0.0642857142857143
1,29,35,0,0,-0.146639735585751,0.15600440690414982,-0.0642857142857143
1,30,35,0,0,-0.14641326967805118,0.15625535561268208,-0.06429795568613049
1,31,35,0,0,-0.14658464928387807,0.156426735218509,-0.06402252417676582
1,32,35,0,0,-0.14658464928387807,0.156426735218509,-0.06402252417676582
1,33,35,0,0,-0.1467437874892888,0.15596768270290123,-0.0641449381809279
1,34,35,0,0,-0.14626025217284858,0.1565858734239197,-0.06394295507406048
1,35,35,0,0,-0.14626025217284858,0.1565858734239197,-0.06394295507406048
1,36,35,0,0,-0.14670706328804015,0.15650630432121435,-0.06410209327947117
1,37,35,0,0,-0.14608275186681358,0.15643285591871708,-0.06393683437385236
1,38,35,0,0,-0.14645611457950788,0.15628595911372262,-0.06424286938425756
1,39,35,0,0,-0.14645611457950788,0.15628595911372262,-0.06424286938425756
1,40,35,0,0,-0.14654180438242134,0.1561145795078957,-0.06395519647447669
1,41,35,0,0,-0.14656016648304565,0.15648794222059004,-0.06412657608030359
1,42,35,0,0,-0.14656016648304565,0.15648794222059004,-0.06412657608030359
1,43,35,0,0,-0.14670706328804015,0.15584526869873913,-0.06375933406781736
1,44,35,0,0,-0.14671318398824826,0.15620026931080916,-0.06394295507406048
1,45,35,0,0,-0.14671318398824826,0.15620026931080916,-0.06394295507406048
1,46,35,0,0,-0.14629085567388908,0.15614518300893623,-0.06388786877218754
1,47,35,0,0,-0.14676827029012118,0.15631044191455504,-0.06421838658342514
1,48,35,0,0,-0.14641939037825927,0.15634104541559554,-0.06400416207614151
1,49,35,0,0,-0.14641939037825927,0.15634104541559554,-0.06400416207614151
1,50,35,0,0,-0.14665809768637533,0.15653690782225488,-0.06419390378259274
1,51,35,0,0,-0.14638878687721874,0.15618802791039293,-0.06402864487697393
1,52,35,0,0,-0.14638878687721874,0.15618802791039293,-0.06402864487697393
1,53,35,0,0,-0.14654180438242134,0.15635328681601174,-0.06404088627739013
1,54,35,0,0,-0.14650508018117273,0.15661647692496022,-0.06400416207614151
1,55,35,0,0,-0.14650508018117273,0.15661647692496022,-0.06400416207614151
1,56,35,0,0,-0.14653568368221323,0.156426735218509,-0.06418166238217651
1,57,35,0,0,-0.14649283878075653,0.15604113110539847,-0.06443261109070877
1,58,35,0,0,-0.14649283878075653,0.15604113110539847,-0.06443261109070877
1,59,35,0,0,-0.14638266617701065,0.156426735218509,-0.0638205410698984
1,60,35,0,0,-0.1464316317786755,0.1565736320235035,-0.06384502387073081
1,61,35,0,0,-0.14673154608887257,0.15670216672787368,-0.06415105888113601
1,62,35,0,0,-0.14673154608887257,0.15670216672787368,-0.06415105888113601
1,63,35,0,0,-0.14671930468845634,0.15608397600685517,-0.06421226588321703
1,64,35,0,0,-0.1464316317786755,0.15604113110539847,-0.06406536907822255
1,65,35,0,0,-0.1464316317786755,0.15604113110539847,-0.06406536907822255
1,66,35,0,0,-0.14656628718325376,0.15648794222059004,-0.06400416207614151
1,67,35,0,0,-0.14645611457950788,0.15598604480352551,-0.0641449381809279
1,68,35,0,0,-0.14645611457950788,0.15598604480352551,-0.0641449381809279
1,69,35,0,0,-0.14602766556494062,0.15613294160852,-0.06399804137593341
1,70,35,0,0,-0.14651120088138084,0.1564389766189252,-0.06397355857510098
1,71,35,0,0,-0.14651120088138084,0.1564389766189252,-0.06397355857510098
1,72,35,0,0,-0.14645611457950788,0.15620026931080916,-0.06409597257926307
1,73,35,0,0,-0.14638878687721874,0.15614518300893623,-0.06406536907822255
1,74,35,0,0,-0.14663361488554288,0.15653078712204677,-0.06394907577426857
1,75,35,0,0,-0.14663361488554288,0.15653078712204677,-0.06394907577426857
1,76,35,0,0,-0.14640714897784307,0.15635328681601174,-0.06374709266740115
1,77,35,0,0,-0.14622964867180804,0.15651854572163054,-0.06390011017260375
1,78,35,0,0,-0.14622964867180804,0.15651854572163054,-0.06390011017260375
1,79,35,0,0,-0.14634594197576203,0.15616354510956054,-0.0639857999755172
1,80,35,0,0,-0.1464438731790917,0.1565736320235035,-0.06397355857510098
1,81,35,0,0,-0.1464438731790917,0.1565736320235035,-0.06397355857510098
1,82,35,0,0,-0.1463092177745134,0.15594319990206879,-0.06401640347655771
1,83,35,0,0,-0.14643775247888358,0.15613294160852,-0.06418166238217651
1,84,35,0,0,-0.14643775247888358,0.15613294160852,-0.06418166238217651
1,85,35,0,0,-0.1463153384747215,0.15615130370914432,-0.0643101970865467
1,86,35,0,0,-0.1464805973803403,0.15652466642183865,-0.06415105888113601
1,87,35,0,0,-0.14672542538866445,0.15597380340310932,-0.0639919206757253
1,88,35,0,0,-0.14672542538866445,0.15597380340310932,-0.0639919206757253
1,89,35,0,0,-0.14642551107846738,0.15594319990206879,-0.06411433467988738
1,90,35,0,0,-0.14622352797159993,0.1562982005141388,-0.06421226588321703
1,91,35,0,0,-0.14622352797159993,0.1562982005141388,-0.06421226588321703
1,92,35,0,0,-0.14648671808054842,0.1564389766189252,-0.06397355857510098
1,93,35,0,0,-0.14676827029012118,0.15587587219977966,-0.06407761047863876
1,94,35,0,0,-0.14676827029012118,0.15587587219977966,-0.06407761047863876
1,95,35,0,0,-0.14632757987513773,0.15602888970498224,-0.06424899008446566
1,96,35,0,0,-0.1466274941853348,0.15615742440935243,-0.06403476557718203
1,97,35,0,0,-0.1466274941853348,0.15615742440935243,-0.06403476557718203
1,98,35,0,0,-0.1468111151915779,0.1559309585016526,-0.06399804137593341
1,99,35,0,0,-0.14651120088138084,0.15664708042600073,-0.06418166238217651
2,0,0,35,0,-0.20056310441914554,-0.20056310441914554,-0.20056310441914554
2,1,0,35,0,-0.20056310441914554,-0.20056310441914554,-0.20056310441914554
2,2,0,35,0,-0.20056310441914554,-0.20056310441914554,-0.20056310441914554
2,3,0,35,0,-0.20056310441914554,-0.20056310441914554,-0.20056310441914554
2,4,0,35,0,-0.20056310441914554,-0.20056310441914554,-0.20056310441914554
2,5,0,35,0,-0.20056310441914554,-0.20056310441914554,-0.20056310441914554
2,6,0,35,0,-0.20056310441914554,-0.20056310441914554,-0.20056310441914554
2,7,0,35,0,-0.20056310441914554,-0.20056310441914554,-0.20056310441914554
2,8,0,35,0,-0.20056310441914554,-0.20056310441914554,-0.20056310441914554
2,9,0,35,0,-0.20056310441914554,-0.20056310441914554,-0.20056310441914554
2,10,0,35,0,-0.20056310441914554,-0.20056310441914554,-0.20056310441914554
2,11,0,35,0,-0.20056310441914554,-0.20056310441914554,-0.20056310441914554
2,12,0,35,0,-0.20056310441914554,-0.20056310441914554,-0.20056310441914554
2,13,0,35,0,-0.20056310441914554,-0.20056310441914554,-0.20056310441914554
2,14,0,35,0,-0.20056310441914554,-0.20056310441914554,-0.20056310441914554
2,15,0,35,0,-0.20056310441914554,-0.20056310441914554,-0.20056310441914554
2,16,0,35,0,-0.20056310441914554,-0.20056310441914554,-0.20056310441914554
2,17,0,35,0,-0.20056310441914554,-0.20056310441914554,-0.20056310441914554
2,18,0,35,0,-0.20056310441914554,-0.20056310441914554,-0.20056310441914554
2,19,0,35,0,-0.20056310441914554,-0.20056310441914554,-0.20056310441914554
2,20,0,35,0,-0.20056310441914554,-0.20056310441914554,-0.20056310441914554
2,21,0,35,0,-0.20056310441914554,-0.20056310441914554,-0.20056310441914554
2,22,0,35,0,-0.20056310441914554,-0.20056310441914554,-0.20056310441914554
2,23,0,35,0,-0.20056310441914554,-0.20056310441914554,-0.20056310441914554
2,24,0,35,0,-0.20056310441914554,-0.20056310441914554,-0.20056310441914554
2,25,0,35,0,-0.20056310441914554,-0.20056310441914554,-0.20056310441914554
2,26,0,35,0,-0.20056310441914554,-0.20056310441914554,-0.20056310441914554
2,27,0,35,0,-0.20056310441914554,-0.20056310441914554,-0.20056310441914554
2,28,0,35,0,-0.20056310441914554,-0.20056310441914554,-0.20056310441914554
2,29,0,35,0,-0.20056310441914554,-0.20056310441914554,-0.20056310441914554
2,30,0,35,0,-0.20056310441914554,-0.20056310441914554,-0.20056310441914554
2,31,0,35,0,-0.20056310441914554,-0.20056310441914554,-0.20056310441914554
2,32,0,35,0,-0.20056310441914554,-0.20056310441914554,-0.20056310441914554
2,33,0,35,0,-0.20056310441914554,-0.20056310441914554,-0.20056310441914554
2,34,0,35,0,-0.20056310441914554,-0.20056310441914554,-0.20056310441914554
2,35,0,35,0,-0.20056310441914554,-0.20056310441914554,-0.20056310441914554
2,36,0,35,0,-0.20056310441914554,-0.20056310441914554,-0.20056310441914554
2,37,0,35,0,-0.20056310441914554,-0.20056310441914554,-0.20056310441914554
2,38,0,35,0,-0.20056310441914554,-0.20056310441914554,-0.20056310441914554
2,39,0,35,0,-0.20056310441914554,-0.20056310441914554,-0.20056310441914554
2,40,0,35,0,-0.20056310441914554,-0.20056310441914554,-0.20056310441914554
2,41,0,35,0,-0.20056310441914554,-0.20056310441914554,-0.20056310441914554
2,42,0,35,0,-0.20056310441914554,-0.20056310441914554,-0.20056310441914554
2,43,0,35,0,-0.20056310441914554,-0.20056310441914554,-0.20056310441914554
2,44,0,35,0,-0.20056310441914554,-0.20056310441914554,-0.20056310441914554
2,45,0,35,0,-0.20056310441914554,-0.20056310441914554,-0.20056310441914554
2,46,0,35,0,-0.20056310441914554,-0.20056310441914554,-0.20056310441914554
2,47,0,35,0,-0.20056310441914554,-0.20056310441914554,-0.20056310441914554
2,48,0,35,0,-0.20056310441914554,-0.20056310441914554,-0.20056310441914554
2,49,0,35,0,-0.20056310441914554,-0.20056310441914554,-0.20056310441914554
2,50,0,35,0,-0.20056310441914554,-0.20056310441914554,-0.20056310441914554
2,51,0,35,0,-0.20056310441914554,-0.20056310441914554,-0.20056310441914554
2,52,0,35,0,-0.20056310441914554,-0.20056310441914554,-0.20056310441914554
2,53,0,35,0,-0.20056310441914554,-0.20056310441914554,-0.20056310441914554
2,54,0,35,0,-0.20056310441914554,-0.20056310441914554,-0.20056310441914554
2,55,0,35,0,-0.20056310441914554,-0.20056310441914554,-0.20056310441914554
2,56,0,35,0,-0.20056310441914554,-0.20056310441914554,-0.20056310441914554
2,57,0,35,0,-0.20056310441914554,-0.20056310441914554,-0.20056310441914554
2,58,0,35,0,-0.20056310441914554,-0.20056310441914554,-0.20056310441914554
2,59,0,35,0,-0.20056310441914554,-0.20056310441914554,-0.20056310441914554
2,60,0,35,0,-0.20056310441914554,-0.20056310441914554,-0.20056310441914554
2,61,0,35,0,-0.20056310441914554,-0.20056310441914554,-0.20056310441914554
2,62,0,35,0,-0.20056310441914554,-0.20056310441914554,-0.20056310441914554
2,63,0,35,0,-0.20056310441914554,-0.20056310441914554,-0.20056310441914554
2,64,0,35,0,-0.20056310441914554,-0.20056310441914554,-0.20056310441914554
2,65,0,35,0,-0.20056310441914554,-0.20056310441914554,-0.20056310441914554
2,66,0,35,0,-0.20056310441914554,-0.20056310441914554,-0.20056310441914554
2,67,0,35,0,-0.20056310441914554,-0.20056310441914554,-0.20056310441914554
2,68,0,35,0,-0.20056310441914554,-0.20056310441914554,-0.20056310441914554
2,69,0,35,0,-0.20056310441914554,-0.20056310441914554,-0.20056310441914554
2,70,0,35,0,-0.20056310441914554,-0.20056310441914554,-0.20056310441914554
2,71,0,35,0,-0.20056310441914554,-0.20056310441914554,-0.20056310441914554
2,72,0,35,0,-0.20056310441914554,-0.20056310441914554,-0.20056310441914554
2,73,0,35,0,-0.20056310441914554,-0.20056310441914554,-0.20056310441914554
2,74,0,35,0,-0.20056310441914554,-0.20056310441914554,-0.20056310441914554
2,75,0,35,0,-0.20056310441914554,-0.20056310441914554,-0.20056310441914554
2,76,0,35,0,-0.20056310441914554,-0.20056310441914554,-0.20056310441914554
2,77,0,35,0,-0.20056310441914554,-0.20056310441914554,-0.20056310441914554
2,78,0,35,0,-0.20056310441914554,-0.20056310441914554,-0.20056310441914554
2,79,0,35,0,-0.20056310441914554,-0.20056310441914554,-0.20056310441914554
2,80,0,35,0,-0.20056310441914554,-0.20056310441914554,-0.20056310441914554
2,81,0,35,0,-0.20056310441914554,-0.20056310441914554,-0.20056310441914554
2,82,0,35,0,-0.20056310441914554,-0.20056310441914554,-0.20056310441914554
2,83,0,35,0,-0.20056310441914554,-0.20056310441914554,-0.20056310441914554
2,84,0,35,0,-0.20056310441914554,-0.20056310441914554,-0.20056310441914554
2,85,0,35,0,-0.20056310441914554,-0.20056310441914554,-0.20056310441914554
2,86,0,35,0,-0.20056310441914554,-0.20056310441914554,-0.20056310441914554
2,87,0,35,0,-0.20056310441914554,-0.20056310441914554,-0.20056310441914554
2,88,0,35,0,-0.20056310441914554,-0.20056310441914554,-0.20056310441914554
2,89,0,35,0,-0.20056310441914554,-0.20056310441914554,-0.20056310441914554
2,90,0,35,0,-0.20056310441914554,-0.20056310441914554,-0.20056310441914554
2,91,0,35,0,-0.20056310441914554,-0.20056310441914554,-0.20056310441914554
2,92,0,35,0,-0.20056310441914554,-0.20056310441914554,-0.20056310441914554
2,93,0,35,0,-0.20056310441914554,-0.20056310441914554,-0.20056310441914554
2,94,0,35,0,-0.20056310441914554,-0.20056310441914554,-0.20056310441914554
2,95,0,35,0,-0.20056310441914554,-0.20056310441914554,-0.20056310441914554
2,96,0,35,0,-0.20056310441914554,-0.20056310441914554,-0.20056310441914554
2,97,0,35,0,-0.20056310441914554,-0.20056310441914554,-0.20056310441914554
2,98,0,35,0,-0.20056310441914554,-0.20056310441914554,-0.20056310441914554
2,99,0,35,0,-0.20056310441914554,-0.20056310441914554,-0.20056310441914554
3,0,35,35,0,-0.20056310441914554,-0.10915044681111519,-0.20056310441914554
3,1,35,35,0,-0.20056310441914554,-0.10902803280695313,-0.20056310441914554
3,2,35,35,0,-0.20056310441914554,-0.10920553311298813,-0.20056310441914554
3,3,35,35,0,-0.20056310441914554,-0.10920553311298813,-0.20056310441914554
3,4,35,35,0,-0.20056310441914554,-0.108666911494675,-0.20056310441914554
3,5,35,35,0,-0.20056310441914554,-0.10898518790549638,-0.20056310441914554
3,6,35,35,0,-0.20056310441914554,-0.10935855061819073,-0.20056310441914554
3,7,35,35,0,-0.20056310441914554,-0.10935855061819073,-0.20056310441914554
3,8,35,35,0,-0.20056310441914554,-0.10881992899987758,-0.20056310441914554
3,9,35,35,0,-0.20056310441914554,-0.10921777451340434,-0.20056310441914554
3,10,35,35,0,-0.20056310441914554,-0.10921777451340434,-0.20056310441914554
3,11,35,35,0,-0.20056310441914554,-0.10877708409842086,-0.20056310441914554
3,12,35,35,0,-0.20056310441914554,-0.10837923858489411,-0.20056310441914554
3,13,35,35,0,-0.20056310441914554,-0.10837923858489411,-0.20056310441914554
3,14,35,35,0,-0.20056310441914554,-0.10894234300403967,-0.20056310441914554
3,15,35,35,0,-0.20056310441914554,-0.10913208471049088,-0.20056310441914554
3,16,35,35,0,-0.20056310441914554,-0.10913208471049088,-0.20056310441914554
3,17,35,35,0,-0.20056310441914554,-0.1094809646223528,-0.20056310441914554
3,18,35,35,0,-0.20056310441914554,-0.10896070510466398,-0.20056310441914554
3,19,35,35,0,-0.20056310441914554,-0.10876484269800465,-0.20056310441914554
3,20,35,35,0,-0.20056310441914554,-0.10876484269800465,-0.20056310441914554
3,21,35,35,0,-0.20056310441914554,-0.10886277390133432,-0.20056310441914554
3,22,35,35,0,-0.20056310441914554,-0.10841596278614274,-0.20056310441914554
3,23,35,35,0,-0.20056310441914554,-0.10841596278614274,-0.20056310441914554
3,24,35,35,0,-0.20056310441914554,-0.1087036356959236,-0.20056310441914554
3,25,35,35,0,-0.20056310441914554,-0.10807320357448894,-0.20056310441914554
3,26,35,35,0,-0.20056310441914554,-0.10807320357448894,-0.20056310441914554
3,27,35,35,0,-0.20056310441914554,-0.10837923858489411,-0.20056310441914554
3,28,35,35,0,-0.20056310441914554,-0.10897294650508019,-0.20056310441914554
3,29,35,35,0,-0.20056310441914554,-0.10897294650508019,-0.20056310441914554
3,30,35,35,0,-0.20056310441914554,-0.10943811972089608,-0.20056310441914554
3,31,35,35,0,-0.20056310441914554,-0.10886889460154241,-0.20056310441914554
3,32,35,35,0,-0.20056310441914554,-0.10918717101236382,-0.20056310441914554
3,33,35,35,0,-0.20056310441914554,-0.10918717101236382,-0.20056310441914554
3,34,35,35,0,-0.20056310441914554,-0.10760803035867303,-0.20056310441914554
3,35,35,35,0,-0.20056310441914554,-0.10903415350716121,-0.20056310441914554
3,36,35,35,0,-0.20056310441914554,-0.10903415350716121,-0.20056310441914554
3,37,35,35,0,-0.20056310441914554,-0.10796915167095116,-0.20056310441914554
3,38,35,35,0,-0.20056310441914554,-0.10911372260986656,-0.20056310441914554
3,39,35,35,0,-0.20056310441914554,-0.10911372260986656,-0.20056310441914554
3,40,35,35,0,-0.20056310441914554,-0.10913208471049088,-0.20056310441914554
3,41,35,35,0,-0.20056310441914554,-0.1093034643163178,-0.20056310441914554
3,42,35,35,0,-0.20056310441914554,-0.1093034643163178,-0.20056310441914554
3,43,35,35,0,-0.20056310441914554,-0.10884441180071,-0.20056310441914554
3,44,35,35,0,-0.20056310441914554,-0.10897294650508019,-0.20056310441914554
3,45,35,35,0,-0.20056310441914554,-0.10940751621985556,-0.20056310441914554
3,46,35,35,0,-0.20056310441914554,-0.10940751621985556,-0.20056310441914554
3,47,35,35,0,-0.20056310441914554,-0.1086852735952993,-0.20056310441914554
3,48,35,35,0,-0.20056310441914554,-0.1086852735952993,-0.20056310441914554
3,49,35,35,0,-0.20056310441914554,-0.1086852735952993,-0.20056310441914554
3,50,35,35,0,-0.20056310441914554,-0.10927898151548536,-0.20056310441914554
3,51,35,35,0,-0.20056310441914554,-0.10906475700820173,-0.20056310441914554
3,52,35,35,0,-0.20056310441914554,-0.10906475700820173,-0.20056310441914554
3,53,35,35,0,-0.20056310441914554,-0.1083608764842698,-0.20056310441914554
3,54,35,35,0,-0.20056310441914554,-0.10752234055575957,-0.20056310441914554
3,55,35,35,0,-0.20056310441914554,-0.10934630921777451,-0.20056310441914554
3,56,35,35,0,-0.20056310441914554,-0.10934630921777451,-0.20056310441914554
3,57,35,35,0,-0.20056310441914554,-0.10859346309217774,-0.20056310441914554
3,58,35,35,0,-0.20056310441914554,-0.10874648059738035,-0.20056310441914554
3,59,35,35,0,-0.20056310441914554,-0.10874648059738035,-0.20056310441914554
3,60,35,35,0,-0.20056310441914554,-0.10853225609009672,-0.20056310441914554
3,61,35,35,0,-0.20056310441914554,-0.1089913086057045,-0.20056310441914554
3,62,35,35,0,-0.20056310441914554,-0.1089913086057045,-0.20056310441914554
3,63,35,35,0,-0.20056310441914554,-0.10891173950299915,-0.20056310441914554
3,64,35,35,0,-0.20056310441914554,-0.10940751621985556,-0.20056310441914554
3,65,35,35,0,-0.20056310441914554,-0.10940751621985556,-0.20056310441914554
3,66,35,35,0,-0.20056310441914554,-0.10890561880279104,-0.20056310441914554
3,67,35,35,0,-0.20056310441914554,-0.10818337617823479,-0.20056310441914554
3,68,35,35,0,-0.20056310441914554,-0.10799975517199167,-0.20056310441914554
3,69,35,35,0,-0.20056310441914554,-0.10799975517199167,-0.20056310441914554
3,70,35,35,0,-0.20056310441914554,-0.1089790672052883,-0.20056310441914554
3,71,35,35,0,-0.20056310441914554,-0.10911984331007467,-0.20056310441914554
3,72,35,35,0,-0.20056310441914554,-0.10911984331007467,-0.20056310441914554
3,73,35,35,0,-0.20056310441914554,-0.10864854939405069,-0.20056310441914554
3,74,35,35,0,-0.20056310441914554,-0.1088505325009181,-0.20056310441914554
3,75,35,35,0,-0.20056310441914554,-0.1088505325009181,-0.20056310441914554
3,76,35,35,0,-0.20056310441914554,-0.10910148120945036,-0.20056310441914554
3,77,35,35,0,-0.20056310441914554,-0.10906475700820173,-0.20056310441914554
3,78,35,35,0,-0.20056310441914554,-0.10906475700820173,-0.20056310441914554
3,79,35,35,0,-0.20056310441914554,-0.10863630799363447,-0.20056310441914554
3,80,35,35,0,-0.20056310441914554,-0.10903415350716121,-0.20056310441914554
3,81,35,35,0,-0.20056310441914554,-0.10799975517199167,-0.20056310441914554
3,82,35,35,0,-0.20056310441914554,-0.10799975517199167,-0.20056310441914554
3,83,35,35,0,-0.20056310441914554,-0.1093034643163178,-0.20056310441914554
3,84,35,35,0,-0.20056310441914554,-0.10848329048843189,-0.20056310441914554
3,85,35,35,0,-0.20056310441914554,-0.10848329048843189,-0.20056310441914554
3,86,35,35,0,-0.20056310441914554,-0.108195617578651,-0.20056310441914554
3,87,35,35,0,-0.20056310441914554,-0.10874648059738035,-0.20056310441914554
3,88,35,35,0,-0.20056310441914554,-0.10874648059738035,-0.20056310441914554
3,89,35,35,0,-0.20056310441914554,-0.1088138082996695,-0.20056310441914554
3,90,35,35,0,-0.20056310441914554,-0.10869139429550741,-0.20056310441914554
3,91,35,35,0,-0.20056310441914554,-0.10869139429550741,-0.20056310441914554
3,92,35,35,0,-0.20056310441914554,-0.10863018729342637,-0.20056310441914554
3,93,35,35,0,-0.20056310441914554,-0.10878932549883706,-0.20056310441914554
3,94,35,35,0,-0.20056310441914554,-0.10947484392214468,-0.20056310441914554
3,95,35,35,0,-0.20056310441914554,-0.10947484392214468,-0.20056310441914554
3,96,35,35,0,-0.20056310441914554,-0.10889337740237484,-0.20056310441914554
3,97,35,35,0,-0.20056310441914554,-0.10929122291590158,-0.20056310441914554
3,98,35,35,0,-0.20056310441914554,-0.10929122291590158,-0.20056310441914554
3,99,35,35,0,-0.20056310441914554,-0.10792018606928633,-0.20056310441914554
