values,,position,position,position,Magnetometer,Magnetometer,Magnetometer
axis,,x,y,z,x,y,z
Sensor,Sample,,,,,,
0,0,0,0,0,-0.02413392092055331,0.03234790059982862,-0.0255600440690415
0,1,0,0,0,-0.024335904027420738,0.03228057289753948,-0.02513771575468234
0,2,0,0,0,-0.024219610723466765,0.032274452197331376,-0.025437630064879424
0,3,0,0,0,-0.024219610723466765,0.032274452197331376,-0.025437630064879424
0,4,0,0,0,-0.0244399559309585,0.03222548659566654,-0.025455992165503732
0,5,0,0,0,-0.024378748928877463,0.03254988370669605,-0.025205043456971478
0,6,0,0,0,-0.02426245562492349,0.03218264169420982,-0.02543150936467132
0,7,0,0,0,-0.02426245562492349,0.03218264169420982,-0.02543150936467132
0,8,0,0,0,-0.024268576325131595,0.03241522830211776,-0.025235646958011997
0,9,0,0,0,-0.02418288652221814,0.032158158893377406,-0.025486595666544255
0,10,0,0,0,-0.02418288652221814,0.032158158893377406,-0.025486595666544255
0,11,0,0,0,-0.02418288652221814,0.032047986289631535,-0.02543150936467132
0,12,0,0,0,-0.024225731423674866,0.03224996939649896,-0.02546823356591994
0,13,0,0,0,-0.024225731423674866,0.03224996939649896,-0.02546823356591994
0,14,0,0,0,-0.024366507528461256,0.0323172970987881,-0.025462112865711838
0,15,0,0,0,-0.02400538621618313,0.03250703880523932,-0.02536418166238218
0,16,0,0,0,-0.02400538621618313,0.03250703880523932,-0.02536418166238218
0,17,0,0,0,-0.024293059125964012,0.03234790059982862,-0.025492716366752356
0,18,0,0,0,-0.024207369323050558,0.032292814297955684,-0.025315216060717342
0,19,0,0,0,-0.024207369323050558,0.032292814297955684,-0.025315216060717342
0,20,0,0,0,-0.02421349002325866,0.03228057289753948,-0.025462112865711838
0,21,0,0,0,-0.024219610723466765,0.03210919329171257,-0.025572285469457706
0,22,0,0,0,-0.024219610723466765,0.03210919329171257,-0.025572285469457706
0,23,0,0,0,-0.024140041620761415,0.0323172970987881,-0.025731423674868404
0,24,0,0,0,-0.024378748928877463,0.032445831803158284,-0.02511323295384992
0,25,0,0,0,-0.024378748928877463,0.032445831803158284,-0.02511323295384992
0,26,0,0,0,-0.024348145427836945,0.03223160729587465,-0.025443750765087526
0,27,0,0,0,-0.024507283633247643,0.032360142000244826,-0.025407026563838902
0,28,0,0,0,-0.02418288652221814,0.03210307259150447,-0.02546823356591994
0,29,0,0,0,-0.02418288652221814,0.03210307259150447,-0.02546823356591994
0,30,0,0,0,-0.02412780022034521,0.03231117639858,-0.025333578161341658
0,31,0,0,0,-0.024342024727628843,0.03224996939649896,-0.02570082017382789
0,32,0,0,0,-0.024342024727628843,0.03224996939649896,-0.02570082017382789
0,33,0,0,0,-0.024280817725547802,0.03218264169420982,-0.025670216672787367
0,34,0,0,0,-0.024274697025339697,0.03208471049088016,-0.02543150936467132
0,35,0,0,0,-0.024274697025339697,0.03208471049088016,-0.02543150936467132
0,36,0,0,0,-0.024170645121801934,0.03207858979067205,-0.02535806096217407
0,37,0,0,0,-0.02448892153262333,0.03234177989962052,-0.025664095972579265
0,38,0,0,0,-0.02448892153262333,0.03234177989962052,-0.025664095972579265
0,39,0,0,0,-0.024219610723466765,0.03219488309462602,-0.025425388664463217
0,40,0,0,0,-0.024237972824091077,0.03220100379483413,-0.025535561268209085
0,41,0,0,0,-0.024237972824091077,0.03220100379483413,-0.025535561268209085
0,42,0,0,0,-0.024121679520137104,0.03248867670461501,-0.02537030236259028
0,43,0,0,0,-0.024201248622842453,0.032433590402742074,-0.025302974660301136
0,44,0,0,0,-0.024201248622842453,0.032433590402742074,-0.025302974660301136
0,45,0,0,0,-0.024140041620761415,0.03253764230627984,-0.025547802668625292
0,46,0,0,0,-0.024237972824091077,0.032360142000244826,-0.02543150936467132
0,47,0,0,0,-0.024237972824091077,0.032360142000244826,-0.025284612559676827
0,48,0,0,0,-0.024299179826172114,0.03237238340066104,-0.025284612559676827
0,49,0,0,0,-0.024299179826172114,0.03232341779899621,-0.025553923368833394
0,50,0,0,0,-0.024201248622842453,0.03232341779899621,-0.025455992165503732
0,51,0,0,0,-0.024201248622842453,0.03232341779899621,-0.025455992165503732
0,52,0,0,0,-0.024237972824091077,0.03238462480107725,-0.0254009058636308
0,53,0,0,0,-0.024060472518056066,0.03251315950544743,-0.025492716366752356
0,54,0,0,0,-0.024060472518056066,0.03251315950544743,-0.025492716366752356
0,55,0,0,0,-0.024195127922634348,0.03211531399192068,-0.02568857877341168
0,56,0,0,0,-0.024348145427836945,0.03226833149712327,-0.025443750765087526
0,57,0,0,0,-0.024348145427836945,0.03226833149712327,-0.025443750765087526
0,58,0,0,0,-0.02421349002325866,0.03240910760190966,-0.025217284857387685
0,59,0,0,0,-0.02447055943199902,0.0323172970987881,-0.0255600440690415
0,60,0,0,0,-0.02447055943199902,0.0323172970987881,-0.0255600440690415
0,61,0,0,0,-0.024195127922634348,0.032305055698371894,-0.02537030236259028
0,62,0,0,0,-0.024170645121801934,0.03229893499816379,-0.025553923368833394
0,63,0,0,0,-0.024170645121801934,0.03229893499816379,-0.025553923368833394
0,64,0,0,0,-0.024084955318888483,0.03220100379483413,-0.025260129758844414
0,65,0,0,0,-0.02437262822866936,0.03232953849920431,-0.02537030236259028
0,66,0,0,0,-0.02437262822866936,0.03232953849920431,-0.02537030236259028
0,67,0,0,0,-0.02440323172970988,0.03208471049088016,-0.02513771575468234
0,68,0,0,0,-0.02412780022034521,0.03235402130003672,-0.025535561268209085
0,69,0,0,0,-0.02412780022034521,0.03235402130003672,-0.02544987146529563
0,70,0,0,0,-0.024237972824091077,0.032292814297955684,-0.02544987146529563
0,71,0,0,0,-0.02410331741951279,0.03235402130003672,-0.025284612559676827
0,72,0,0,0,-0.02416452442159383,0.0324825560044069,-0.025437630064879424
0,73,0,0,0,-0.02416452442159383,0.0324825560044069,-0.025437630064879424
0,74,0,0,0,-0.024256334924715385,0.03231117639858,-0.025302974660301136
0,75,0,0,0,-0.02418288652221814,0.03225609009670706,-0.025480474966336146
0,76,0,0,0,-0.02418288652221814,0.03225609009670706,-0.025480474966336146
0,77,0,0,0,-0.024274697025339697,0.03235402130003672,-0.025682458073203573
0,78,0,0,0,-0.024201248622842453,0.03225609009670706,-0.02541926796425511
0,79,0,0,0,-0.024201248622842453,0.03225609009670706,-0.02541926796425511
0,80,0,0,0,-0.02423185212388297,0.03218876239441792,-0.025480474966336146
0,81,0,0,0,-0.0244338352307504,0.03221936589545844,-0.025590647570082014
0,82,0,0,0,-0.0244338352307504,0.03221936589545844,-0.025590647570082014
0,83,0,0,0,-0.024446076631166606,0.03223160729587465,-0.025425388664463217
0,84,0,0,0,-0.024201248622842453,0.032519280205655525,-0.025529440568000977
0,85,0,0,0,-0.024201248622842453,0.032519280205655525,-0.025529440568000977
0,86,0,0,0,-0.02412780022034521,0.032274452197331376,-0.025492716366752356
0,87,0,0,0,-0.024029869017015544,0.03234790059982862,-0.02562737177133064
0,88,0,0,0,-0.024029869017015544,0.03234790059982862,-0.02562737177133064
0,89,0,0,0,-0.02437262822866936,0.03226221079691517,-0.02536418166238218
0,90,0,0,0,-0.024121679520137104,0.03226221079691517,-0.025529440568000977
0,91,0,0,0,-0.024140041620761415,0.03212143469212878,-0.025425388664463217
0,92,0,0,0,-0.024140041620761415,0.03212143469212878,-0.025425388664463217
0,93,0,0,0,-0.02435426612804505,0.03253764230627984,-0.025553923368833394
0,94,0,0,0,-0.02423185212388297,0.03217040029379361,-0.025553923368833394
0,95,0,0,0,-0.02423185212388297,0.03217040029379361,-0.025553923368833394
0,96,0,0,0,-0.02432366262700453,0.03218876239441792,-0.025615130370914434
0,97,0,0,0,-0.024274697025339697,0.03226221079691517,-0.025572285469457706
0,98,0,0,0,-0.024274697025339697,0.03226221079691517,-0.025572285469457706
0,99,0,0,0,-0.024299179826172114,0.032145917492961196,-0.025584526869873912
1,0,35,0,0,-0.020247276288407393,0.027702289141877827,-0.0014200024482800833
1,1,35,0,0,-0.020112620883829112,0.027708409842085936,-0.0015301750520259516
1,2,35,0,0,-0.020265638389031705,0.02769616844166973,-0.0014812094503611213
1,3,35,0,0,-0.020265638389031705,0.02769616844166973,-0.0014812094503611213
1,4,35,0,0,-0.020216672787366875,0.02783082384624801,-0.001517933651609744
1,5,35,0,0,-0.020443138695066716,0.027647202840004898,-0.00146284734973681
1,6,35,0,0,-0.020443138695066716,0.027647202840004898,-0.00146284734973681
1,7,35,0,0,-0.020069775982372383,0.027714530542294037,-0.0015791406536907822
1,8,35,0,0,-0.02035132819194516,0.027757375443750766,-0.001683192557228547
1,9,35,0,0,-0.02035132819194516,0.027757375443750766,-0.001683192557228547
1,10,35,0,0,-0.020308483290488434,0.027665564940629207,-0.0013526747459909412
1,11,35,0,0,-0.020057534581956176,0.027518668135634715,-0.001493450850777329
1,12,35,0,0,-0.020057534581956176,0.027518668135634715,-0.001493450850777329
1,13,35,0,0,-0.020118741584037213,0.027757375443750766,-0.0015301750520259516
1,14,35,0,0,-0.020051413881748074,0.027677806341045413,-0.00146284734973681
1,15,35,0,0,-0.020265638389031705,0.027610478638756274,-0.0016464683559799242
1,16,35,0,0,-0.020265638389031705,0.027610478638756274,-0.0016464683559799242
1,17,35,0,0,-0.020192189986534458,0.027818582445831803,-0.001456726649528706
1,18,35,0,0,-0.020534949198188275,0.027610478638756274,-0.0013587954461990453
1,19,35,0,0,-0.020534949198188275,0.027610478638756274,-0.0013587954461990453
1,20,35,0,0,-0.02021055208715877,0.027751254743542664,-0.0014995715509854327
1,21,35,0,0,-0.020222793487574976,0.027469702533969888,-0.001487330150569225
1,22,35,0,0,-0.020222793487574976,0.027469702533969888,-0.001487330150569225
1,23,35,0,0,-0.020253396988615495,0.027726771942710247,-0.0013587954461990453
1,24,35,0,0,-0.020326845391112743,0.027567633737299545,-0.0014506059493206024
1,25,35,0,0,-0.020326845391112743,0.027567633737299545,-0.0014506059493206024
1,26,35,0,0,-0.0202595176888236,0.02755539233688334,-0.0015362957522340557
1,27,35,0,0,-0.02021055208715877,0.027561513037091444,-0.001609744154731301
1,28,35,0,0,-0.020167707185702044,0.027892030848329048,-0.0016403476557718202
1,29,35,0,0,-0.020167707185702044,0.027892030848329048,-0.0016403476557718202
1,30,35,0,0,-0.02013098298445342,0.027677806341045413,-0.0014689680499449136
1,31,35,0,0,-0.020167707185702044,0.02783082384624801,-0.0015118129514016404
1,32,35,0,0,-0.020167707185702044,0.02783082384624801,-0.0015118129514016404
1,33,35,0,0,-0.020026931080915657,0.02742685763251316,-0.001524054351817848
1,34,35,0,0,-0.019977965479250827,0.027488064634594196,-0.001609744154731301
1,35,35,0,0,-0.019977965479250827,0.027488064634594196,-0.001609744154731301
1,36,35,0,0,-0.020375810992777573,0.027592116538131962,-0.0016036234545231975
1,37,35,0,0,-0.020198310686742563,0.02764108213979679,-0.002007589668258049
1,38,35,0,0,-0.020198310686742563,0.02764108213979679,-0.002007589668258049
1,39,35,0,0,-0.020033051781123763,0.02763496143958869,-0.0014016403476557718
1,40,35,0,0,-0.02038805239319378,0.02783082384624801,-0.001456726649528706
1,41,35,0,0,-0.020284000489656017,0.027940996449993878,-0.0015607785530664707
1,42,35,0,0,-0.020284000489656017,0.027940996449993878,-0.0015607785530664707
1,43,35,0,0,-0.020247276288407393,0.027904272248745254,-0.0014138817480719794
1,44,35,0,0,-0.02016158648549394,0.027653323540213,-0.0013526747459909412
1,45,35,0,0,-0.02016158648549394,0.027653323540213,-0.0013526747459909412
1,46,35,0,0,-0.020247276288407393,0.027561513037091444,-0.00146284734973681
1,47,35,0,0,-0.020112620883829112,0.02769004774146162,-0.0015791406536907822
1,48,35,0,0,-0.020112620883829112,0.02769004774146162,-0.0015791406536907822
1,49,35,0,0,-0.020339086791528953,0.027653323540213,-0.0012669849430774881
1,50,35,0,0,-0.020284000489656017,0.027812461745623702,-0.00146284734973681
1,51,35,0,0,-0.020284000489656017,0.027812461745623702,-0.00146284734973681
1,52,35,0,0,-0.0200942587832048,0.027751254743542664,-0.0014138817480719794
1,53,35,0,0,-0.02017994858611825,0.027726771942710247,-0.0015852613538988862
1,54,35,0,0,-0.02016158648549394,0.02805728975394785,-0.0017382788591014814
1,55,35,0,0,-0.02016158648549394,0.02805728975394785,-0.0017382788591014814
1,56,35,0,0,-0.020106500183621007,0.02800220345207492,-0.0013649161464071489
1,57,35,0,0,-0.02027175908923981,0.027530909536050925,-0.001487330150569225
1,58,35,0,0,-0.02027175908923981,0.027530909536050925,-0.001487330150569225
1,59,35,0,0,-0.020381931692985678,0.027787978944791285,-0.0016648304566042355
1,60,35,0,0,-0.020314603990696536,0.027702289141877827,-0.0015424164524421593
1,61,35,0,0,-0.020314603990696536,0.027702289141877827,-0.0015424164524421593
1,62,35,0,0,-0.020235034887991186,0.02768392704125352,-0.0014016403476557718
1,63,35,0,0,-0.020314603990696536,0.02795935855061819,-0.0015730199534826784
1,64,35,0,0,-0.020314603990696536,0.02795935855061819,-0.0015730199534826784
1,65,35,0,0,-0.0202595176888236,0.027904272248745254,-0.0013587954461990453
1,66,35,0,0,-0.02017382788591015,0.02773289264291835,-0.0013771575468233565
1,67,35,0,0,-0.020290121189864122,0.027592116538131962,-0.0016403476557718202
1,68,35,0,0,-0.020290121189864122,0.027592116538131962,-0.0016403476557718202
1,69,35,0,0,-0.020192189986534458,0.027745134043334556,-0.001517933651609744
1,70,35,0,0,-0.020149345085077732,0.027598237238340068,-0.0018056065613906232
1,71,35,0,0,-0.020149345085077732,0.027598237238340068,-0.0018056065613906232
1,72,35,0,0,-0.020541069898396377,0.02776349614395887,-0.0017076753580609623
1,73,35,0,0,-0.020008568980291346,0.027549271636675237,-0.0017994858611825194
1,74,35,0,0,-0.020008568980291346,0.027549271636675237,-0.0017994858611825194
1,75,35,0,0,-0.02013098298445342,0.027977720651242505,-0.0015730199534826784
1,76,35,0,0,-0.020051413881748074,0.02758599583792386,-0.0013159505447423185
1,77,35,0,0,-0.020051413881748074,0.02758599583792386,-0.0013159505447423185
1,78,35,0,0,-0.020167707185702044,0.027512547435426617,-0.0015975027543150937
1,79,35,0,0,-0.02014322438486963,0.028063410454155956,-0.0017566409597257926
1,80,35,0,0,-0.019996327579875135,0.027726771942710247,-0.0012180193414126576
1,81,35,0,0,-0.019996327579875135,0.027726771942710247,-0.0012180193414126576
1,82,35,0,0,-0.02017994858611825,0.027836944546456115,-0.001493450850777329
1,83,35,0,0,-0.020192189986534458,0.027800220345207495,-0.0015913820541069898
1,84,35,0,0,-0.020192189986534458,0.027800220345207495,-0.0015913820541069898
1,85,35,0,0,-0.020033051781123763,0.027488064634594196,-0.0014812094503611213
1,86,35,0,0,-0.02036969029256947,0.027659444240421105,-0.0015118129514016404
1,87,35,0,0,-0.02036969029256947,0.027659444240421105,-0.0015118129514016404
1,88,35,0,0,-0.02016158648549394,0.027800220345207495,-0.0015056922511935366
1,89,35,0,0,-0.020222793487574976,0.02755539233688334,-0.0015852613538988862
1,90,35,0,0,-0.020222793487574976,0.02755539233688334,-0.0015852613538988862
1,91,35,0,0,-0.020075896682580488,0.027592116538131962,-0.0015607785530664707
1,92,35,0,0,-0.020222793487574976,0.0281368588566532,-0.0015301750520259516
1,93,35,0,0,-0.020057534581956176,0.02783082384624801,-0.0013220712449504223
1,94,35,0,0,-0.020057534581956176,0.02783082384624801,-0.0013220712449504223
1,95,35,0,0,-0.02013098298445342,0.02773289264291835,-0.0013893989472395642
1,96,35,0,0,-0.020149345085077732,0.02758599583792386,-0.0016036234545231975
1,97,35,0,0,-0.020149345085077732,0.02758599583792386,-0.0016036234545231975
1,98,35,0,0,-0.02004529318153997,0.02787978944791284,-0.0015730199534826784
1,99,35,0,0,-0.020473742196107234,0.027451340433345572,-0.0014200024482800833
2,0,0,35,0,-0.009842085934630922,-0.015056922511935366,0.10987881013587955
2,1,0,35,0,-0.009664585628595911,-0.014922267107357081,0.10998286203941732
2,2,0,35,0,-0.009664585628595911,-0.014922267107357081,0.10998286203941732
2,3,0,35,0,-0.009811482433590403,-0.01532011262088383,0.11023381074794955
2,4,0,35,0,-0.009572775125474355,-0.015105888113600197,0.10938303341902314
2,5,0,35,0,-0.009572775125474355,-0.015105888113600197,0.10938303341902314
2,6,0,35,0,-0.0096462235279716,-0.014689680499449137,0.11020320724690905
2,7,0,35,0,-0.009731913330885054,-0.015589423430040397,0.10998286203941732
2,8,0,35,0,-0.009731913330885054,-0.015589423430040397,0.10998286203941732
2,9,0,35,0,-0.00951768882360142,-0.01509364671318399,0.10984820663483903
2,10,0,35,0,-0.009982862039417308,-0.015020198310686742,0.1101358795446199
2,11,0,35,0,-0.009713551230260742,-0.015142612314848819,0.1102888970498225
2,12,0,35,0,-0.009713551230260742,-0.015142612314848819,0.1102888970498225
2,13,0,35,0,-0.009811482433590403,-0.0151120088138083,0.10943199902068797
2,14,0,35,0,-0.00961562002693108,-0.015130370914432612,0.11020320724690905
2,15,0,35,0,-0.00961562002693108,-0.015130370914432612,0.11020320724690905
2,16,0,35,0,-0.009884930836087647,-0.015216060717346064,0.11011139674378749
2,17,0,35,0,-0.00977475823234178,-0.01500183621006243,0.10981760313379851
2,18,0,35,0,-0.00977475823234178,-0.01500183621006243,0.10981760313379851
2,19,0,35,0,-0.009738034031093157,-0.014983474109438118,0.11003182764108214
2,20,0,35,0,-0.009854327335047128,-0.0151120088138083,0.1103011384502387
2,21,0,35,0,-0.009854327335047128,-0.0151120088138083,0.1103011384502387
2,22,0,35,0,-0.00987268943567144,-0.01500183621006243,0.11039294895336027
2,23,0,35,0,-0.009927775737544376,-0.014916146407148978,0.11029501775003062
2,24,0,35,0,-0.009927775737544376,-0.01517933651609744,0.10967682702901212
2,25,0,35,0,-0.009829844534214715,-0.01517933651609744,0.10967682702901212
2,26,0,35,0,-0.009682947729220223,-0.014928387807565186,0.10972579263067694
2,27,0,35,0,-0.009750275431509364,-0.015173215815889337,0.10960949932672297
2,28,0,35,0,-0.009750275431509364,-0.015173215815889337,0.10960949932672297
2,29,0,35,0,-0.009480964622352797,-0.015491492226710734,0.1096462235279716
2,30,0,35,0,-0.009768637532133676,-0.015105888113600197,0.10986044803525523
2,31,0,35,0,-0.009768637532133676,-0.015105888113600197,0.10986044803525523
2,32,0,35,0,-0.009848206634839025,-0.015105888113600197,0.11014200024482801
2,33,0,35,0,-0.00995225853837679,-0.015338474721508141,0.11010527604357938
2,34,0,35,0,-0.00995225853837679,-0.015338474721508141,0.11010527604357938
2,35,0,35,0,-0.009780878932549884,-0.015026319010894846,0.11001346554045784
2,36,0,35,0,-0.00993389643775248,-0.01525890561880279,0.11025829354878199
2,37,0,35,0,-0.00993389643775248,-0.01525890561880279,0.11025829354878199
2,38,0,35,0,-0.009768637532133676,-0.015375198922756763,0.11022769004774147
2,39,0,35,0,-0.00974415473130126,-0.015228302117762271,0.11012975884441181
2,40,0,35,0,-0.0098053617333823,-0.015105888113600197,0.11016036234545232
2,41,0,35,0,-0.0098053617333823,-0.015105888113600197,0.11016036234545232
2,42,0,35,0,-0.009927775737544376,-0.015014077610478637,0.10993389643775249
2,43,0,35,0,-0.009786999632757988,-0.015265026319010893,0.11033786265148733
2,44,0,35,0,-0.009786999632757988,-0.015265026319010893,0.11033786265148733
2,45,0,35,0,-0.009707430530052638,-0.014903905006732771,0.1094870853225609
2,46,0,35,0,-0.009793120332966091,-0.015222181417554168,0.11006855184233075
2,47,0,35,0,-0.009793120332966091,-0.015222181417554168,0.11006855184233075
2,48,0,35,0,-0.009811482433590403,-0.015118129514016403,0.10992165503733627
2,49,0,35,0,-0.00954829232464194,-0.014824335904027422,0.11020320724690905
2,50,0,35,0,-0.00954829232464194,-0.014824335904027422,0.11020320724690905
2,51,0,35,0,-0.009627861427347287,-0.014958991308605705,0.11033174195127922
2,52,0,35,0,-0.009817603133798506,-0.015105888113600197,0.11006855184233075
2,53,0,35,0,-0.009817603133798506,-0.015105888113600197,0.11040519035377647
2,54,0,35,0,-0.00982372383400661,-0.015069163912351574,0.11040519035377647
2,55,0,35,0,-0.009738034031093157,-0.015203819316929856,0.10990941363692006
2,56,0,35,0,-0.009927775737544376,-0.015020198310686742,0.11007467254253886
2,57,0,35,0,-0.009927775737544376,-0.015020198310686742,0.11007467254253886
2,58,0,35,0,-0.00977475823234178,-0.014983474109438118,0.11010527604357938
2,59,0,35,0,-0.010142000244828009,-0.0151120088138083,0.11025217284857387
2,60,0,35,0,-0.010142000244828009,-0.0151120088138083,0.11025217284857387
2,61,0,35,0,-0.009829844534214715,-0.015124250214224508,0.11023381074794955
2,62,0,35,0,-0.009982862039417308,-0.014769249602154486,0.11000734484024972
2,63,0,35,0,-0.009982862039417308,-0.014769249602154486,0.11000734484024972
2,64,0,35,0,-0.009940017137960583,-0.015075284612559678,0.11035622475211164
2,65,0,35,0,-0.009585016525890562,-0.015252784918594687,0.11000122414004163
2,66,0,35,0,-0.009585016525890562,-0.015252784918594687,0.11000122414004163
2,67,0,35,0,-0.009560533725058147,-0.01519157791651365,0.11008691394295507
2,68,0,35,0,-0.009762516831925572,-0.015124250214224508,0.11004406904149835
2,69,0,35,0,-0.00982372383400661,-0.015124250214224508,0.11046027665564942
2,70,0,35,0,-0.00982372383400661,-0.015124250214224508,0.11046027665564942
2,71,0,35,0,-0.009768637532133676,-0.01509364671318399,0.1096339821275554
2,72,0,35,0,-0.00977475823234178,-0.01536907822254866,0.11012975884441181
2,73,0,35,0,-0.00977475823234178,-0.01536907822254866,0.11012975884441181
2,74,0,35,0,-0.009750275431509364,-0.01525890561880279,0.1101358795446199
2,75,0,35,0,-0.009799241033174196,-0.014848818704859837,0.11028277634961439
2,76,0,35,0,-0.009799241033174196,-0.014848818704859837,0.11028277634961439
2,77,0,35,0,-0.009848206634839025,-0.01525890561880279,0.11016648304566042
2,78,0,35,0,-0.009738034031093157,-0.014983474109438118,0.11020932794711716
2,79,0,35,0,-0.009738034031093157,-0.014983474109438118,0.11020932794711716
2,80,0,35,0,-0.009768637532133676,-0.015032439711102949,0.10951156812339331
2,81,0,35,0,-0.009762516831925572,-0.015032439711102949,0.11028277634961439
2,82,0,35,0,-0.009762516831925572,-0.015032439711102949,0.11028277634961439
2,83,0,35,0,-0.009909413636920064,-0.014977353409230015,0.10999510343983351
2,84,0,35,0,-0.009633982127555393,-0.015069163912351574,0.11014812094503612
2,85,0,35,0,-0.009750275431509364,-0.015148733015056922,0.11012975884441181
2,86,0,35,0,-0.009750275431509364,-0.015148733015056922,0.11012975884441181
2,87,0,35,0,-0.009811482433590403,-0.015007956910270534,0.11003182764108214
2,88,0,35,0,-0.00974415473130126,-0.015056922511935366,0.11012975884441181
2,89,0,35,0,-0.00974415473130126,-0.015056922511935366,0.11012975884441181
2,90,0,35,0,-0.009909413636920064,-0.014946749908189496,0.11028277634961439
2,91,0,35,0,-0.009799241033174196,-0.015105888113600197,0.11025217284857387
2,92,0,35,0,-0.009799241033174196,-0.015105888113600197,0.11025217284857387
2,93,0,35,0,-0.009725792630676949,-0.015118129514016403,0.10976251683192557
2,94,0,35,0,-0.009725792630676949,-0.015081405312767781,0.11009303464316318
2,95,0,35,0,-0.009725792630676949,-0.015081405312767781,0.11009303464316318
2,96,0,35,0,-0.009591137226098665,-0.015105888113600197,0.11000734484024972
2,97,0,35,0,-0.009536050924225731,-0.014818215203819318,0.11020932794711716
2,98,0,35,0,-0.00977475823234178,-0.014958991308605705,0.11014200024482801
2,99,0,35,0,-0.00977475823234178,-0.014958991308605705,0.11014200024482801
3,0,35,35,0,-0.04703146039906965,0.004321214346921288,-0.013685885665320113
3,1,35,35,0,-0.04703146039906965,0.004321214346921288,-0.013685885665320113
3,2,35,35,0,-0.0469457705961562,0.004382421349002326,-0.013740971967193047
3,3,35,35,0,-0.046890684294283266,0.004455869751499571,-0.013141143346798872
3,4,35,35,0,-0.046890684294283266,0.004455869751499571,-0.013141143346798872
3,5,35,35,0,-0.046951891296364304,0.004523197453788713,-0.013893989472395642
3,6,35,35,0,-0.04686008079324275,0.0047068184600318275,-0.013557350960949932
3,7,35,35,0,-0.04686008079324275,0.0047068184600318275,-0.013557350960949932
3,8,35,35,0,-0.0470987881013588,0.004590525156077855,-0.01408373117884686
3,9,35,35,0,-0.047111029501775,0.004615007956910271,-0.013851144570938913
3,10,35,35,0,-0.04698861549761293,0.004370179948586119,-0.013643040763863388
3,11,35,35,0,-0.04698861549761293,0.004370179948586119,-0.013643040763863388
3,12,35,35,0,-0.04686008079324275,0.004523197453788713,-0.013912351573019954
3,13,35,35,0,-0.04689680499449137,0.004529318153996817,-0.01369812706573632
3,14,35,35,0,-0.04689680499449137,0.004529318153996817,-0.01369812706573632
3,15,35,35,0,-0.04689680499449137,0.004541559554413025,-0.013820541069898395
3,16,35,35,0,-0.046823356591994124,0.004663973558575101,-0.013753213367609254
3,17,35,35,0,-0.046823356591994124,0.004663973558575101,-0.013753213367609254
3,18,35,35,0,-0.04698861549761293,0.004504835353164402,-0.013857265271147019
3,19,35,35,0,-0.047178357204064145,0.0045170767535806094,-0.01369812706573632
3,20,35,35,0,-0.047178357204064145,0.0045170767535806094,-0.01369812706573632
3,21,35,35,0,-0.04703146039906965,0.004608887256702167,-0.013838903170522707
3,22,35,35,0,-0.04703146039906965,0.004621128657118374,-0.01395519647447668
3,23,35,35,0,-0.046964132696780514,0.004719059860448035,-0.013893989472395642
3,24,35,35,0,-0.046964132696780514,0.004719059860448035,-0.013893989472395642
3,25,35,35,0,-0.0467866323907455,0.004657852858366998,-0.013851144570938913
3,26,35,35,0,-0.04699473619782103,0.004608887256702167,-0.013722609866568735
3,27,35,35,0,-0.04699473619782103,0.004608887256702167,-0.013722609866568735
3,28,35,35,0,-0.047111029501775,0.004670094258783205,-0.013765454768025463
3,29,35,35,0,-0.0471049088015669,0.0047619047619047615,-0.013618557963030969
3,30,35,35,0,-0.0471049088015669,0.0047619047619047615,-0.013618557963030969
3,31,35,35,0,-0.047392581711347775,0.004553800954829232,-0.013704247765944425
3,32,35,35,0,-0.04684171869261843,0.004590525156077855,-0.013667523564695801
3,33,35,35,0,-0.04684171869261843,0.004590525156077855,-0.013667523564695801
3,34,35,35,0,-0.046921287795323785,0.004443628351083364,-0.013991920675725304
3,35,35,35,0,-0.04690292569469947,0.004633370057534582,-0.01384502387073081
3,36,35,35,0,-0.04691516709511568,0.004829232464193904,-0.013912351573019954
3,37,35,35,0,-0.04691516709511568,0.004829232464193904,-0.013912351573019954
3,38,35,35,0,-0.04704370179948586,0.004712939160239932,-0.013612437262822866
3,39,35,35,0,-0.04686008079324275,0.004474231852123883,-0.013765454768025463
3,40,35,35,0,-0.04686008079324275,0.004474231852123883,-0.013765454768025463
3,41,35,35,0,-0.046964132696780514,0.004394662749418533,-0.013759334067817357
3,42,35,35,0,-0.047006977598237236,0.0044619904517076755,-0.013887868772187539
3,43,35,35,0,-0.047006977598237236,0.0044619904517076755,-0.013887868772187539
3,44,35,35,0,-0.04697025339698861,0.004670094258783205,-0.014248990084465663
3,45,35,35,0,-0.04728240910760191,0.004755784061696658,-0.01400416207614151
3,46,35,35,0,-0.04728240910760191,0.004755784061696658,-0.01400416207614151
3,47,35,35,0,-0.04695801199657241,0.004523197453788713,-0.013753213367609254
3,48,35,35,0,-0.046909046394907575,0.004535438854204921,-0.013887868772187539
3,49,35,35,0,-0.04682947729220223,0.004645611457950789,-0.014053127677806341
3,50,35,35,0,-0.04682947729220223,0.004645611457950789,-0.014053127677806341
3,51,35,35,0,-0.046921287795323785,0.00459664585628596,-0.013655282164279595
3,52,35,35,0,-0.046921287795323785,0.004578283755661648,-0.013942955074060473
3,53,35,35,0,-0.046921287795323785,0.004578283755661648,-0.013942955074060473
3,54,35,35,0,-0.04686008079324275,0.004449749051291468,-0.01374709266740115
3,55,35,35,0,-0.046921287795323785,0.004639490757742686,-0.013759334067817357
3,56,35,35,0,-0.046921287795323785,0.004639490757742686,-0.013759334067817357
3,57,35,35,0,-0.04705594319990207,0.0046517321581588935,-0.013887868772187539
3,58,35,35,0,-0.046878442893867056,0.004608887256702167,-0.013692006365528217
3,59,35,35,0,-0.046878442893867056,0.004608887256702167,-0.013692006365528217
3,60,35,35,0,-0.04722732280572898,0.004615007956910271,-0.013961317174684785
3,61,35,35,0,-0.046933529195739995,0.004211041743175419,-0.013832782470314603
3,62,35,35,0,-0.0469396498959481,0.004682335659199412,-0.013832782470314603
3,63,35,35,0,-0.0469396498959481,0.004682335659199412,-0.013832782470314603
3,64,35,35,0,-0.04714163300281552,0.00438854204921043,-0.013808299669482188
3,65,35,35,0,-0.04698249479740482,0.0047435426612804504,-0.01384502387073081
3,66,35,35,0,-0.04698249479740482,0.0047435426612804504,-0.01384502387073081
3,67,35,35,0,-0.04712327090219121,0.004835353164402008,-0.01374709266740115
3,68,35,35,0,-0.046792753090953605,0.004559921655037337,-0.013765454768025463
3,69,35,35,0,-0.046792753090953605,0.004559921655037337,-0.013765454768025463
3,70,35,35,0,-0.04688456359407516,0.004731301260864243,-0.013294160852001469
3,71,35,35,0,-0.046964132696780514,0.004376300648794222,-0.013918472273228058
3,72,35,35,0,-0.046964132696780514,0.004376300648794222,-0.013918472273228058
3,73,35,35,0,-0.046780511690537395,0.004639490757742686,-0.013563471661158035
3,74,35,35,0,-0.04689680499449137,0.004639490757742686,-0.013355367854082506
3,75,35,35,0,-0.04689680499449137,0.004676214958991309,-0.013508385359285103
3,76,35,35,0,-0.046651976986167215,0.004676214958991309,-0.013508385359285103
3,77,35,35,0,-0.047049822499693965,0.004829232464193904,-0.013991920675725304
3,78,35,35,0,-0.04703758109927776,0.0045170767535806094,-0.013838903170522707
3,79,35,35,0,-0.04703758109927776,0.0045170767535806094,-0.013838903170522707
3,80,35,35,0,-0.046835597992410334,0.004663973558575101,-0.01393683437385237
3,81,35,35,0,-0.046964132696780514,0.004553800954829232,-0.01393683437385237
3,82,35,35,0,-0.046964132696780514,0.004553800954829232,-0.01393683437385237
3,83,35,35,0,-0.04685396009303464,0.004737421961072347,-0.013636920063655283
3,84,35,35,0,-0.04681723589178602,0.004792508262945281,-0.013887868772187539
3,85,35,35,0,-0.04681723589178602,0.004792508262945281,-0.013887868772187539
3,86,35,35,0,-0.04702533969886155,0.004406904149834741,-0.013753213367609254
3,87,35,35,0,-0.04708654670094259,0.00438854204921043,-0.013783816868649773
3,88,35,35,0,-0.04675602888970498,0.004364059248378014,-0.013863385971355124
3,89,35,35,0,-0.04675602888970498,0.004364059248378014,-0.013863385971355124
3,90,35,35,0,-0.04684783939282654,0.004670094258783205,-0.013759334067817357
3,91,35,35,0,-0.04732525400905864,0.0046517321581588935,-0.013857265271147019
3,92,35,35,0,-0.04732525400905864,0.0046517321581588935,-0.013857265271147019
3,93,35,35,0,-0.04688456359407516,0.004357938548169911,-0.013851144570938913
3,94,35,35,0,-0.04687232219365896,0.004345697147753702,-0.013814420369690291
3,95,35,35,0,-0.04687232219365896,0.004345697147753702,-0.013814420369690291
3,96,35,35,0,-0.04692740849553189,0.004492593952748194,-0.014059248378014444
3,97,35,35,0,-0.04704370179948586,0.004535438854204921,-0.013765454768025463
3,98,35,35,0,-0.04704370179948586,0.004535438854204921,-0.013765454768025463
3,99,35,35,0,-0.04689680499449137,0.004657852858366998,-0.013832782470314603
