values,,position,position,position,Magnetometer,Magnetometer,Magnetometer
axis,,x,y,z,x,y,z
Sensor,Sample,,,,,,
0,0,0,0,0,-0.027439099032929366,0.03250703880523932,-0.027077977720651243
0,1,0,0,0,-0.02740849553188885,0.03225609009670706,-0.026539356102338107
0,2,0,0,0,-0.02740849553188885,0.03225609009670706,-0.026539356102338107
0,3,0,0,0,-0.02783082384624801,0.03243971110295017,-0.026735218508997426
0,4,0,0,0,-0.027573754437507654,0.0324764353041988,-0.02690047741461623
0,5,0,0,0,-0.027328926429183498,0.032145917492961196,-0.026600563104419144
0,6,0,0,0,-0.027328926429183498,0.032145917492961196,-0.026600563104419144
0,7,0,0,0,-0.027561513037091444,0.03243971110295017,-0.026986167217529684
0,8,0,0,0,-0.027598237238340068,0.032402986901701555,-0.026551597502754314
0,9,0,0,0,-0.027598237238340068,0.032402986901701555,-0.026551597502754314
0,10,0,0,0,-0.027530909536050925,0.03245807320357449,-0.026967805116905375
0,11,0,0,0,-0.027530909536050925,0.03262333210919329,-0.026808666911494677
0,12,0,0,0,-0.027530909536050925,0.03262333210919329,-0.026808666911494677
0,13,0,0,0,-0.02764108213979679,0.03236626270045293,-0.026937201615864853
0,14,0,0,0,-0.027543150936467132,0.03250703880523932,-0.026869873913575714
0,15,0,0,0,-0.027543150936467132,0.03250703880523932,-0.026869873913575714
0,16,0,0,0,-0.027647202840004898,0.03243971110295017,-0.026839270412535192
0,17,0,0,0,-0.02746358183376178,0.03232953849920431,-0.026924960215448646
0,18,0,0,0,-0.02746358183376178,0.03232953849920431,-0.026924960215448646
0,19,0,0,0,-0.027708409842085936,0.0324764353041988,-0.0266862529073326
0,20,0,0,0,-0.027506426735218508,0.03234790059982862,-0.02699228791773779
0,21,0,0,0,-0.027506426735218508,0.03234790059982862,-0.02699228791773779
0,22,0,0,0,-0.027677806341045413,0.03245807320357449,-0.02661280450483535
0,23,0,0,0,-0.027653323540213,0.03236626270045293,-0.026869873913575714
0,24,0,0,0,-0.027653323540213,0.03236626270045293,-0.026869873913575714
0,25,0,0,0,-0.027702289141877827,0.03241522830211776,-0.02670461500795691
0,26,0,0,0,-0.027518668135634715,0.03220712449504223,-0.026918839515240545
0,27,0,0,0,-0.027653323540213,0.03220712449504223,-0.027010650018362097
0,28,0,0,0,-0.027653323540213,0.03220712449504223,-0.027010650018362097
0,29,0,0,0,-0.027518668135634715,0.032176520994001714,-0.026692373607540704
0,30,0,0,0,-0.027653323540213,0.03233565919941241,-0.02704125351940262
0,31,0,0,0,-0.027653323540213,0.03233565919941241,-0.02704125351940262
0,32,0,0,0,-0.027628840739380583,0.032402986901701555,-0.02695556371648917
0,33,0,0,0,-0.027518668135634715,0.03228057289753948,-0.02679642551107847
0,34,0,0,0,-0.027518668135634715,0.03228057289753948,-0.02679642551107847
0,35,0,0,0,-0.027530909536050925,0.03223772799608275,-0.026918839515240545
0,36,0,0,0,-0.02746358183376178,0.03232953849920431,-0.02688211531399192
0,37,0,0,0,-0.02746358183376178,0.03232953849920431,-0.02688211531399192
0,38,0,0,0,-0.027628840739380583,0.032164279593585504,-0.026888236014200022
0,39,0,0,0,-0.027567633737299545,0.03262333210919329,-0.026631166605459666
0,40,0,0,0,-0.027567633737299545,0.03262333210919329,-0.026631166605459666
0,41,0,0,0,-0.027751254743542664,0.032445831803158284,-0.026594442404211042
0,42,0,0,0,-0.027567633737299545,0.03253764230627984,-0.026820908311910883
0,43,0,0,0,-0.027567633737299545,0.03253764230627984,-0.026820908311910883
0,44,0,0,0,-0.027567633737299545,0.032402986901701555,-0.02643530419880034
0,45,0,0,0,-0.027610478638756274,0.03235402130003672,-0.026943322316072958
0,46,0,0,0,-0.027610478638756274,0.03235402130003672,-0.026943322316072958
0,47,0,0,0,-0.027677806341045413,0.03234790059982862,-0.02675358060962174
0,48,0,0,0,-0.02742685763251316,0.032531521606071735,-0.026967805116905375
0,49,0,0,0,-0.027518668135634715,0.032647814910025705,-0.026710735708165012
0,50,0,0,0,-0.027592116538131962,0.03250091810503122,-0.0266862529073326
0,51,0,0,0,-0.02740849553188885,0.03250703880523932,-0.026649528706083975
0,52,0,0,0,-0.02760435793854817,0.03240910760190966,-0.026698494307748805
0,53,0,0,0,-0.027775737544375078,0.03217040029379361,-0.027029012118986413
0,54,0,0,0,-0.02741461623209695,0.032152038193169294,-0.026833149712327094
0,55,0,0,0,-0.027451340433345572,0.03226833149712327,-0.02666177010650018
0,56,0,0,0,-0.027475823234177986,0.03236626270045293,-0.026827029012118985
0,57,0,0,0,-0.027628840739380583,0.03237238340066104,-0.026851511812951402
0,58,0,0,0,-0.027628840739380583,0.03237238340066104,-0.025284612559676827
0,59,0,0,0,-0.027573754437507654,0.03236626270045293,-0.026557718202962422
0,60,0,0,0,-0.027628840739380583,0.03253764230627984,-0.026557718202962422
0,61,0,0,0,-0.027653323540213,0.03243971110295017,-0.026986167217529684
0,62,0,0,0,-0.027561513037091444,0.03218876239441792,-0.026765822010037948
0,63,0,0,0,-0.02753703023625903,0.03246419390378259,-0.026888236014200022
0,64,0,0,0,-0.027420736932305057,0.03255600440690415,-0.026582201003794836
0,65,0,0,0,-0.02763496143958869,0.03248867670461501,-0.026833149712327094
0,66,0,0,0,-0.027726771942710247,0.032433590402742074,-0.02681478761170278
0,67,0,0,0,-0.027402374831680742,0.032286693597747586,-0.026557718202962422
0,68,0,0,0,-0.027843065246664217,0.03226833149712327,-0.026778063410454155
0,69,0,0,0,-0.02741461623209695,0.0324703146039907,-0.02681478761170278
0,70,0,0,0,-0.027628840739380583,0.03226833149712327,-0.0265271147019219
0,71,0,0,0,-0.027549271636675237,0.0324703146039907,-0.026980046517321582
0,72,0,0,0,-0.02760435793854817,0.032292814297955684,-0.026698494307748805
0,73,0,0,0,-0.02776349614395887,0.03224996939649896,-0.027016770718570206
0,74,0,0,0,-0.027402374831680742,0.03269678051169054,-0.026649528706083975
0,75,0,0,0,-0.02760435793854817,0.032421349002325864,-0.026606683804627253
0,76,0,0,0,-0.0274941853348023,0.03224996939649896,-0.026643408005875873
0,77,0,0,0,-0.0274941853348023,0.03224996939649896,-0.026643408005875873
0,78,0,0,0,-0.02763496143958869,0.03254988370669605,-0.02707185702044314
0,79,0,0,0,-0.027616599338964376,0.03231117639858,-0.027059615620026935
0,80,0,0,0,-0.027420736932305057,0.03239686620149345,-0.026765822010037948
0,81,0,0,0,-0.02764108213979679,0.03221936589545844,-0.026729097808789327
0,82,0,0,0,-0.02758599583792386,0.03210919329171257,-0.026606683804627253
0,83,0,0,0,-0.027616599338964376,0.03242746970253397,-0.02688211531399192
0,84,0,0,0,-0.027457461133553678,0.03220100379483413,-0.026857632513159507
0,85,0,0,0,-0.027616599338964376,0.03232953849920431,-0.026784184110662263
0,86,0,0,0,-0.027592116538131962,0.032360142000244826,-0.026827029012118985
0,87,0,0,0,-0.027677806341045413,0.03240910760190966,-0.026729097808789327
0,88,0,0,0,-0.027757375443750766,0.03226833149712327,-0.02689435671440813
0,89,0,0,0,-0.027500306035010406,0.032421349002325864,-0.02688211531399192
0,90,0,0,0,-0.027561513037091444,0.03232953849920431,-0.0268453911127433
0,91,0,0,0,-0.027843065246664217,0.03245807320357449,-0.02686375321336761
0,92,0,0,0,-0.027843065246664217,0.03245807320357449,-0.02661280450483535
0,93,0,0,0,-0.02767168564083731,0.03226221079691517,-0.02661280450483535
0,94,0,0,0,-0.027518668135634715,0.032604970008568976,-0.026649528706083975
0,95,0,0,0,-0.02741461623209695,0.032617211408985186,-0.02672297710858122
0,96,0,0,0,-0.027714530542294037,0.03229893499816379,-0.026839270412535192
0,97,0,0,0,-0.027475823234177986,0.03220100379483413,-0.026759701309829843
0,98,0,0,0,-0.027739013343126458,0.03252540090586363,-0.026692373607540704
0,99,0,0,0,-0.02746358183376178,0.03238462480107725,-0.026741339209205534
1,0,35,0,0,-0.019139429550740605,0.02647814910025707,-0.0028094013955196474
1,1,35,0,0,-0.019121067450116293,0.026306769494430164,-0.0028338841963520627
1,2,35,0,0,-0.019121067450116293,0.026306769494430164,-0.0028338841963520627
1,3,35,0,0,-0.019200636552821643,0.02614151058881136,-0.002631901089484637
1,4,35,0,0,-0.019267964255110785,0.026221079691516706,-0.0027237115926061943
1,5,35,0,0,-0.019188395152405436,0.026117027787978947,-0.002888970498224997
1,6,35,0,0,-0.019188395152405436,0.026117027787978947,-0.002888970498224997
1,7,35,0,0,-0.0191333088505325,0.026196596890684293,-0.0028583669971844776
1,8,35,0,0,-0.01916391235157302,0.026404700697759825,-0.0030603501040519033
1,9,35,0,0,-0.01916391235157302,0.026404700697759825,-0.0030603501040519033
1,10,35,0,0,-0.019194515852613538,0.026459786999632758,-0.0028094013955196474
1,11,35,0,0,-0.01940261965968907,0.02647814910025707,-0.0026135389888603255
1,12,35,0,0,-0.01940261965968907,0.02647814910025707,-0.0026135389888603255
1,13,35,0,0,-0.019218998653445955,0.026221079691516706,-0.0026135389888603255
1,14,35,0,0,-0.019384257559064758,0.026520994001713795,-0.002944056800097931
1,15,35,0,0,-0.019384257559064758,0.026520994001713795,-0.002944056800097931
1,16,35,0,0,-0.019108826049700087,0.026184355490268086,-0.0026808666911494676
1,17,35,0,0,-0.0192924470559432,0.026288407393805852,-0.002760435793854817
1,18,35,0,0,-0.01898641204553801,0.02615375198922757,-0.0026563838903170523
1,19,35,0,0,-0.01898641204553801,0.02615375198922757,-0.0026563838903170523
1,20,35,0,0,-0.019225119353654056,0.026049700085689804,-0.0027971599951034398
1,21,35,0,0,-0.019108826049700087,0.026276165993389645,-0.0024237972824091075
1,22,35,0,0,-0.019108826049700087,0.026276165993389645,-0.0024237972824091075
1,23,35,0,0,-0.019286326355735094,0.026227200391724815,-0.0027481943934386096
1,24,35,0,0,-0.019378136858856653,0.02648426980046517,-0.0026931080915656752
1,25,35,0,0,-0.019378136858856653,0.02648426980046517,-0.0026931080915656752
1,26,35,0,0,-0.01937201615864855,0.026184355490268086,-0.002754315093646713
1,27,35,0,0,-0.019023136246786632,0.026214958991308608,-0.0025829354878198064
1,28,35,0,0,-0.019023136246786632,0.026214958991308608,-0.0025829354878198064
1,29,35,0,0,-0.01926184355490268,0.026582201003794836,-0.002472762884073938
1,30,35,0,0,-0.0191333088505325,0.026416942098176032,-0.002472762884073938
1,31,35,0,0,-0.01903537764720284,0.026263924592973435,-0.0026563838903170523
1,32,35,0,0,-0.01903537764720284,0.026263924592973435,-0.0026563838903170523
1,33,35,0,0,-0.019090463949075775,0.02614151058881136,-0.0029012118986412047
1,34,35,0,0,-0.019139429550740605,0.026178234790059984,-0.0025645733871954954
1,35,35,0,0,-0.019139429550740605,0.026178234790059984,-0.0025645733871954954
1,36,35,0,0,-0.019225119353654056,0.026282286693597744,-0.0026502631901089485
1,37,35,0,0,-0.01914555025094871,0.026404700697759825,-0.0025829354878198064
1,38,35,0,0,-0.01914555025094871,0.026404700697759825,-0.0025829354878198064
1,39,35,0,0,-0.019225119353654056,0.02648426980046517,-0.0027481943934386096
1,40,35,0,0,-0.0192924470559432,0.02612314848818705,-0.0026869873913575714
1,41,35,0,0,-0.0192924470559432,0.02612314848818705,-0.0026869873913575714
1,42,35,0,0,-0.019274084955318887,0.026306769494430164,-0.0025339698861549763
1,43,35,0,0,-0.01917615375198923,0.026055820785897903,-0.0028583669971844776
1,44,35,0,0,-0.01935365405802424,0.026380217896927412,-0.0028706083976006856
1,45,35,0,0,-0.01935365405802424,0.026380217896927412,-0.0028706083976006856
1,46,35,0,0,-0.01926184355490268,0.026343493695678788,-0.0026196596890684294
1,47,35,0,0,-0.019170033051781124,0.026110907087770842,-0.002895091198433101
1,48,35,0,0,-0.019047619047619046,0.026459786999632758,-0.0028094013955196474
1,49,35,0,0,-0.019378136858856653,0.026361855796303096,-0.002919573999265516
1,50,35,0,0,-0.018998653445954215,0.026337372995470683,-0.0026747459909413638
1,51,35,0,0,-0.019017015546578527,0.02672297710858122,-0.0027175908923980905
1,52,35,0,0,-0.019017015546578527,0.026514873301505693,-0.002772677194271025
1,53,35,0,0,-0.019151670951156812,0.026514873301505693,-0.002772677194271025
1,54,35,0,0,-0.019225119353654056,0.0266862529073326,-0.0027665564940629207
1,55,35,0,0,-0.019090463949075775,0.026337372995470683,-0.0023687109805361735
1,56,35,0,0,-0.01917615375198923,0.026025217284857387,-0.002882849798016893
1,57,35,0,0,-0.019267964255110785,0.026245562492349123,-0.002754315093646713
1,58,35,0,0,-0.01943934386093769,0.02634961439588689,-0.002742073693230506
1,59,35,0,0,-0.01918227445219733,0.0262088382911005,-0.002907332598849308
1,60,35,0,0,-0.019335291957399928,0.026325131595054473,-0.0027665564940629207
1,61,35,0,0,-0.01942098176031338,0.02638633859713551,-0.002821642795935855
1,62,35,0,0,-0.019218998653445955,0.026165993389643778,-0.0027175908923980905
1,63,35,0,0,-0.0192924470559432,0.026520994001713795,-0.0028155220957277512
1,64,35,0,0,-0.019274084955318887,0.026416942098176032,-0.0028706083976006856
1,65,35,0,0,-0.019078222548659568,0.026202717590892398,-0.0026196596890684294
1,66,35,0,0,-0.019414861060105277,0.026337372995470683,-0.0025645733871954954
1,67,35,0,0,-0.019408740359897172,0.026184355490268086,-0.0029379360998898272
1,68,35,0,0,-0.019121067450116293,0.026361855796303096,-0.0026931080915656752
1,69,35,0,0,-0.019237360754070267,0.026453666299424656,-0.0027359529930224015
1,70,35,0,0,-0.019243481454278368,0.026227200391724815,-0.0024911249846982495
1,71,35,0,0,-0.01910270534949198,0.026361855796303096,-0.0024911249846982495
1,72,35,0,0,-0.01923124005386216,0.026221079691516706,-0.0028094013955196474
1,73,35,0,0,-0.019151670951156812,0.026374097196719303,-0.0028706083976006856
1,74,35,0,0,-0.019280205655526992,0.02610478638756274,-0.0027359529930224015
1,75,35,0,0,-0.019280205655526992,0.02610478638756274,-0.00292569469947362
1,76,35,0,0,-0.01923124005386216,0.02603133798506549,-0.00292569469947362
1,77,35,0,0,-0.01937201615864855,0.02625780389276533,-0.0027481943934386096
1,78,35,0,0,-0.019194515852613538,0.02648426980046517,-0.0026502631901089485
1,79,35,0,0,-0.019170033051781124,0.026221079691516706,-0.002760435793854817
1,80,35,0,0,-0.01946994736197821,0.02625780389276533,-0.002882849798016893
1,81,35,0,0,-0.019157791651364917,0.026227200391724815,-0.0025890561880279103
1,82,35,0,0,-0.019218998653445955,0.02614151058881136,-0.0028094013955196474
1,83,35,0,0,-0.01917615375198923,0.02634961439588689,-0.0027114701921899867
1,84,35,0,0,-0.01909658464928388,0.026227200391724815,-0.002760435793854817
1,85,35,0,0,-0.019304688456359406,0.026288407393805852,-0.0029318153996817234
1,86,35,0,0,-0.01935977475823234,0.026551597502754314,-0.0027175908923980905
1,87,35,0,0,-0.019188395152405436,0.026202717590892398,-0.002772677194271025
1,88,35,0,0,-0.019316929856775616,0.026410821397967927,-0.002888970498224997
1,89,35,0,0,-0.019188395152405436,0.02639857999755172,-0.002852246296976374
1,90,35,0,0,-0.019274084955318887,0.026374097196719303,-0.002699228791773779
1,91,35,0,0,-0.019378136858856653,0.026374097196719303,-0.002503366385114457
1,92,35,0,0,-0.019206757253029748,0.026202717590892398,-0.0027053494919818824
1,93,35,0,0,-0.01916391235157302,0.026361855796303096,-0.002699228791773779
1,94,35,0,0,-0.019408740359897172,0.02634961439588689,-0.0026563838903170523
1,95,35,0,0,-0.019365895458440446,0.026453666299424656,-0.0023381074794956544
1,96,35,0,0,-0.019170033051781124,0.026459786999632758,-0.0026931080915656752
1,97,35,0,0,-0.019170033051781124,0.02642918349859224,-0.002662504590525156
1,98,35,0,0,-0.019200636552821643,0.02642918349859224,-0.002662504590525156
1,99,35,0,0,-0.019243481454278368,0.026319010894846374,-0.0027114701921899867
2,0,0,35,0,-0.021746847839392826,-0.014071489778430651,0.1126820908311911
2,1,0,35,0,-0.021746847839392826,-0.014071489778430651,0.1126820908311911
2,2,0,35,0,-0.021838658342514382,-0.013851144570938913,0.11244338352307504
2,3,0,35,0,-0.021826416942098175,-0.013704247765944425,0.11290243603868282
2,4,0,35,0,-0.021826416942098175,-0.013704247765944425,0.11290243603868282
2,5,0,35,0,-0.02155710613294161,-0.01384502387073081,0.11279226343493695
2,6,0,35,0,-0.02165503733627127,-0.013685885665320113,0.1126820908311911
2,7,0,35,0,-0.02165503733627127,-0.013685885665320113,0.1126820908311911
2,8,0,35,0,-0.021710123638144205,-0.013740971967193047,0.1127065736320235
2,9,0,35,0,-0.02183253764230628,-0.013661402864487698,0.1125168319255723
2,10,0,35,0,-0.02183253764230628,-0.013661402864487698,0.1125168319255723
2,11,0,35,0,-0.021722365038560412,-0.014016403476557717,0.11232096951891297
2,12,0,35,0,-0.02175296853960093,-0.013753213367609254,0.11259028032806953
2,13,0,35,0,-0.0217040029379361,-0.01395519647447668,0.1127126943322316
2,14,0,35,0,-0.0217040029379361,-0.01395519647447668,0.1127126943322316
2,15,0,35,0,-0.02157546823356592,-0.014206145183008936,0.11255967682702901
2,16,0,35,0,-0.021550985432733503,-0.013324764353041987,0.11282898763618558
2,17,0,35,0,-0.021550985432733503,-0.013324764353041987,0.11282898763618558
2,18,0,35,0,-0.021508140531276778,-0.013685885665320113,0.11242502142245073
2,19,0,35,0,-0.02164279593585506,-0.013643040763863388,0.11263924592973436
2,20,0,35,0,-0.02164279593585506,-0.013643040763863388,0.11263924592973436
2,21,0,35,0,-0.02166115803647937,-0.013967437874892888,0.11247398702411555
2,22,0,35,0,-0.02175296853960093,-0.013759334067817357,0.1120639001101726
2,23,0,35,0,-0.02175296853960093,-0.013759334067817357,0.1120639001101726
2,24,0,35,0,-0.021599951034398334,-0.013961317174684785,0.11266372873056678
2,25,0,35,0,-0.021630554535438853,-0.013961317174684785,0.1126943322316073
2,26,0,35,0,-0.021630554535438853,-0.013728730566776839,0.1125290733259885
2,27,0,35,0,-0.02175296853960093,-0.013728730566776839,0.1125290733259885
2,28,0,35,0,-0.021489778430652466,-0.014071489778430651,0.1126820908311911
2,29,0,35,0,-0.021814175541681968,-0.013765454768025463,0.11244950422328315
2,30,0,35,0,-0.021814175541681968,-0.013765454768025463,0.11244950422328315
2,31,0,35,0,-0.021520381931692985,-0.013728730566776839,0.11228424531766434
2,32,0,35,0,-0.021838658342514382,-0.013771575468233566,0.11218019341412658
2,33,0,35,0,-0.021838658342514382,-0.013771575468233566,0.11218019341412658
2,34,0,35,0,-0.02188150324397111,-0.013753213367609254,0.11278614273472884
2,35,0,35,0,-0.021722365038560412,-0.013893989472395642,0.11259640102827764
2,36,0,35,0,-0.021722365038560412,-0.013893989472395642,0.11259640102827764
2,37,0,35,0,-0.021599951034398334,-0.013722609866568735,0.11219855551475089
2,38,0,35,0,-0.021618313135022646,-0.013930713673644266,0.11259028032806953
2,39,0,35,0,-0.021618313135022646,-0.013930713673644266,0.11259028032806953
2,40,0,35,0,-0.021618313135022646,-0.013710368466152529,0.11263312522952626
2,41,0,35,0,-0.021520381931692985,-0.013685885665320113,0.11296976374097197
2,42,0,35,0,-0.021697882237728,-0.013753213367609254,0.11244338352307504
2,43,0,35,0,-0.021697882237728,-0.013753213367609254,0.11244338352307504
2,44,0,35,0,-0.021636675235646958,-0.013857265271147019,0.1127126943322316
2,45,0,35,0,-0.02165503733627127,-0.013912351573019954,0.11268821153139919
2,46,0,35,0,-0.02165503733627127,-0.013912351573019954,0.11268821153139919
2,47,0,35,0,-0.021697882237728,-0.013875627371771332,0.11270045293181541
2,48,0,35,0,-0.021777451340433344,-0.013551230260741828,0.11246174562369934
2,49,0,35,0,-0.02191210674501163,-0.014120455380095483,0.1125474354266128
2,50,0,35,0,-0.021489778430652466,-0.013924592973436161,0.11249234912473986
2,51,0,35,0,-0.021673399436895578,-0.013863385971355124,0.11270045293181541
2,52,0,35,0,-0.02188150324397111,-0.014010282776349614,0.11272493573264782
2,53,0,35,0,-0.0218631411433468,-0.0138266617701065,0.11255967682702901
2,54,0,35,0,-0.021581588933774022,-0.013942955074060473,0.11266372873056678
2,55,0,35,0,-0.021550985432733503,-0.013869506671563229,0.11273717713306401
2,56,0,35,0,-0.02166115803647937,-0.013875627371771332,0.11210062431142123
2,57,0,35,0,-0.0218631411433468,-0.014273472885298077,0.1125535561268209
2,58,0,35,0,-0.021502019831068676,-0.013863385971355124,0.1124066593218264
2,59,0,35,0,-0.021502019831068676,-0.013881748071979436,0.11298200514138816
2,60,0,35,0,-0.021648916636063165,-0.013881748071979436,0.11234545231974538
2,61,0,35,0,-0.021759089239809036,-0.013832782470314603,0.11234545231974538
2,62,0,35,0,-0.02162443383523075,-0.013924592973436161,0.1125168319255723
2,63,0,35,0,-0.021618313135022646,-0.013649161464071491,0.11295752234055575
2,64,0,35,0,-0.0217040029379361,-0.01393683437385237,0.11284122903660179
2,65,0,35,0,-0.02157546823356592,-0.013918472273228058,0.11265148733015058
2,66,0,35,0,-0.02161219243481454,-0.013838903170522707,0.11264536662994247
2,67,0,35,0,-0.021544864732525402,-0.013753213367609254,0.11285347043701799
2,68,0,35,0,-0.021746847839392826,-0.014047006977598236,0.11257803892765332
2,69,0,35,0,-0.021679520137103683,-0.013857265271147019,0.11254131472640469
2,70,0,35,0,-0.021520381931692985,-0.013789937568857876,0.1126943322316073
2,71,0,35,0,-0.02193046884563594,-0.014040886277390132,0.11223527971599952
2,72,0,35,0,-0.021838658342514382,-0.013863385971355124,0.11270045293181541
2,73,0,35,0,-0.02155710613294161,-0.01395519647447668,0.11262088382911004
2,74,0,35,0,-0.021587709633982127,-0.013814420369690291,0.11279226343493695
2,75,0,35,0,-0.021691761537519894,-0.013973558575100992,0.1125474354266128
2,76,0,35,0,-0.021691761537519894,-0.0138266617701065,0.11276778063410453
2,77,0,35,0,-0.021636675235646958,-0.013942955074060473,0.11243726282286695
2,78,0,35,0,-0.0217040029379361,-0.013692006365528217,0.11204553800954828
2,79,0,35,0,-0.021942710246052148,-0.013924592973436161,0.1126943322316073
2,80,0,35,0,-0.021942710246052148,-0.013924592973436161,0.1126943322316073
2,81,0,35,0,-0.02166115803647937,-0.013740971967193047,0.11260864242869384
2,82,0,35,0,-0.02157546823356592,-0.014028644876973926,0.11263312522952626
2,83,0,35,0,-0.021759089239809036,-0.014065369078222548,0.11266984943077488
2,84,0,35,0,-0.02180193414126576,-0.0138266617701065,0.11246786632390746
2,85,0,35,0,-0.021581588933774022,-0.013869506671563229,0.11268821153139919
2,86,0,35,0,-0.02161219243481454,-0.013783816868649773,0.11250459052515607
2,87,0,35,0,-0.021826416942098175,-0.01377769616844167,0.11266984943077488
2,88,0,35,0,-0.021593830334190232,-0.013796058269065981,0.11232709021912106
2,89,0,35,0,-0.021679520137103683,-0.013673644264903907,0.11239441792141021
2,90,0,35,0,-0.021667278736687477,-0.013875627371771332,0.11242502142245073
2,91,0,35,0,-0.021336760925449873,-0.014071489778430651,0.11260864242869384
2,92,0,35,0,-0.021716244338352307,-0.013863385971355124,0.11255967682702901
2,93,0,35,0,-0.021838658342514382,-0.013667523564695801,0.11238829722120211
2,94,0,35,0,-0.021648916636063165,-0.014028644876973926,0.11214958991308606
2,95,0,35,0,-0.021716244338352307,-0.013643040763863388,0.11245562492349123
2,96,0,35,0,-0.021844779042722487,-0.013789937568857876,0.11218019341412658
2,97,0,35,0,-0.021330640225241768,-0.01377769616844167,0.1127188150324397
2,98,0,35,0,-0.021771330640225243,-0.013973558575100992,0.11244950422328315
2,99,0,35,0,-0.021844779042722487,-0.013869506671563229,0.1125168319255723
3,0,35,35,0,-0.044626025217284856,0.005784061696658098,-0.017242012486228427
3,1,35,35,0,-0.044570938915411924,0.0058207858979067205,-0.01664218386583425
3,2,35,35,0,-0.044570938915411924,0.0058207858979067205,-0.01664218386583425
3,3,35,35,0,-0.044828008324152284,0.005551475088750153,-0.01713796058269066
3,4,35,35,0,-0.04476068062186314,0.005710613294160852,-0.017309340188517566
3,5,35,35,0,-0.04476068062186314,0.005710613294160852,-0.017309340188517566
3,6,35,35,0,-0.04480964622352797,0.005618802791039295,-0.01708899498102583
3,7,35,35,0,-0.04463214591749296,0.005392336883339454,-0.01729709878810136
3,8,35,35,0,-0.04463214591749296,0.005392336883339454,-0.01729709878810136
3,9,35,35,0,-0.04450973191333089,0.005753458195617579,-0.017199167584771698
3,10,35,35,0,-0.04450361121312278,0.00577182029624189,-0.017278736687477047
3,11,35,35,0,-0.04463214591749296,0.005600440690414984,-0.01723589178602032
3,12,35,35,0,-0.04463214591749296,0.005600440690414984,-0.01723589178602032
3,13,35,35,0,-0.04463214591749296,0.0058207858979067205,-0.017205288284979803
3,14,35,35,0,-0.044399559309585016,0.005796303097074305,-0.017327702289141877
3,15,35,35,0,-0.044399559309585016,0.005796303097074305,-0.017327702289141877
3,16,35,35,0,-0.04463214591749296,0.00577182029624189,-0.017003305178112375
3,17,35,35,0,-0.0445403354143714,0.005637164891663606,-0.016948218876239443
3,18,35,35,0,-0.0445403354143714,0.005637164891663606,-0.016948218876239443
3,19,35,35,0,-0.04419145550250948,0.005704492593952748,-0.01723589178602032
3,20,35,35,0,-0.044528094013955195,0.005759578895825682,-0.017223650385604115
3,21,35,35,0,-0.044528094013955195,0.005759578895825682,-0.017223650385604115
3,22,35,35,0,-0.044785163422695555,0.005680009793120333,-0.01713796058269066
3,23,35,35,0,-0.044828008324152284,0.005655526992287918,-0.017339943689558084
3,24,35,35,0,-0.04476068062186314,0.0056861304933284364,-0.01713796058269066
3,25,35,35,0,-0.04476068062186314,0.0056861304933284364,-0.01713796058269066
3,26,35,35,0,-0.04473007712082262,0.0055943199902068795,-0.017040029379361
3,27,35,35,0,-0.044570938915411924,0.0056126820908311914,-0.017358305790182396
3,28,35,35,0,-0.044570938915411924,0.0056126820908311914,-0.017358305790182396
3,29,35,35,0,-0.04449136981270657,0.005490268086669115,-0.01721752968539601
3,30,35,35,0,-0.044411800710001226,0.005618802791039295,-0.01712571918227445
3,31,35,35,0,-0.044411800710001226,0.005618802791039295,-0.01712571918227445
3,32,35,35,0,-0.04479128412290366,0.00564328559187171,-0.017242012486228427
3,33,35,35,0,-0.04448524911249847,0.005569837189374464,-0.017144081282898762
3,34,35,35,0,-0.04448524911249847,0.005569837189374464,-0.017144081282898762
3,35,35,35,0,-0.0445403354143714,0.005692251193536541,-0.017248133186436528
3,36,35,35,0,-0.044430162810625534,0.005661647692496022,-0.017278736687477047
3,37,35,35,0,-0.04467499081894969,0.005453543885420492,-0.01673399436895581
3,38,35,35,0,-0.04467499081894969,0.005453543885420492,-0.01673399436895581
3,39,35,35,0,-0.04465050801811728,0.005661647692496022,-0.017254253886644633
3,40,35,35,0,-0.04454645611457951,0.0056861304933284364,-0.017321581588933772
3,41,35,35,0,-0.04454645611457951,0.0056861304933284364,-0.017321581588933772
3,42,35,35,0,-0.04438731790916881,0.005502509487085323,-0.017027787978944792
3,43,35,35,0,-0.04465050801811728,0.005520871587709634,-0.016978822377279962
3,44,35,35,0,-0.04465050801811728,0.005520871587709634,-0.016978822377279962
3,45,35,35,0,-0.04457705961562003,0.005839147998531032,-0.01709511568123393
3,46,35,35,0,-0.044644387317909165,0.005741216795201371,-0.017254253886644633
3,47,35,35,0,-0.04472395642061452,0.005539233688333946,-0.017431754192679644
3,48,35,35,0,-0.04473619782103073,0.005698371893744644,-0.016978822377279962
3,49,35,35,0,-0.04463826661770107,0.005698371893744644,-0.017248133186436528
3,50,35,35,0,-0.04463214591749296,0.00577182029624189,-0.01718692618435549
3,51,35,35,0,-0.04445464561145795,0.005826906598114824,-0.017113477781858243
3,52,35,35,0,-0.04477292202227935,0.005692251193536541,-0.01731546088872567
3,53,35,35,0,-0.04477292202227935,0.005692251193536541,-0.01731546088872567
3,54,35,35,0,-0.044699473619782104,0.00577182029624189,-0.017131839882482555
3,55,35,35,0,-0.044515852613538985,0.005741216795201371,-0.01713796058269066
3,56,35,35,0,-0.04466274941853348,0.005747337495409475,-0.017223650385604115
3,57,35,35,0,-0.04449136981270657,0.0058024237972824095,-0.01718692618435549
3,58,35,35,0,-0.044411800710001226,0.0056494062920798135,-0.01708899498102583
3,59,35,35,0,-0.04476680132207124,0.0056126820908311914,-0.01716856408373118
3,60,35,35,0,-0.044687232219365894,0.005551475088750153,-0.016819684171869263
3,61,35,35,0,-0.04476068062186314,0.005753458195617579,-0.017407271391847227
3,62,35,35,0,-0.044754559921655036,0.005735096094993267,-0.017290978087893254
3,63,35,35,0,-0.04466274941853348,0.005661647692496022,-0.01734606438976619
3,64,35,35,0,-0.04459542171624434,0.00564328559187171,-0.01718080548414739
3,65,35,35,0,-0.044515852613538985,0.005600440690414984,-0.01708899498102583
3,66,35,35,0,-0.044644387317909165,0.005747337495409475,-0.017193046884563596
3,67,35,35,0,-0.0443750765087526,0.0058207858979067205,-0.017272615987268945
3,68,35,35,0,-0.04444852491124985,0.005839147998531032,-0.017162443383523074
3,69,35,35,0,-0.044558697514995714,0.005912596401028277,-0.017046150079569104
3,70,35,35,0,-0.04459542171624434,0.005735096094993267,-0.017162443383523074
3,71,35,35,0,-0.04459542171624434,0.00577182029624189,-0.017193046884563596
3,72,35,35,0,-0.044424042110417436,0.005667768392704125,-0.017376667890806708
3,73,35,35,0,-0.04460766311666055,0.0056494062920798135,-0.017309340188517566
3,74,35,35,0,-0.04461378381686865,0.005569837189374464,-0.01709511568123393
3,75,35,35,0,-0.04461378381686865,0.005569837189374464,-0.01709511568123393
3,76,35,35,0,-0.04461378381686865,0.005796303097074305,-0.016978822377279962
3,77,35,35,0,-0.04482188762394418,0.005735096094993267,-0.017248133186436528
3,78,35,35,0,-0.04465050801811728,0.005833027298322928,-0.01712571918227445
3,79,35,35,0,-0.04458318031582813,0.0058024237972824095,-0.017015546578528586
3,80,35,35,0,-0.04435671440812829,0.005582078589790672,-0.017193046884563596
3,81,35,35,0,-0.04463214591749296,0.005839147998531032,-0.017046150079569104
3,82,35,35,0,-0.044558697514995714,0.005888113600195862,-0.01735218508997429
3,83,35,35,0,-0.0447055943199902,0.005655526992287918,-0.017223650385604115
3,84,35,35,0,-0.044693352919574,0.005698371893744644,-0.017370547190598603
3,85,35,35,0,-0.04463214591749296,0.005680009793120333,-0.016978822377279962
3,86,35,35,0,-0.04457705961562003,0.005655526992287918,-0.016874770473742196
3,87,35,35,0,-0.044430162810625534,0.005814665197698616,-0.017082874280817725
3,88,35,35,0,-0.04473007712082262,0.005496388786877219,-0.01717468478393928
3,89,35,35,0,-0.04471783572040641,0.0054657852858367,-0.01721752968539601
3,90,35,35,0,-0.04467499081894969,0.005508630187293426,-0.016893132574366507
3,91,35,35,0,-0.044668870118741585,0.005526992287917738,-0.01721752968539601
3,92,35,35,0,-0.04460154241645244,0.005588199289998775,-0.017407271391847227
3,93,35,35,0,-0.044754559921655036,0.005796303097074305,-0.01715632268331497
3,94,35,35,0,-0.044570938915411924,0.005655526992287918,-0.0173644264903905
3,95,35,35,0,-0.04447912841229036,0.005680009793120333,-0.017290978087893254
3,96,35,35,0,-0.04487697392581712,0.005704492593952748,-0.017229771085812216
3,97,35,35,0,-0.04487697392581712,0.005704492593952748,-0.0173644264903905
3,98,35,35,0,-0.044840249724568494,0.005667768392704125,-0.0173644264903905
3,99,35,35,0,-0.04472395642061452,0.005967682702901212,-0.01715632268331497
