values,,position,position,position,Magnetometer,Magnetometer,Magnetometer
axis,,x,y,z,x,y,z
Sensor,Sample,,,,,,
0,0,0,0,0,-0.02562737177133064,0.0209021912106745,-0.039013343126453666
0,1,0,0,0,-0.025553923368833394,0.02072469090463949,-0.039001101726037456
0,2,0,0,0,-0.025664095972579265,0.02075529440568001,-0.038884808422083486
0,3,0,0,0,-0.025529440568000977,0.02099400171379606,-0.03897661892520504
0,4,0,0,0,-0.02562737177133064,0.020981760313379852,-0.03911127432978333
0,5,0,0,0,-0.025762027175908926,0.020767535806096218,-0.03908067082874281
0,6,0,0,0,-0.025590647570082014,0.020743053005263804,-0.03821765209940017
0,7,0,0,0,-0.025633492471538743,0.0209021912106745,-0.03903782592728608
0,8,0,0,0,-0.025859958379238584,0.020822622107969153,-0.03896437752478883
0,9,0,0,0,-0.025596768270290123,0.020822622107969153,-0.03902558452686987
0,10,0,0,0,-0.025670216672787367,0.020792018606928635,-0.038786877218753825
0,11,0,0,0,-0.025670216672787367,0.020792018606928635,-0.03894601542416452
0,12,0,0,0,-0.02560900967070633,0.02069408740359897,-0.03894601542416452
0,13,0,0,0,-0.025725302974660302,0.02086546700942588,-0.03895213612437263
0,14,0,0,0,-0.025859958379238584,0.020853225609009672,-0.03910515362957522
0,15,0,0,0,-0.025706940874035987,0.02083486350838536,-0.038897049822499696
0,16,0,0,0,-0.025651854572163058,0.020889949810258292,-0.038897049822499696
0,17,0,0,0,-0.025755906475700818,0.020938915411923123,-0.03890929122291591
0,18,0,0,0,-0.025731423674868404,0.020718570204431387,-0.038768515118129517
0,19,0,0,0,-0.025719182274452197,0.020908311910882604,-0.03931937813685886
0,20,0,0,0,-0.0254009058636308,0.020853225609009672,-0.03909291222915902
0,21,0,0,0,-0.02564573387195495,0.020669604602766557,-0.03902558452686987
0,22,0,0,0,-0.025443750765087526,0.020632880401517933,-0.039001101726037456
0,23,0,0,0,-0.025780389276533235,0.020779777206512424,-0.03876239441792141
0,24,0,0,0,-0.025407026563838902,0.020840984208593462,-0.03884808422083486
0,25,0,0,0,-0.025474354266128048,0.020963398212755537,-0.038915411923124005
0,26,0,0,0,-0.025474354266128048,0.020963398212755537,-0.038915411923124005
0,27,0,0,0,-0.025651854572163058,0.020853225609009672,-0.03878075651854572
0,28,0,0,0,-0.025602888970498228,0.020700208103807075,-0.03883584282041865
0,29,0,0,0,-0.025596768270290123,0.020889949810258292,-0.039001101726037456
0,30,0,0,0,-0.025584526869873912,0.021183743420247276,-0.03886644632145918
0,31,0,0,0,-0.025541681968417183,0.02099400171379606,-0.03889092912229159
0,32,0,0,0,-0.025651854572163058,0.020681846003182763,-0.03903782592728608
0,33,0,0,0,-0.02546823356591994,0.020926674011506916,-0.039184722732280575
0,34,0,0,0,-0.025578406169665807,0.020792018606928635,-0.038682825315216066
0,35,0,0,0,-0.025547802668625292,0.020945036112131228,-0.039013343126453666
0,36,0,0,0,-0.025462112865711838,0.020675725302974658,-0.03899498102582936
0,37,0,0,0,-0.025651854572163058,0.020828742808177255,-0.038897049822499696
0,38,0,0,0,-0.025774268576325133,0.020896070510466398,-0.03920308483290488
0,39,0,0,0,-0.025596768270290123,0.020945036112131228,-0.03905006732770229
0,40,0,0,0,-0.025621251071122536,0.02091443261109071,-0.038903170522707795
0,41,0,0,0,-0.025602888970498228,0.02099400171379606,-0.03889092912229159
0,42,0,0,0,-0.025890561880279106,0.020828742808177255,-0.03885420492104297
0,43,0,0,0,-0.025492716366752356,0.020749173705471906,-0.038958256824580734
0,44,0,0,0,-0.025492716366752356,0.020963398212755537,-0.039129636430407636
0,45,0,0,0,-0.02549883706696046,0.020963398212755537,-0.039129636430407636
0,46,0,0,0,-0.025529440568000977,0.02087158770963398,-0.038615497612926916
0,47,0,0,0,-0.025706940874035987,0.02086546700942588,-0.03906230872811849
0,48,0,0,0,-0.025535561268209085,0.020706328804015177,-0.038927653323540215
0,49,0,0,0,-0.02563961317174685,0.02092055331129881,-0.03894601542416452
0,50,0,0,0,-0.025345819561757865,0.020926674011506916,-0.03920920553311299
0,51,0,0,0,-0.02579263067694944,0.020706328804015177,-0.03876239441792141
0,52,0,0,0,-0.0255600440690415,0.020981760313379852,-0.03869506671563227
0,53,0,0,0,-0.025578406169665807,0.020975639613171747,-0.03884196352062676
0,54,0,0,0,-0.02570082017382789,0.020945036112131228,-0.03882360142000245
0,55,0,0,0,-0.025541681968417183,0.020859346309217774,-0.03886644632145918
0,56,0,0,0,-0.025725302974660302,0.020639001101726038,-0.03884808422083486
0,57,0,0,0,-0.025486595666544255,0.020773656506304323,-0.039013343126453666
0,58,0,0,0,-0.02569469947361978,0.02080426000734484,-0.03879299791896193
0,59,0,0,0,-0.025590647570082014,0.020792018606928635,-0.038958256824580734
0,60,0,0,0,-0.025590647570082014,0.020773656506304323,-0.03910515362957522
0,61,0,0,0,-0.02560900967070633,0.020773656506304323,-0.03910515362957522
0,62,0,0,0,-0.025676337372995472,0.020675725302974658,-0.038884808422083486
0,63,0,0,0,-0.025523319867792875,0.02095115681233933,-0.03887868772187538
0,64,0,0,0,-0.025731423674868404,0.02062675970130983,-0.038768515118129517
0,65,0,0,0,-0.025572285469457706,0.020743053005263804,-0.038884808422083486
0,66,0,0,0,-0.025682458073203573,0.02095115681233933,-0.03909903292936712
0,67,0,0,0,-0.0254009058636308,0.020908311910882604,-0.03896437752478883
0,68,0,0,0,-0.02541926796425511,0.020792018606928635,-0.038682825315216066
0,69,0,0,0,-0.02578650997674134,0.020712449504223282,-0.03862161831313502
0,70,0,0,0,-0.02568857877341168,0.02088382911005019,-0.039154119231240056
0,71,0,0,0,-0.02562737177133064,0.02081650140776105,-0.039043946627494185
0,72,0,0,0,-0.025615130370914434,0.020908311910882604,-0.03899498102582936
0,73,0,0,0,-0.025676337372995472,0.02123882972212021,-0.038884808422083486
0,74,0,0,0,-0.025670216672787367,0.02087158770963398,-0.03894601542416452
0,75,0,0,0,-0.025670216672787367,0.02087158770963398,-0.03894601542416452
0,76,0,0,0,-0.02587219977965479,0.02088382911005019,-0.03881136001958624
0,77,0,0,0,-0.025492716366752356,0.021110295017750032,-0.038903170522707795
0,78,0,0,0,-0.0255661647692496,0.020675725302974658,-0.038542049210429676
0,79,0,0,0,-0.025511078467376668,0.020779777206512424,-0.03906230872811849
0,80,0,0,0,-0.02579263067694944,0.020828742808177255,-0.03906230872811849
0,81,0,0,0,-0.025455992165503732,0.02068796670339087,-0.03859713551230261
0,82,0,0,0,-0.0254009058636308,0.020926674011506916,-0.038768515118129517
0,83,0,0,0,-0.025351940261965966,0.020810380707552943,-0.038860325621251066
0,84,0,0,0,-0.025455992165503732,0.020798139307136736,-0.038897049822499696
0,85,0,0,0,-0.025731423674868404,0.021030725915044683,-0.03906230872811849
0,86,0,0,0,-0.025615130370914434,0.021085812216917615,-0.03905006732770229
0,87,0,0,0,-0.025535561268209085,0.020987881013587957,-0.03887868772187538
0,88,0,0,0,-0.025602888970498228,0.021079691516709513,-0.03879911861917003
0,89,0,0,0,-0.025890561880279106,0.020822622107969153,-0.039154119231240056
0,90,0,0,0,-0.02569469947361978,0.020847104908801567,-0.03909903292936712
0,91,0,0,0,-0.025578406169665807,0.020767535806096218,-0.03897661892520504
0,92,0,0,0,-0.025755906475700818,0.020681846003182763,-0.03892153262333211
0,93,0,0,0,-0.025755906475700818,0.020681846003182763,-0.03892153262333211
0,94,0,0,0,-0.025602888970498228,0.02065736320235035,-0.03898273962541315
0,95,0,0,0,-0.025664095972579265,0.021000122414004164,-0.038774635818337615
0,96,0,0,0,-0.025553923368833394,0.02087158770963398,-0.03900722242624556
0,97,0,0,0,-0.025823234177989964,0.020889949810258292,-0.03901946382666177
0,98,0,0,0,-0.025755906475700818,0.020577794099645,-0.038903170522707795
0,99,0,0,0,-0.025584526869873912,0.02078589790672053,-0.039129636430407636
1,0,35,0,0,-0.01451830089362223,0.024721508140531277,-0.004027420736932305
1,1,35,0,0,-0.014701921899865345,0.02447055943199902,-0.004039662137348512
1,2,35,0,0,-0.014524421593830333,0.024586852735952992,-0.004113110539845758
1,3,35,0,0,-0.014475455992165504,0.024831680744277145,-0.004168196841718692
1,4,35,0,0,-0.01457950789570327,0.024715387440323172,-0.003966213734851267
1,5,35,0,0,-0.014242869384257558,0.024721508140531277,-0.003984575835475578
1,6,35,0,0,-0.014457093891541192,0.02466642183865834,-0.0040090586363079935
1,7,35,0,0,-0.014603990696535684,0.024684783939282653,-0.004168196841718692
1,8,35,0,0,-0.014450973191333089,0.024537887134288165,-0.004106989839637655
1,9,35,0,0,-0.01477537030236259,0.024599094136369203,-0.004033541437140409
1,10,35,0,0,-0.014408128289876362,0.024464438731790918,-0.004137593340678173
1,11,35,0,0,-0.01456726649528706,0.02480719794344473,-0.003996817235891786
1,12,35,0,0,-0.01469580119965724,0.024709266740115067,-0.003996817235891786
1,13,35,0,0,-0.014548904394662748,0.024452197331374707,-0.004143714040886278
1,14,35,0,0,-0.01469580119965724,0.02448892153262333,-0.00405190353776472
1,15,35,0,0,-0.014530542294038436,0.02456236993512058,-0.004125351940261967
1,16,35,0,0,-0.014530542294038436,0.02456236993512058,-0.004125351940261967
1,17,35,0,0,-0.0146284734973681,0.024703146039906965,-0.0038131962296486716
1,18,35,0,0,-0.014591749296119477,0.024733749540947484,-0.004082507038805239
1,19,35,0,0,-0.014365283388419636,0.02424409352429918,-0.004186558942343004
1,20,35,0,0,-0.014395886889460155,0.024966336148855427,-0.004088627739013343
1,21,35,0,0,-0.01456726649528706,0.0244338352307504,-0.004155955441302485
1,22,35,0,0,-0.014555025094870852,0.02451952503366385,-0.004198800342759212
1,23,35,0,0,-0.014469335291957399,0.024715387440323172,-0.003905006732770229
1,24,35,0,0,-0.014444852491124986,0.024801077243236627,-0.003984575835475578
1,25,35,0,0,-0.014634594197576203,0.024721508140531277,-0.003990696535683682
1,26,35,0,0,-0.014769249602154486,0.02453176643408006,-0.004143714040886278
1,27,35,0,0,-0.014622352797159996,0.024586852735952992,-0.004021300036724201
1,28,35,0,0,-0.014652956298200515,0.024654180438242135,-0.004021300036724201
1,29,35,0,0,-0.01451830089362223,0.02458073203574489,-0.004137593340678173
1,30,35,0,0,-0.014450973191333089,0.0244338352307504,-0.00413147264047007
1,31,35,0,0,-0.014824335904027422,0.024592973436161097,-0.004033541437140409
1,32,35,0,0,-0.014469335291957399,0.02466030113845024,-0.004241645244215939
1,33,35,0,0,-0.014444852491124986,0.02461133553678541,-0.0038560411311053984
1,34,35,0,0,-0.014450973191333089,0.02466030113845024,-0.003972334435059371
1,35,35,0,0,-0.014340800587587221,0.02488676704615008,-0.003905006732770229
1,36,35,0,0,-0.014334679887379114,0.024960215448647325,-0.003672420124862284
1,37,35,0,0,-0.014334679887379114,0.02483780144448525,-0.004027420736932305
1,38,35,0,0,-0.014603990696535684,0.02483780144448525,-0.004027420736932305
1,39,35,0,0,-0.014683559799241033,0.024256334924715385,-0.003654058024237973
1,40,35,0,0,-0.014450973191333089,0.02472762884073938,-0.0038254376300648797
1,41,35,0,0,-0.014757008201738277,0.02474599094136369,-0.004198800342759212
1,42,35,0,0,-0.014646835597992411,0.024721508140531277,-0.004119231240053862
1,43,35,0,0,-0.01442036969029257,0.025033663851144573,-0.004033541437140409
1,44,35,0,0,-0.014291834985922389,0.024654180438242135,-0.003996817235891786
1,45,35,0,0,-0.014720284000489655,0.0249234912473987,-0.004088627739013343
1,46,35,0,0,-0.014603990696535684,0.024880646345941976,-0.004198800342759212
1,47,35,0,0,-0.014365283388419636,0.025064267352185088,-0.003972334435059371
1,48,35,0,0,-0.014487697392581711,0.024850042844901457,-0.0038193169298567755
1,49,35,0,0,-0.014322438486962907,0.02480719794344473,-0.004119231240053862
1,50,35,0,0,-0.014689680499449137,0.024605214836577304,-0.0041804382421349005
1,51,35,0,0,-0.014506059493206023,0.02490512914677439,-0.00405190353776472
1,52,35,0,0,-0.014732525400905864,0.02498469824947974,-0.004064144938180928
1,53,35,0,0,-0.014585628595911374,0.024782715142612315,-0.003911127432978332
1,54,35,0,0,-0.014506059493206023,0.024947974048231118,-0.004168196841718692
1,55,35,0,0,-0.01437140408862774,0.024801077243236627,-0.004015179336516098
1,56,35,0,0,-0.014640714897784308,0.024960215448647325,-0.0037458685273595296
1,57,35,0,0,-0.014591749296119477,0.02478883584282042,-0.0040457828375566164
1,58,35,0,0,-0.014671318398824826,0.024715387440323172,-0.003776472028400049
1,59,35,0,0,-0.014659076998408618,0.024947974048231118,-0.004247765944424042
1,60,35,0,0,-0.014659076998408618,0.02518056065613906,-0.004027420736932305
1,61,35,0,0,-0.014493818092789814,0.024501162933039538,-0.004033541437140409
1,62,35,0,0,-0.014499938792997918,0.024501162933039538,-0.0038560411311053984
1,63,35,0,0,-0.014683559799241033,0.024843922144693352,-0.0038560411311053984
1,64,35,0,0,-0.014665197698616721,0.024770473742196108,-0.004106989839637655
1,65,35,0,0,-0.014738646101113967,0.024654180438242135,-0.0038621618313135022
1,66,35,0,0,-0.014616232096951893,0.024862284245317664,-0.003898886032562125
1,67,35,0,0,-0.014426490390500674,0.024813318643652833,-0.004113110539845758
1,68,35,0,0,-0.01461011139674379,0.024929611947606806,-0.003972334435059371
1,69,35,0,0,-0.01442036969029257,0.024929611947606806,-0.004137593340678173
1,70,35,0,0,-0.014536662994246542,0.024996939649895945,-0.003905006732770229
1,71,35,0,0,-0.01456726649528706,0.024721508140531277,-0.003929489533602644
1,72,35,0,0,-0.014683559799241033,0.024856163545109562,-0.003972334435059371
1,73,35,0,0,-0.014291834985922389,0.024947974048231118,-0.003972334435059371
1,74,35,0,0,-0.014346921287795324,0.024911249846982494,-0.004070265638389032
1,75,35,0,0,-0.014616232096951893,0.024813318643652833,-0.004143714040886278
1,76,35,0,0,-0.01456726649528706,0.02495409474843922,-0.004027420736932305
1,77,35,0,0,-0.014640714897784308,0.024733749540947484,-0.004119231240053862
1,78,35,0,0,-0.014340800587587221,0.024776594442404213,-0.0038499204308972946
1,79,35,0,0,-0.014463214591749296,0.025064267352185088,-0.00413147264047007
1,80,35,0,0,-0.014591749296119477,0.025082629452809403,-0.0037581099277757372
1,81,35,0,0,-0.014591749296119477,0.025027543150936464,-0.003978455135267475
1,82,35,0,0,-0.014542783694454645,0.025027543150936464,-0.003978455135267475
1,83,35,0,0,-0.01456726649528706,0.024739870241155586,-0.0040090586363079935
1,84,35,0,0,-0.014848818704859837,0.024825560044069044,-0.004272248745256457
1,85,35,0,0,-0.014530542294038436,0.024605214836577304,-0.004094748439221447
1,86,35,0,0,-0.01437140408862774,0.02469090463949076,-0.004094748439221447
1,87,35,0,0,-0.014432611090708777,0.024801077243236627,-0.0041804382421349005
1,88,35,0,0,-0.014450973191333089,0.024825560044069044,-0.0042355245440078345
1,89,35,0,0,-0.014493818092789814,0.02480719794344473,-0.00379483412902436
1,90,35,0,0,-0.014530542294038436,0.024623576937201616,-0.00413147264047007
1,91,35,0,0,-0.01451830089362223,0.024794956543028525,-0.003960093034643163
1,92,35,0,0,-0.014640714897784308,0.02448892153262333,-0.0040090586363079935
1,93,35,0,0,-0.014506059493206023,0.024899008446566288,-0.00410086913942955
1,94,35,0,0,-0.014426490390500674,0.024550128534704372,-0.0039539723344350595
1,95,35,0,0,-0.014487697392581711,0.02478883584282042,-0.004113110539845758
1,96,35,0,0,-0.014763128901946383,0.024892887746358183,-0.003960093034643163
1,97,35,0,0,-0.014616232096951893,0.024672542538866447,-0.004278369445464561
1,98,35,0,0,-0.014585628595911374,0.02495409474843922,-0.004247765944424042
1,99,35,0,0,-0.014585628595911374,0.024501162933039538,-0.004064144938180928
2,0,0,35,0,-0.019935120577794098,0.021000122414004164,0.10318276410821399
2,1,0,35,0,-0.02006365528216428,0.021153139919206757,0.10358060962174073
2,2,0,35,0,-0.02006365528216428,0.021018484514628476,0.10342147141633003
2,3,0,35,0,-0.019941241278002203,0.021018484514628476,0.10396621373485126
2,4,0,35,0,-0.020057534581956176,0.021232709021912106,0.10396621373485126
2,5,0,35,0,-0.019782103072591505,0.02109805361733382,0.10370302362590281
2,6,0,35,0,-0.019812706573632023,0.021306157424409354,0.10344595421716245
2,7,0,35,0,-0.020008568980291346,0.0212204676214959,0.10374586852735952
2,8,0,35,0,-0.02014322438486963,0.021508140531276778,0.10360509242257314
2,9,0,35,0,-0.019702533969886155,0.021257191822744523,0.10350716121924348
2,10,0,35,0,-0.01991675847716979,0.020877708409842086,0.10335414371404088
2,11,0,35,0,-0.02012486228424532,0.0212204676214959,0.10366629942465418
2,12,0,35,0,-0.019996327579875135,0.0213857265271147,0.1033847472150814
2,13,0,35,0,-0.020033051781123763,0.02117150201983107,0.10361121312278125
2,14,0,35,0,-0.020014689680499447,0.021067450116293303,0.10340923001591382
2,15,0,35,0,-0.019757620271759087,0.02115926061941486,0.10342759211653814
2,16,0,35,0,-0.019941241278002203,0.021147019218998652,0.1036969029256947
2,17,0,35,0,-0.01983718937446444,0.02081650140776105,0.1033480230138328
2,18,0,35,0,-0.019928999877585996,0.020853225609009672,0.10328069531154364
2,19,0,35,0,-0.01995348267841841,0.021073570816501408,0.10367242012486229
2,20,0,35,0,-0.01995348267841841,0.02125107112253642,0.10304198800342759
2,21,0,35,0,-0.019849430774880647,0.02125107112253642,0.10333578161341657
2,22,0,35,0,-0.020026931080915657,0.021293916023993144,0.10333578161341657
2,23,0,35,0,-0.019812706573632023,0.021226588321704005,0.10342147141633003
2,24,0,35,0,-0.019849430774880647,0.02101236381442037,0.10379483412902438
2,25,0,35,0,-0.020235034887991186,0.021287795323785042,0.1036785408250704
2,26,0,35,0,-0.020247276288407393,0.021055208715877096,0.10362345452319746
2,27,0,35,0,-0.019843310074672542,0.02120822622107969,0.103715265026319
2,28,0,35,0,-0.019831068674256335,0.021006243114212265,0.10374586852735952
2,29,0,35,0,-0.01990451707675358,0.021293916023993144,0.10361733382298935
2,30,0,35,0,-0.01986779287550496,0.02109805361733382,0.10348879911861916
2,31,0,35,0,-0.020112620883829112,0.021067450116293303,0.10370914432611092
2,32,0,35,0,-0.019812706573632023,0.021189864120455378,0.10354388542049212
2,33,0,35,0,-0.019849430774880647,0.020828742808177255,0.10360509242257314
2,34,0,35,0,-0.019996327579875135,0.021373485126698493,0.1030603501040519
2,35,0,35,0,-0.019935120577794098,0.021202105520871588,0.10333578161341657
2,36,0,35,0,-0.019947361978210308,0.021018484514628476,0.1033725058146652
2,37,0,35,0,-0.01990451707675358,0.02112253641816624,0.1038437997306892
2,38,0,35,0,-0.02017994858611825,0.021049088015668994,0.10328069531154364
2,39,0,35,0,-0.019996327579875135,0.02112865711837434,0.10357448892153262
2,40,0,35,0,-0.019996327579875135,0.021147019218998652,0.10347043701799485
2,41,0,35,0,-0.019947361978210308,0.021147019218998652,0.10325009181050313
2,42,0,35,0,-0.020075896682580488,0.021079691516709513,0.10325009181050313
2,43,0,35,0,-0.020112620883829112,0.02112253641816624,0.10398457583547557
2,44,0,35,0,-0.019947361978210308,0.021232709021912106,0.10331741951279225
2,45,0,35,0,-0.019990206879667034,0.02123882972212021,0.1036969029256947
2,46,0,35,0,-0.0197759823723834,0.02095115681233933,0.10360509242257314
2,47,0,35,0,-0.020026931080915657,0.021226588321704005,0.10357448892153262
2,48,0,35,0,-0.01997184477904272,0.021214346921287798,0.10343371281674622
2,49,0,35,0,-0.020026931080915657,0.021085812216917615,0.10350104051903537
2,50,0,35,0,-0.02017994858611825,0.0210613294160852,0.10379483412902438
2,51,0,35,0,-0.02017382788591015,0.021244950422328317,0.1036969029256947
2,52,0,35,0,-0.01969641326967805,0.02134900232586608,0.10362345452319746
2,53,0,35,0,-0.01995348267841841,0.021165381319622964,0.1038621618313135
2,54,0,35,0,-0.019849430774880647,0.020877708409842086,0.10366017872444608
2,55,0,35,0,-0.019928999877585996,0.020945036112131228,0.10342147141633003
2,56,0,35,0,-0.020014689680499447,0.021361243726282286,0.10353164402007589
2,57,0,35,0,-0.0200942587832048,0.02123882972212021,0.10386828253152161
2,58,0,35,0,-0.019824947974048233,0.021147019218998652,0.1035500061207002
2,59,0,35,0,-0.019959603378626515,0.021342881625657974,0.10335414371404088
2,60,0,35,0,-0.020082017382788593,0.021000122414004164,0.1035500061207002
2,61,0,35,0,-0.020082017382788593,0.021110295017750032,0.10366629942465418
2,62,0,35,0,-0.020082017382788593,0.021110295017750032,0.10345207491737055
2,63,0,35,0,-0.019720896070510467,0.021312278124617456,0.10345207491737055
2,64,0,35,0,-0.019769861672175294,0.021018484514628476,0.10335414371404088
2,65,0,35,0,-0.020082017382788593,0.021104174317541927,0.10350716121924348
2,66,0,35,0,-0.020118741584037213,0.021281674623576937,0.10367242012486229
2,67,0,35,0,-0.020026931080915657,0.021336760925449873,0.10343983351695434
2,68,0,35,0,-0.02022891418778308,0.02114089851879055,0.10378871342881626
2,69,0,35,0,-0.019990206879667034,0.021440812828987636,0.10353164402007589
2,70,0,35,0,-0.020082017382788593,0.021147019218998652,0.10359897172236503
2,71,0,35,0,-0.020039172481331864,0.021134777818582445,0.10342759211653814
2,72,0,35,0,-0.019965724078834617,0.02109805361733382,0.10312767780634105
2,73,0,35,0,-0.019977965479250827,0.02114089851879055,0.10372750642673523
2,74,0,35,0,-0.01987391357571306,0.021134777818582445,0.10301750520259519
2,75,0,35,0,-0.019739258171134776,0.021049088015668994,0.10362345452319746
2,76,0,35,0,-0.019800465173215816,0.021226588321704005,0.10355612682090831
2,77,0,35,0,-0.02000244828008324,0.02112253641816624,0.10345207491737055
2,78,0,35,0,-0.02000244828008324,0.020932794711715018,0.10390500673277023
2,79,0,35,0,-0.020051413881748074,0.020932794711715018,0.10375810992777575
2,80,0,35,0,-0.019965724078834617,0.021165381319622964,0.10219121067450117
2,81,0,35,0,-0.019928999877585996,0.021049088015668994,0.1029073325988493
2,82,0,35,0,-0.019739258171134776,0.021287795323785042,0.10356836822132451
2,83,0,35,0,-0.019849430774880647,0.021330640225241768,0.10326233321091934
2,84,0,35,0,-0.01988615497612927,0.021281674623576937,0.10387440323172972
2,85,0,35,0,-0.019941241278002203,0.02115926061941486,0.1030603501040519
2,86,0,35,0,-0.019824947974048233,0.02109805361733382,0.10356224752111642
2,87,0,35,0,-0.020198310686742563,0.02123882972212021,0.10339698861549762
2,88,0,35,0,-0.019959603378626515,0.021293916023993144,0.10363569592361366
2,89,0,35,0,-0.019977965479250827,0.021195984820663483,0.10344595421716245
2,90,0,35,0,-0.020020810380707552,0.021049088015668994,0.10349491981882727
2,91,0,35,0,-0.020014689680499447,0.021202105520871588,0.1036907822254866
2,92,0,35,0,-0.02012486228424532,0.021036846615252784,0.10331741951279225
2,93,0,35,0,-0.019843310074672542,0.021244950422328317,0.10301138450238707
2,94,0,35,0,-0.02004529318153997,0.021330640225241768,0.10343983351695434
2,95,0,35,0,-0.019720896070510467,0.021502019831068676,0.10324397111029501
2,96,0,35,0,-0.019782103072591505,0.021153139919206757,0.10350716121924348
2,97,0,35,0,-0.019782103072591505,0.021306157424409354,0.10291957399926552
2,98,0,35,0,-0.020008568980291346,0.021306157424409354,0.10291957399926552
2,99,0,35,0,-0.019733137470926674,0.021379605826906598,0.10348879911861916
3,0,35,35,0,-0.042759211653813196,0.011678295997062065,-0.016323907455012852
3,1,35,35,0,-0.042887746358183376,0.01172114089851879,-0.016274941853348025
3,2,35,35,0,-0.042746970253396986,0.011586485493940507,-0.016311666054596646
3,3,35,35,0,-0.0430836087648427,0.011904761904761904,-0.01631778675480475
3,4,35,35,0,-0.04281429795568613,0.011941486106010528,-0.016593218264169422
3,5,35,35,0,-0.042918349859223895,0.011941486106010528,-0.016532011262088385
3,6,35,35,0,-0.04277757375443751,0.01184967560288897,-0.016452442159383032
3,7,35,35,0,-0.042661280450483535,0.011929244705594321,-0.0163973558575101
3,8,35,35,0,-0.04281429795568613,0.012014934508507772,-0.01642795935855062
3,9,35,35,0,-0.04281429795568613,0.012014934508507772,-0.01642795935855062
3,10,35,35,0,-0.04274084955318889,0.011941486106010528,-0.016483045660423554
3,11,35,35,0,-0.0427653323540213,0.011935365405802425,-0.0163973558575101
3,12,35,35,0,-0.04283266005631044,0.01223527971599951,-0.016391235157301995
3,13,35,35,0,-0.04267964255110785,0.011886399804137592,-0.0162382176520994
3,14,35,35,0,-0.04302240176276166,0.011708899498102584,-0.016470804260007348
3,15,35,35,0,-0.04299791896192924,0.012112865711837433,-0.016274941853348025
3,16,35,35,0,-0.042948953360264414,0.012167952013710369,-0.01622597625168319
3,17,35,35,0,-0.042918349859223895,0.012039417309340189,-0.016244338352307507
3,18,35,35,0,-0.042606194148610596,0.012149589913086057,-0.016446321459174927
3,19,35,35,0,-0.04279593585506182,0.01218631411433468,-0.0162382176520994
3,20,35,35,0,-0.04278369445464561,0.01208838291100502,-0.01652589056188028
3,21,35,35,0,-0.04288162565797527,0.011733382298934999,-0.016336148855429063
3,22,35,35,0,-0.04305300526380218,0.012033296609132086,-0.016287183253764232
3,23,35,35,0,-0.042691883951524054,0.012278124617456237,-0.01654425266250459
3,24,35,35,0,-0.04291222915901579,0.01184967560288897,-0.01634839025584527
3,25,35,35,0,-0.0427714530542294,0.012167952013710369,-0.016311666054596646
3,26,35,35,0,-0.0427714530542294,0.012076141510588811,-0.0165564940629208
3,27,35,35,0,-0.04283266005631044,0.012076141510588811,-0.016378993756885788
3,28,35,35,0,-0.04289386705839148,0.011770106500183621,-0.016378993756885788
3,29,35,35,0,-0.042673521850899745,0.012094503611213123,-0.016483045660423554
3,30,35,35,0,-0.04262455624923491,0.011935365405802425,-0.016360631656261476
3,31,35,35,0,-0.0427653323540213,0.011947606806218631,-0.01660545966458563
3,32,35,35,0,-0.042789815154853715,0.012045538009548292,-0.0163973558575101
3,33,35,35,0,-0.04267964255110785,0.011819072101848451,-0.016287183253764232
3,34,35,35,0,-0.042691883951524054,0.011708899498102584,-0.016458562859591137
3,35,35,35,0,-0.04258783204798629,0.012259762516831925,-0.0162382176520994
3,36,35,35,0,-0.042789815154853715,0.011880279103929489,-0.01665442526625046
3,37,35,35,0,-0.04274084955318889,0.01184967560288897,-0.016378993756885788
3,38,35,35,0,-0.042875504957767166,0.01208838291100502,-0.0164034765577182
3,39,35,35,0,-0.043028522462969766,0.011837434202472763,-0.01642795935855062
3,40,35,35,0,-0.04259395274819439,0.011812951401640348,-0.01617088994981026
3,41,35,35,0,-0.04291222915901579,0.011972089607051047,-0.01614028644876974
3,42,35,35,0,-0.04284490145672665,0.011996572407883462,-0.01635451095605337
3,43,35,35,0,-0.04272860815277268,0.011812951401640348,-0.016391235157301995
3,44,35,35,0,-0.04286938425755906,0.011953727506426735,-0.01638511445709389
3,45,35,35,0,-0.042746970253396986,0.011794589301016036,-0.01634839025584527
3,46,35,35,0,-0.04272248745256457,0.011965968906842943,-0.016507528461255968
3,47,35,35,0,-0.042930591259640105,0.012229159015791406,-0.0164034765577182
3,48,35,35,0,-0.042691883951524054,0.012063900110172604,-0.016115803647937323
3,49,35,35,0,-0.042691883951524054,0.012063900110172604,-0.016115803647937323
3,50,35,35,0,-0.04307136736442649,0.011868037703513282,-0.016342269555637164
3,51,35,35,0,-0.04299179826172114,0.011666054596645856,-0.01641571795813441
3,52,35,35,0,-0.042691883951524054,0.011984331007467253,-0.01626882115313992
3,53,35,35,0,-0.04283878075651855,0.0118986412045538,-0.01646468355979924
3,54,35,35,0,-0.042924470559432,0.01197821030725915,-0.01612192434814543
3,55,35,35,0,-0.042532745746113355,0.012131227812461745,-0.01629942465418044
3,56,35,35,0,-0.04279593585506182,0.012100624311421226,-0.016054596645856286
3,57,35,35,0,-0.042673521850899745,0.012057779409964501,-0.016440200758966825
3,58,35,35,0,-0.04277757375443751,0.011745623699351206,-0.0162382176520994
3,59,35,35,0,-0.04256946994736198,0.012131227812461745,-0.01636675235646958
3,60,35,35,0,-0.042820418655894234,0.012155710613294162,-0.016587097563961317
3,61,35,35,0,-0.04255722854694577,0.011874158403721385,-0.01626882115313992
3,62,35,35,0,-0.04268576325131595,0.01184967560288897,-0.016532011262088385
3,63,35,35,0,-0.04285102215693475,0.012045538009548292,-0.016593218264169422
3,64,35,35,0,-0.04281429795568613,0.011972089607051047,-0.01634839025584527
3,65,35,35,0,-0.04250826294528094,0.011757865099767412,-0.016232096951891296
3,66,35,35,0,-0.04285714285714286,0.012039417309340189,-0.016440200758966825
3,67,35,35,0,-0.042961194760680624,0.011715020198310687,-0.016311666054596646
3,68,35,35,0,-0.042716366752356474,0.012021055208715877,-0.0162382176520994
3,69,35,35,0,-0.04284490145672665,0.012143469212877952,-0.016323907455012852
3,70,35,35,0,-0.042942832660056315,0.01210674501162933,-0.01646468355979924
3,71,35,35,0,-0.042942832660056315,0.01210674501162933,-0.01646468355979924
3,72,35,35,0,-0.042887746358183376,0.011739502999143102,-0.016568735463337005
3,73,35,35,0,-0.04272860815277268,0.011990451707675358,-0.01638511445709389
3,74,35,35,0,-0.042924470559432,0.011929244705594321,-0.016489166360631656
3,75,35,35,0,-0.042961194760680624,0.011812951401640348,-0.01631778675480475
3,76,35,35,0,-0.0427714530542294,0.011776227200391724,-0.01638511445709389
3,77,35,35,0,-0.04295507406047252,0.01191088260497001,-0.01610968294772922
3,78,35,35,0,-0.04262455624923491,0.011788468600807931,-0.016483045660423554
3,79,35,35,0,-0.0427714530542294,0.011861917003305179,-0.016452442159383032
3,80,35,35,0,-0.04265515975027544,0.012008813808299669,-0.01609132084710491
3,81,35,35,0,-0.04273472885298078,0.011886399804137592,-0.016470804260007348
3,82,35,35,0,-0.042820418655894234,0.011745623699351206,-0.016501407761047866
3,83,35,35,0,-0.04283878075651855,0.012070020810380708,-0.01635451095605337
3,84,35,35,0,-0.04273472885298078,0.012027175908923982,-0.016336148855429063
3,85,35,35,0,-0.04268576325131595,0.012039417309340189,-0.016274941853348025
3,86,35,35,0,-0.04277757375443751,0.011843554902680867,-0.01635451095605337
3,87,35,35,0,-0.04263679764965112,0.012063900110172604,-0.016262700452931815
3,88,35,35,0,-0.0427653323540213,0.011806830701432245,-0.016066838046272493
3,89,35,35,0,-0.042875504957767166,0.011996572407883462,-0.016452442159383032
3,90,35,35,0,-0.042942832660056315,0.01195984820663484,-0.016513649161464073
3,91,35,35,0,-0.04250826294528094,0.011947606806218631,-0.016446321459174927
3,92,35,35,0,-0.04296731546088873,0.011904761904761904,-0.01635451095605337
3,93,35,35,0,-0.04296731546088873,0.011904761904761904,-0.01635451095605337
3,94,35,35,0,-0.04306524666421839,0.0118986412045538,-0.016360631656261476
3,95,35,35,0,-0.042820418655894234,0.011843554902680867,-0.016446321459174927
3,96,35,35,0,-0.042887746358183376,0.012002693108091565,-0.016599338964377524
3,97,35,35,0,-0.04285714285714286,0.011904761904761904,-0.016513649161464073
3,98,35,35,0,-0.04290610845880769,0.011837434202472763,-0.016483045660423554
3,99,35,35,0,-0.04288162565797527,0.011641571795813441,-0.016452442159383032
