values,,position,position,position,Magnetometer,Magnetometer,Magnetometer
axis,,x,y,z,x,y,z
Sensor,Sample,,,,,,
0,0,0,0,0,-0.02865099767413392,0.03245807320357449,-0.0223527971599951
0,1,0,0,0,-0.028644876973925815,0.032445831803158284,-0.022230383155833026
0,2,0,0,0,-0.02836332476435304,0.03220100379483413,-0.02223650385604113
0,3,0,0,0,-0.02836332476435304,0.03220100379483413,-0.02223650385604113
0,4,0,0,0,-0.028400048965601665,0.03254376300648794,-0.022432366262700454
0,5,0,0,0,-0.02839392826539356,0.03210307259150447,-0.02260374586852736
0,6,0,0,0,-0.028669359774758228,0.03223772799608275,-0.022560900967070634
0,7,0,0,0,-0.028669359774758228,0.03223772799608275,-0.022560900967070634
0,8,0,0,0,-0.02850410086913943,0.03226221079691517,-0.022481331864365284
0,9,0,0,0,-0.028449014567266496,0.032519280205655525,-0.02224874525645734
0,10,0,0,0,-0.028449014567266496,0.032519280205655525,-0.02224874525645734
0,11,0,0,0,-0.02856530787122047,0.03225609009670706,-0.0223527971599951
0,12,0,0,0,-0.028289876361855797,0.03234790059982862,-0.022156934753335782
0,13,0,0,0,-0.02839392826539356,0.032445831803158284,-0.02249357326478149
0,14,0,0,0,-0.028595911372260984,0.03231117639858,-0.022505814665197698
0,15,0,0,0,-0.028540825070388055,0.03231117639858,-0.022285469457705962
0,16,0,0,0,-0.028528583669971845,0.03225609009670706,-0.02209572775125474
0,17,0,0,0,-0.028644876973925815,0.03224996939649896,-0.02242624556249235
0,18,0,0,0,-0.028467376667890808,0.03234790059982862,-0.02231607295874648
0,19,0,0,0,-0.028467376667890808,0.03234790059982862,-0.02231607295874648
0,20,0,0,0,-0.028595911372260984,0.03249479740482311,-0.02244460766311666
0,21,0,0,0,-0.028681601175174442,0.03229893499816379,-0.022230383155833026
0,22,0,0,0,-0.02839392826539356,0.0324825560044069,-0.022224262455624925
0,23,0,0,0,-0.02889582568245807,0.032292814297955684,-0.022156934753335782
0,24,0,0,0,-0.028553066470804262,0.03225609009670706,-0.02229771085812217
0,25,0,0,0,-0.028540825070388055,0.03256824580732036,-0.022401762761659935
0,26,0,0,0,-0.028357204064144936,0.0324703146039907,-0.02209572775125474
0,27,0,0,0,-0.0284551352674746,0.03229893499816379,-0.022456849063532867
0,28,0,0,0,-0.028491859468723225,0.032378504100869135,-0.02231607295874648
0,29,0,0,0,-0.028510221569347533,0.03232953849920431,-0.022358917860203206
0,30,0,0,0,-0.028559187171012364,0.032519280205655525,-0.02243848696290856
0,31,0,0,0,-0.028669359774758228,0.03241522830211776,-0.02244460766311666
0,32,0,0,0,-0.028449014567266496,0.032292814297955684,-0.02210796915167095
0,33,0,0,0,-0.02847349736809891,0.03204186558942343,-0.02229771085812217
0,34,0,0,0,-0.028400048965601665,0.03226221079691517,-0.022456849063532867
0,35,0,0,0,-0.028400048965601665,0.03223160729587465,-0.02243848696290856
0,36,0,0,0,-0.028418411066225974,0.032292814297955684,-0.022389521361243725
0,37,0,0,0,-0.02843065246664218,0.032292814297955684,-0.022389521361243725
0,38,0,0,0,-0.02865099767413392,0.03253764230627984,-0.02229771085812217
0,39,0,0,0,-0.02850410086913943,0.0324703146039907,-0.02223650385604113
0,40,0,0,0,-0.02866323907455013,0.03223160729587465,-0.022230383155833026
0,41,0,0,0,-0.028534704370179947,0.03254376300648794,-0.02210796915167095
0,42,0,0,0,-0.0286142734728853,0.032421349002325864,-0.0221814175541682
0,43,0,0,0,-0.028546945770596154,0.03225609009670706,-0.022328314359162688
0,44,0,0,0,-0.028577549271636676,0.03209695189129637,-0.022585383767903047
0,45,0,0,0,-0.028442893867058394,0.032360142000244826,-0.022224262455624925
0,46,0,0,0,-0.028491859468723225,0.032445831803158284,-0.022340555759578894
0,47,0,0,0,-0.028497980168931326,0.032433590402742074,-0.0223527971599951
0,48,0,0,0,-0.02865711837434202,0.032360142000244826,-0.0223527971599951
0,49,0,0,0,-0.028467376667890808,0.03223160729587465,-0.02231607295874648
0,50,0,0,0,-0.028467376667890808,0.03223160729587465,-0.02231607295874648
0,51,0,0,0,-0.028497980168931326,0.032286693597747586,-0.022597625168319254
0,52,0,0,0,-0.028283755661647692,0.0324764353041988,-0.022230383155833026
0,53,0,0,0,-0.02847349736809891,0.03241522830211776,-0.022205900355000613
0,54,0,0,0,-0.028442893867058394,0.032286693597747586,-0.022481331864365284
0,55,0,0,0,-0.028442893867058394,0.03242746970253397,-0.02231607295874648
0,56,0,0,0,-0.028681601175174442,0.032145917492961196,-0.022285469457705962
0,57,0,0,0,-0.028510221569347533,0.032286693597747586,-0.022328314359162688
0,58,0,0,0,-0.028461255967682703,0.03198065858734239,-0.022346676459787
0,59,0,0,0,-0.028491859468723225,0.03237238340066104,-0.022414004162076142
0,60,0,0,0,-0.02852246296976374,0.032421349002325864,-0.02229771085812217
0,61,0,0,0,-0.0286203941730934,0.032145917492961196,-0.022230383155833026
0,62,0,0,0,-0.02842453176643408,0.03224996939649896,-0.022291590157914064
0,63,0,0,0,-0.028461255967682703,0.032604970008568976,-0.022046762149589914
0,64,0,0,0,-0.028540825070388055,0.03231117639858,-0.02216917615375199
0,65,0,0,0,-0.028540825070388055,0.03231117639858,-0.02216917615375199
0,66,0,0,0,-0.028320479862896313,0.032421349002325864,-0.022309952258538376
0,67,0,0,0,-0.028400048965601665,0.03233565919941241,-0.022414004162076142
0,68,0,0,0,-0.02836332476435304,0.03254988370669605,-0.022389521361243725
0,69,0,0,0,-0.02856530787122047,0.03241522830211776,-0.022309952258538376
0,70,0,0,0,-0.028528583669971845,0.03228057289753948,-0.022156934753335782
0,71,0,0,0,-0.02843065246664218,0.03234790059982862,-0.022358917860203206
0,72,0,0,0,-0.028406169665809767,0.03237238340066104,-0.022065124250214223
0,73,0,0,0,-0.028338841963520628,0.03243971110295017,-0.022322193658954582
0,74,0,0,0,-0.0286142734728853,0.03238462480107725,-0.022260986656873545
0,75,0,0,0,-0.02865711837434202,0.03235402130003672,-0.022328314359162688
0,76,0,0,0,-0.028632635573509608,0.03240910760190966,-0.022273228057289755
0,77,0,0,0,-0.028491859468723225,0.03220712449504223,-0.0223527971599951
0,78,0,0,0,-0.02866323907455013,0.03226833149712327,-0.022279348757497857
0,79,0,0,0,-0.028687721875382544,0.03220712449504223,-0.022230383155833026
0,80,0,0,0,-0.028687721875382544,0.03220712449504223,-0.02212021055208716
0,81,0,0,0,-0.028540825070388055,0.03261109070877709,-0.02212021055208716
0,82,0,0,0,-0.028418411066225974,0.03234177989962052,-0.022585383767903047
0,83,0,0,0,-0.02839392826539356,0.032360142000244826,-0.02221814175541682
0,84,0,0,0,-0.02847349736809891,0.03232341779899621,-0.02252417676582201
0,85,0,0,0,-0.028467376667890808,0.03254988370669605,-0.02223650385604113
0,86,0,0,0,-0.02865099767413392,0.032047986289631535,-0.022303831558330274
0,87,0,0,0,-0.028449014567266496,0.032390745501285345,-0.022322193658954582
0,88,0,0,0,-0.028479618068307018,0.03242746970253397,-0.02221814175541682
0,89,0,0,0,-0.028418411066225974,0.03236626270045293,-0.022132451952503365
0,90,0,0,0,-0.028332721263312523,0.03229893499816379,-0.022377279960827518
0,91,0,0,0,-0.02852246296976374,0.03231117639858,-0.02226710735708165
0,92,0,0,0,-0.0286142734728853,0.03222548659566654,-0.022291590157914064
0,93,0,0,0,-0.0286142734728853,0.03222548659566654,-0.022291590157914064
0,94,0,0,0,-0.02857142857142857,0.03236626270045293,-0.02224874525645734
0,95,0,0,0,-0.028602032072469093,0.03238462480107725,-0.022114089851879053
0,96,0,0,0,-0.028528583669971845,0.032060227690047745,-0.022303831558330274
0,97,0,0,0,-0.02870608397600686,0.032360142000244826,-0.02244460766311666
0,98,0,0,0,-0.028485738768515116,0.0324703146039907,-0.022199779654792508
0,99,0,0,0,-0.02827763496143959,0.0323172970987881,-0.022389521361243725
1,0,35,0,0,-0.020026931080915657,0.025621251071122536,-0.001903537764720284
1,1,35,0,0,-0.020057534581956176,0.025731423674868404,-0.001744399559309585
1,2,35,0,0,-0.020186069286326356,0.025780389276533235,-0.002019831068674256
1,3,35,0,0,-0.019714775370302362,0.025798751377157546,-0.0017382788591014814
1,4,35,0,0,-0.019714775370302362,0.025798751377157546,-0.0017382788591014814
1,5,35,0,0,-0.019977965479250827,0.0258783204798629,-0.0017505202595176888
1,6,35,0,0,-0.020112620883829112,0.025621251071122536,-0.0013893989472395642
1,7,35,0,0,-0.020112620883829112,0.025621251071122536,-0.0013893989472395642
1,8,35,0,0,-0.020069775982372383,0.02592116538131962,-0.0017505202595176888
1,9,35,0,0,-0.01990451707675358,0.02551719916758477,-0.001554657852858367
1,10,35,0,0,-0.01990451707675358,0.02551719916758477,-0.001554657852858367
1,11,35,0,0,-0.01998408617945893,0.025853837679030482,-0.0016770718570204434
1,12,35,0,0,-0.01986779287550496,0.025859958379238584,-0.0014383645489043947
1,13,35,0,0,-0.020026931080915657,0.0258783204798629,-0.0017260374586852735
1,14,35,0,0,-0.020265638389031705,0.025621251071122536,-0.001517933651609744
1,15,35,0,0,-0.02012486228424532,0.0255661647692496,-0.0018545721630554538
1,16,35,0,0,-0.020057534581956176,0.025725302974660302,-0.0018606928632635574
1,17,35,0,0,-0.020118741584037213,0.02565797527237116,-0.0019525033663851145
1,18,35,0,0,-0.02006365528216428,0.025541681968417183,-0.001683192557228547
1,19,35,0,0,-0.02013098298445342,0.025443750765087526,-0.0017505202595176888
1,20,35,0,0,-0.01997184477904272,0.025810992777573753,-0.0014812094503611213
1,21,35,0,0,-0.0201003794834129,0.025859958379238584,-0.0016464683559799242
1,22,35,0,0,-0.01986779287550496,0.02551719916758477,-0.0014200024482800833
1,23,35,0,0,-0.020137103684661525,0.025908923980903414,-0.0018178479618068306
1,24,35,0,0,-0.019959603378626515,0.025774268576325133,-0.0019769861672175298
1,25,35,0,0,-0.019977965479250827,0.025664095972579265,-0.0017015546578528582
1,26,35,0,0,-0.0201003794834129,0.025804872077365648,-0.0017382788591014814
1,27,35,0,0,-0.019702533969886155,0.025841596278614275,-0.0017994858611825194
1,28,35,0,0,-0.019702533969886155,0.025841596278614275,-0.0017933651609744155
1,29,35,0,0,-0.019941241278002203,0.025804872077365648,-0.0017933651609744155
1,30,35,0,0,-0.01991675847716979,0.025676337372995472,-0.002001468968049945
1,31,35,0,0,-0.020020810380707552,0.02563961317174685,-0.0017872444607663115
1,32,35,0,0,-0.02013098298445342,0.025664095972579265,-0.0016648304566042355
1,33,35,0,0,-0.020057534581956176,0.02563961317174685,-0.001683192557228547
1,34,35,0,0,-0.020277879789447915,0.025602888970498228,-0.001670951156812339
1,35,35,0,0,-0.020069775982372383,0.0255661647692496,-0.001934141265760803
1,36,35,0,0,-0.01997184477904272,0.025988493083608767,-0.0015424164524421593
1,37,35,0,0,-0.020039172481331864,0.025994613783816865,-0.0017199167584771697
1,38,35,0,0,-0.01986779287550496,0.025719182274452197,-0.0018790549638878686
1,39,35,0,0,-0.0200942587832048,0.025529440568000977,-0.0015668992532745746
1,40,35,0,0,-0.02004529318153997,0.025780389276533235,-0.0014016403476557718
1,41,35,0,0,-0.019794344473007715,0.025780389276533235,-0.0018300893622230385
1,42,35,0,0,-0.019941241278002203,0.025713061574244096,-0.0018606928632635574
1,43,35,0,0,-0.019935120577794098,0.02598237238340066,-0.0017566409597257926
1,44,35,0,0,-0.01991675847716979,0.025535561268209085,-0.002001468968049945
1,45,35,0,0,-0.019824947974048233,0.02570082017382789,-0.0021116415717958134
1,46,35,0,0,-0.019824947974048233,0.025584526869873912,-0.0018912963643040765
1,47,35,0,0,-0.01983718937446444,0.025584526869873912,-0.0018912963643040765
1,48,35,0,0,-0.01992287917737789,0.025841596278614275,-0.0017994858611825194
1,49,35,0,0,-0.01988615497612927,0.02578650997674134,-0.001781123760558208
1,50,35,0,0,-0.019898396376545478,0.02569469947361978,-0.0018606928632635574
1,51,35,0,0,-0.01992287917737789,0.025719182274452197,-0.0014506059493206024
1,52,35,0,0,-0.020149345085077732,0.02560900967070633,-0.0015852613538988862
1,53,35,0,0,-0.019977965479250827,0.02573754437507651,-0.001970865467009426
1,54,35,0,0,-0.019861672175296854,0.02562737177133064,-0.0015913820541069898
1,55,35,0,0,-0.0200942587832048,0.025970130982984452,-0.0019892275676337374
1,56,35,0,0,-0.020137103684661525,0.025823234177989964,-0.0018300893622230385
1,57,35,0,0,-0.02006365528216428,0.025731423674868404,-0.0015668992532745746
1,58,35,0,0,-0.02013098298445342,0.02562737177133064,-0.001842330762639246
1,59,35,0,0,-0.019678051169053738,0.025945648182152038,-0.0017382788591014814
1,60,35,0,0,-0.019782103072591505,0.02592728608152773,-0.0019586240665932183
1,61,35,0,0,-0.019959603378626515,0.02549883706696046,-0.0018729342636797648
1,62,35,0,0,-0.019990206879667034,0.02570082017382789,-0.0015913820541069898
1,63,35,0,0,-0.020069775982372383,0.025719182274452197,-0.0016770718570204434
1,64,35,0,0,-0.020039172481331864,0.02573754437507651,-0.0016036234545231975
1,65,35,0,0,-0.020039172481331864,0.02573754437507651,-0.0016036234545231975
1,66,35,0,0,-0.01998408617945893,0.025682458073203573,-0.0014995715509854327
1,67,35,0,0,-0.019843310074672542,0.025768147876117024,-0.0018484514628473495
1,68,35,0,0,-0.020051413881748074,0.025676337372995472,-0.0017505202595176888
1,69,35,0,0,-0.020155465785285837,0.026214958991308608,-0.0020443138695066714
1,70,35,0,0,-0.0200942587832048,0.02610478638756274,-0.0017627616599338967
1,71,35,0,0,-0.020057534581956176,0.02606194148610601,-0.001683192557228547
1,72,35,0,0,-0.020008568980291346,0.025749785775492716,-0.0020626759701309833
1,73,35,0,0,-0.019941241278002203,0.02568857877341168,-0.0016342269555637164
1,74,35,0,0,-0.019947361978210308,0.025884441180071,-0.001995348267841841
1,75,35,0,0,-0.019977965479250827,0.025676337372995472,-0.0016464683559799242
1,76,35,0,0,-0.020026931080915657,0.0255600440690415,-0.002038193169298568
1,77,35,0,0,-0.020069775982372383,0.025780389276533235,-0.0019586240665932183
1,78,35,0,0,-0.019910637776961684,0.025682458073203573,-0.0016464683559799242
1,79,35,0,0,-0.01987391357571306,0.025706940874035987,-0.002191210674501163
1,80,35,0,0,-0.019935120577794098,0.02544987146529563,-0.001713796058269066
1,81,35,0,0,-0.019959603378626515,0.025676337372995472,-0.0017015546578528582
1,82,35,0,0,-0.019751499571550986,0.02568857877341168,-0.0017076753580609623
1,83,35,0,0,-0.01980658587342392,0.025664095972579265,-0.0016587097563961317
1,84,35,0,0,-0.019941241278002203,0.025615130370914434,-0.0016770718570204434
1,85,35,0,0,-0.019941241278002203,0.025706940874035987,-0.0017382788591014814
1,86,35,0,0,-0.01997184477904272,0.025706940874035987,-0.0017872444607663115
1,87,35,0,0,-0.019977965479250827,0.025768147876117024,-0.0016954339576447544
1,88,35,0,0,-0.020039172481331864,0.025462112865711838,-0.0016954339576447544
1,89,35,0,0,-0.019935120577794098,0.025731423674868404,-0.001621985555147509
1,90,35,0,0,-0.01991675847716979,0.025547802668625292,-0.0018912963643040765
1,91,35,0,0,-0.020033051781123763,0.02598237238340066,-0.0017015546578528582
1,92,35,0,0,-0.01998408617945893,0.025957889582568245,-0.0018790549638878686
1,93,35,0,0,-0.0201003794834129,0.02569469947361978,-0.0017260374586852735
1,94,35,0,0,-0.02000244828008324,0.02578650997674134,-0.0017076753580609623
1,95,35,0,0,-0.019708654670094257,0.025615130370914434,-0.0015056922511935366
1,96,35,0,0,-0.019849430774880647,0.025780389276533235,-0.001683192557228547
1,97,35,0,0,-0.019941241278002203,0.025731423674868404,-0.0017015546578528582
1,98,35,0,0,-0.020112620883829112,0.02568857877341168,-0.0016158648549394051
1,99,35,0,0,-0.019831068674256335,0.025602888970498228,-0.0018239686620149347
2,0,0,35,0,-0.020632880401517933,-0.019757620271759087,0.09944301628106256
2,1,0,35,0,-0.020632880401517933,-0.019861672175296854,0.09946137838168687
2,2,0,35,0,-0.02095115681233933,-0.020026931080915657,0.09953482678418411
2,3,0,35,0,-0.02095115681233933,-0.020026931080915657,0.09953482678418411
2,4,0,35,0,-0.020522707797772065,-0.019720896070510467,0.09965112008813808
2,5,0,35,0,-0.020620639001101726,-0.01974537887134288,0.09877585995837924
2,6,0,35,0,-0.020620639001101726,-0.01974537887134288,0.09877585995837924
2,7,0,35,0,-0.020773656506304323,-0.019959603378626515,0.09931448157669237
2,8,0,35,0,-0.020590035500061207,-0.01965968906842943,0.09924715387440322
2,9,0,35,0,-0.020590035500061207,-0.01965968906842943,0.09924715387440322
2,10,0,35,0,-0.020651242502142245,-0.020051413881748074,0.0992043089729465
2,11,0,35,0,-0.0207369323050557,-0.019782103072591505,0.09960827518668136
2,12,0,35,0,-0.02092055331129881,-0.019898396376545478,0.09884318766066838
2,13,0,35,0,-0.02088382911005019,-0.019861672175296854,0.09973680989105153
2,14,0,35,0,-0.020975639613171747,-0.0201003794834129,0.09894111886399805
2,15,0,35,0,-0.021073570816501408,-0.020014689680499447,0.09944913698127066
2,16,0,35,0,-0.021018484514628476,-0.020008568980291346,0.09932672297710858
2,17,0,35,0,-0.020779777206512424,-0.020057534581956176,0.09930224017627617
2,18,0,35,0,-0.020779777206512424,-0.01986779287550496,0.098879911861917
2,19,0,35,0,-0.020706328804015177,-0.019977965479250827,0.098879911861917
2,20,0,35,0,-0.020706328804015177,-0.019604602766556494,0.09942465418043825
2,21,0,35,0,-0.020669604602766557,-0.019604602766556494,0.09942465418043825
2,22,0,35,0,-0.021147019218998652,-0.019965724078834617,0.09948586118251927
2,23,0,35,0,-0.020828742808177255,-0.01988615497612927,0.099528706083976
2,24,0,35,0,-0.02078589790672053,-0.019947361978210308,0.0995042232831436
2,25,0,35,0,-0.02062675970130983,-0.0200942587832048,0.0995042232831436
2,26,0,35,0,-0.02080426000734484,-0.019935120577794098,0.09913086057044926
2,27,0,35,0,-0.021147019218998652,-0.0201003794834129,0.09911249846982495
2,28,0,35,0,-0.02104296731546089,-0.02013098298445342,0.0996756028889705
2,29,0,35,0,-0.020840984208593462,-0.019990206879667034,0.09955318888480842
2,30,0,35,0,-0.02064512180193414,-0.019880034275921166,0.09924715387440322
2,31,0,35,0,-0.020749173705471906,-0.020057534581956176,0.0993634471783572
2,32,0,35,0,-0.020945036112131228,-0.020167707185702044,0.09900232586607907
2,33,0,35,0,-0.02081650140776105,-0.019849430774880647,0.0995042232831436
2,34,0,35,0,-0.020963398212755537,-0.02006365528216428,0.0990390500673277
2,35,0,35,0,-0.020957277512547435,-0.01983718937446444,0.09931448157669237
2,36,0,35,0,-0.020896070510466398,-0.02016158648549394,0.0995225853837679
2,37,0,35,0,-0.02072469090463949,-0.01980658587342392,0.09944301628106256
2,38,0,35,0,-0.021067450116293303,-0.019855551475088752,0.0996878442893867
2,39,0,35,0,-0.02060839760068552,-0.020039172481331864,0.09973680989105153
2,40,0,35,0,-0.02080426000734484,-0.02004529318153997,0.09962663728730567
2,41,0,35,0,-0.020602276900477414,-0.019935120577794098,0.09907577426857632
2,42,0,35,0,-0.020602276900477414,-0.019935120577794098,0.09907577426857632
2,43,0,35,0,-0.02088382911005019,-0.02012486228424532,0.09927163667523564
2,44,0,35,0,-0.020712449504223282,-0.0200942587832048,0.09958991308605705
2,45,0,35,0,-0.02091443261109071,-0.019812706573632023,0.09922267107357081
2,46,0,35,0,-0.020681846003182763,-0.01965968906842943,0.09932060227690048
2,47,0,35,0,-0.020792018606928635,-0.019996327579875135,0.09953482678418411
2,48,0,35,0,-0.020853225609009672,-0.020192189986534458,0.09895336026441424
2,49,0,35,0,-0.020981760313379852,-0.019965724078834617,0.09873913575713061
2,50,0,35,0,-0.020547190598604482,-0.01991675847716979,0.09916758477169788
2,51,0,35,0,-0.02068796670339087,-0.019898396376545478,0.09949198188272738
2,52,0,35,0,-0.020730811604847594,-0.01997184477904272,0.09940017137960583
2,53,0,35,0,-0.02087158770963398,-0.020167707185702044,0.09939405067939773
2,54,0,35,0,-0.020981760313379852,-0.01988615497612927,0.09928999877585995
2,55,0,35,0,-0.020639001101726038,-0.019892275676337372,0.09960215448647325
2,56,0,35,0,-0.020639001101726038,-0.019892275676337372,0.09924103317419512
2,57,0,35,0,-0.02061451830089362,-0.019714775370302362,0.09924103317419512
2,58,0,35,0,-0.020669604602766557,-0.01991675847716979,0.09900232586607907
2,59,0,35,0,-0.021006243114212265,-0.02014322438486963,0.09947974048231117
2,60,0,35,0,-0.02081650140776105,-0.020039172481331864,0.09958991308605705
2,61,0,35,0,-0.02066348390255845,-0.01981882727384013,0.09903292936711959
2,62,0,35,0,-0.020926674011506916,-0.02000244828008324,0.09908801566899253
2,63,0,35,0,-0.02062675970130983,-0.020069775982372383,0.09927775737544375
2,64,0,35,0,-0.02095115681233933,-0.019965724078834617,0.09930224017627617
2,65,0,35,0,-0.020767535806096218,-0.019941241278002203,0.09951034398335169
2,66,0,35,0,-0.020987881013587957,-0.019757620271759087,0.09943689558085445
2,67,0,35,0,-0.021049088015668994,-0.019990206879667034,0.0990451707675358
2,68,0,35,0,-0.020792018606928635,-0.01992287917737789,0.09931448157669237
2,69,0,35,0,-0.020840984208593462,-0.01978822377279961,0.0996939649895948
2,70,0,35,0,-0.02061451830089362,-0.020057534581956176,0.099351205777941
2,71,0,35,0,-0.02060839760068552,-0.01995348267841841,0.0996756028889705
2,72,0,35,0,-0.020767535806096218,-0.020020810380707552,0.09941241278002202
2,73,0,35,0,-0.020712449504223282,-0.020057534581956176,0.09889827396254132
2,74,0,35,0,-0.020706328804015177,-0.02000244828008324,0.09949198188272738
2,75,0,35,0,-0.020706328804015177,-0.01983718937446444,0.0991981882727384
2,76,0,35,0,-0.02075529440568001,-0.01983718937446444,0.09926551597502754
2,77,0,35,0,-0.020743053005263804,-0.020290121189864122,0.09926551597502754
2,78,0,35,0,-0.020534949198188275,-0.020118741584037213,0.0990390500673277
2,79,0,35,0,-0.02069408740359897,-0.020020810380707552,0.09930836087648427
2,80,0,35,0,-0.02065736320235035,-0.0201003794834129,0.09946749908189498
2,81,0,35,0,-0.020810380707552943,-0.019733137470926674,0.09924103317419512
2,82,0,35,0,-0.021055208715877096,-0.019910637776961684,0.09941241278002202
2,83,0,35,0,-0.020975639613171747,-0.020008568980291346,0.09916146407148978
2,84,0,35,0,-0.02062675970130983,-0.019941241278002203,0.09891051536295752
2,85,0,35,0,-0.020596156200269312,-0.020082017382788593,0.09960215448647325
2,86,0,35,0,-0.020896070510466398,-0.01986779287550496,0.09963887868772188
2,87,0,35,0,-0.02083486350838536,-0.020149345085077732,0.09938792997918962
2,88,0,35,0,-0.021030725915044683,-0.020088138082996695,0.09932672297710858
2,89,0,35,0,-0.02091443261109071,-0.01983718937446444,0.09927163667523564
2,90,0,35,0,-0.02088382911005019,-0.01974537887134288,0.09948586118251927
2,91,0,35,0,-0.02088382911005019,-0.01974537887134288,0.09943077488064635
2,92,0,35,0,-0.02096951891296364,-0.019928999877585996,0.09943077488064635
2,93,0,35,0,-0.02075529440568001,-0.01995348267841841,0.09943077488064635
2,94,0,35,0,-0.020810380707552943,-0.019855551475088752,0.09946749908189498
2,95,0,35,0,-0.02065736320235035,-0.01983718937446444,0.0992104296731546
2,96,0,35,0,-0.020743053005263804,-0.020082017382788593,0.09888603256212511
2,97,0,35,0,-0.020945036112131228,-0.019947361978210308,0.09940017137960583
2,98,0,35,0,-0.02101236381442037,-0.020204431386950668,0.098702411555882
2,99,0,35,0,-0.020987881013587957,-0.019977965479250827,0.09954094748439221
3,0,35,35,0,-0.04239809034153507,0.0042355245440078345,-0.017645978699963275
3,1,35,35,0,-0.04251438364548905,0.004155955441302485,-0.01740115069163912
3,2,35,35,0,-0.042165503733627124,0.004510956053372506,-0.017505202595176888
3,3,35,35,0,-0.042165503733627124,0.004510956053372506,-0.017505202595176888
3,4,35,35,0,-0.04234300403966214,0.0042906108458807685,-0.017376667890806708
3,5,35,35,0,-0.04238584894111887,0.004272248745256457,-0.01765209940017138
3,6,35,35,0,-0.04238584894111887,0.004272248745256457,-0.01765209940017138
3,7,35,35,0,-0.04246541804382421,0.004204921042967316,-0.01775003060350104
3,8,35,35,0,-0.042391969641326965,0.004333455747337496,-0.017309340188517566
3,9,35,35,0,-0.042391969641326965,0.004333455747337496,-0.017309340188517566
3,10,35,35,0,-0.04235524544007834,0.00443750765087526,-0.01726649528706084
3,11,35,35,0,-0.04231852123882972,0.004553800954829232,-0.017615375198922756
3,12,35,35,0,-0.0426000734484025,0.003911127432978332,-0.017597013098298444
3,13,35,35,0,-0.0424409352429918,0.00405190353776472,-0.017529685396009305
3,14,35,35,0,-0.042422573142367484,0.004302852246296977,-0.01749296119476068
3,15,35,35,0,-0.04225731423674868,0.004241645244215939,-0.01760313379850655
3,16,35,35,0,-0.04245929734361611,0.004315093646713184,-0.017535806096217407
3,17,35,35,0,-0.042606194148610596,0.004296731546088873,-0.01762149589913086
3,18,35,35,0,-0.042422573142367484,0.004400783449626637,-0.0175235646958012
3,19,35,35,0,-0.04254498714652956,0.004125351940261967,-0.01749296119476068
3,20,35,35,0,-0.04219610723466764,0.004088627739013343,-0.018013220712449506
3,21,35,35,0,-0.04232464193903783,0.004357938548169911,-0.01783572040641449
3,22,35,35,0,-0.04232464193903783,0.00410086913942955,-0.017505202595176888
3,23,35,35,0,-0.04248990084465663,0.00410086913942955,-0.0175235646958012
3,24,35,35,0,-0.04226955563716489,0.004192679642551108,-0.01740115069163912
3,25,35,35,0,-0.04231852123882972,0.004125351940261967,-0.01740115069163912
3,26,35,35,0,-0.04211041743175419,0.003917248133186437,-0.01760313379850655
3,27,35,35,0,-0.042428693842575596,0.004253886644632146,-0.017480719794344474
3,28,35,35,0,-0.04239809034153507,0.004186558942343004,-0.017517443995593095
3,29,35,35,0,-0.04246541804382421,0.004155955441302485,-0.017707185702044315
3,30,35,35,0,-0.04239809034153507,0.004033541437140409,-0.017823479005998285
3,31,35,35,0,-0.04236136614028645,0.004211041743175419,-0.017486840494552576
3,32,35,35,0,-0.04250826294528094,0.004419145550250949,-0.017578650997674132
3,33,35,35,0,-0.042428693842575596,0.0042906108458807685,-0.01741339209205533
3,34,35,35,0,-0.04233688333945403,0.004186558942343004,-0.017517443995593095
3,35,35,35,0,-0.04221446933529196,0.004155955441302485,-0.017584771697882237
3,36,35,35,0,-0.04251438364548905,0.0044252662504590526,-0.01757253029746603
3,37,35,35,0,-0.04252662504590525,0.0038744032317297094,-0.017584771697882237
3,38,35,35,0,-0.04231240053862162,0.00405190353776472,-0.01739502999143102
3,39,35,35,0,-0.04225119353654058,0.0039539723344350595,-0.01766434080058759
3,40,35,35,0,-0.042379728240910755,0.004339576447545599,-0.017756151303709146
3,41,35,35,0,-0.04189619292447056,0.004578283755661648,-0.01744399559309585
3,42,35,35,0,-0.0422817970375811,0.004247765944424042,-0.017486840494552576
3,43,35,35,0,-0.0421287795323785,0.004119231240053862,-0.017450116293303956
3,44,35,35,0,-0.0421287795323785,0.004155955441302485,-0.0176827029012119
3,45,35,35,0,-0.04224507283633248,0.004155955441302485,-0.0176827029012119
3,46,35,35,0,-0.04238584894111887,0.004272248745256457,-0.0173644264903905
3,47,35,35,0,-0.04252662504590525,0.004137593340678173,-0.017884686008079322
3,48,35,35,0,-0.04224507283633248,0.004223283143591627,-0.01744399559309585
3,49,35,35,0,-0.04233076263924593,0.004033541437140409,-0.01729709878810136
3,50,35,35,0,-0.04250826294528094,0.00422940384379973,-0.017278736687477047
3,51,35,35,0,-0.042434814542783694,0.00379483412902436,-0.017370547190598603
3,52,35,35,0,-0.04247153874403232,0.004247765944424042,-0.017511323295384993
3,53,35,35,0,-0.04226955563716489,0.00413147264047007,-0.017468478393928268
3,54,35,35,0,-0.042294038437997304,0.004321214346921288,-0.017370547190598603
3,55,35,35,0,-0.04239809034153507,0.004204921042967316,-0.017786754804749665
3,56,35,35,0,-0.04254498714652956,0.0042355245440078345,-0.017847961806830702
3,57,35,35,0,-0.042275676337372996,0.004364059248378014,-0.0176827029012119
3,58,35,35,0,-0.04236136614028645,0.004645611457950789,-0.017627616599338963
3,59,35,35,0,-0.04230015913820541,0.004015179336516098,-0.017456236993512057
3,60,35,35,0,-0.042306279838413514,0.004211041743175419,-0.017719427102460522
3,61,35,35,0,-0.04247765944424042,0.003984575835475578,-0.01726649528706084
3,62,35,35,0,-0.04237360754070266,0.004223283143591627,-0.01769494430162811
3,63,35,35,0,-0.04237360754070266,0.004223283143591627,-0.01769494430162811
3,64,35,35,0,-0.04233076263924593,0.004223283143591627,-0.017633737299547068
3,65,35,35,0,-0.04223895213612437,0.004125351940261967,-0.017376667890806708
3,66,35,35,0,-0.042379728240910755,0.00405190353776472,-0.017560288897049824
3,67,35,35,0,-0.04237360754070266,0.004162076141510589,-0.01744399559309585
3,68,35,35,0,-0.042177745134043335,0.00426000734484025,-0.017811237605582078
3,69,35,35,0,-0.0426000734484025,0.004186558942343004,-0.01762149589913086
3,70,35,35,0,-0.04234300403966214,0.004137593340678173,-0.0176827029012119
3,71,35,35,0,-0.04232464193903783,0.004106989839637655,-0.0176827029012119
3,72,35,35,0,-0.04241645244215938,0.004376300648794222,-0.017811237605582078
3,73,35,35,0,-0.04245929734361611,0.00422940384379973,-0.017627616599338963
3,74,35,35,0,-0.042275676337372996,0.004070265638389032,-0.01760313379850655
3,75,35,35,0,-0.042404211041743176,0.003886644632145918,-0.01738278859101481
3,76,35,35,0,-0.04251438364548905,0.004370179948586119,-0.01744399559309585
3,77,35,35,0,-0.042606194148610596,0.004143714040886278,-0.017548047496633613
3,78,35,35,0,-0.04246541804382421,0.004327335047129391,-0.01738278859101481
3,79,35,35,0,-0.04233076263924593,0.004174317541926796,-0.017450116293303956
3,80,35,35,0,-0.04209817603133799,0.004278369445464561,-0.01754192679642551
3,81,35,35,0,-0.04209817603133799,0.004278369445464561,-0.01754192679642551
3,82,35,35,0,-0.042202227934875755,0.003886644632145918,-0.01762149589913086
3,83,35,35,0,-0.042275676337372996,0.004247765944424042,-0.017505202595176888
3,84,35,35,0,-0.04241645244215938,0.004192679642551108,-0.017615375198922756
3,85,35,35,0,-0.04238584894111887,0.004302852246296977,-0.01738278859101481
3,86,35,35,0,-0.042434814542783694,0.004217162443383523,-0.017303219488309464
3,87,35,35,0,-0.04239809034153507,0.004400783449626637,-0.017486840494552576
3,88,35,35,0,-0.042153262333210914,0.004302852246296977,-0.01757253029746603
3,89,35,35,0,-0.04234912473987024,0.0042906108458807685,-0.017548047496633613
3,90,35,35,0,-0.042606194148610596,0.004058024237972824,-0.017388909291222915
3,91,35,35,0,-0.04231852123882972,0.004351817847961807,-0.017229771085812216
3,92,35,35,0,-0.042061451830089365,0.004015179336516098,-0.017713306402252417
3,93,35,35,0,-0.042606194148610596,0.004278369445464561,-0.017676582201003797
3,94,35,35,0,-0.04241645244215938,0.004327335047129391,-0.017407271391847227
3,95,35,35,0,-0.04217162443383523,0.004143714040886278,-0.017499081894968786
3,96,35,35,0,-0.04235524544007834,0.004198800342759212,-0.01739502999143102
3,97,35,35,0,-0.042275676337372996,0.004125351940261967,-0.01754192679642551
3,98,35,35,0,-0.04255110784673767,0.004015179336516098,-0.01747459909413637
3,99,35,35,0,-0.04241033174195128,0.004106989839637655,-0.017633737299547068
