values,,position,position,position,Magnetometer,Magnetometer,Magnetometer
axis,,x,y,z,x,y,z
Sensor,Sample,,,,,,
0,0,0,0,0,-0.016593218264169422,-0.06138450238707308,-0.07075529440568001
0,1,0,0,0,-0.016593218264169422,-0.061151915779165136,-0.07052270779777206
0,2,0,0,0,-0.016672787366874768,-0.061096829477292204,-0.07053494919818827
0,3,0,0,0,-0.016764597869996328,-0.06127432978332721,-0.07064512180193414
0,4,0,0,0,-0.016746235769372016,-0.06122536418166238,-0.07077977720651243
0,5,0,0,0,-0.01673399436895581,-0.06110907087770841,-0.07076753580609621
0,6,0,0,0,-0.016550373362712693,-0.061194760680621865,-0.07052270779777206
0,7,0,0,0,-0.016550373362712693,-0.061170277879789445,-0.07032072469090464
0,8,0,0,0,-0.01665442526625046,-0.061170277879789445,-0.07032072469090464
0,9,0,0,0,-0.016562614763128904,-0.06113355367854082,-0.07051046639735585
0,10,0,0,0,-0.016568735463337005,-0.06143346798873791,-0.0706022769004774
0,11,0,0,0,-0.016458562859591137,-0.06137838168686498,-0.07059003550006121
0,12,0,0,0,-0.01666054596645856,-0.06124372628228669,-0.07079201860692863
0,13,0,0,0,-0.016703390867915287,-0.06111519157791652,-0.07059615620026931
0,14,0,0,0,-0.01666054596645856,-0.06116415717958135,-0.07055331129881258
0,15,0,0,0,-0.016532011262088385,-0.06127432978332721,-0.07029624189007222
0,16,0,0,0,-0.016697270167707185,-0.06143346798873791,-0.07060839760068552
0,17,0,0,0,-0.016519769861672175,-0.060968294772922024,-0.07051046639735585
0,18,0,0,0,-0.01686252907332599,-0.061213122781246174,-0.07076141510588811
0,19,0,0,0,-0.01686252907332599,-0.061213122781246174,-0.07061451830089363
0,20,0,0,0,-0.01683192557228547,-0.061053984575835475,-0.07061451830089363
0,21,0,0,0,-0.016666666666666666,-0.06115803647937325,-0.07047374219610723
0,22,0,0,0,-0.01664218386583425,-0.06137838168686498,-0.07075529440568001
0,23,0,0,0,-0.01629942465418044,-0.061127432978332716,-0.0707430530052638
0,24,0,0,0,-0.016532011262088385,-0.061311053984575835,-0.07085322560900967
0,25,0,0,0,-0.016795201371036846,-0.06118863998041376,-0.07105520871587709
0,26,0,0,0,-0.01668502876729098,-0.061268209083119106,-0.07087770840984209
0,27,0,0,0,-0.016648304566042355,-0.061353898886032564,-0.07067572530297465
0,28,0,0,0,-0.016678908067082873,-0.061268209083119106,-0.07081650140776105
0,29,0,0,0,-0.016672787366874768,-0.06128045048353532,-0.0705716733994369
0,30,0,0,0,-0.016519769861672175,-0.06118251928020566,-0.07093891541192313
0,31,0,0,0,-0.016519769861672175,-0.061421226588321706,-0.07039417309340189
0,32,0,0,0,-0.01661158036479373,-0.06142734728852981,-0.07062675970130983
0,33,0,0,0,-0.01654425266250459,-0.06147019218998654,-0.07063288040151794
0,34,0,0,0,-0.01654425266250459,-0.06147019218998654,-0.07063288040151794
0,35,0,0,0,-0.016587097563961317,-0.06124372628228669,-0.07054719059860448
0,36,0,0,0,-0.01647692496021545,-0.06132941608520015,-0.07077977720651243
0,37,0,0,0,-0.016629942465418043,-0.06113355367854082,-0.07087158770963399
0,38,0,0,0,-0.016715632268331497,-0.06121924348145428,-0.07079813930713673
0,39,0,0,0,-0.01662382176520994,-0.06147019218998654,-0.0708960705104664
0,40,0,0,0,-0.016666666666666666,-0.061194760680621865,-0.0707308116048476
0,41,0,0,0,-0.016587097563961317,-0.06128045048353532,-0.0707369323050557
0,42,0,0,0,-0.016532011262088385,-0.061408985187905496,-0.07077365650630432
0,43,0,0,0,-0.016470804260007348,-0.061194760680621865,-0.07065736320235036
0,44,0,0,0,-0.016513649161464073,-0.06117639857999755,-0.07080426000734484
0,45,0,0,0,-0.016746235769372016,-0.06108458807687599,-0.07094503611213124
0,46,0,0,0,-0.016746235769372016,-0.06108458807687599,-0.07094503611213124
0,47,0,0,0,-0.01657485616354511,-0.061213122781246174,-0.07067572530297465
0,48,0,0,0,-0.016458562859591137,-0.06107234667645979,-0.07069408740359898
0,49,0,0,0,-0.016666666666666666,-0.06136001958624067,-0.07090219121067451
0,50,0,0,0,-0.016636063165626148,-0.06136614028644877,-0.07084710490880156
0,51,0,0,0,-0.016850287672909782,-0.06122536418166238,-0.07082262210796915
0,52,0,0,0,-0.01666054596645856,-0.0614028644876974,-0.07070632880401519
0,53,0,0,0,-0.016666666666666666,-0.061311053984575835,-0.07065736320235036
0,54,0,0,0,-0.016758477169788226,-0.0611029501775003,-0.07087158770963399
0,55,0,0,0,-0.016391235157301995,-0.061213122781246174,-0.07067572530297465
0,56,0,0,0,-0.016758477169788226,-0.06124372628228669,-0.07082262210796915
0,57,0,0,0,-0.016501407761047866,-0.06112131227812462,-0.07061451830089363
0,58,0,0,0,-0.016721752968539602,-0.0612559676827029,-0.07085934630921778
0,59,0,0,0,-0.01680132207124495,-0.06121924348145428,-0.07036356959236137
0,60,0,0,0,-0.016519769861672175,-0.06136001958624067,-0.07086546700942588
0,61,0,0,0,-0.016489166360631656,-0.061372260986656865,-0.07078589790672053
0,62,0,0,0,-0.016489166360631656,-0.061372260986656865,-0.07078589790672053
0,63,0,0,0,-0.016850287672909782,-0.06142734728852981,-0.07077977720651243
0,64,0,0,0,-0.01686864977353409,-0.061207002081038075,-0.07034520749173705
0,65,0,0,0,-0.016672787366874768,-0.061096829477292204,-0.07051658709756396
0,66,0,0,0,-0.016593218264169422,-0.061213122781246174,-0.0707430530052638
0,67,0,0,0,-0.01668502876729098,-0.061311053984575835,-0.07071857020443138
0,68,0,0,0,-0.016648304566042355,-0.061053984575835475,-0.07085934630921778
0,69,0,0,0,-0.016617701065001836,-0.06139062308728118,-0.07059615620026931
0,70,0,0,0,-0.016562614763128904,-0.061311053984575835,-0.07096339821275553
0,71,0,0,0,-0.01686864977353409,-0.06113967437874893,-0.07075529440568001
0,72,0,0,0,-0.016697270167707185,-0.06139062308728118,-0.07065124250214225
0,73,0,0,0,-0.01664218386583425,-0.06130493328436774,-0.07052882849798017
0,74,0,0,0,-0.016819684171869263,-0.0614028644876974,-0.07070632880401519
0,75,0,0,0,-0.016636063165626148,-0.06128045048353532,-0.0706022769004774
0,76,0,0,0,-0.016452442159383032,-0.06150079569102705,-0.07072469090463948
0,77,0,0,0,-0.016452442159383032,-0.06150079569102705,-0.07072469090463948
0,78,0,0,0,-0.01654425266250459,-0.061311053984575835,-0.07076753580609621
0,79,0,0,0,-0.01675235646958012,-0.06124984698249479,-0.07055331129881258
0,80,0,0,0,-0.016599338964377524,-0.060949932672297716,-0.07075529440568001
0,81,0,0,0,-0.016746235769372016,-0.06139062308728118,-0.07040029379360999
0,82,0,0,0,-0.016721752968539602,-0.061170277879789445,-0.07070632880401519
0,83,0,0,0,-0.016568735463337005,-0.06118251928020566,-0.07047986289631533
0,84,0,0,0,-0.016568735463337005,-0.061127432978332716,-0.07070632880401519
0,85,0,0,0,-0.016629942465418043,-0.06132329538499204,-0.07077977720651243
0,86,0,0,0,-0.016483045660423554,-0.06137838168686498,-0.07066960460276656
0,87,0,0,0,-0.01654425266250459,-0.06123148488187049,-0.07051658709756396
0,88,0,0,0,-0.016513649161464073,-0.061415105888113594,-0.07071244950422328
0,89,0,0,0,-0.016825804872077365,-0.06117639857999755,-0.07068796670339086
0,90,0,0,0,-0.016746235769372016,-0.06122536418166238,-0.07071244950422328
0,91,0,0,0,-0.0165564940629208,-0.06137838168686498,-0.0704064144938181
0,92,0,0,0,-0.01657485616354511,-0.061341657485616354,-0.07048598359652344
0,93,0,0,0,-0.01657485616354511,-0.061341657485616354,-0.07048598359652344
0,94,0,0,0,-0.01660545966458563,-0.06118251928020566,-0.07063900110172604
0,95,0,0,0,-0.016825804872077365,-0.061408985187905496,-0.07056555269922879
0,96,0,0,0,-0.016593218264169422,-0.06139062308728118,-0.07054106989839638
0,97,0,0,0,-0.016550373362712693,-0.06147019218998654,-0.0705716733994369
0,98,0,0,0,-0.016813563471661158,-0.06132329538499204,-0.0706022769004774
0,99,0,0,0,-0.01683804627249357,-0.06128045048353532,-0.07083486350838536
1,0,35,0,0,0.023625902803280696,-0.007418288652221815,-0.005777940996449994
1,1,35,0,0,0.02374831680744277,-0.007320357448892154,-0.005747337495409475
1,2,35,0,0,0.0234728852980781,-0.007381564450973191,-0.006004406904149834
1,3,35,0,0,0.023705471905986045,-0.00718570204431387,-0.005924837801444485
1,4,35,0,0,0.02340555759578896,-0.007326478149100257,-0.006010527604357939
1,5,35,0,0,0.02357081650140776,-0.00705716733994369,-0.005986044803525523
1,6,35,0,0,0.02342391969641327,-0.007191822744521974,-0.006041131105398457
1,7,35,0,0,0.02355245440078345,-0.007014322438486963,-0.005808544497490513
1,8,35,0,0,0.023656506304321215,-0.006696046027665566,-0.006200269310809157
1,9,35,0,0,0.023319867792875502,-0.007063288040151794,-0.006053372505814665
1,10,35,0,0,0.02365038560411311,-0.007038805239319377,-0.006035010405190354
1,11,35,0,0,0.02361366140286449,-0.007087770840984209,-0.006096217407271392
1,12,35,0,0,0.023534092300159137,-0.007253029746603011,-0.006022769004774146
1,13,35,0,0,0.023674868404945527,-0.007204064144938181,-0.006218631411433468
1,14,35,0,0,0.023687109805361733,-0.006879667033908679,-0.0058575100991553435
1,15,35,0,0,0.023534092300159137,-0.007161219243481454,-0.0060839760068551844
1,16,35,0,0,0.023736075407026564,-0.0070265638389031704,-0.005906475700820174
1,17,35,0,0,0.023736075407026564,-0.0070265638389031704,-0.005906475700820174
1,18,35,0,0,0.023332109193291713,-0.007381564450973191,-0.005796303097074305
1,19,35,0,0,0.023785041008691395,-0.00715509854327335,-0.006151303709144326
1,20,35,0,0,0.023381074794956543,-0.007369323050556984,-0.006022769004774146
1,21,35,0,0,0.023534092300159137,-0.007124495042232832,-0.006194148610601053
1,22,35,0,0,0.02361366140286449,-0.007222426245562493,-0.0058575100991553435
1,23,35,0,0,0.023417798996205167,-0.007136736442649038,-0.005826906598114824
1,24,35,0,0,0.02357081650140776,-0.006904149834741094,-0.006212510711225364
1,25,35,0,0,0.023589178602032072,-0.00718570204431387,-0.005863630799363447
1,26,35,0,0,0.023540213000367242,-0.007093891541192313,-0.006035010405190354
1,27,35,0,0,0.02343616109682948,-0.0070265638389031704,-0.005992165503733627
1,28,35,0,0,0.023485126698494306,-0.007167339943689557,-0.005955441302485005
1,29,35,0,0,0.023785041008691395,-0.007387685151181295,-0.006126820908311911
1,30,35,0,0,0.023595299302240177,-0.007142857142857143,-0.005912596401028277
1,31,35,0,0,0.023687109805361733,-0.007051046639735587,-0.006126820908311911
1,32,35,0,0,0.023895213612437263,-0.007308116048475946,-0.006126820908311911
1,33,35,0,0,0.023485126698494306,-0.007277512547435426,-0.005973803403109316
1,34,35,0,0,0.023350471293916025,-0.007448892153262334,-0.005888113600195862
1,35,35,0,0,0.023350471293916025,-0.007448892153262334,-0.005888113600195862
1,36,35,0,0,0.023674868404945527,-0.007020443138695066,-0.006016648304566043
1,37,35,0,0,0.023485126698494306,-0.0070082017382788585,-0.005967682702901212
1,38,35,0,0,0.023736075407026564,-0.006983718937446444,-0.005881992899987759
1,39,35,0,0,0.023534092300159137,-0.007118374342024727,-0.006010527604357939
1,40,35,0,0,0.023307626392459296,-0.007069408740359898,-0.0060472518056065615
1,41,35,0,0,0.02349124739870241,-0.00715509854327335,-0.006224752111641572
1,42,35,0,0,0.023717713306402252,-0.00728363324764353,-0.005937079201860693
1,43,35,0,0,0.023344350593707923,-0.007406047251805607,-0.005924837801444485
1,44,35,0,0,0.023576937201615862,-0.007112253641816624,-0.006188027910392949
1,45,35,0,0,0.02361978210307259,-0.006995960337862652,-0.005930958501652589
1,46,35,0,0,0.023705471905986045,-0.007173460643897662,-0.006053372505814665
1,47,35,0,0,0.023601420002448283,-0.007369323050556984,-0.006206390011017261
1,48,35,0,0,0.02361978210307259,-0.007069408740359898,-0.006194148610601053
1,49,35,0,0,0.023809523809523808,-0.007136736442649038,-0.005698371893744644
1,50,35,0,0,0.023809523809523808,-0.00710613294160852,-0.005973803403109316
1,51,35,0,0,0.02369935120577794,-0.00710613294160852,-0.005790182396866202
1,52,35,0,0,0.023858489411188642,-0.007051046639735587,-0.005973803403109316
1,53,35,0,0,0.023827885910148124,-0.007118374342024727,-0.006224752111641572
1,54,35,0,0,0.023546333700575343,-0.007118374342024727,-0.005943199902068796
1,55,35,0,0,0.023760558207858978,-0.007210184845146285,-0.005943199902068796
1,56,35,0,0,0.0234728852980781,-0.007112253641816624,-0.006194148610601053
1,57,35,0,0,0.023534092300159137,-0.007002081038070755,-0.006059493206022769
1,58,35,0,0,0.02369323050556984,-0.007032684539111274,-0.006022769004774146
1,59,35,0,0,0.023576937201615862,-0.00710613294160852,-0.005845268698739136
1,60,35,0,0,0.023723834006610357,-0.007051046639735587,-0.005808544497490513
1,61,35,0,0,0.02358305790182397,-0.007222426245562493,-0.005888113600195862
1,62,35,0,0,0.023576937201615862,-0.007038805239319377,-0.006163545109560534
1,63,35,0,0,0.023509609499326723,-0.007363202350348879,-0.0061207002081038065
1,64,35,0,0,0.02366874770473742,-0.007069408740359898,-0.006010527604357939
1,65,35,0,0,0.023564695801199655,-0.007100012241400416,-0.006022769004774146
1,66,35,0,0,0.023515730199534825,-0.007210184845146285,-0.005924837801444485
1,67,35,0,0,0.02357081650140776,-0.007063288040151794,-0.006077855306647081
1,68,35,0,0,0.02343616109682948,-0.007142857142857143,-0.006139062308728118
1,69,35,0,0,0.023638144203696903,-0.007075529440568001,-0.00585138939894724
1,70,35,0,0,0.02352185089974293,-0.007503978455135267,-0.005900355000612071
1,71,35,0,0,0.02368098910515363,-0.007350960949932673,-0.005790182396866202
1,72,35,0,0,0.02368098910515363,-0.007130615742440935,-0.006096217407271392
1,73,35,0,0,0.023479005998286204,-0.007130615742440935,-0.006096217407271392
1,74,35,0,0,0.023656506304321215,-0.006861304933284368,-0.0060656139062308725
1,75,35,0,0,0.02352185089974293,-0.007063288040151794,-0.005937079201860693
1,76,35,0,0,0.02355245440078345,-0.007326478149100257,-0.005992165503733627
1,77,35,0,0,0.02361978210307259,-0.007191822744521974,-0.005814665197698616
1,78,35,0,0,0.023607540702656384,-0.007222426245562493,-0.006279838413514506
1,79,35,0,0,0.02372995470681846,-0.007038805239319377,-0.005986044803525523
1,80,35,0,0,0.023674868404945527,-0.007173460643897662,-0.005863630799363447
1,81,35,0,0,0.023534092300159137,-0.007350960949932673,-0.005955441302485005
1,82,35,0,0,0.0237972824091076,-0.006873546333700575,-0.006139062308728118
1,83,35,0,0,0.023766678908067083,-0.00710613294160852,-0.006316562614763129
1,84,35,0,0,0.023558575100991554,-0.007277512547435426,-0.005912596401028277
1,85,35,0,0,0.02369323050556984,-0.007093891541192313,-0.006035010405190354
1,86,35,0,0,0.02355245440078345,-0.00715509854327335,-0.006077855306647081
1,87,35,0,0,0.023540213000367242,-0.007173460643897662,-0.006071734606438976
1,88,35,0,0,0.02344228179703758,-0.007222426245562493,-0.0058024237972824095
1,89,35,0,0,0.023638144203696903,-0.007253029746603011,-0.006077855306647081
1,90,35,0,0,0.0239564206145183,-0.0070449259395274815,-0.005992165503733627
1,91,35,0,0,0.023687109805361733,-0.007412167952013711,-0.006010527604357939
1,92,35,0,0,0.023687109805361733,-0.007412167952013711,-0.006010527604357939
1,93,35,0,0,0.02368098910515363,-0.007032684539111274,-0.006077855306647081
1,94,35,0,0,0.023430040396621374,-0.007161219243481454,-0.0061023381074794955
1,95,35,0,0,0.023540213000367242,-0.00710613294160852,-0.005998286203941731
1,96,35,0,0,0.023576937201615862,-0.0071795813441057664,-0.006163545109560534
1,97,35,0,0,0.02343616109682948,-0.0070082017382788585,-0.0058942343004039655
1,98,35,0,0,0.023601420002448283,-0.0070265638389031704,-0.0060656139062308725
1,99,35,0,0,0.023638144203696903,-0.007210184845146285,-0.005955441302485005
2,0,0,35,0,0.025168319255722854,0.03662627004529318,-0.16587709633982128
2,1,0,35,0,0.025076508752601295,0.03627126943322316,-0.16594442404211043
2,2,0,35,0,0.025119353654058024,0.03673032194883095,-0.16601175174439955
2,3,0,35,0,0.02504590525156078,0.03677316685028768,-0.16583425143836455
2,4,0,35,0,0.02514383645489044,0.036534459542171625,-0.16594442404211043
2,5,0,35,0,0.024990818949687844,0.03685273595299302,-0.16569959603378626
2,6,0,35,0,0.025168319255722854,0.03631411433467989,-0.1660729587464806
2,7,0,35,0,0.0249173705471906,0.03644876973925817,-0.16608520014689682
2,8,0,35,0,0.025266250459052515,0.03658954584404456,-0.1657301995348268
2,9,0,35,0,0.025315216060717342,0.03645489043946627,-0.16610356224752112
2,10,0,35,0,0.025315216060717342,0.03645489043946627,-0.16453666299424655
2,11,0,35,0,0.02517443995593096,0.036565063043212144,-0.16603011384502386
2,12,0,35,0,0.025217284857387685,0.03660178724446077,-0.16588321704002937
2,13,0,35,0,0.02511323295384992,0.03644876973925817,-0.1658954584404456
2,14,0,35,0,0.02505202595176888,0.03658342514383646,-0.1659076998408618
2,15,0,35,0,0.02504590525156078,0.03644876973925817,-0.16585873423919698
2,16,0,35,0,0.02510099155343371,0.03644264903905007,-0.16598114824335902
2,17,0,35,0,0.024966336148855427,0.03652221814175542,-0.16603623454523198
2,18,0,35,0,0.024831680744277145,0.03666911494674991,-0.16585261353898886
2,19,0,35,0,0.024966336148855427,0.036650752846125595,-0.16621373485126698
2,20,0,35,0,0.02527237115926062,0.03619782103072591,-0.16599951034398336
2,21,0,35,0,0.025064267352185088,0.03646713183988248,-0.16574244093524299
2,22,0,35,0,0.02495409474843922,0.03655894234300404,-0.16597502754315094
2,23,0,35,0,0.025119353654058024,0.03672420124862284,-0.1657669237360754
2,24,0,35,0,0.024899008446566288,0.036552821642795934,-0.16573632023503487
2,25,0,35,0,0.02517443995593096,0.036552821642795934,-0.1660423552454401
2,26,0,35,0,0.02517443995593096,0.03658954584404456,-0.16619537275064267
2,27,0,35,0,0.024813318643652833,0.03658954584404456,-0.16608520014689682
2,28,0,35,0,0.025064267352185088,0.036265148733015055,-0.16608520014689682
2,29,0,35,0,0.024941853348023013,0.036760925449871466,-0.16605459664585628
2,30,0,35,0,0.025247888358428207,0.036822132451952504,-0.16628718325376424
2,31,0,35,0,0.02514383645489044,0.03652221814175542,-0.16619537275064267
2,32,0,35,0,0.025125474354266132,0.03660790794466887,-0.16606071734606437
2,33,0,35,0,0.025211164157179583,0.036393683437385235,-0.16610356224752112
2,34,0,35,0,0.024978577549271637,0.03682825315216061,-0.1659138205410699
2,35,0,35,0,0.02518056065613906,0.03673644264903905,-0.16595054474231852
2,36,0,35,0,0.02511323295384992,0.036393683437385235,-0.16611580364793732
2,37,0,35,0,0.02509487085322561,0.03635695923613662,-0.1662198555514751
2,38,0,35,0,0.02535806096217407,0.03638144203696903,-0.16577304443628352
2,39,0,35,0,0.024978577549271637,0.03646101113967438,-0.1662198555514751
2,40,0,35,0,0.024978577549271637,0.036565063043212144,-0.16610356224752112
2,41,0,35,0,0.024929611947606806,0.036565063043212144,-0.16610356224752112
2,42,0,35,0,0.02514383645489044,0.03638144203696903,-0.165919941241278
2,43,0,35,0,0.025156077855306647,0.03658342514383646,-0.16588321704002937
2,44,0,35,0,0.024960215448647325,0.03647325254009058,-0.1656322683314971
2,45,0,35,0,0.02481943934386094,0.03658954584404456,-0.16574244093524299
2,46,0,35,0,0.025266250459052515,0.03647937324029869,-0.1658954584404456
2,47,0,35,0,0.025027543150936464,0.036662994246541805,-0.16604847594564817
2,48,0,35,0,0.024899008446566288,0.036534459542171625,-0.16584649283878075
2,49,0,35,0,0.025125474354266132,0.03644264903905007,-0.16588321704002937
2,50,0,35,0,0.025302974660301136,0.036418166238217656,-0.16600563104419147
2,51,0,35,0,0.025058146651976986,0.036705839147998534,-0.1657546823356592
2,52,0,35,0,0.024929611947606806,0.03629575223405558,-0.16601787244460767
2,53,0,35,0,0.025064267352185088,0.03634471783572041,-0.16595666544252663
2,54,0,35,0,0.02513771575468234,0.03668747704737422,-0.16571795813441056
2,55,0,35,0,0.025217284857387685,0.03658342514383646,-0.16592606194148612
2,56,0,35,0,0.025082629452809403,0.03673644264903905,-0.1659076998408618
2,57,0,35,0,0.02532133676092545,0.03659566654425266,-0.1660790794466887
2,58,0,35,0,0.02532133676092545,0.03659566654425266,-0.16562614763128902
2,59,0,35,0,0.024899008446566288,0.0366446321459175,-0.16562614763128902
2,60,0,35,0,0.02481943934386094,0.03630187293426368,-0.16609132084710493
2,61,0,35,0,0.025284612559676827,0.0363385971355123,-0.16580364793732402
2,62,0,35,0,0.02522340555759579,0.03692618435549026,-0.16602399314481578
2,63,0,35,0,0.025302974660301136,0.03655894234300404,-0.16600563104419147
2,64,0,35,0,0.025058146651976986,0.03658954584404456,-0.16587709633982128
2,65,0,35,0,0.02500306035010405,0.03660790794466887,-0.16598114824335902
2,66,0,35,0,0.024880646345941976,0.03629575223405558,-0.16604847594564817
2,67,0,35,0,0.024941853348023013,0.03668747704737422,-0.1657301995348268
2,68,0,35,0,0.025076508752601295,0.03657118374342025,-0.16567511323295386
2,69,0,35,0,0.025058146651976986,0.03638756273717713,-0.16611580364793732
2,70,0,35,0,0.025211164157179583,0.036760925449871466,-0.16582813073815644
2,71,0,35,0,0.025149957155098546,0.03666911494674991,-0.16609132084710493
2,72,0,35,0,0.02498469824947974,0.03654058024237973,-0.1656322683314971
2,73,0,35,0,0.025009181050312156,0.03652221814175542,-0.16585873423919698
2,74,0,35,0,0.025015301750520257,0.03669971844779042,-0.16588321704002937
2,75,0,35,0,0.025015301750520257,0.03651609744154731,-0.16580976863753213
2,76,0,35,0,0.025205043456971478,0.03651609744154731,-0.16580976863753213
2,77,0,35,0,0.02513771575468234,0.036834373852368714,-0.16608520014689682
2,78,0,35,0,0.02487452564573387,0.036424286938425754,-0.16587709633982128
2,79,0,35,0,0.025027543150936464,0.03636920063655282,-0.16583425143836455
2,80,0,35,0,0.02500306035010405,0.03646101113967438,-0.16596890684294283
2,81,0,35,0,0.024794956543028525,0.03623454523197454,-0.16586485493940506
2,82,0,35,0,0.024801077243236627,0.036424286938425754,-0.16594442404211043
2,83,0,35,0,0.025064267352185088,0.03652833884196352,-0.16599338964377525
2,84,0,35,0,0.025107112253641817,0.03652221814175542,-0.16571795813441056
2,85,0,35,0,0.02488676704615008,0.03658342514383646,-0.16573632023503487
2,86,0,35,0,0.025082629452809403,0.03637532133676093,-0.16601175174439955
2,87,0,35,0,0.02529073325988493,0.03636920063655282,-0.16577916513649163
2,88,0,35,0,0.024990818949687844,0.036320235034887995,-0.165919941241278
2,89,0,35,0,0.025107112253641817,0.036436528338841964,-0.16595666544252663
2,90,0,35,0,0.025076508752601295,0.03648549394050679,-0.16600563104419147
2,91,0,35,0,0.025021422450728366,0.03637532133676093,-0.16606071734606437
2,92,0,35,0,0.025198922756763376,0.03643040763863386,-0.1661096829477292
2,93,0,35,0,0.025033663851144573,0.036491614640714896,-0.16621373485126698
2,94,0,35,0,0.025033663851144573,0.036491614640714896,-0.16621373485126698
2,95,0,35,0,0.025211164157179583,0.03652221814175542,-0.16571183743420248
2,96,0,35,0,0.024935732647814908,0.03644264903905007,-0.16615864854939405
2,97,0,35,0,0.025192802056555268,0.03655894234300404,-0.16600563104419147
2,98,0,35,0,0.025107112253641817,0.036662994246541805,-0.16566899253274575
2,99,0,35,0,0.02495409474843922,0.036038682825315214,-0.16600563104419147
3,0,35,35,0,0.0353654058024238,0.011874158403721385,-0.040182396866201495
3,1,35,35,0,0.03499816378993757,0.011763985799975517,-0.03979067205288285
3,2,35,35,0,0.03499816378993757,0.011537519892275677,-0.04012118986412046
3,3,35,35,0,0.03531644020075897,0.011715020198310687,-0.03984575835475578
3,4,35,35,0,0.03528583669971845,0.011715020198310687,-0.039827396254131474
3,5,35,35,0,0.034839025584526874,0.011562002693108092,-0.039827396254131474
3,6,35,35,0,0.0352123882972212,0.011861917003305179,-0.03957644754559922
3,7,35,35,0,0.03535928510221569,0.01154364059248378,-0.03980291345329905
3,8,35,35,0,0.03519402619659689,0.011794589301016036,-0.040023258660790796
3,9,35,35,0,0.035298078100134654,0.011672175296853961,-0.039925327457461135
3,10,35,35,0,0.03512057779409965,0.011647692496021544,-0.03999265515975027
3,11,35,35,0,0.03530419880034276,0.011868037703513282,-0.039882482556004406
3,12,35,35,0,0.03523075039784551,0.011555881992899988,-0.04013343126453666
3,13,35,35,0,0.03517566409597258,0.011837434202472763,-0.03987636185579631
3,14,35,35,0,0.03534092300159138,0.011684416697270168,-0.03994981025829355
3,15,35,35,0,0.03500428449014567,0.011782347900599828,-0.040182396866201495
3,16,35,35,0,0.03527359529930224,0.01183131350226466,-0.03985187905496389
3,17,35,35,0,0.03528583669971845,0.011672175296853961,-0.03993144815766923
3,18,35,35,0,0.03533480230138328,0.011874158403721385,-0.040151793365160976
3,19,35,35,0,0.03533480230138328,0.011874158403721385,-0.040151793365160976
3,20,35,35,0,0.03541437140408863,0.011776227200391724,-0.03976006855184233
3,21,35,35,0,0.03511445709389154,0.011727261598726894,-0.03996817235891786
3,22,35,35,0,0.03507161219243481,0.011610968294772922,-0.039870241155588196
3,23,35,35,0,0.035298078100134654,0.011684416697270168,-0.03980903415350716
3,24,35,35,0,0.0352185089974293,0.011598726894356714,-0.040157914065369074
3,25,35,35,0,0.035481699106377766,0.011513037091443261,-0.039711102950177504
3,26,35,35,0,0.035163422695556376,0.011776227200391724,-0.04010282776349615
3,27,35,35,0,0.035181784796180685,0.011672175296853961,-0.04004774146162321
3,28,35,35,0,0.03523075039784551,0.011788468600807931,-0.03999877585995838
3,29,35,35,0,0.03542049210429673,0.011892520504345697,-0.040041620761415105
3,30,35,35,0,0.03543273350471294,0.011519157791651365,-0.03996817235891786
3,31,35,35,0,0.03518790549638879,0.011708899498102584,-0.03990084465662872
3,32,35,35,0,0.03528583669971845,0.011880279103929489,-0.03996817235891786
3,33,35,35,0,0.03527971599951034,0.011953727506426735,-0.03982127555392337
3,34,35,35,0,0.03510221569347534,0.011647692496021544,-0.039643775247888355
3,35,35,35,0,0.03517566409597258,0.011629330395397233,-0.03990696535683682
3,36,35,35,0,0.03517566409597258,0.011868037703513282,-0.039686620149345084
3,37,35,35,0,0.03517566409597258,0.011868037703513282,-0.039686620149345084
3,38,35,35,0,0.03508385359285102,0.011880279103929489,-0.03999877585995838
3,39,35,35,0,0.03490635328681601,0.011659933896437751,-0.039894723956420616
3,40,35,35,0,0.035041008691394294,0.012063900110172604,-0.03964989594809647
3,41,35,35,0,0.035493940506793976,0.011586485493940507,-0.04014567266495287
3,42,35,35,0,0.03512057779409965,0.012118986412045538,-0.03980903415350716
3,43,35,35,0,0.03529195739992655,0.011843554902680867,-0.040029379360998894
3,44,35,35,0,0.03517566409597258,0.011678295997062065,-0.03997429305912596
3,45,35,35,0,0.035163422695556376,0.011745623699351206,-0.03967437874892888
3,46,35,35,0,0.03526135389888603,0.0115742440935243,-0.03998041375933407
3,47,35,35,0,0.03532868160117518,0.011519157791651365,-0.040029379360998894
3,48,35,35,0,0.03507161219243481,0.011672175296853961,-0.04011506916391235
3,49,35,35,0,0.03475945648182152,0.011684416697270168,-0.03985799975517199
3,50,35,35,0,0.03527359529930224,0.011647692496021544,-0.039925327457461135
3,51,35,35,0,0.03548781980658587,0.01162320969518913,-0.0401946382666177
3,52,35,35,0,0.035224629697637413,0.011763985799975517,-0.03999877585995838
3,53,35,35,0,0.03520014689680499,0.0115742440935243,-0.04021300036724201
3,54,35,35,0,0.03519402619659689,0.01195984820663484,-0.039955930958501654
3,55,35,35,0,0.03526135389888603,0.011513037091443261,-0.039925327457461135
3,56,35,35,0,0.03526135389888603,0.011513037091443261,-0.039925327457461135
3,57,35,35,0,0.03528583669971845,0.011580364793732404,-0.039894723956420616
3,58,35,35,0,0.03532868160117518,0.011537519892275677,-0.040182396866201495
3,59,35,35,0,0.03523075039784551,0.011715020198310687,-0.03983351695433958
3,60,35,35,0,0.03503488799118619,0.011868037703513282,-0.04020687966703391
3,61,35,35,0,0.03543273350471294,0.011684416697270168,-0.04004774146162321
3,62,35,35,0,0.0352123882972212,0.011696658097686375,-0.040066103562247525
3,63,35,35,0,0.035493940506793976,0.011788468600807931,-0.039870241155588196
3,64,35,35,0,0.0353715265026319,0.011972089607051047,-0.0401946382666177
3,65,35,35,0,0.03518790549638879,0.011708899498102584,-0.03983351695433958
3,66,35,35,0,0.03529195739992655,0.011788468600807931,-0.04009058636307994
3,67,35,35,0,0.035310319500550864,0.011690537397478272,-0.03987636185579631
3,68,35,35,0,0.03508385359285102,0.011647692496021544,-0.039753947851634226
3,69,35,35,0,0.0350471293916024,0.012033296609132086,-0.04013343126453666
3,70,35,35,0,0.03534092300159138,0.011708899498102584,-0.039955930958501654
3,71,35,35,0,0.0353654058024238,0.011519157791651365,-0.040029379360998894
3,72,35,35,0,0.03505937079201861,0.011647692496021544,-0.039937568857877345
3,73,35,35,0,0.035181784796180685,0.011696658097686375,-0.040164034765577186
3,74,35,35,0,0.035181784796180685,0.011696658097686375,-0.040164034765577186
3,75,35,35,0,0.035138939894723956,0.011751744399559309,-0.03977843065246664
3,76,35,35,0,0.03527359529930224,0.011739502999143102,-0.039925327457461135
3,77,35,35,0,0.03501652589056188,0.01162320969518913,-0.039882482556004406
3,78,35,35,0,0.0353715265026319,0.011825192802056555,-0.04011506916391235
3,79,35,35,0,0.03535316440200759,0.011880279103929489,-0.03990696535683682
3,80,35,35,0,0.03510833639368344,0.01170277879789448,-0.03991920675725303
3,81,35,35,0,0.03546333700575346,0.011378381686864978,-0.03985187905496389
3,82,35,35,0,0.0352123882972212,0.011855796303097074,-0.03981515485371527
3,83,35,35,0,0.03514506059493206,0.011427347288529807,-0.03982127555392337
3,84,35,35,0,0.035181784796180685,0.011500795691027053,-0.03997429305912596
3,85,35,35,0,0.03526135389888603,0.01159260619414861,-0.040151793365160976
3,86,35,35,0,0.03532256090096707,0.01154364059248378,-0.03987636185579631
3,87,35,35,0,0.035536785408250705,0.011880279103929489,-0.03973558575100992
3,88,35,35,0,0.03526135389888603,0.011739502999143102,-0.040011017260374586
3,89,35,35,0,0.0352123882972212,0.011513037091443261,-0.04028032806953115
3,90,35,35,0,0.03498592238952136,0.011696658097686375,-0.03974782715142612
3,91,35,35,0,0.035151181295140166,0.011666054596645856,-0.03994368955808544
3,92,35,35,0,0.03527359529930224,0.011678295997062065,-0.039894723956420616
3,93,35,35,0,0.03527359529930224,0.011678295997062065,-0.03981515485371527
3,94,35,35,0,0.03541437140408863,0.011635451095605338,-0.03981515485371527
3,95,35,35,0,0.03531644020075897,0.011678295997062065,-0.04057412167952014
3,96,35,35,0,0.035451095605337254,0.011617088994981026,-0.039839637654547684
3,97,35,35,0,0.03509609499326723,0.011696658097686375,-0.04013343126453666
3,98,35,35,0,0.03508385359285102,0.011733382298934999,-0.03987636185579631
3,99,35,35,0,0.035163422695556376,0.011715020198310687,-0.039643775247888355
