values,,position,position,position,Magnetometer,Magnetometer,Magnetometer
axis,,x,y,z,x,y,z
Sensor,Sample,,,,,,
0,0,0,0,0,-0.01978822377279961,-0.04876973925817114,-0.059756396131717474
0,1,0,0,0,-0.019935120577794098,-0.048549394050679394,-0.059542171624433836
0,2,0,0,0,-0.019592361366140287,-0.048659566654425265,-0.059511568123393324
0,3,0,0,0,-0.019592361366140287,-0.048659566654425265,-0.059511568123393324
0,4,0,0,0,-0.01964744766801322,-0.04882482556004407,-0.05955441302485004
0,5,0,0,0,-0.019604602766556494,-0.04852491124984698,-0.059615620026931083
0,6,0,0,0,-0.01974537887134288,-0.0487207736565063,-0.05956665442526625
0,7,0,0,0,-0.01983718937446444,-0.04873913575713061,-0.05962786142734729
0,8,0,0,0,-0.019604602766556494,-0.04862284245317665,-0.05962786142734729
0,9,0,0,0,-0.019451585261353897,-0.04884318766066838,-0.05976863753213367
0,10,0,0,0,-0.019720896070510467,-0.04866568735463337,-0.059144326110907086
0,11,0,0,0,-0.019751499571550986,-0.048561635451095604,-0.059389154119231236
0,12,0,0,0,-0.019751499571550986,-0.048671808054841476,-0.05959113722609867
0,13,0,0,0,-0.019763740971967193,-0.048671808054841476,-0.05959113722609867
0,14,0,0,0,-0.019604602766556494,-0.04857387685151181,-0.059401395519647446
0,15,0,0,0,-0.01954951646468356,-0.04881258415962786,-0.05918105031215572
0,16,0,0,0,-0.01954951646468356,-0.04889215326233321,-0.05985432733504713
0,17,0,0,0,-0.01940261965968907,-0.0487146529562982,-0.059487085322560904
0,18,0,0,0,-0.01954951646468356,-0.0487207736565063,-0.0593340678173583
0,19,0,0,0,-0.0197759823723834,-0.04872689435671441,-0.05926674011506916
0,20,0,0,0,-0.01964744766801322,-0.04891051536295753,-0.05959725792630677
0,21,0,0,0,-0.019531154364059247,-0.048677928755049574,-0.05927898151548537
0,22,0,0,0,-0.019543395764475453,-0.048702411555881994,-0.059646223527971595
0,23,0,0,0,-0.019782103072591505,-0.04882482556004407,-0.05945036112131228
0,24,0,0,0,-0.019457705961562002,-0.048549394050679394,-0.0596339821275554
0,25,0,0,0,-0.019586240665932182,-0.04880034275921165,-0.05957889582568245
0,26,0,0,0,-0.019763740971967193,-0.04872689435671441,-0.05971967193046884
0,27,0,0,0,-0.019555637164891664,-0.04866568735463337,-0.059646223527971595
0,28,0,0,0,-0.019555637164891664,-0.04866568735463337,-0.059646223527971595
0,29,0,0,0,-0.019849430774880647,-0.0487085322560901,-0.05950544742318521
0,30,0,0,0,-0.019567878565307874,-0.0487146529562982,-0.05962174072713918
0,31,0,0,0,-0.019720896070510467,-0.04848206634839026,-0.05940751621985555
0,32,0,0,0,-0.0197759823723834,-0.048886032562125106,-0.05945036112131228
0,33,0,0,0,-0.019720896070510467,-0.04880034275921165,-0.05927286081527727
0,34,0,0,0,-0.019463826661770108,-0.04859223895213612,-0.0593218264169421
0,35,0,0,0,-0.0196168441669727,-0.04862896315338475,-0.05936467131839882
0,36,0,0,0,-0.019708654670094257,-0.04876361855796303,-0.05976251683192557
0,37,0,0,0,-0.01969641326967805,-0.04875137715754682,-0.059487085322560904
0,38,0,0,0,-0.01966580976863753,-0.04896560166483045,-0.059076998408617944
0,39,0,0,0,-0.019635206267597013,-0.04862284245317665,-0.05953605092422574
0,40,0,0,0,-0.019702533969886155,-0.048677928755049574,-0.05935242991798262
0,41,0,0,0,-0.0196168441669727,-0.04883706696046028,-0.05945036112131228
0,42,0,0,0,-0.01965968906842943,-0.048671808054841476,-0.05959725792630677
0,43,0,0,0,-0.019684171869261843,-0.04850654914922267,-0.05952380952380952
0,44,0,0,0,-0.019512792263434935,-0.04879422205900355,-0.05949320602276901
0,45,0,0,0,-0.019482188762394416,-0.04873913575713061,-0.059297343616109686
0,46,0,0,0,-0.019482188762394416,-0.04873913575713061,-0.059297343616109686
0,47,0,0,0,-0.019751499571550986,-0.048788101358795445,-0.05921165381319623
0,48,0,0,0,-0.01965968906842943,-0.04872689435671441,-0.059425878320479866
0,49,0,0,0,-0.019824947974048233,-0.049100257069408744,-0.059689068429428324
0,50,0,0,0,-0.01964744766801322,-0.04884930836087649,-0.05955441302485004
0,51,0,0,0,-0.019622964867180806,-0.04880034275921165,-0.059174929611947605
0,52,0,0,0,-0.01969029256946995,-0.04883706696046028,-0.058832170400293794
0,53,0,0,0,-0.0196107234667646,-0.04869629085567389,-0.059431999020687964
0,54,0,0,0,-0.01953727506426735,-0.04875137715754682,-0.059676827029012114
0,55,0,0,0,-0.0197759823723834,-0.04882482556004407,-0.059646223527971595
0,56,0,0,0,-0.01962908556738891,-0.04880034275921165,-0.05957889582568245
0,57,0,0,0,-0.01965968906842943,-0.048928877463581835,-0.05965846492838781
0,58,0,0,0,-0.019555637164891664,-0.04865344595421716,-0.0593218264169421
0,59,0,0,0,-0.019543395764475453,-0.048916636063165625,-0.059487085322560904
0,60,0,0,0,-0.01964744766801322,-0.04898396376545477,-0.05938303341902314
0,61,0,0,0,-0.01964744766801322,-0.04881258415962786,-0.059682947729220226
0,62,0,0,0,-0.019794344473007715,-0.04881258415962786,-0.05811604847594565
0,63,0,0,0,-0.019476068062186314,-0.04873301505692251,-0.05951768882360142
0,64,0,0,0,-0.01972701677071857,-0.04885542906108459,-0.059682947729220226
0,65,0,0,0,-0.019641326967805118,-0.04880034275921165,-0.05966458562859591
0,66,0,0,0,-0.019598482066348392,-0.04876973925817114,-0.0597992410331742
0,67,0,0,0,-0.0196107234667646,-0.048818704859835964,-0.05949320602276901
0,68,0,0,0,-0.019567878565307874,-0.04865344595421716,-0.05937691271881503
0,69,0,0,0,-0.01943322316072959,-0.04873913575713061,-0.05946260252172848
0,70,0,0,0,-0.019500550863018728,-0.04880034275921165,-0.05951768882360142
0,71,0,0,0,-0.019531154364059247,-0.048904394662749415,-0.05946260252172848
0,72,0,0,0,-0.01966580976863753,-0.04857999755171992,-0.05959113722609867
0,73,0,0,0,-0.019702533969886155,-0.048690170155465784,-0.059933896437752474
0,74,0,0,0,-0.01962908556738891,-0.048928877463581835,-0.05953605092422574
0,75,0,0,0,-0.01962908556738891,-0.0485555147508875,-0.05938303341902314
0,76,0,0,0,-0.019525033663851145,-0.04902068796670339,-0.05937691271881503
0,77,0,0,0,-0.019757620271759087,-0.04878198065858734,-0.059689068429428324
0,78,0,0,0,-0.019573999265515975,-0.04865344595421716,-0.059572775125474355
0,79,0,0,0,-0.019720896070510467,-0.04884930836087649,-0.05956053372505815
0,80,0,0,0,-0.019598482066348392,-0.04876361855796303,-0.059431999020687964
0,81,0,0,0,-0.01946994736197821,-0.048702411555881994,-0.05934018851756641
0,82,0,0,0,-0.019543395764475453,-0.048788101358795445,-0.05951768882360142
0,83,0,0,0,-0.019543395764475453,-0.048788101358795445,-0.05951768882360142
0,84,0,0,0,-0.019622964867180806,-0.04866568735463337,-0.059389154119231236
0,85,0,0,0,-0.019384257559064758,-0.04859835965234423,-0.05935855061819072
0,86,0,0,0,-0.019708654670094257,-0.04879422205900355,-0.059285102215693476
0,87,0,0,0,-0.019457705961562002,-0.04873301505692251,-0.05953605092422574
0,88,0,0,0,-0.01951891296364304,-0.04853715265026319,-0.05969518912963643
0,89,0,0,0,-0.019714775370302362,-0.04893499816378994,-0.05960949932672298
0,90,0,0,0,-0.0196168441669727,-0.0487146529562982,-0.05949932672297711
0,91,0,0,0,-0.019702533969886155,-0.04889215326233321,-0.05954829232464194
0,92,0,0,0,-0.01986779287550496,-0.04874525645733872,-0.059431999020687964
0,93,0,0,0,-0.019543395764475453,-0.0487146529562982,-0.059670706328804016
0,94,0,0,0,-0.019396498959480965,-0.048684049455257686,-0.05940751621985555
0,95,0,0,0,-0.019684171869261843,-0.04880646345941976,-0.05946260252172848
0,96,0,0,0,-0.019414861060105277,-0.048671808054841476,-0.05927286081527727
0,97,0,0,0,-0.019335291957399928,-0.04876973925817114,-0.05938303341902314
0,98,0,0,0,-0.019506671563226833,-0.04856775615130371,-0.059585016525890565
0,99,0,0,0,-0.019641326967805118,-0.04853715265026319,-0.059542171624433836
1,0,35,0,0,0.019072101848451463,-0.006934753335781614,-0.0048231117639858
1,1,35,0,0,0.0191271881503244,-0.006873546333700575,-0.004700697759823723
1,2,35,0,0,0.0191271881503244,-0.006659321826416942,-0.004963887868772188
1,3,35,0,0,0.019170033051781124,-0.006659321826416942,-0.004963887868772188
1,4,35,0,0,0.019017015546578527,-0.006604235524544008,-0.005086301872934264
1,5,35,0,0,0.018863998041375934,-0.006793977230995225,-0.004737421961072347
1,6,35,0,0,0.018961929244705595,-0.006561390623087281,-0.004921042967315461
1,7,35,0,0,0.0191333088505325,-0.006818460031827641,-0.0049149222671073575
1,8,35,0,0,0.01888848084220835,-0.006946994736197821,-0.004676214958991309
1,9,35,0,0,0.018949687844289388,-0.006659321826416942,-0.0047619047619047615
1,10,35,0,0,0.018704859835965235,-0.006904149834741094,-0.004731301260864243
1,11,35,0,0,0.01903537764720284,-0.006940874035989718,-0.004865956665442527
1,12,35,0,0,0.0191333088505325,-0.006830701432243849,-0.005006732770228914
1,13,35,0,0,0.0191333088505325,-0.006873546333700575,-0.0047619047619047615
1,14,35,0,0,0.018845635940751622,-0.006873546333700575,-0.0047619047619047615
1,15,35,0,0,0.018900722242624558,-0.006751132329538499,-0.005012853470437019
1,16,35,0,0,0.018766066838046273,-0.0067266495287060845,-0.004927163667523564
1,17,35,0,0,0.019047619047619046,-0.006757253029746603,-0.004841473864610112
1,18,35,0,0,0.019114946749908192,-0.006616476924960216,-0.00490268086669115
1,19,35,0,0,0.019023136246786632,-0.006665442526625045,-0.004835353164402008
1,20,35,0,0,0.01887011874158404,-0.006904149834741094,-0.00459664585628596
1,21,35,0,0,0.01909658464928388,-0.006995960337862652,-0.004798628963153384
1,22,35,0,0,0.019017015546578527,-0.006916391235157302,-0.004847594564818215
1,23,35,0,0,0.018784428938670585,-0.0069531154364059254,-0.004578283755661648
1,24,35,0,0,0.01903537764720284,-0.0067633737299547065,-0.004847594564818215
1,25,35,0,0,0.019114946749908192,-0.006812339331619536,-0.004853715265026319
1,26,35,0,0,0.018931325743665076,-0.006806218631411433,-0.004890439466274942
1,27,35,0,0,0.01926184355490268,-0.006879667033908679,-0.004615007956910271
1,28,35,0,0,0.019065981148243358,-0.006879667033908679,-0.004957767168564084
1,29,35,0,0,0.018998653445954215,-0.006836822132451953,-0.004908801566899253
1,30,35,0,0,0.019023136246786632,-0.006965356836822133,-0.004700697759823723
1,31,35,0,0,0.01909658464928388,-0.007020443138695066,-0.004963887868772188
1,32,35,0,0,0.01910270534949198,-0.006751132329538499,-0.004492593952748194
1,33,35,0,0,0.01882727384012731,-0.006787856530787122,-0.004939405067939772
1,34,35,0,0,0.018968049944913697,-0.006904149834741094,-0.004841473864610112
1,35,35,0,0,0.01883951524054352,-0.006873546333700575,-0.004682335659199412
1,36,35,0,0,0.018968049944913697,-0.006959236136614029,-0.005055698371893744
1,37,35,0,0,0.019218998653445955,-0.006683804627249356,-0.004841473864610112
1,38,35,0,0,0.01888848084220835,-0.0067817358305790176,-0.004908801566899253
1,39,35,0,0,0.018802791039294893,-0.007014322438486963,-0.005067939772309953
1,40,35,0,0,0.018802791039294893,-0.007014322438486963,-0.005067939772309953
1,41,35,0,0,0.019047619047619046,-0.0065919941241278,-0.005012853470437019
1,42,35,0,0,0.018974170645121802,-0.007148977843065246,-0.004835353164402008
1,43,35,0,0,0.019139429550740605,-0.006738890929122292,-0.00490268086669115
1,44,35,0,0,0.018968049944913697,-0.006959236136614029,-0.00490268086669115
1,45,35,0,0,0.01898641204553801,-0.006738890929122292,-0.004945525768147876
1,46,35,0,0,0.018949687844289388,-0.006683804627249356,-0.004810870363569592
1,47,35,0,0,0.01900477414616232,-0.006665442526625045,-0.004700697759823723
1,48,35,0,0,0.019114946749908192,-0.006610356224752112,-0.004945525768147876
1,49,35,0,0,0.018937446443873178,-0.006983718937446444,-0.00490268086669115
1,50,35,0,0,0.019280205655526992,-0.007020443138695066,-0.0046884563594075165
1,51,35,0,0,0.018974170645121802,-0.006928632635573509,-0.0047619047619047615
1,52,35,0,0,0.01895580854449749,-0.0067633737299547065,-0.004908801566899253
1,53,35,0,0,0.018931325743665076,-0.006775615130370914,-0.004804749663361489
1,54,35,0,0,0.019121067450116293,-0.006934753335781614,-0.004786387562737178
1,55,35,0,0,0.0191333088505325,-0.0069898396376545475,-0.004749663361488554
1,56,35,0,0,0.018943567144081283,-0.006708287428081773,-0.0048965601664830456
1,57,35,0,0,0.018943567144081283,-0.0067817358305790176,-0.004853715265026319
1,58,35,0,0,0.018900722242624558,-0.0067817358305790176,-0.004853715265026319
1,59,35,0,0,0.018790549638878686,-0.006891908434324886,-0.004890439466274942
1,60,35,0,0,0.01921287795323785,-0.006634839025584527,-0.004725180560656139
1,61,35,0,0,0.01895580854449749,-0.006836822132451953,-0.004572163055453543
1,62,35,0,0,0.019047619047619046,-0.006861304933284368,-0.005018974170645122
1,63,35,0,0,0.019010894846370426,-0.006530787122046762,-0.004841473864610112
1,64,35,0,0,0.01898641204553801,-0.006916391235157302,-0.004847594564818215
1,65,35,0,0,0.01903537764720284,-0.006806218631411433,-0.004878198065858734
1,66,35,0,0,0.01900477414616232,-0.006940874035989718,-0.004853715265026319
1,67,35,0,0,0.01887011874158404,-0.006922511935365405,-0.004700697759823723
1,68,35,0,0,0.018894601542416452,-0.0067633737299547065,-0.005037336271269433
1,69,35,0,0,0.018943567144081283,-0.006946994736197821,-0.004865956665442527
1,70,35,0,0,0.019017015546578527,-0.006836822132451953,-0.0049149222671073575
1,71,35,0,0,0.01910270534949198,-0.006604235524544008,-0.004945525768147876
1,72,35,0,0,0.018949687844289388,-0.00684906353286816,-0.004884318766066838
1,73,35,0,0,0.01914555025094871,-0.0065369078222548655,-0.0046517321581588935
1,74,35,0,0,0.018735463337005754,-0.0067266495287060845,-0.004884318766066838
1,75,35,0,0,0.018900722242624558,-0.006634839025584527,-0.004792508262945281
1,76,35,0,0,0.019072101848451463,-0.006775615130370914,-0.0049883706696046025
1,77,35,0,0,0.018882360142000246,-0.00667156322683315,-0.0051230260741828865
1,78,35,0,0,0.019047619047619046,-0.006916391235157302,-0.004835353164402008
1,79,35,0,0,0.019090463949075775,-0.006842942832660057,-0.0047619047619047615
1,80,35,0,0,0.019090463949075775,-0.006934753335781614,-0.0048231117639858
1,81,35,0,0,0.01888848084220835,-0.006861304933284368,-0.004798628963153384
1,82,35,0,0,0.018894601542416452,-0.006861304933284368,-0.004939405067939772
1,83,35,0,0,0.01898641204553801,-0.0069898396376545475,-0.004725180560656139
1,84,35,0,0,0.01898641204553801,-0.0069898396376545475,-0.004725180560656139
1,85,35,0,0,0.01900477414616232,-0.006928632635573509,-0.004633370057534582
1,86,35,0,0,0.019084343248867673,-0.006702166727873669,-0.00487207736565063
1,87,35,0,0,0.018863998041375934,-0.00705716733994369,-0.005055698371893744
1,88,35,0,0,0.018882360142000246,-0.006714408128289877,-0.004841473864610112
1,89,35,0,0,0.018943567144081283,-0.00667156322683315,-0.005055698371893744
1,90,35,0,0,0.018882360142000246,-0.006836822132451953,-0.004663973558575101
1,91,35,0,0,0.01891908434324887,-0.00697759823723834,-0.004768025462112866
1,92,35,0,0,0.019090463949075775,-0.006818460031827641,-0.0048231117639858
1,93,35,0,0,0.018992532745746114,-0.006940874035989718,-0.004878198065858734
1,94,35,0,0,0.019084343248867673,-0.006836822132451953,-0.004798628963153384
1,95,35,0,0,0.018937446443873178,-0.006689925327457461,-0.004780266862529073
1,96,35,0,0,0.018766066838046273,-0.006836822132451953,-0.0046517321581588935
1,97,35,0,0,0.01910270534949198,-0.006438976618925204,-0.004780266862529073
1,98,35,0,0,0.0191271881503244,-0.006610356224752112,-0.004768025462112866
1,99,35,0,0,0.018998653445954215,-0.006928632635573509,-0.004798628963153384
2,0,0,35,0,0.006604235524544008,-0.017462357693720162,-0.1582139796792753
2,1,0,35,0,0.0065919941241278,-0.017064512180193413,-0.1586730321948831
2,2,0,35,0,0.006732770228914188,-0.01744399559309585,-0.15856898029134534
2,3,0,35,0,0.006732770228914188,-0.01744399559309585,-0.15856898029134534
2,4,0,35,0,0.006524666421838658,-0.017021667278736687,-0.15877096339821276
2,5,0,35,0,0.006628718325376423,-0.017284857387685152,-0.1585567388909291
2,6,0,35,0,0.00667156322683315,-0.01744399559309585,-0.15844044558697515
2,7,0,35,0,0.006585873423919697,-0.017290978087893254,-0.15863630799363446
2,8,0,35,0,0.007002081038070755,-0.01740115069163912,-0.1583914799853103
2,9,0,35,0,0.006732770228914188,-0.01740115069163912,-0.1587342391969641
2,10,0,35,0,0.006555269922879177,-0.01743787489288775,-0.15846492838780757
2,11,0,35,0,0.0065919941241278,-0.01718692618435549,-0.158373117884686
2,12,0,35,0,0.0065185457216305545,-0.017431754192679644,-0.15830579018239688
2,13,0,35,0,0.006665442526625045,-0.017462357693720162,-0.15836699718447791
2,14,0,35,0,0.006426735218508997,-0.017303219488309464,-0.15860570449259395
2,15,0,35,0,0.006426735218508997,-0.017303219488309464,-0.15860570449259395
2,16,0,35,0,0.006206390011017261,-0.017150201983106867,-0.1585138939894724
2,17,0,35,0,0.006622597625168319,-0.01749296119476068,-0.1585261353898886
2,18,0,35,0,0.006506304321214347,-0.017284857387685152,-0.1587342391969641
2,19,0,35,0,0.006530787122046762,-0.017309340188517566,-0.1585200146896805
2,20,0,35,0,0.006487942220590036,-0.01723589178602032,-0.15891173950299914
2,21,0,35,0,0.006475700820173828,-0.017358305790182396,-0.15844656628718326
2,22,0,35,0,0.006677683927041253,-0.017278736687477047,-0.15846492838780757
2,23,0,35,0,0.00672052882849798,-0.0173644264903905,-0.1583792385848941
2,24,0,35,0,0.006512425021422451,-0.017242012486228427,-0.15846492838780757
2,25,0,35,0,0.006775615130370914,-0.017254253886644633,-0.15842820418655895
2,26,0,35,0,0.006530787122046762,-0.017309340188517566,-0.1586852735952993
2,27,0,35,0,0.0064818215203819324,-0.01741339209205533,-0.1587342391969641
2,28,0,35,0,0.006555269922879177,-0.017162443383523074,-0.15844044558697515
2,29,0,35,0,0.006506304321214347,-0.017284857387685152,-0.1586852735952993
2,30,0,35,0,0.006659321826416942,-0.017511323295384993,-0.1583792385848941
2,31,0,35,0,0.006445097319133309,-0.017529685396009305,-0.15848329048843188
2,32,0,35,0,0.0067450116293303955,-0.017376667890806708,-0.1588688946015424
2,33,0,35,0,0.0065919941241278,-0.017321581588933772,-0.15854449749051291
2,34,0,35,0,0.006757253029746603,-0.017260374586852735,-0.15835475578406172
2,35,0,35,0,0.006585873423919697,-0.017278736687477047,-0.15825070388052392
2,36,0,35,0,0.006824580732035746,-0.017211408985187908,-0.15826294528094015
2,37,0,35,0,0.006665442526625045,-0.017327702289141877,-0.15857510099155342
2,38,0,35,0,0.00654302852246297,-0.017321581588933772,-0.15854449749051291
2,39,0,35,0,0.00654302852246297,-0.01734606438976619,-0.15861182519280206
2,40,0,35,0,0.006628718325376423,-0.01734606438976619,-0.15861182519280206
2,41,0,35,0,0.006298200514138817,-0.017284857387685152,-0.15855061819072103
2,42,0,35,0,0.006689925327457461,-0.017272615987268945,-0.1583425143836455
2,43,0,35,0,0.006579752723711594,-0.017505202595176888,-0.15878932549883706
2,44,0,35,0,0.006579752723711594,-0.017486840494552576,-0.15872199779654791
2,45,0,35,0,0.006494062920798139,-0.01739502999143102,-0.15877708409842087
2,46,0,35,0,0.006751132329538499,-0.017517443995593095,-0.1585567388909291
2,47,0,35,0,0.006494062920798139,-0.017015546578528586,-0.15832415228302116
2,48,0,35,0,0.0065185457216305545,-0.017529685396009305,-0.15853225609009672
2,49,0,35,0,0.006279838413514506,-0.017419512792263437,-0.15844656628718326
2,50,0,35,0,0.006598114824335905,-0.017223650385604115,-0.1586791528950912
2,51,0,35,0,0.0064634594197576205,-0.017370547190598603,-0.1586852735952993
2,52,0,35,0,0.006714408128289877,-0.01711959848206635,-0.15855061819072103
2,53,0,35,0,0.006738890929122292,-0.017333822989349983,-0.15864854939405068
2,54,0,35,0,0.006665442526625045,-0.017511323295384993,-0.15857510099155342
2,55,0,35,0,0.006702166727873669,-0.01709511568123393,-0.15853225609009672
2,56,0,35,0,0.006702166727873669,-0.01866201493450851,-0.15843432488676706
2,57,0,35,0,0.006353286816011753,-0.017333822989349983,-0.15843432488676706
2,58,0,35,0,0.006647080426000734,-0.017229771085812216,-0.158666911494675
2,59,0,35,0,0.006426735218508997,-0.017358305790182396,-0.15875872199779656
2,60,0,35,0,0.006665442526625045,-0.01721752968539601,-0.15859958379238587
2,61,0,35,0,0.006708287428081773,-0.017333822989349983,-0.15844656628718326
2,62,0,35,0,0.006567511323295384,-0.017370547190598603,-0.1585138939894724
2,63,0,35,0,0.006757253029746603,-0.017505202595176888,-0.15808544497490512
2,64,0,35,0,0.0065736320235034885,-0.017597013098298444,-0.15838535928510222
2,65,0,35,0,0.006408373117884686,-0.01735218508997429,-0.15829354878198065
2,66,0,35,0,0.0065919941241278,-0.017370547190598603,-0.15839760068551842
2,67,0,35,0,0.0065736320235034885,-0.017358305790182396,-0.15856285959113722
2,68,0,35,0,0.006567511323295384,-0.01723589178602032,-0.1585383767903048
2,69,0,35,0,0.0067266495287060845,-0.017321581588933772,-0.1581833761782348
2,70,0,35,0,0.006738890929122292,-0.017254253886644633,-0.1583486350838536
2,71,0,35,0,0.00654302852246297,-0.01738278859101481,-0.15835475578406172
2,72,0,35,0,0.006885787734116783,-0.01740115069163912,-0.15842820418655895
2,73,0,35,0,0.006665442526625045,-0.017272615987268945,-0.15861794589301018
2,74,0,35,0,0.006702166727873669,-0.017321581588933772,-0.15853225609009672
2,75,0,35,0,0.006659321826416942,-0.017468478393928268,-0.158373117884686
2,76,0,35,0,0.0065369078222548655,-0.017339943689558084,-0.15854449749051291
2,77,0,35,0,0.006714408128289877,-0.017254253886644633,-0.15880156689925326
2,78,0,35,0,0.006616476924960216,-0.017511323295384993,-0.15862406659321826
2,79,0,35,0,0.006616476924960216,-0.017260374586852735,-0.15842208348635084
2,80,0,35,0,0.006469580119965725,-0.017260374586852735,-0.15815889337740235
2,81,0,35,0,0.00654302852246297,-0.017150201983106867,-0.15815889337740235
2,82,0,35,0,0.00641449381809279,-0.01712571918227445,-0.15855061819072103
2,83,0,35,0,0.006665442526625045,-0.017499081894968786,-0.15857510099155342
2,84,0,35,0,0.006928632635573509,-0.01721752968539601,-0.15844656628718326
2,85,0,35,0,0.006751132329538499,-0.01765209940017138,-0.15842208348635084
2,86,0,35,0,0.006806218631411433,-0.017205288284979803,-0.1583792385848941
2,87,0,35,0,0.006469580119965725,-0.017162443383523074,-0.15866079079446688
2,88,0,35,0,0.0065369078222548655,-0.017486840494552576,-0.158666911494675
2,89,0,35,0,0.00672052882849798,-0.01717468478393928,-0.1585200146896805
2,90,0,35,0,0.006738890929122292,-0.017327702289141877,-0.15843432488676706
2,91,0,35,0,0.006757253029746603,-0.017388909291222915,-0.1583914799853103
2,92,0,35,0,0.00654302852246297,-0.01723589178602032,-0.158373117884686
2,93,0,35,0,0.006702166727873669,-0.01749296119476068,-0.1582445831803158
2,94,0,35,0,0.006561390623087281,-0.017242012486228427,-0.1585200146896805
2,95,0,35,0,0.006561390623087281,-0.017456236993512057,-0.15865467009425877
2,96,0,35,0,0.006787856530787122,-0.017242012486228427,-0.15840984208593462
2,97,0,35,0,0.006445097319133309,-0.017388909291222915,-0.15864854939405068
2,98,0,35,0,0.006946994736197821,-0.017272615987268945,-0.15829354878198065
2,99,0,35,0,0.0067633737299547065,-0.01742563349247154,-0.15840984208593462
3,0,35,35,0,0.039301016036234544,0.002895091198433101,-0.043028522462969766
3,1,35,35,0,0.03908067082874281,0.0031888848084220835,-0.04298567756151304
3,2,35,35,0,0.039056188027910395,0.0030297466030113846,-0.043230505569837194
3,3,35,35,0,0.03903782592728608,0.002895091198433101,-0.04298567756151304
3,4,35,35,0,0.03931937813685886,0.002791039294895336,-0.04299179826172114
3,5,35,35,0,0.03931937813685886,0.002791039294895336,-0.04299179826172114
3,6,35,35,0,0.039411188639980416,0.0030664708042600075,-0.04318153996817236
3,7,35,35,0,0.03913575713061575,0.003011384502387073,-0.04331007467254254
3,8,35,35,0,0.03910515362957522,0.0029685396009303464,-0.04301016036234545
3,9,35,35,0,0.03949687844289387,0.0031215571061329415,-0.04321214346921288
3,10,35,35,0,0.03903170522707798,0.0030419880034275922,-0.04349369567878565
3,11,35,35,0,0.03921532623332109,0.0031582813073815644,-0.04325498837066961
3,12,35,35,0,0.03933774023748317,0.003017505202595177,-0.04327947117150202
3,13,35,35,0,0.03916023993144816,0.002852246296976374,-0.04323662627004529
3,14,35,35,0,0.039129636430407636,0.0031276778063410457,-0.04318153996817236
3,15,35,35,0,0.039013343126453666,0.0031031950055086304,-0.043028522462969766
3,16,35,35,0,0.03908679152895091,0.0032806953115436404,-0.043230505569837194
3,17,35,35,0,0.039056188027910395,0.0030236259028032808,-0.04305912596401028
3,18,35,35,0,0.03923980903415351,0.0031705227077977725,-0.04315093646713184
3,19,35,35,0,0.03946627494185335,0.0030664708042600075,-0.04321214346921288
3,20,35,35,0,0.0392214469335292,0.0031215571061329415,-0.0432427469702534
3,21,35,35,0,0.03911739502999143,0.003243971110295018,-0.04313257436650753
3,22,35,35,0,0.038970498224996944,0.0029685396009303464,-0.04313869506671563
3,23,35,35,0,0.03896437752478883,0.0032562125107112256,-0.043230505569837194
3,24,35,35,0,0.03896437752478883,0.0032562125107112256,-0.04329171257191823
3,25,35,35,0,0.0392336883339454,0.0032133676092544984,-0.04329171257191823
3,26,35,35,0,0.03902558452686987,0.003017505202595177,-0.04319378136858857
3,27,35,35,0,0.03898886032562125,0.002827763496143959,-0.04319990206879667
3,28,35,35,0,0.03934998163789938,0.003164402007589668,-0.043169298567756156
3,29,35,35,0,0.0392336883339454,0.003164402007589668,-0.04313869506671563
3,30,35,35,0,0.03887256702166728,0.0030848329048843185,-0.04304076386338597
3,31,35,35,0,0.03920920553311299,0.002986901701554658,-0.04318153996817236
3,32,35,35,0,0.03901946382666177,0.0032562125107112256,-0.04311421226588322
3,33,35,35,0,0.03895213612437263,0.003035867303219488,-0.04321214346921288
3,34,35,35,0,0.03931937813685886,0.00292569469947362,-0.04307748806463459
3,35,35,35,0,0.03905006732770229,0.0030848329048843185,-0.04311421226588322
3,36,35,35,0,0.039301016036234544,0.0031215571061329415,-0.04311421226588322
3,37,35,35,0,0.03905006732770229,0.00297466030113845,-0.043046884563594075
3,38,35,35,0,0.03900722242624556,0.0029379360998898272,-0.043218264169420983
3,39,35,35,0,0.03916023993144816,0.0030052638021789693,-0.04306524666421839
3,40,35,35,0,0.03898273962541315,0.0030603501040519033,-0.0432488676704615
3,41,35,35,0,0.0392336883339454,0.003237850410086914,-0.04318153996817236
3,42,35,35,0,0.03924592973436161,0.0031154364059248377,-0.043144815766923736
3,43,35,35,0,0.039154119231240056,0.003139919206757253,-0.04326722977108581
3,44,35,35,0,0.03919084343248867,0.002784918594687232,-0.04282653935610234
3,45,35,35,0,0.03920920553311299,0.0029624189007222425,-0.04312645366629943
3,46,35,35,0,0.03920920553311299,0.0029624189007222425,-0.04312645366629943
3,47,35,35,0,0.03911127432978333,0.0029379360998898272,-0.04319378136858857
3,48,35,35,0,0.03906230872811849,0.0028400048965601665,-0.042918349859223895
3,49,35,35,0,0.0390684294283266,0.0032317297098788103,-0.04310809156567511
3,50,35,35,0,0.039386705839148,0.003164402007589668,-0.043169298567756156
3,51,35,35,0,0.03931325743665075,0.0030664708042600075,-0.04319990206879667
3,52,35,35,0,0.039288774635818334,0.003305178112376056,-0.043218264169420983
3,53,35,35,0,0.03916636063165626,0.0030419880034275922,-0.04286326355735096
3,54,35,35,0,0.038897049822499696,0.0028094013955196474,-0.04319990206879667
3,55,35,35,0,0.03924592973436161,0.002919573999265516,-0.043028522462969766
3,56,35,35,0,0.03916636063165626,0.0031582813073815644,-0.042759211653813196
3,57,35,35,0,0.03912351573019954,0.003341902313624678,-0.043261109070877705
3,58,35,35,0,0.039056188027910395,0.0029012118986412047,-0.043303953972334434
3,59,35,35,0,0.03909291222915902,0.0030542294038438,-0.04337740237483168
3,60,35,35,0,0.03920308483290488,0.0029562982005141387,-0.04313869506671563
3,61,35,35,0,0.03919084343248867,0.0031460399069653568,-0.04329783327212633
3,62,35,35,0,0.03926429183498592,0.0031521606071734606,-0.042924470559432
3,63,35,35,0,0.039154119231240056,0.0029685396009303464,-0.04300403966213735
3,64,35,35,0,0.039423430040396626,0.0030603501040519033,-0.04319990206879667
3,65,35,35,0,0.03899498102582936,0.0030236259028032808,-0.04318153996817236
3,66,35,35,0,0.03919084343248867,0.00336026441424899,-0.04334067817358306
3,67,35,35,0,0.03946015424164524,0.0032317297098788103,-0.04306524666421839
3,68,35,35,0,0.03946015424164524,0.0032317297098788103,-0.04306524666421839
3,69,35,35,0,0.03898273962541315,0.0029501775003060353,-0.04307748806463459
3,70,35,35,0,0.03908067082874281,0.0032562125107112256,-0.04337128167462358
3,71,35,35,0,0.039172481331864364,0.0030052638021789693,-0.04332843677316685
3,72,35,35,0,0.03914799853103195,0.0030603501040519033,-0.043261109070877705
3,73,35,35,0,0.03912351573019954,0.003133798506549149,-0.043273350471293916
3,74,35,35,0,0.03881136001958624,0.0031276778063410457,-0.04350593707920186
3,75,35,35,0,0.03916023993144816,0.0029501775003060353,-0.04310809156567511
3,76,35,35,0,0.03932549883706696,0.002913453299057412,-0.04346921287795324
3,77,35,35,0,0.0390745501285347,0.0030970743053005266,-0.04310197086546701
3,78,35,35,0,0.03926429183498592,0.0031276778063410457,-0.04323662627004529
3,79,35,35,0,0.03903782592728608,0.003243971110295018,-0.04310809156567511
3,80,35,35,0,0.039172481331864364,0.002944056800097931,-0.043046884563594075
3,81,35,35,0,0.03911739502999143,0.0030052638021789693,-0.04335904027420737
3,82,35,35,0,0.039270412535194026,0.003139919206757253,-0.04295507406047252
3,83,35,35,0,0.03920920553311299,0.0030603501040519033,-0.04342636797649651
3,84,35,35,0,0.039282653935610236,0.003262333210919329,-0.043089729465050804
3,85,35,35,0,0.03903170522707798,0.0030848329048843185,-0.04332231607295874
3,86,35,35,0,0.0390684294283266,0.0030664708042600075,-0.043144815766923736
3,87,35,35,0,0.03920308483290488,0.003243971110295018,-0.04306524666421839
3,88,35,35,0,0.03900722242624556,0.0030236259028032808,-0.0432427469702534
3,89,35,35,0,0.03903782592728608,0.0031888848084220835,-0.04278369445464561
3,90,35,35,0,0.039154119231240056,0.003011384502387073,-0.0432427469702534
3,91,35,35,0,0.03919084343248867,0.0031766434080058763,-0.04322438486962908
3,92,35,35,0,0.039013343126453666,0.002907332598849308,-0.04328559187171012
3,93,35,35,0,0.039129636430407636,0.0030725915044681113,-0.0430836087648427
3,94,35,35,0,0.03909291222915902,0.0032990574121679523,-0.043316195372750645
3,95,35,35,0,0.039056188027910395,0.0032133676092544984,-0.04319990206879667
3,96,35,35,0,0.039043946627494185,0.0030419880034275922,-0.04342636797649651
3,97,35,35,0,0.03931325743665075,0.003433712816746236,-0.04290610845880769
3,98,35,35,0,0.03931325743665075,0.003433712816746236,-0.04290610845880769
3,99,35,35,0,0.03920920553311299,0.0031582813073815644,-0.04323662627004529
