values,,position,position,position,Magnetometer,Magnetometer,Magnetometer
axis,,x,y,z,x,y,z
Sensor,Sample,,,,,,
0,0,0,0,0,-0.02423185212388297,-0.04840861794589301,-0.06403476557718203
0,1,0,0,0,-0.02423185212388297,-0.04840861794589301,-0.06403476557718203
0,2,0,0,0,-0.024427714530542294,-0.048543273350471296,-0.06413881748071978
0,3,0,0,0,-0.024029869017015544,-0.04831068674256335,-0.06436528338841964
0,4,0,0,0,-0.024029869017015544,-0.04831068674256335,-0.06436528338841964
0,5,0,0,0,-0.02418288652221814,-0.04829844534214714,-0.06413269678051169
0,6,0,0,0,-0.024189007222426246,-0.04845146284734973,-0.06421838658342514
0,7,0,0,0,-0.024115558819929002,-0.04842085934630922,-0.06442036969029256
0,8,0,0,0,-0.024115558819929002,-0.04842085934630922,-0.06442036969029256
0,9,0,0,0,-0.02418288652221814,-0.04824947974048231,-0.06427347288529808
0,10,0,0,0,-0.024378748928877463,-0.04850042844901457,-0.06407761047863876
0,11,0,0,0,-0.024378748928877463,-0.04850042844901457,-0.06407761047863876
0,12,0,0,0,-0.023938058513893988,-0.048231117639858004,-0.06426735218508997
0,13,0,0,0,-0.02412780022034521,-0.04859835965234423,-0.06423062798384135
0,14,0,0,0,-0.02412780022034521,-0.04859835965234423,-0.06423062798384135
0,15,0,0,0,-0.02406659321826417,-0.04848206634839026,-0.06431631778675481
0,16,0,0,0,-0.024060472518056066,-0.04839637654547681,-0.06454890439466275
0,17,0,0,0,-0.024060472518056066,-0.04839637654547681,-0.06454890439466275
0,18,0,0,0,-0.024237972824091077,-0.04829232464193904,-0.0643101970865467
0,19,0,0,0,-0.023968662014934507,-0.04846370424776594,-0.06435916268821154
0,20,0,0,0,-0.023968662014934507,-0.04846370424776594,-0.06435916268821154
0,21,0,0,0,-0.023944179214102093,-0.04837801444485249,-0.06432243848696291
0,22,0,0,0,-0.024170645121801934,-0.04857387685151181,-0.06426123148488187
0,23,0,0,0,-0.024170645121801934,-0.04857387685151181,-0.06426123148488187
0,24,0,0,0,-0.024286938425755904,-0.048359652344228184,-0.06423062798384135
0,25,0,0,0,-0.02423185212388297,-0.04843922144693353,-0.06412657608030359
0,26,0,0,0,-0.02423185212388297,-0.04843922144693353,-0.06412657608030359
0,27,0,0,0,-0.024060472518056066,-0.04825560044069042,-0.06435916268821154
0,28,0,0,0,-0.02437262822866936,-0.04826784184110662,-0.06405924837801444
0,29,0,0,0,-0.02413392092055331,-0.04828620394173093,-0.06406536907822255
0,30,0,0,0,-0.02413392092055331,-0.04828620394173093,-0.06406536907822255
0,31,0,0,0,-0.02417676582201004,-0.048561635451095604,-0.06407761047863876
0,32,0,0,0,-0.02414616232096952,-0.048445342147141635,-0.0643101970865467
0,33,0,0,0,-0.02414616232096952,-0.048445342147141635,-0.0643101970865467
0,34,0,0,0,-0.024170645121801934,-0.04847594564818215,-0.06443873179091689
0,35,0,0,0,-0.02413392092055331,-0.04821275553923369,-0.06429795568613049
0,36,0,0,0,-0.02413392092055331,-0.04821275553923369,-0.06429795568613049
0,37,0,0,0,-0.023962541314726405,-0.04846370424776594,-0.0641633002815522
0,38,0,0,0,-0.024017627616599337,-0.04831068674256335,-0.06416942098176032
0,39,0,0,0,-0.024017627616599337,-0.04831068674256335,-0.06416942098176032
0,40,0,0,0,-0.023980903415350717,-0.048390255845268695,-0.06416942098176032
0,41,0,0,0,-0.024274697025339697,-0.04825560044069042,-0.06419390378259274
0,42,0,0,0,-0.024274697025339697,-0.04825560044069042,-0.06419390378259274
0,43,0,0,0,-0.023980903415350717,-0.04843922144693353,-0.06404700697759824
0,44,0,0,0,-0.02421349002325866,-0.04832292814297955,-0.06408373117884686
0,45,0,0,0,-0.02421349002325866,-0.04832292814297955,-0.06408373117884686
0,46,0,0,0,-0.024329783327212633,-0.04848818704859836,-0.06427347288529808
0,47,0,0,0,-0.02435426612804505,-0.04826784184110662,-0.06435916268821154
0,48,0,0,0,-0.024201248622842453,-0.04831068674256335,-0.06410821397967928
0,49,0,0,0,-0.024140041620761415,-0.04818215203819317,-0.06423062798384135
0,50,0,0,0,-0.024115558819929002,-0.04856775615130371,-0.06420614518300893
0,51,0,0,0,-0.023999265515975025,-0.048561635451095604,-0.06409597257926307
0,52,0,0,0,-0.024048231117639856,-0.048414738646101116,-0.06415105888113601
0,53,0,0,0,-0.024048231117639856,-0.048457583547557845,-0.06397355857510098
0,54,0,0,0,-0.02413392092055331,-0.048457583547557845,-0.06397355857510098
0,55,0,0,0,-0.024225731423674866,-0.04843922144693353,-0.06426735218508997
0,56,0,0,0,-0.024286938425755904,-0.04848206634839026,-0.06423674868404947
0,57,0,0,0,-0.024219610723466765,-0.04857999755171992,-0.06421226588321703
0,58,0,0,0,-0.023974782715142612,-0.048218876239441794,-0.06436528338841964
0,59,0,0,0,-0.02426245562492349,-0.04824947974048231,-0.0643101970865467
0,60,0,0,0,-0.02410331741951279,-0.04842085934630922,-0.06429183498592239
0,61,0,0,0,-0.024311421226588324,-0.04851266984943077,-0.06438364548904395
0,62,0,0,0,-0.023962541314726405,-0.04837801444485249,-0.06408985187905496
0,63,0,0,0,-0.02423185212388297,-0.048561635451095604,-0.06406536907822255
0,64,0,0,0,-0.024084955318888483,-0.04850042844901457,-0.06435304198800343
0,65,0,0,0,-0.024017627616599337,-0.04833516954339576,-0.06426735218508997
0,66,0,0,0,-0.02416452442159383,-0.04866568735463337,-0.06429795568613049
0,67,0,0,0,-0.024158403721385727,-0.048261721140898516,-0.06472028400048965
0,68,0,0,0,-0.024158403721385727,-0.04824947974048231,-0.06386950667156323
0,69,0,0,0,-0.02412780022034521,-0.04824947974048231,-0.06386950667156323
0,70,0,0,0,-0.024121679520137104,-0.04849430774880646,-0.06445097319133308
0,71,0,0,0,-0.024207369323050558,-0.04846982494797405,-0.06411433467988738
0,72,0,0,0,-0.02423185212388297,-0.048390255845268695,-0.06440812828987637
0,73,0,0,0,-0.024268576325131595,-0.04839637654547681,-0.06440812828987637
0,74,0,0,0,-0.024017627616599337,-0.04840861794589301,-0.06402252417676582
0,75,0,0,0,-0.02412780022034521,-0.04822499693964989,-0.06426735218508997
0,76,0,0,0,-0.02412780022034521,-0.048304566042355244,-0.06435304198800343
0,77,0,0,0,-0.024054351817847965,-0.04842698004651732,-0.06411433467988738
0,78,0,0,0,-0.024152283021177622,-0.04851266984943077,-0.06433467988737912
0,79,0,0,0,-0.024237972824091077,-0.04853715265026319,-0.06361243726282287
0,80,0,0,0,-0.02414616232096952,-0.04837189374464439,-0.06407761047863876
0,81,0,0,0,-0.02424409352429918,-0.048273962541314726,-0.0644570938915412
0,82,0,0,0,-0.024152283021177622,-0.04831068674256335,-0.06423674868404947
0,83,0,0,0,-0.023999265515975025,-0.04849430774880646,-0.06427959358550618
0,84,0,0,0,-0.023999265515975025,-0.04849430774880646,-0.06427959358550618
0,85,0,0,0,-0.023944179214102093,-0.048390255845268695,-0.06433467988737912
0,86,0,0,0,-0.024109438119720897,-0.04825560044069042,-0.06407761047863876
0,87,0,0,0,-0.0239502999143102,-0.04857999755171992,-0.06431631778675481
0,88,0,0,0,-0.023993144815766924,-0.04843922144693353,-0.06416942098176032
0,89,0,0,0,-0.02414616232096952,-0.048316807442771455,-0.06401028277634961
0,90,0,0,0,-0.024201248622842453,-0.04842085934630922,-0.06418778308238463
0,91,0,0,0,-0.02426245562492349,-0.04848206634839026,-0.06424899008446566
0,92,0,0,0,-0.024091076019096585,-0.048414738646101116,-0.06401028277634961
0,93,0,0,0,-0.024121679520137104,-0.04829232464193904,-0.0641571795813441
0,94,0,0,0,-0.02416452442159383,-0.04853715265026319,-0.06415105888113601
0,95,0,0,0,-0.0239502999143102,-0.04846370424776594,-0.0641449381809279
0,96,0,0,0,-0.02442159383033419,-0.048433100746725424,-0.06420002448280084
0,97,0,0,0,-0.024140041620761415,-0.048231117639858004,-0.06427959358550618
0,98,0,0,0,-0.02417676582201004,-0.04847594564818215,-0.06416942098176032
0,99,0,0,0,-0.02417676582201004,-0.04847594564818215,-0.06416942098176032
1,0,35,0,0,0.020039172481331864,-0.009603378626514874,-0.008856653201126208
1,1,35,0,0,0.020088138082996695,-0.009707430530052638,-0.0090035500061207
1,2,35,0,0,0.020088138082996695,-0.009854327335047128,-0.008758721997796547
1,3,35,0,0,0.020088138082996695,-0.009854327335047128,-0.008758721997796547
1,4,35,0,0,0.02017994858611825,-0.00967682702901212,-0.008850532500918105
1,5,35,0,0,0.020057534581956176,-0.009401395519647446,-0.008679152895091198
1,6,35,0,0,0.020057534581956176,-0.009401395519647446,-0.008679152895091198
1,7,35,0,0,0.0201003794834129,-0.00967682702901212,-0.008832170400293795
1,8,35,0,0,0.020253396988615495,-0.009621740727139184,-0.008807687599461378
1,9,35,0,0,0.020253396988615495,-0.009621740727139184,-0.008807687599461378
1,10,35,0,0,0.01986779287550496,-0.009738034031093157,-0.008905618802791039
1,11,35,0,0,0.020308483290488434,-0.009958379238584895,-0.00908311910882605
1,12,35,0,0,0.020308483290488434,-0.009958379238584895,-0.009040274207369322
1,13,35,0,0,0.020082017382788593,-0.009462602521728486,-0.009040274207369322
1,14,35,0,0,0.020088138082996695,-0.009652344228179703,-0.008997429305912597
1,15,35,0,0,0.020082017382788593,-0.009658464928387808,-0.008850532500918105
1,16,35,0,0,0.020082017382788593,-0.009658464928387808,-0.008850532500918105
1,17,35,0,0,0.020039172481331864,-0.00974415473130126,-0.00882604970008569
1,18,35,0,0,0.020247276288407393,-0.009731913330885054,-0.00874648059738034
1,19,35,0,0,0.020247276288407393,-0.009731913330885054,-0.00874648059738034
1,20,35,0,0,0.020137103684661525,-0.00961562002693108,-0.009076998408617946
1,21,35,0,0,0.02027175908923981,-0.009523809523809523,-0.009125964010282777
1,22,35,0,0,0.02027175908923981,-0.009523809523809523,-0.009125964010282777
1,23,35,0,0,0.019977965479250827,-0.009603378626514874,-0.009076998408617946
1,24,35,0,0,0.020186069286326356,-0.00941975762027176,-0.009101481209450361
1,25,35,0,0,0.020186069286326356,-0.00941975762027176,-0.008966825804872078
1,26,35,0,0,0.019941241278002203,-0.009401395519647446,-0.008966825804872078
1,27,35,0,0,0.020314603990696536,-0.009707430530052638,-0.009076998408617946
1,28,35,0,0,0.020167707185702044,-0.009450361121312279,-0.008991308605704493
1,29,35,0,0,0.020167707185702044,-0.009450361121312279,-0.008991308605704493
1,30,35,0,0,0.020106500183621007,-0.009321826416942099,-0.008764842698004652
1,31,35,0,0,0.020118741584037213,-0.009536050924225731,-0.009034153507161219
1,32,35,0,0,0.020118741584037213,-0.009536050924225731,-0.009034153507161219
1,33,35,0,0,0.020033051781123763,-0.009652344228179703,-0.008899498102582936
1,34,35,0,0,0.020118741584037213,-0.009450361121312279,-0.008930101603623454
1,35,35,0,0,0.020118741584037213,-0.009450361121312279,-0.008930101603623454
1,36,35,0,0,0.020075896682580488,-0.00938915411923124,-0.008789325498837066
1,37,35,0,0,0.020137103684661525,-0.009866568735463337,-0.008905618802791039
1,38,35,0,0,0.020137103684661525,-0.009866568735463337,-0.008905618802791039
1,39,35,0,0,0.02035744889215326,-0.0096462235279716,-0.008960705104663975
1,40,35,0,0,0.020265638389031705,-0.009505447423185213,-0.008948463704247766
1,41,35,0,0,0.019959603378626515,-0.00969518912963643,-0.008850532500918105
1,42,35,0,0,0.019959603378626515,-0.00969518912963643,-0.008850532500918105
1,43,35,0,0,0.020069775982372383,-0.00961562002693108,-0.008972946505080182
1,44,35,0,0,0.02006365528216428,-0.009664585628595911,-0.008660790794466886
1,45,35,0,0,0.02006365528216428,-0.009664585628595911,-0.008660790794466886
1,46,35,0,0,0.019935120577794098,-0.00969518912963643,-0.008642428693842576
1,47,35,0,0,0.020216672787366875,-0.009376912718815033,-0.00895458440445587
1,48,35,0,0,0.02035744889215326,-0.009603378626514874,-0.009174929611947606
1,49,35,0,0,0.02017382788591015,-0.009376912718815033,-0.009089239809034155
1,50,35,0,0,0.020149345085077732,-0.0098053617333823,-0.008868894601542417
1,51,35,0,0,0.02014322438486963,-0.009689068429428327,-0.008930101603623454
1,52,35,0,0,0.019996327579875135,-0.009609499326722977,-0.00895458440445587
1,53,35,0,0,0.02000244828008324,-0.009652344228179703,-0.008807687599461378
1,54,35,0,0,0.02000244828008324,-0.009462602521728486,-0.008899498102582936
1,55,35,0,0,0.02014322438486963,-0.009462602521728486,-0.008899498102582936
1,56,35,0,0,0.02006365528216428,-0.009487085322560901,-0.008960705104663975
1,57,35,0,0,0.020106500183621007,-0.009701309829844535,-0.008966825804872078
1,58,35,0,0,0.020137103684661525,-0.009719671930468845,-0.008862773901334314
1,59,35,0,0,0.020137103684661525,-0.009786999632757988,-0.00905251560778553
1,60,35,0,0,0.019861672175296854,-0.009505447423185213,-0.009156567511323295
1,61,35,0,0,0.020075896682580488,-0.00961562002693108,-0.008972946505080182
1,62,35,0,0,0.020014689680499447,-0.009689068429428327,-0.008832170400293795
1,63,35,0,0,0.02000244828008324,-0.009407516219855552,-0.008936222303831558
1,64,35,0,0,0.020253396988615495,-0.009652344228179703,-0.009034153507161219
1,65,35,0,0,0.020033051781123763,-0.009536050924225731,-0.009107601909658465
1,66,35,0,0,0.020082017382788593,-0.009572775125474355,-0.009034153507161219
1,67,35,0,0,0.019990206879667034,-0.009456481821520382,-0.009028032806953116
1,68,35,0,0,0.020253396988615495,-0.009456481821520382,-0.00905251560778553
1,69,35,0,0,0.02014322438486963,-0.009358550618190721,-0.008862773901334314
1,70,35,0,0,0.02004529318153997,-0.00938915411923124,-0.008789325498837066
1,71,35,0,0,0.019849430774880647,-0.009609499326722977,-0.00908311910882605
1,72,35,0,0,0.020192189986534458,-0.009817603133798506,-0.008960705104663975
1,73,35,0,0,0.020192189986534458,-0.009817603133798506,-0.008960705104663975
1,74,35,0,0,0.020069775982372383,-0.009505447423185213,-0.008673032194883095
1,75,35,0,0,0.02013098298445342,-0.009731913330885054,-0.008862773901334314
1,76,35,0,0,0.02013098298445342,-0.009401395519647446,-0.00882604970008569
1,77,35,0,0,0.020106500183621007,-0.009364671318398824,-0.008819928999877585
1,78,35,0,0,0.02021055208715877,-0.009731913330885054,-0.008721997796547925
1,79,35,0,0,0.020284000489656017,-0.009493206022769004,-0.008948463704247766
1,80,35,0,0,0.0202595176888236,-0.009474843922144694,-0.008972946505080182
1,81,35,0,0,0.02017382788591015,-0.009682947729220223,-0.008819928999877585
1,82,35,0,0,0.020314603990696536,-0.009603378626514874,-0.00882604970008569
1,83,35,0,0,0.020106500183621007,-0.009682947729220223,-0.008807687599461378
1,84,35,0,0,0.02017994858611825,-0.00969518912963643,-0.00906475700820174
1,85,35,0,0,0.019959603378626515,-0.00941975762027176,-0.008936222303831558
1,86,35,0,0,0.019898396376545478,-0.009707430530052638,-0.008979067205288285
1,87,35,0,0,0.01997184477904272,-0.00987268943567144,-0.008636307993634473
1,88,35,0,0,0.020057534581956176,-0.009542171624433837,-0.008917860203207246
1,89,35,0,0,0.020510466397355858,-0.009658464928387808,-0.008979067205288285
1,90,35,0,0,0.020253396988615495,-0.009652344228179703,-0.009236136614028645
1,91,35,0,0,0.020167707185702044,-0.009456481821520382,-0.009021912106745012
1,92,35,0,0,0.019935120577794098,-0.009511568123393316,-0.009021912106745012
1,93,35,0,0,0.020149345085077732,-0.009591137226098665,-0.008703635695923613
1,94,35,0,0,0.020014689680499447,-0.00974415473130126,-0.008752601297588444
1,95,35,0,0,0.020014689680499447,-0.00974415473130126,-0.008721997796547925
1,96,35,0,0,0.01980658587342392,-0.009603378626514874,-0.008721997796547925
1,97,35,0,0,0.019941241278002203,-0.009572775125474355,-0.009058636307993634
1,98,35,0,0,0.020008568980291346,-0.009793120332966091,-0.008801566899253275
1,99,35,0,0,0.020069775982372383,-0.009603378626514874,-0.008770963398212756
2,0,0,35,0,-0.010839760068551842,0.006347166115803648,-0.1324825560044069
2,1,0,35,0,-0.010735708165014079,0.006022769004774146,-0.1324703146039907
2,2,0,35,0,-0.010735708165014079,0.006022769004774146,-0.1324703146039907
2,3,0,35,0,-0.01062553556126821,0.006322683314971232,-0.13278859101481208
2,4,0,35,0,-0.010662259762516831,0.006426735218508997,-0.132488676704615
2,5,0,35,0,-0.010662259762516831,0.006426735218508997,-0.132488676704615
2,6,0,35,0,-0.010858122169176154,0.006071734606438976,-0.1326294528094014
2,7,0,35,0,-0.01072346676459787,0.0061084588076876,-0.13266617701065003
2,8,0,35,0,-0.01072346676459787,0.0061084588076876,-0.13266617701065003
2,9,0,35,0,-0.010754070265638389,0.006365528216427959,-0.1326172114089852
2,10,0,35,0,-0.010943811972089606,0.006212510711225364,-0.1324825560044069
2,11,0,35,0,-0.010943811972089606,0.006212510711225364,-0.1324825560044069
2,12,0,35,0,-0.010815277267719426,0.006188027910392949,-0.1324825560044069
2,13,0,35,0,-0.010809156567511323,0.005961562002693108,-0.13253764230627985
2,14,0,35,0,-0.01067450116293304,0.006322683314971232,-0.13250091810503123
2,15,0,35,0,-0.01067450116293304,0.006322683314971232,-0.13250091810503123
2,16,0,35,0,-0.010668380462724936,0.005845268698739136,-0.1324825560044069
2,17,0,35,0,-0.01090096707063288,0.006041131105398457,-0.13251315950544743
2,18,0,35,0,-0.01090096707063288,0.006041131105398457,-0.13251315950544743
2,19,0,35,0,-0.010741828865222182,0.006188027910392949,-0.1323050556983719
2,20,0,35,0,-0.010735708165014079,0.006139062308728118,-0.1324519525033664
2,21,0,35,0,-0.010735708165014079,0.006139062308728118,-0.1324519525033664
2,22,0,35,0,-0.010870363569592362,0.006218631411433468,-0.13255600440690415
2,23,0,35,0,-0.01090096707063288,0.006139062308728118,-0.13240910760190966
2,24,0,35,0,-0.01090096707063288,0.006139062308728118,-0.13240910760190966
2,25,0,35,0,-0.010735708165014079,0.006353286816011753,-0.13253764230627985
2,26,0,35,0,-0.010680621863141143,0.006132941608520015,-0.13242746970253397
2,27,0,35,0,-0.010680621863141143,0.006132941608520015,-0.13242746970253397
2,28,0,35,0,-0.010772432366262701,0.0061207002081038065,-0.13240298690170155
2,29,0,35,0,-0.010717346064389765,0.006004406904149834,-0.13240910760190966
2,30,0,35,0,-0.010747949565430286,0.006445097319133309,-0.13255600440690415
2,31,0,35,0,-0.010747949565430286,0.006445097319133309,-0.13255600440690415
2,32,0,35,0,-0.010858122169176154,0.0061084588076876,-0.13251928020565554
2,33,0,35,0,-0.010760190965846492,0.006218631411433468,-0.13229893499816378
2,34,0,35,0,-0.010760190965846492,0.006218631411433468,-0.13229893499816378
2,35,0,35,0,-0.010619414861060106,0.006188027910392949,-0.1325866079079447
2,36,0,35,0,-0.010772432366262701,0.00615742440935243,-0.13242134900232588
2,37,0,35,0,-0.010772432366262701,0.00615742440935243,-0.13242134900232588
2,38,0,35,0,-0.010766311666054598,0.006090096707063288,-0.1324825560044069
2,39,0,35,0,-0.010790794466887011,0.0062920798139307135,-0.13237238340066104
2,40,0,35,0,-0.010790794466887011,0.0062920798139307135,-0.13237238340066104
2,41,0,35,0,-0.010858122169176154,0.006053372505814665,-0.1326294528094014
2,42,0,35,0,-0.010601052760435794,0.0059493206022769,-0.13228057289753947
2,43,0,35,0,-0.010601052760435794,0.0064634594197576205,-0.13231117639857998
2,44,0,35,0,-0.01090096707063288,0.0064634594197576205,-0.13231117639857998
2,45,0,35,0,-0.010888725670216672,0.006022769004774146,-0.13258048720773657
2,46,0,35,0,-0.010833639368343738,0.00615742440935243,-0.1327947117150202
2,47,0,35,0,-0.010833639368343738,0.00615742440935243,-0.1327947117150202
2,48,0,35,0,-0.010784673766678908,0.0062553556126820915,-0.13259272860815277
2,49,0,35,0,-0.010729587464805974,0.006145183008936223,-0.13224996939649897
2,50,0,35,0,-0.010747949565430286,0.006249234912473986,-0.13231117639857998
2,51,0,35,0,-0.010919329171257191,0.006145183008936223,-0.13257436650752846
2,52,0,35,0,-0.01062553556126821,0.005961562002693108,-0.13259884930836088
2,53,0,35,0,-0.010809156567511323,0.006188027910392949,-0.13269678051169054
2,54,0,35,0,-0.010888725670216672,0.005998286203941731,-0.13251928020565554
2,55,0,35,0,-0.010870363569592362,0.006126820908311911,-0.13255600440690415
2,56,0,35,0,-0.011011139674378749,0.0061207002081038065,-0.13255600440690415
2,57,0,35,0,-0.010698983963765455,0.006010527604357939,-0.13242746970253397
2,58,0,35,0,-0.010607173460643899,0.0061023381074794955,-0.1324397111029502
2,59,0,35,0,-0.010790794466887011,0.005918717101236382,-0.13234177989962054
2,60,0,35,0,-0.010282776349614397,0.0060472518056065615,-0.13250703880523934
2,61,0,35,0,-0.010754070265638389,0.00628595911372261,-0.13243359040274208
2,62,0,35,0,-0.010778553066470804,0.006200269310809157,-0.1325866079079447
2,63,0,35,0,-0.010956053372505815,0.0060288897049822505,-0.13236014200024482
2,64,0,35,0,-0.010705104663973558,0.006004406904149834,-0.13244583180315828
2,65,0,35,0,-0.010717346064389765,0.006359407516219856,-0.13274574611335538
2,66,0,35,0,-0.010717346064389765,0.006359407516219856,-0.13274574611335538
2,67,0,35,0,-0.010760190965846492,0.006035010405190354,-0.1326355735096095
2,68,0,35,0,-0.010876484269800465,0.0060656139062308725,-0.1329293671195985
2,69,0,35,0,-0.010827518668135635,0.006298200514138817,-0.13287428081772554
2,70,0,35,0,-0.01080303586730322,0.005986044803525523,-0.13243359040274208
2,71,0,35,0,-0.010876484269800465,0.006359407516219856,-0.132604970008569
2,72,0,35,0,-0.010552087158770963,0.006181907210184845,-0.1324703146039907
2,73,0,35,0,-0.010735708165014079,0.0060656139062308725,-0.13234177989962054
2,74,0,35,0,-0.010864242869384259,0.006267597013098298,-0.13256212510711224
2,75,0,35,0,-0.010705104663973558,0.005986044803525523,-0.1326539356102338
2,76,0,35,0,-0.010870363569592362,0.006261476312890195,-0.13247643530419878
2,77,0,35,0,-0.010827518668135635,0.005992165503733627,-0.13254988370669604
2,78,0,35,0,-0.010552087158770963,0.0061084588076876,-0.13234790059982862
2,79,0,35,0,-0.01062553556126821,0.00628595911372261,-0.132488676704615
2,80,0,35,0,-0.010845880768759947,0.006377769616844167,-0.1326294528094014
2,81,0,35,0,-0.010882604970008569,0.006316562614763129,-0.13234790059982862
2,82,0,35,0,-0.010790794466887011,0.0061207002081038065,-0.1326355735096095
2,83,0,35,0,-0.010790794466887011,0.0061207002081038065,-0.13220712449504224
2,84,0,35,0,-0.010717346064389765,0.0061207002081038065,-0.13220712449504224
2,85,0,35,0,-0.010729587464805974,0.005992165503733627,-0.1323295384992043
2,86,0,35,0,-0.010790794466887011,0.006279838413514506,-0.1323295384992043
2,87,0,35,0,-0.010686742563349247,0.006114579507895703,-0.1328130738156445
2,88,0,35,0,-0.010845880768759947,0.0060656139062308725,-0.13249479740482312
2,89,0,35,0,-0.010864242869384259,0.006175786509976741,-0.13293548781980657
2,90,0,35,0,-0.010882604970008569,0.006377769616844167,-0.13258048720773657
2,91,0,35,0,-0.010778553066470804,0.006151303709144326,-0.13264169420981758
2,92,0,35,0,-0.011023381074794957,0.0062553556126820915,-0.13266617701065003
2,93,0,35,0,-0.01062553556126821,0.0064818215203819324,-0.13246419390378258
2,94,0,35,0,-0.010894846370424777,0.0062737177133064025,-0.13251928020565554
2,95,0,35,0,-0.010570449259395275,0.006175786509976741,-0.13259272860815277
2,96,0,35,0,-0.010992777573754439,0.006077855306647081,-0.13238462480107724
2,97,0,35,0,-0.010607173460643899,0.006420614518300893,-0.13246419390378258
2,98,0,35,0,-0.010870363569592362,0.006206390011017261,-0.13242134900232588
2,99,0,35,0,-0.010662259762516831,0.006139062308728118,-0.13259884930836088
3,0,35,35,0,0.037899375688578776,0.006696046027665566,-0.05310931570571673
3,1,35,35,0,0.037703513281919454,0.00654302852246297,-0.05292569469947363
3,2,35,35,0,0.037703513281919454,0.00654302852246297,-0.05292569469947363
3,3,35,35,0,0.03785041008691394,0.006383890317052271,-0.05310931570571673
3,4,35,35,0,0.03782592728608153,0.006775615130370914,-0.05336638511445709
3,5,35,35,0,0.037929979189619295,0.006683804627249356,-0.05290121189864121
3,6,35,35,0,0.037929979189619295,0.006683804627249356,-0.05290121189864121
3,7,35,35,0,0.03769739258171135,0.006653201126208838,-0.05330517811237605
3,8,35,35,0,0.03786265148733015,0.0065736320235034885,-0.05315216060717346
3,9,35,35,0,0.03786265148733015,0.0065736320235034885,-0.05315216060717346
3,10,35,35,0,0.03791161708899498,0.006616476924960216,-0.05316440200758967
3,11,35,35,0,0.037691271881503244,0.006677683927041253,-0.05324397111029502
3,12,35,35,0,0.037691271881503244,0.006677683927041253,-0.05324397111029502
3,13,35,35,0,0.03793609988982739,0.006475700820173828,-0.05338474721508141
3,14,35,35,0,0.037960582690659814,0.006683804627249356,-0.053133798506549146
3,15,35,35,0,0.037960582690659814,0.006683804627249356,-0.053133798506549146
3,16,35,35,0,0.038229893499816384,0.006628718325376423,-0.05299914310197087
3,17,35,35,0,0.03785653078712205,0.006683804627249356,-0.05298690170155466
3,18,35,35,0,0.03805851389398947,0.006420614518300893,-0.05298078100134655
3,19,35,35,0,0.03805851389398947,0.006420614518300893,-0.05298078100134655
3,20,35,35,0,0.03783204798628963,0.006653201126208838,-0.05323785041008692
3,21,35,35,0,0.03799730689190843,0.006438976618925204,-0.05299914310197087
3,22,35,35,0,0.03799730689190843,0.006438976618925204,-0.05299914310197087
3,23,35,35,0,0.03788101358795446,0.006445097319133309,-0.05298690170155466
3,24,35,35,0,0.038131962296486716,0.006585873423919697,-0.05338474721508141
3,25,35,35,0,0.038131962296486716,0.006585873423919697,-0.05338474721508141
3,26,35,35,0,0.03785041008691394,0.006873546333700575,-0.05326233321091933
3,27,35,35,0,0.03799118619170033,0.006806218631411433,-0.052919573999265515
3,28,35,35,0,0.03799118619170033,0.006806218631411433,-0.052919573999265515
3,29,35,35,0,0.03795446199045171,0.0067450116293303955,-0.05302362590280328
3,30,35,35,0,0.037893254988370664,0.006640959725792631,-0.05302362590280328
3,31,35,35,0,0.037893254988370664,0.0065736320235034885,-0.05310931570571673
3,32,35,35,0,0.038015668992532746,0.0065736320235034885,-0.05310931570571673
3,33,35,35,0,0.03768515118129514,0.006604235524544008,-0.05318276410821397
3,34,35,35,0,0.0377830823846248,0.006579752723711594,-0.05345207491737055
3,35,35,35,0,0.0377830823846248,0.006579752723711594,-0.05345207491737055
3,36,35,35,0,0.03774023748316808,0.0067817358305790176,-0.05309095360509243
3,37,35,35,0,0.03777084098420859,0.006555269922879177,-0.053213367609254505
3,38,35,35,0,0.03777084098420859,0.006555269922879177,-0.053213367609254505
3,39,35,35,0,0.037630064879422206,0.0065001836210062435,-0.052937936099889824
3,40,35,35,0,0.03785653078712205,0.006677683927041253,-0.05313991920675726
3,41,35,35,0,0.03785653078712205,0.006677683927041253,-0.05313991920675726
3,42,35,35,0,0.03783204798628963,0.006640959725792631,-0.053133798506549146
3,43,35,35,0,0.03783204798628963,0.006555269922879177,-0.05339698861549761
3,44,35,35,0,0.03777084098420859,0.0065001836210062435,-0.053286816011751746
3,45,35,35,0,0.03777084098420859,0.0065001836210062435,-0.053286816011751746
3,46,35,35,0,0.03800342759211654,0.006628718325376423,-0.05329905741216795
3,47,35,35,0,0.03784428938670584,0.006683804627249356,-0.052937936099889824
3,48,35,35,0,0.03782592728608153,0.006432855918717101,-0.053078712204676214
3,49,35,35,0,0.03796670339086792,0.006665442526625045,-0.05315216060717346
3,50,35,35,0,0.037929979189619295,0.006634839025584527,-0.05309707430530053
3,51,35,35,0,0.0377830823846248,0.006328804015179336,-0.05325621251071122
3,52,35,35,0,0.037929979189619295,0.006738890929122292,-0.05317052270779778
3,53,35,35,0,0.03797894479128412,0.006561390623087281,-0.05323785041008692
3,54,35,35,0,0.03797894479128412,0.006561390623087281,-0.05361121312278124
3,55,35,35,0,0.03766678908067082,0.006910270534949197,-0.05361121312278124
3,56,35,35,0,0.03779532378504101,0.0063104419145550246,-0.05292569469947363
3,57,35,35,0,0.037942220590035505,0.006561390623087281,-0.05300526380217897
3,58,35,35,0,0.037917737789203085,0.00641449381809279,-0.05339698861549761
3,59,35,35,0,0.03767903048108704,0.006634839025584527,-0.053133798506549146
3,60,35,35,0,0.03791161708899498,0.0069898396376545475,-0.053280695311543634
3,61,35,35,0,0.03795446199045171,0.006469580119965725,-0.05319500550863019
3,62,35,35,0,0.03785041008691394,0.006628718325376423,-0.0530542294038438
3,63,35,35,0,0.037801444485249115,0.006604235524544008,-0.05315216060717346
3,64,35,35,0,0.03767903048108704,0.006653201126208838,-0.05331129881258416
3,65,35,35,0,0.03788101358795446,0.006640959725792631,-0.053133798506549146
3,66,35,35,0,0.03800342759211654,0.006677683927041253,-0.05290733259884931
3,67,35,35,0,0.03788101358795446,0.006640959725792631,-0.053078712204676214
3,68,35,35,0,0.038027910392948956,0.006634839025584527,-0.052993022401762756
3,69,35,35,0,0.03811360019586241,0.006702166727873669,-0.05285224629697638
3,70,35,35,0,0.03802178969274085,0.006604235524544008,-0.05296853960093034
3,71,35,35,0,0.037819806585873424,0.006487942220590036,-0.05309095360509243
3,72,35,35,0,0.037819806585873424,0.006487942220590036,-0.05306647080426
3,73,35,35,0,0.03786877218753825,0.006916391235157302,-0.05306647080426
3,74,35,35,0,0.037899375688578776,0.006665442526625045,-0.0532256090096707
3,75,35,35,0,0.03785041008691394,0.006812339331619536,-0.0530542294038438
3,76,35,35,0,0.03786265148733015,0.006665442526625045,-0.05300526380217897
3,77,35,35,0,0.037893254988370664,0.006677683927041253,-0.05306647080426
3,78,35,35,0,0.03783204798628963,0.006653201126208838,-0.053035867303219485
3,79,35,35,0,0.03772799608275187,0.006604235524544008,-0.05300526380217897
3,80,35,35,0,0.03780756518545721,0.006506304321214347,-0.05316440200758967
3,81,35,35,0,0.037789203084832905,0.006708287428081773,-0.05323172970987881
3,82,35,35,0,0.03806463459419758,0.0065736320235034885,-0.05299914310197087
3,83,35,35,0,0.03770963398212755,0.0065736320235034885,-0.05323172970987881
3,84,35,35,0,0.037758599583792386,0.006628718325376423,-0.05319500550863019
3,85,35,35,0,0.037874892887746356,0.006769494430162811,-0.05285836699718448
3,86,35,35,0,0.03802178969274085,0.0064634594197576205,-0.05294405680009793
3,87,35,35,0,0.03799118619170033,0.006494062920798139,-0.05279715999510344
3,88,35,35,0,0.037630064879422206,0.006432855918717101,-0.052974660301138454
3,89,35,35,0,0.038131962296486716,0.006732770228914188,-0.05290121189864121
3,90,35,35,0,0.03781368588566532,0.006689925327457461,-0.05324397111029502
3,91,35,35,0,0.037758599583792386,0.0067633737299547065,-0.053213367609254505
3,92,35,35,0,0.03776472028400049,0.006689925327457461,-0.0532256090096707
3,93,35,35,0,0.03797894479128412,0.006714408128289877,-0.05323785041008692
3,94,35,35,0,0.03797894479128412,0.006683804627249356,-0.05330517811237605
3,95,35,35,0,0.037899375688578776,0.006683804627249356,-0.05330517811237605
3,96,35,35,0,0.037887134288162566,0.006732770228914188,-0.05308483290488432
3,97,35,35,0,0.03791161708899498,0.0067633737299547065,-0.05298078100134655
3,98,35,35,0,0.03800954829232464,0.006830701432243849,-0.053029746603011386
3,99,35,35,0,0.03784428938670584,0.0065369078222548655,-0.052937936099889824
