values,,position,position,position,Magnetometer,Magnetometer,Magnetometer
axis,,x,y,z,x,y,z
Sensor,Sample,,,,,,
0,0,0,0,0,-0.021844779042722487,-0.04801077243236626,-0.05976251683192557
0,1,0,0,0,-0.0218692618435549,-0.04799853103195005,-0.059670706328804016
0,2,0,0,0,-0.0218692618435549,-0.04799853103195005,-0.059670706328804016
0,3,0,0,0,-0.02149589913086057,-0.048078100134655403,-0.059585016525890565
0,4,0,0,0,-0.021648916636063165,-0.04800465173215816,-0.05947484392214469
0,5,0,0,0,-0.021648916636063165,-0.04800465173215816,-0.05947484392214469
0,6,0,0,0,-0.021673399436895578,-0.047808789325498834,-0.059725792630676955
0,7,0,0,0,-0.021593830334190232,-0.047918961929244705,-0.059174929611947605
0,8,0,0,0,-0.021593830334190232,-0.047918961929244705,-0.059174929611947605
0,9,0,0,0,-0.02164279593585506,-0.04781491002570694,-0.05960949932672298
0,10,0,0,0,-0.02164279593585506,-0.04792508262945281,-0.059542171624433836
0,11,0,0,0,-0.02164279593585506,-0.04792508262945281,-0.059542171624433836
0,12,0,0,0,-0.021679520137103683,-0.04810870363569593,-0.05960949932672298
0,13,0,0,0,-0.02180193414126576,-0.04784551352674746,-0.059615620026931083
0,14,0,0,0,-0.02175296853960093,-0.04783327212633125,-0.05998286203941731
0,15,0,0,0,-0.02175296853960093,-0.04783327212633125,-0.05998286203941731
0,16,0,0,0,-0.021502019831068676,-0.047888358428204186,-0.05977475823234178
0,17,0,0,0,-0.021587709633982127,-0.04797404823111764,-0.05965846492838781
0,18,0,0,0,-0.021587709633982127,-0.04797404823111764,-0.05965846492838781
0,19,0,0,0,-0.02166115803647937,-0.048218876239441794,-0.06011751744399559
0,20,0,0,0,-0.021532623332109195,-0.048016893132574366,-0.06003794834129025
0,21,0,0,0,-0.021532623332109195,-0.048016893132574366,-0.06003794834129025
0,22,0,0,0,-0.021502019831068676,-0.04789447912841229,-0.05992165503733628
0,23,0,0,0,-0.021691761537519894,-0.04783939282653936,-0.05976863753213367
0,24,0,0,0,-0.021691761537519894,-0.04783939282653936,-0.05976863753213367
0,25,0,0,0,-0.021740727139184724,-0.04786999632757988,-0.059725792630676955
0,26,0,0,0,-0.021820296241890073,-0.04788223772799609,-0.05992165503733628
0,27,0,0,0,-0.021820296241890073,-0.04788223772799609,-0.05992165503733628
0,28,0,0,0,-0.021710123638144205,-0.04799853103195005,-0.0589974293059126
0,29,0,0,0,-0.021673399436895578,-0.04784551352674746,-0.059786999632757985
0,30,0,0,0,-0.021673399436895578,-0.04784551352674746,-0.059786999632757985
0,31,0,0,0,-0.021502019831068676,-0.04805361733382299,-0.05956053372505815
0,32,0,0,0,-0.02175296853960093,-0.04788223772799609,-0.059676827029012114
0,33,0,0,0,-0.021673399436895578,-0.04797404823111764,-0.05919941241278002
0,34,0,0,0,-0.021673399436895578,-0.04797404823111764,-0.05919941241278002
0,35,0,0,0,-0.02161219243481454,-0.0480719794344473,-0.059670706328804016
0,36,0,0,0,-0.021710123638144205,-0.04796792753090954,-0.0597992410331742
0,37,0,0,0,-0.021710123638144205,-0.04796792753090954,-0.0597992410331742
0,38,0,0,0,-0.021893744644387318,-0.048090341535071614,-0.059676827029012114
0,39,0,0,0,-0.021850899742930592,-0.04786999632757988,-0.05910148120945036
0,40,0,0,0,-0.021850899742930592,-0.04786999632757988,-0.05910148120945036
0,41,0,0,0,-0.021587709633982127,-0.048163789937568854,-0.059829844534214714
0,42,0,0,0,-0.021593830334190232,-0.04805973803403109,-0.059933896437752474
0,43,0,0,0,-0.021593830334190232,-0.04805973803403109,-0.059933896437752474
0,44,0,0,0,-0.021722365038560412,-0.04800465173215816,-0.05987881013587955
0,45,0,0,0,-0.02161219243481454,-0.048035255233198675,-0.05977475823234178
0,46,0,0,0,-0.02161219243481454,-0.048035255233198675,-0.05977475823234178
0,47,0,0,0,-0.02155710613294161,-0.047918961929244705,-0.0598114824335904
0,48,0,0,0,-0.021795813441057656,-0.04802301383278247,-0.0597992410331742
0,49,0,0,0,-0.021795813441057656,-0.04802301383278247,-0.0597992410331742
0,50,0,0,0,-0.021722365038560412,-0.04795568613049333,-0.05986044803525523
0,51,0,0,0,-0.021936589545844046,-0.047961806830701434,-0.05970130982984453
0,52,0,0,0,-0.021710123638144205,-0.04786999632757988,-0.05976251683192557
0,53,0,0,0,-0.02183253764230628,-0.04793732402986901,-0.05984208593463092
0,54,0,0,0,-0.02147753703023626,-0.04796792753090954,-0.059933896437752474
0,55,0,0,0,-0.02161219243481454,-0.04799241033174195,-0.05950544742318521
0,56,0,0,0,-0.021844779042722487,-0.0479067205288285,-0.059891051536295745
0,57,0,0,0,-0.02160607173460644,-0.04798628963153385,-0.059823723834006616
0,58,0,0,0,-0.02175296853960093,-0.048016893132574366,-0.05994001713796058
0,59,0,0,0,-0.02175296853960093,-0.048016893132574366,-0.05994001713796058
0,60,0,0,0,-0.021593830334190232,-0.04800465173215816,-0.059823723834006616
0,61,0,0,0,-0.021569347533357815,-0.048016893132574366,-0.05962174072713918
0,62,0,0,0,-0.021648916636063165,-0.04785163422695556,-0.06001958624066593
0,63,0,0,0,-0.02162443383523075,-0.04776594442404211,-0.059689068429428324
0,64,0,0,0,-0.021679520137103683,-0.048169910637776966,-0.059682947729220226
0,65,0,0,0,-0.021538744032317297,-0.04783939282653936,-0.05976251683192557
0,66,0,0,0,-0.0217040029379361,-0.04820051413881748,-0.0598114824335904
0,67,0,0,0,-0.02149589913086057,-0.047961806830701434,-0.059756396131717474
0,68,0,0,0,-0.021667278736687477,-0.04786999632757988,-0.05990941363692006
0,69,0,0,0,-0.02160607173460644,-0.04801077243236626,-0.059823723834006616
0,70,0,0,0,-0.021593830334190232,-0.04805973803403109,-0.05957889582568245
0,71,0,0,0,-0.02149589913086057,-0.04781491002570694,-0.059217774513404334
0,72,0,0,0,-0.021648916636063165,-0.048047496633614885,-0.05983596523442282
0,73,0,0,0,-0.02155710613294161,-0.04782715142612315,-0.059891051536295745
0,74,0,0,0,-0.021746847839392826,-0.0479005998286204,-0.05957889582568245
0,75,0,0,0,-0.021746847839392826,-0.0479005998286204,-0.05984208593463092
0,76,0,0,0,-0.021667278736687477,-0.0479005998286204,-0.05984208593463092
0,77,0,0,0,-0.021716244338352307,-0.0479067205288285,-0.05975027543150937
0,78,0,0,0,-0.021759089239809036,-0.048016893132574366,-0.05998898273962542
0,79,0,0,0,-0.021563226833149714,-0.04818215203819317,-0.05978087893254989
0,80,0,0,0,-0.02147753703023626,-0.04829232464193904,-0.05970743053005264
0,81,0,0,0,-0.021844779042722487,-0.04797404823111764,-0.059725792630676955
0,82,0,0,0,-0.021471416330028158,-0.0479005998286204,-0.05962174072713918
0,83,0,0,0,-0.021697882237728,-0.04789447912841229,-0.05987268943567144
0,84,0,0,0,-0.021538744032317297,-0.04784551352674746,-0.05985432733504713
0,85,0,0,0,-0.021508140531276778,-0.04828620394173093,-0.059970620639001104
0,86,0,0,0,-0.021489778430652466,-0.04818215203819317,-0.05975027543150937
0,87,0,0,0,-0.021648916636063165,-0.04802301383278247,-0.059915534337128165
0,88,0,0,0,-0.021587709633982127,-0.04810258293548782,-0.059756396131717474
0,89,0,0,0,-0.021587709633982127,-0.04810258293548782,-0.059756396131717474
0,90,0,0,0,-0.021771330640225243,-0.047918961929244705,-0.0597992410331742
0,91,0,0,0,-0.02183253764230628,-0.04799853103195005,-0.0597992410331742
0,92,0,0,0,-0.02189986534459542,-0.04798628963153385,-0.059603378626514866
0,93,0,0,0,-0.021483657730444364,-0.04795568613049333,-0.05976251683192557
0,94,0,0,0,-0.021857020443138694,-0.048163789937568854,-0.05979312033296609
0,95,0,0,0,-0.021422450728363324,-0.04781491002570694,-0.059676827029012114
0,96,0,0,0,-0.021514261231484883,-0.04792508262945281,-0.059817603133798504
0,97,0,0,0,-0.021936589545844046,-0.047943444730077125,-0.05984208593463092
0,98,0,0,0,-0.021710123638144205,-0.04773534092300159,-0.05962786142734729
0,99,0,0,0,-0.021765209940017138,-0.04798016893132574,-0.05965846492838781
1,0,35,0,0,0.019378136858856653,-0.008073203574488921,-0.005618802791039295
1,1,35,0,0,0.019378136858856653,-0.008073203574488921,-0.005618802791039295
1,2,35,0,0,0.019378136858856653,-0.008024237972824092,-0.005680009793120333
1,3,35,0,0,0.019206757253029748,-0.007969151670951156,-0.005484147386461012
1,4,35,0,0,0.019206757253029748,-0.007969151670951156,-0.005410698983963765
1,5,35,0,0,0.01914555025094871,-0.007932427469702534,-0.005410698983963765
1,6,35,0,0,0.01917615375198923,-0.008165014077610479,-0.005582078589790672
1,7,35,0,0,0.019396498959480965,-0.00808544497490513,-0.005490268086669115
1,8,35,0,0,0.019396498959480965,-0.00808544497490513,-0.005490268086669115
1,9,35,0,0,0.019243481454278368,-0.008091565675113233,-0.00585138939894724
1,10,35,0,0,0.019280205655526992,-0.00795691027053495,-0.005777940996449994
1,11,35,0,0,0.019280205655526992,-0.00795691027053495,-0.005777940996449994
1,12,35,0,0,0.019225119353654056,-0.007767168564083732,-0.00564328559187171
1,13,35,0,0,0.019347533357816134,-0.008079324274697024,-0.005422940384379973
1,14,35,0,0,0.019347533357816134,-0.008079324274697024,-0.005422940384379973
1,15,35,0,0,0.01916391235157302,-0.008244583180315828,-0.005441302485004284
1,16,35,0,0,0.019188395152405436,-0.008073203574488921,-0.005747337495409475
1,17,35,0,0,0.019188395152405436,-0.008073203574488921,-0.005747337495409475
1,18,35,0,0,0.019029256946994734,-0.008146651976986167,-0.00567388909291223
1,19,35,0,0,0.018998653445954215,-0.008244583180315828,-0.005478026686252907
1,20,35,0,0,0.01910270534949198,-0.008097686375321336,-0.005380095482923246
1,21,35,0,0,0.01910270534949198,-0.008097686375321336,-0.005380095482923246
1,22,35,0,0,0.01900477414616232,-0.00797527237115926,-0.005600440690414984
1,23,35,0,0,0.019065981148243358,-0.008048720773656506,-0.005478026686252907
1,24,35,0,0,0.019065981148243358,-0.008048720773656506,-0.005478026686252907
1,25,35,0,0,0.0191271881503244,-0.008109927775737543,-0.005539233688333946
1,26,35,0,0,0.019206757253029748,-0.00800587587219978,-0.00551475088750153
1,27,35,0,0,0.019206757253029748,-0.00800587587219978,-0.00551475088750153
1,28,35,0,0,0.0191333088505325,-0.00821397967927531,-0.0053494919818827275
1,29,35,0,0,0.01935365405802424,-0.00808544497490513,-0.0056494062920798135
1,30,35,0,0,0.019218998653445955,-0.007852858366997183,-0.005471905986044803
1,31,35,0,0,0.019218998653445955,-0.007852858366997183,-0.005471905986044803
1,32,35,0,0,0.019108826049700087,-0.007981393071367363,-0.005716733994368955
1,33,35,0,0,0.019121067450116293,-0.008060962174072714,-0.005680009793120333
1,34,35,0,0,0.019121067450116293,-0.008060962174072714,-0.005680009793120333
1,35,35,0,0,0.01931080915656751,-0.008195617578650997,-0.005453543885420492
1,36,35,0,0,0.0192924470559432,-0.007999755171991677,-0.005808544497490513
1,37,35,0,0,0.0192924470559432,-0.007999755171991677,-0.005808544497490513
1,38,35,0,0,0.019010894846370426,-0.008109927775737543,-0.005539233688333946
1,39,35,0,0,0.0191271881503244,-0.008293548781980659,-0.005569837189374464
1,40,35,0,0,0.0191271881503244,-0.008293548781980659,-0.005569837189374464
1,41,35,0,0,0.019329171257191823,-0.007730444362835108,-0.005728975394785164
1,42,35,0,0,0.019225119353654056,-0.008207858979067204,-0.0056494062920798135
1,43,35,0,0,0.019200636552821643,-0.00821397967927531,-0.005624923491247399
1,44,35,0,0,0.019200636552821643,-0.00821397967927531,-0.005624923491247399
1,45,35,0,0,0.019151670951156812,-0.008109927775737543,-0.005508630187293426
1,46,35,0,0,0.019188395152405436,-0.007993634471783572,-0.005398457583547558
1,47,35,0,0,0.019188395152405436,-0.007993634471783572,-0.005398457583547558
1,48,35,0,0,0.019255722854694575,-0.008116048475945648,-0.005496388786877219
1,49,35,0,0,0.019329171257191823,-0.008030358673032196,-0.005551475088750153
1,50,35,0,0,0.019329171257191823,-0.008030358673032196,-0.005551475088750153
1,51,35,0,0,0.01940261965968907,-0.00808544497490513,-0.0056126820908311914
1,52,35,0,0,0.019065981148243358,-0.008244583180315828,-0.005747337495409475
1,53,35,0,0,0.01923124005386216,-0.00808544497490513,-0.0054596645856285955
1,54,35,0,0,0.01939037825927286,-0.008293548781980659,-0.005790182396866202
1,55,35,0,0,0.0192924470559432,-0.007950789570326845,-0.005826906598114824
1,56,35,0,0,0.019114946749908192,-0.008036479373240299,-0.0056861304933284364
1,57,35,0,0,0.019341412657608033,-0.008097686375321336,-0.005484147386461012
1,58,35,0,0,0.019280205655526992,-0.007773289264291836,-0.005667768392704125
1,59,35,0,0,0.019041498347410944,-0.008091565675113233,-0.005796303097074305
1,60,35,0,0,0.019506671563226833,-0.008299669482188762,-0.005765699596033786
1,61,35,0,0,0.019072101848451463,-0.00808544497490513,-0.005606561390623087
1,62,35,0,0,0.019194515852613538,-0.008116048475945648,-0.005600440690414984
1,63,35,0,0,0.019378136858856653,-0.008244583180315828,-0.005392336883339454
1,64,35,0,0,0.019017015546578527,-0.007999755171991677,-0.005447423185212389
1,65,35,0,0,0.01935365405802424,-0.007950789570326845,-0.0054045782837556615
1,66,35,0,0,0.019267964255110785,-0.007865099767413392,-0.005600440690414984
1,67,35,0,0,0.019108826049700087,-0.00821397967927531,-0.005526992287917738
1,68,35,0,0,0.019188395152405436,-0.00800587587219978,-0.005422940384379973
1,69,35,0,0,0.019188395152405436,-0.00800587587219978,-0.0056861304933284364
1,70,35,0,0,0.019151670951156812,-0.007901823968662016,-0.0056861304933284364
1,71,35,0,0,0.019218998653445955,-0.00805484147386461,-0.005392336883339454
1,72,35,0,0,0.019139429550740605,-0.007907944668870119,-0.00551475088750153
1,73,35,0,0,0.019286326355735094,-0.008042600073448402,-0.00577182029624189
1,74,35,0,0,0.01921287795323785,-0.007889582568245807,-0.005661647692496022
1,75,35,0,0,0.01895580854449749,-0.007932427469702534,-0.005655526992287918
1,76,35,0,0,0.018998653445954215,-0.008171134777818582,-0.005692251193536541
1,77,35,0,0,0.019114946749908192,-0.00821397967927531,-0.005716733994368955
1,78,35,0,0,0.01935365405802424,-0.007907944668870119,-0.005624923491247399
1,79,35,0,0,0.019274084955318887,-0.008189496878442894,-0.005422940384379973
1,80,35,0,0,0.019200636552821643,-0.00795691027053495,-0.00554535438854205
1,81,35,0,0,0.019121067450116293,-0.007840616966580977,-0.0056310441914555025
1,82,35,0,0,0.01917615375198923,-0.008269065981148243,-0.005606561390623087
1,83,35,0,0,0.01921287795323785,-0.007877341167829599,-0.0055759578895825685
1,84,35,0,0,0.019274084955318887,-0.007895703268453912,-0.005557595788958257
1,85,35,0,0,0.0191271881503244,-0.008073203574488921,-0.0054657852858367
1,86,35,0,0,0.019274084955318887,-0.007926306769494431,-0.005557595788958257
1,87,35,0,0,0.019274084955318887,-0.007889582568245807,-0.005502509487085323
1,88,35,0,0,0.019243481454278368,-0.007889582568245807,-0.005502509487085323
1,89,35,0,0,0.019139429550740605,-0.007993634471783572,-0.005600440690414984
1,90,35,0,0,0.018931325743665076,-0.008250703880523933,-0.005588199289998775
1,91,35,0,0,0.01939037825927286,-0.008011996572407884,-0.005398457583547558
1,92,35,0,0,0.019206757253029748,-0.008024237972824092,-0.005753458195617579
1,93,35,0,0,0.01942098176031338,-0.008018117272615987,-0.005502509487085323
1,94,35,0,0,0.019384257559064758,-0.008171134777818582,-0.005655526992287918
1,95,35,0,0,0.019316929856775616,-0.008024237972824092,-0.0056126820908311914
1,96,35,0,0,0.019218998653445955,-0.00795691027053495,-0.005551475088750153
1,97,35,0,0,0.019065981148243358,-0.008024237972824092,-0.005588199289998775
1,98,35,0,0,0.019225119353654056,-0.007944668870118741,-0.005698371893744644
1,99,35,0,0,0.019335291957399928,-0.00810380707552944,-0.00551475088750153
2,0,0,35,0,-0.007993634471783572,-0.015216060717346064,-0.1514261231484882
2,1,0,35,0,-0.008030358673032196,-0.014903905006732771,-0.15179948586118253
2,2,0,35,0,-0.008030358673032196,-0.015252784918594687,-0.15134655404578284
2,3,0,35,0,-0.008177255478026686,-0.015252784918594687,-0.15134655404578284
2,4,0,35,0,-0.007791651364916147,-0.01477537030236259,-0.151297588444118
2,5,0,35,0,-0.008018117272615987,-0.01519157791651365,-0.1514444852491125
2,6,0,35,0,-0.008018117272615987,-0.01519157791651365,-0.1514444852491125
2,7,0,35,0,-0.008336393683437384,-0.014910025706940874,-0.15156077855306646
2,8,0,35,0,-0.008011996572407884,-0.014561145795078955,-0.15156077855306646
2,9,0,35,0,-0.008011996572407884,-0.014561145795078955,-0.15156077855306646
2,10,0,35,0,-0.007993634471783572,-0.015099767413392093,-0.1514506059493206
2,11,0,35,0,-0.00813441057656996,-0.014793732402986901,-0.1516097441547313
2,12,0,35,0,-0.00813441057656996,-0.014793732402986901,-0.1516097441547313
2,13,0,35,0,-0.008158893377402375,-0.01525890561880279,-0.15149957155098542
2,14,0,35,0,-0.007901823968662016,-0.015026319010894846,-0.15181172726159872
2,15,0,35,0,-0.007901823968662016,-0.015026319010894846,-0.15181172726159872
2,16,0,35,0,-0.008122169176153753,-0.014946749908189496,-0.15173215815889338
2,17,0,35,0,-0.008195617578650997,-0.015301750520259519,-0.15148120945036112
2,18,0,35,0,-0.00810380707552944,-0.014885542906108459,-0.15183621006243114
2,19,0,35,0,-0.00810380707552944,-0.014885542906108459,-0.15183621006243114
2,20,0,35,0,-0.008097686375321336,-0.015099767413392093,-0.15145672664952872
2,21,0,35,0,-0.008018117272615987,-0.014842698004651734,-0.15156077855306646
2,22,0,35,0,-0.008018117272615987,-0.014842698004651734,-0.15156077855306646
2,23,0,35,0,-0.008073203574488921,-0.015056922511935366,-0.151297588444118
2,24,0,35,0,-0.008379238584894113,-0.015252784918594687,-0.15133431264536662
2,25,0,35,0,-0.008379238584894113,-0.015252784918594687,-0.15133431264536662
2,26,0,35,0,-0.008354755784061698,-0.015142612314848819,-0.15171991675847718
2,27,0,35,0,-0.008152772677194272,-0.015313991920675726,-0.15187905496388787
2,28,0,35,0,-0.008152772677194272,-0.015313991920675726,-0.15187905496388787
2,29,0,35,0,-0.007993634471783572,-0.015081405312767781,-0.151297588444118
2,30,0,35,0,-0.008036479373240299,-0.015289509119843312,-0.15150569225119354
2,31,0,35,0,-0.008269065981148243,-0.015277267719427102,-0.15140164034765577
2,32,0,35,0,-0.008269065981148243,-0.015277267719427102,-0.15140164034765577
2,33,0,35,0,-0.008011996572407884,-0.0149528706083976,-0.15140776104786385
2,34,0,35,0,-0.008324152283021177,-0.015069163912351574,-0.151591382054107
2,35,0,35,0,-0.008324152283021177,-0.015069163912351574,-0.151591382054107
2,36,0,35,0,-0.00808544497490513,-0.015056922511935366,-0.15154853715265026
2,37,0,35,0,-0.008146651976986167,-0.015142612314848819,-0.1513098298445342
2,38,0,35,0,-0.008146651976986167,-0.015142612314848819,-0.1513098298445342
2,39,0,35,0,-0.008250703880523933,-0.015167095115681234,-0.151591382054107
2,40,0,35,0,-0.007987513771575468,-0.015216060717346064,-0.15151793365160976
2,41,0,35,0,-0.007987513771575468,-0.015216060717346064,-0.15151793365160976
2,42,0,35,0,-0.008220100379483413,-0.014946749908189496,-0.1514506059493206
2,43,0,35,0,-0.008256824580732037,-0.015038560411311052,-0.1514934508507773
2,44,0,35,0,-0.008256824580732037,-0.015124250214224508,-0.15154241645244215
2,45,0,35,0,-0.007969151670951156,-0.015124250214224508,-0.15154241645244215
2,46,0,35,0,-0.008281307381564452,-0.015105888113600197,-0.15173827885910146
2,47,0,35,0,-0.008366997184477904,-0.01519157791651365,-0.15160362345452322
2,48,0,35,0,-0.008366997184477904,-0.01519157791651365,-0.15160362345452322
2,49,0,35,0,-0.008030358673032196,-0.015069163912351574,-0.15146896804994492
2,50,0,35,0,-0.008152772677194272,-0.01509364671318399,-0.15185457216305545
2,51,0,35,0,-0.008177255478026686,-0.015240543518178478,-0.15165870975639612
2,52,0,35,0,-0.008177255478026686,-0.015173215815889337,-0.15176888236014202
2,53,0,35,0,-0.008048720773656506,-0.015173215815889337,-0.15158526135389888
2,54,0,35,0,-0.007889582568245807,-0.015007956910270534,-0.15158526135389888
2,55,0,35,0,-0.008244583180315828,-0.015277267719427102,-0.15143836454890441
2,56,0,35,0,-0.008226221079691516,-0.015289509119843312,-0.15186069286326356
2,57,0,35,0,-0.008220100379483413,-0.015203819316929856,-0.1517566409597258
2,58,0,35,0,-0.00808544497490513,-0.01517933651609744,-0.15167707185702045
2,59,0,35,0,-0.008128289876361857,-0.015289509119843312,-0.15178112376055822
2,60,0,35,0,-0.008324152283021177,-0.014995715509854327,-0.1514934508507773
2,61,0,35,0,-0.008226221079691516,-0.014977353409230015,-0.15160362345452322
2,62,0,35,0,-0.008122169176153753,-0.015007956910270534,-0.15167095115681234
2,63,0,35,0,-0.007895703268453912,-0.014958991308605705,-0.15171991675847718
2,64,0,35,0,-0.00797527237115926,-0.01485493940506794,-0.15139551964744766
2,65,0,35,0,-0.008299669482188762,-0.014971232709021912,-0.15168319255722856
2,66,0,35,0,-0.00810380707552944,-0.014805973803403108,-0.15183008936222303
2,67,0,35,0,-0.00800587587219978,-0.014910025706940874,-0.15175052025951768
2,68,0,35,0,-0.00823234177989962,-0.01517933651609744,-0.15166483045660423
2,69,0,35,0,-0.00805484147386461,-0.014995715509854327,-0.1514628473497368
2,70,0,35,0,-0.00833027298322928,-0.015020198310686742,-0.15157301995348266
2,71,0,35,0,-0.00834251438364549,-0.014885542906108459,-0.15143836454890441
2,72,0,35,0,-0.00834251438364549,-0.014885542906108459,-0.151297588444118
2,73,0,35,0,-0.007920186069286326,-0.014940629207981393,-0.151297588444118
2,74,0,35,0,-0.008256824580732037,-0.014732525400905864,-0.15154853715265026
2,75,0,35,0,-0.008189496878442894,-0.014977353409230015,-0.15139551964744766
2,76,0,35,0,-0.007895703268453912,-0.015056922511935366,-0.15170767535806096
2,77,0,35,0,-0.008042600073448402,-0.015063043212143471,-0.15171991675847718
2,78,0,35,0,-0.00818337617823479,-0.015265026319010893,-0.15165258905618803
2,79,0,35,0,-0.008024237972824092,-0.01483657730444363,-0.15194638266617702
2,80,0,35,0,-0.00810380707552944,-0.01500183621006243,-0.1516403476557718
2,81,0,35,0,-0.008097686375321336,-0.014861060105276044,-0.15181784796180683
2,82,0,35,0,-0.008207858979067204,-0.0151120088138083,-0.15151181295140165
2,83,0,35,0,-0.008207858979067204,-0.015063043212143471,-0.15157914065369077
2,84,0,35,0,-0.008195617578650997,-0.015375198922756763,-0.15186681356347168
2,85,0,35,0,-0.008030358673032196,-0.014928387807565186,-0.1517750030603501
2,86,0,35,0,-0.00826294528094014,-0.014848818704859837,-0.15118741584037215
2,87,0,35,0,-0.007963030970743053,-0.015124250214224508,-0.15171991675847718
2,88,0,35,0,-0.008109927775737543,-0.01535071612192435,-0.15173215815889338
2,89,0,35,0,-0.008109927775737543,-0.01535071612192435,-0.15157914065369077
2,90,0,35,0,-0.008128289876361857,-0.015075284612559678,-0.15157914065369077
2,91,0,35,0,-0.00813441057656996,-0.01525890561880279,-0.15151181295140165
2,92,0,35,0,-0.00797527237115926,-0.015056922511935366,-0.15164646835597992
2,93,0,35,0,-0.00826294528094014,-0.014603990696535684,-0.1517627616599339
2,94,0,35,0,-0.008097686375321336,-0.015099767413392093,-0.15169543395764476
2,95,0,35,0,-0.00808544497490513,-0.01483657730444363,-0.15157301995348266
2,96,0,35,0,-0.00808544497490513,-0.01485493940506794,-0.15134655404578284
2,97,0,35,0,-0.008305790182396865,-0.015032439711102949,-0.15154853715265026
2,98,0,35,0,-0.008067082874280818,-0.014873301505692252,-0.15148120945036112
2,99,0,35,0,-0.008360876484269801,-0.015069163912351574,-0.15141388174807197
3,0,35,35,0,0.042189986534459545,0.002417676582201004,-0.047888358428204186
3,1,35,35,0,0.04177377892030849,0.0024482800832415228,-0.048163789937568854
3,2,35,35,0,0.04177377892030849,0.002472762884073938,-0.04805361733382299
3,3,35,35,0,0.04177377892030849,0.002472762884073938,-0.04805361733382299
3,4,35,35,0,0.042147141633002816,0.002515607785530665,-0.047961806830701434
3,5,35,35,0,0.04188395152405435,0.002742073693230506,-0.0475945648182152
3,6,35,35,0,0.04188395152405435,0.002742073693230506,-0.0475945648182152
3,7,35,35,0,0.04198188272738401,0.00254009058636308,-0.047931203329660915
3,8,35,35,0,0.042165503733627124,0.0022156934753335784,-0.047888358428204186
3,9,35,35,0,0.04191455502509487,0.002509487085322561,-0.04758232341779899
3,10,35,35,0,0.04191455502509487,0.002509487085322561,-0.04758232341779899
3,11,35,35,0,0.04200024482800833,0.0024482800832415228,-0.04779654792508263
3,12,35,35,0,0.04185946872322194,0.0022585383767903047,-0.04826784184110662
3,13,35,35,0,0.04185946872322194,0.0022585383767903047,-0.04826784184110662
3,14,35,35,0,0.04211041743175419,0.0024850042844901457,-0.0479067205288285
3,15,35,35,0,0.04224507283633248,0.0026502631901089485,-0.04797404823111764
3,16,35,35,0,0.04224507283633248,0.0026502631901089485,-0.04797404823111764
3,17,35,35,0,0.04199412412780022,0.0026135389888603255,-0.04801077243236626
3,18,35,35,0,0.04173093401885176,0.0024605214836577304,-0.04797404823111764
3,19,35,35,0,0.04173093401885176,0.0024605214836577304,-0.04797404823111764
3,20,35,35,0,0.04199412412780022,0.0023381074794956544,-0.04796792753090954
3,21,35,35,0,0.041890072224262456,0.0025829354878198064,-0.04800465173215816
3,22,35,35,0,0.04207981393071367,0.00266862529073326,-0.04802301383278247
3,23,35,35,0,0.04207981393071367,0.00266862529073326,-0.04802301383278247
3,24,35,35,0,0.041932917125719185,0.0025339698861549763,-0.04834129024360387
3,25,35,35,0,0.041890072224262456,0.0022646590769984085,-0.04785775492716367
3,26,35,35,0,0.041890072224262456,0.0022646590769984085,-0.04785775492716367
3,27,35,35,0,0.04187171012363815,0.0024666421838658342,-0.048231117639858004
3,28,35,35,0,0.042061451830089365,0.0026441424899008447,-0.04799853103195005
3,29,35,35,0,0.042061451830089365,0.0026441424899008447,-0.04799853103195005
3,30,35,35,0,0.04211041743175419,0.0024911249846982495,-0.0475945648182152
3,31,35,35,0,0.04181050312155711,0.0024544007834496266,-0.047918961929244705
3,32,35,35,0,0.04181050312155711,0.0024544007834496266,-0.047918961929244705
3,33,35,35,0,0.041865589423430036,0.0023625902803280697,-0.047821030725915044
3,34,35,35,0,0.041890072224262456,0.0025706940874035992,-0.04783327212633125
3,35,35,35,0,0.042049210429673155,0.0023809523809523807,-0.04799853103195005
3,36,35,35,0,0.042049210429673155,0.0023809523809523807,-0.04799853103195005
3,37,35,35,0,0.04210429673154609,0.0024972456849063534,-0.04785163422695556
3,38,35,35,0,0.04190231362467866,0.0024605214836577304,-0.047716978822377284
3,39,35,35,0,0.04190231362467866,0.0024605214836577304,-0.047716978822377284
3,40,35,35,0,0.041834985922389524,0.0026441424899008447,-0.04786999632757988
3,41,35,35,0,0.042006365528216426,0.0023381074794956544,-0.04800465173215816
3,42,35,35,0,0.042006365528216426,0.0023381074794956544,-0.04800465173215816
3,43,35,35,0,0.041761537519892276,0.002546211286571184,-0.047918961929244705
3,44,35,35,0,0.04204308972946505,0.002399314481576692,-0.0479067205288285
3,45,35,35,0,0.04204308972946505,0.002399314481576692,-0.0479067205288285
3,46,35,35,0,0.042177745134043335,0.0024482800832415228,-0.04776594442404211
3,47,35,35,0,0.04181662382176521,0.002313624678663239,-0.047943444730077125
3,48,35,35,0,0.04187171012363815,0.0022952625780389277,-0.047949565430285224
3,49,35,35,0,0.04187171012363815,0.0022952625780389277,-0.047949565430285224
3,50,35,35,0,0.0421287795323785,0.002503366385114457,-0.048047496633614885
3,51,35,35,0,0.04184722732280573,0.002509487085322561,-0.0480719794344473
3,52,35,35,0,0.042018606928632636,0.0025217284857387686,-0.04799241033174195
3,53,35,35,0,0.04211041743175419,0.002436038682825315,-0.047918961929244705
3,54,35,35,0,0.041975762027175914,0.0026441424899008447,-0.04773534092300159
3,55,35,35,0,0.04191455502509487,0.002503366385114457,-0.047759823723834006
3,56,35,35,0,0.04233076263924593,0.002436038682825315,-0.04792508262945281
3,57,35,35,0,0.04205533112988126,0.002313624678663239,-0.04784551352674746
3,58,35,35,0,0.04187171012363815,0.002436038682825315,-0.04804137593340678
3,59,35,35,0,0.04207981393071367,0.002387073081160485,-0.04804137593340678
3,60,35,35,0,0.04207981393071367,0.002387073081160485,-0.04796792753090954
3,61,35,35,0,0.04194515852613539,0.0024605214836577304,-0.04796792753090954
3,62,35,35,0,0.04190231362467866,0.0023687109805361735,-0.04801077243236626
3,63,35,35,0,0.0421287795323785,0.002399314481576692,-0.04802301383278247
3,64,35,35,0,0.041663606316562615,0.00254009058636308,-0.04768637532133676
3,65,35,35,0,0.0419696413269678,0.0024850042844901457,-0.047888358428204186
3,66,35,35,0,0.04206757253029746,0.0026563838903170523,-0.04805361733382299
3,67,35,35,0,0.04207369323050557,0.0025645733871954954,-0.048231117639858004
3,68,35,35,0,0.04198188272738401,0.0024605214836577304,-0.04793732402986901
3,69,35,35,0,0.042159383033419026,0.0023687109805361735,-0.04802301383278247
3,70,35,35,0,0.042177745134043335,0.0022952625780389277,-0.04786999632757988
3,71,35,35,0,0.04203696902925695,0.002166727873668748,-0.04769861672175297
3,72,35,35,0,0.04203084832904884,0.002442159383033419,-0.0479128412290366
3,73,35,35,0,0.04184722732280573,0.002393193781368589,-0.047918961929244705
3,74,35,35,0,0.0421287795323785,0.0023687109805361735,-0.0479128412290366
3,75,35,35,0,0.042165503733627124,0.0022034520749173703,-0.048078100134655403
3,76,35,35,0,0.042061451830089365,0.0026563838903170523,-0.04795568613049333
3,77,35,35,0,0.04182886522218142,0.0024666421838658342,-0.04784551352674746
3,78,35,35,0,0.042202227934875755,0.0025339698861549763,-0.04784551352674746
3,79,35,35,0,0.041908434324886765,0.0024850042844901457,-0.047808789325498834
3,80,35,35,0,0.04210429673154609,0.0023809523809523807,-0.04796792753090954
3,81,35,35,0,0.04209205533112988,0.002356469580119966,-0.047888358428204186
3,82,35,35,0,0.04209205533112988,0.0024911249846982495,-0.04793732402986901
3,83,35,35,0,0.04200024482800833,0.0024911249846982495,-0.04793732402986901
3,84,35,35,0,0.0421287795323785,0.0024544007834496266,-0.047931203329660915
3,85,35,35,0,0.04198800342759212,0.002631901089484637,-0.04786999632757988
3,86,35,35,0,0.042061451830089365,0.0024115558819929,-0.047888358428204186
3,87,35,35,0,0.04233688333945403,0.002252417676582201,-0.048261721140898516
3,88,35,35,0,0.04185946872322194,0.0024850042844901457,-0.048157669237360756
3,89,35,35,0,0.04191455502509487,0.0025339698861549763,-0.0477414616232097
3,90,35,35,0,0.04207369323050557,0.002509487085322561,-0.04781491002570694
3,91,35,35,0,0.042061451830089365,0.002417676582201004,-0.04805361733382299
3,92,35,35,0,0.042177745134043335,0.0022585383767903047,-0.04788223772799609
3,93,35,35,0,0.04200024482800833,0.0024299179826172113,-0.047888358428204186
3,94,35,35,0,0.04223895213612437,0.0025523319867792873,-0.04809646223527971
3,95,35,35,0,0.042006365528216426,0.0026931080915656752,-0.04812094503611213
3,96,35,35,0,0.04219610723466764,0.0025951768882360145,-0.04747827151426123
3,97,35,35,0,0.042220590035500064,0.0024850042844901457,-0.047759823723834006
3,98,35,35,0,0.0419573999265516,0.002631901089484637,-0.04798628963153385
3,99,35,35,0,0.04198800342759212,0.002515607785530665,-0.0480719794344473
