values,,position,position,position,Magnetometer,Magnetometer,Magnetometer
axis,,x,y,z,x,y,z
Sensor,Sample,,,,,,
0,0,0,0,0,-0.019928999877585996,-0.05583302729832292,-0.06904149834741094
0,1,0,0,0,-0.019928999877585996,-0.05583302729832292,-0.06904149834741094
0,2,0,0,0,-0.019702533969886155,-0.05580854449749051,-0.06894968784428938
0,3,0,0,0,-0.01980658587342392,-0.05581466519769862,-0.06887623944179214
0,4,0,0,0,-0.01980658587342392,-0.05581466519769862,-0.06887623944179214
0,5,0,0,0,-0.019800465173215816,-0.056224752111641574,-0.06891296364304075
0,6,0,0,0,-0.019831068674256335,-0.05604725180560656,-0.06909658464928388
0,7,0,0,0,-0.019831068674256335,-0.05604725180560656,-0.06899253274574611
0,8,0,0,0,-0.019739258171134776,-0.055900355000612065,-0.06899253274574611
0,9,0,0,0,-0.019671930468845637,-0.05577182029624189,-0.06883951524054352
0,10,0,0,0,-0.01969641326967805,-0.05599216550373363,-0.06890072224262456
0,11,0,0,0,-0.01969641326967805,-0.05599216550373363,-0.06890072224262456
0,12,0,0,0,-0.01987391357571306,-0.055900355000612065,-0.06877218753825438
0,13,0,0,0,-0.019935120577794098,-0.056181907210184845,-0.06911494674990819
0,14,0,0,0,-0.019935120577794098,-0.056181907210184845,-0.06911494674990819
0,15,0,0,0,-0.01981882727384013,-0.05581466519769862,-0.06886399804137593
0,16,0,0,0,-0.019843310074672542,-0.056139062308728116,-0.0689680499449137
0,17,0,0,0,-0.019843310074672542,-0.056139062308728116,-0.0689680499449137
0,18,0,0,0,-0.020014689680499447,-0.05571061329416085,-0.06890072224262456
0,19,0,0,0,-0.019824947974048233,-0.056077855306647086,-0.06893132574366508
0,20,0,0,0,-0.019824947974048233,-0.056077855306647086,-0.06893132574366508
0,21,0,0,0,-0.019757620271759087,-0.055998286203941726,-0.06877830823846248
0,22,0,0,0,-0.01974537887134288,-0.05591259640102828,-0.06907210184845146
0,23,0,0,0,-0.01974537887134288,-0.05591259640102828,-0.06907210184845146
0,24,0,0,0,-0.019586240665932182,-0.055924837801444485,-0.06889460154241646
0,25,0,0,0,-0.0196168441669727,-0.055943199902068794,-0.06886399804137593
0,26,0,0,0,-0.0196168441669727,-0.055943199902068794,-0.06886399804137593
0,27,0,0,0,-0.019635206267597013,-0.05580242379728241,-0.06923124005386216
0,28,0,0,0,-0.019684171869261843,-0.05552087158770963,-0.06857632513159505
0,29,0,0,0,-0.019684171869261843,-0.05552087158770963,-0.06876606683804627
0,30,0,0,0,-0.019959603378626515,-0.055943199902068794,-0.06876606683804627
0,31,0,0,0,-0.01964744766801322,-0.055722854694577065,-0.06883951524054352
0,32,0,0,0,-0.01987391357571306,-0.055686130493328434,-0.06909046394907578
0,33,0,0,0,-0.01987391357571306,-0.055686130493328434,-0.06909046394907578
0,34,0,0,0,-0.019831068674256335,-0.05612682090831191,-0.06895580854449748
0,35,0,0,0,-0.019800465173215816,-0.055943199902068794,-0.0691455502509487
0,36,0,0,0,-0.019800465173215816,-0.055943199902068794,-0.0691455502509487
0,37,0,0,0,-0.01997184477904272,-0.05575957889582568,-0.0689619292447056
0,38,0,0,0,-0.01964744766801322,-0.055943199902068794,-0.0689680499449137
0,39,0,0,0,-0.01964744766801322,-0.055943199902068794,-0.0689680499449137
0,40,0,0,0,-0.019824947974048233,-0.05590647570082017,-0.06886399804137593
0,41,0,0,0,-0.019935120577794098,-0.055857510099155336,-0.0689680499449137
0,42,0,0,0,-0.019935120577794098,-0.055857510099155336,-0.0689680499449137
0,43,0,0,0,-0.019733137470926674,-0.05601664830456604,-0.0689680499449137
0,44,0,0,0,-0.01966580976863753,-0.05601664830456604,-0.06883951524054352
0,45,0,0,0,-0.01966580976863753,-0.05601664830456604,-0.06883951524054352
0,46,0,0,0,-0.019653568368221325,-0.05600440690414984,-0.06909046394907578
0,47,0,0,0,-0.019757620271759087,-0.05575957889582568,-0.06887011874158404
0,48,0,0,0,-0.019757620271759087,-0.05575957889582568,-0.06887011874158404
0,49,0,0,0,-0.019794344473007715,-0.055998286203941726,-0.06890684294283266
0,50,0,0,0,-0.020075896682580488,-0.055857510099155336,-0.06879667033908679
0,51,0,0,0,-0.019708654670094257,-0.05604725180560656,-0.06884563594075163
0,52,0,0,0,-0.01964744766801322,-0.05566164769249602,-0.0689741706451218
0,53,0,0,0,-0.019739258171134776,-0.05600440690414984,-0.06915779165136492
0,54,0,0,0,-0.019812706573632023,-0.05581466519769862,-0.06892520504345698
0,55,0,0,0,-0.019800465173215816,-0.05604725180560656,-0.06926184355490268
0,56,0,0,0,-0.019794344473007715,-0.056077855306647086,-0.06879054963887868
0,57,0,0,0,-0.019678051169053738,-0.05561880279103929,-0.068808911739503
0,58,0,0,0,-0.019751499571550986,-0.055924837801444485,-0.06899253274574611
0,59,0,0,0,-0.019733137470926674,-0.055722854694577065,-0.06912106745011629
0,60,0,0,0,-0.01995348267841841,-0.05598604480352552,-0.06905986044803526
0,61,0,0,0,-0.019855551475088752,-0.055753458195617576,-0.06903537764720284
0,62,0,0,0,-0.019708654670094257,-0.05603501040519036,-0.0688027910392949
0,63,0,0,0,-0.019708654670094257,-0.05603501040519036,-0.0688027910392949
0,64,0,0,0,-0.019763740971967193,-0.05595544130248501,-0.06891296364304075
0,65,0,0,0,-0.019494430162810626,-0.0559493206022769,-0.06909046394907578
0,66,0,0,0,-0.019739258171134776,-0.0561084588076876,-0.06861917003305178
0,67,0,0,0,-0.01981882727384013,-0.05587587219977965,-0.06894356714408129
0,68,0,0,0,-0.019763740971967193,-0.05579018239686621,-0.06909658464928388
0,69,0,0,0,-0.01958011996572408,-0.0559493206022769,-0.06936589545844044
0,70,0,0,0,-0.019782103072591505,-0.05586363079936345,-0.0689680499449137
0,71,0,0,0,-0.0197759823723834,-0.05625535561268209,-0.06892520504345698
0,72,0,0,0,-0.019622964867180806,-0.055881992899987756,-0.06875382543763006
0,73,0,0,0,-0.01969029256946995,-0.05587587219977965,-0.06901701554657853
0,74,0,0,0,-0.01964744766801322,-0.05606561390623087,-0.06874770473742196
0,75,0,0,0,-0.019763740971967193,-0.05600440690414984,-0.06868037703513283
0,76,0,0,0,-0.019794344473007715,-0.056077855306647086,-0.0689802913453299
0,77,0,0,0,-0.01966580976863753,-0.055753458195617576,-0.0689680499449137
0,78,0,0,0,-0.01966580976863753,-0.055753458195617576,-0.06740115069163913
0,79,0,0,0,-0.01966580976863753,-0.05603501040519036,-0.06887623944179214
0,80,0,0,0,-0.019910637776961684,-0.055979924103317424,-0.06893744644387317
0,81,0,0,0,-0.019880034275921166,-0.05584526869873914,-0.0689680499449137
0,82,0,0,0,-0.019720896070510467,-0.0561023381074795,-0.06889460154241646
0,83,0,0,0,-0.019800465173215816,-0.055937079201860695,-0.06890072224262456
0,84,0,0,0,-0.019898396376545478,-0.055582078589790675,-0.06901089484637044
0,85,0,0,0,-0.019880034275921166,-0.055839147998531034,-0.06923124005386216
0,86,0,0,0,-0.01966580976863753,-0.05601664830456604,-0.06894356714408129
0,87,0,0,0,-0.01998408617945893,-0.055857510099155336,-0.06876606683804627
0,88,0,0,0,-0.01983718937446444,-0.0561023381074795,-0.0688027910392949
0,89,0,0,0,-0.019671930468845637,-0.05599216550373363,-0.06891296364304075
0,90,0,0,0,-0.019604602766556494,-0.05597380340310931,-0.06885175664095973
0,91,0,0,0,-0.019739258171134776,-0.0559493206022769,-0.06930468845635941
0,92,0,0,0,-0.01969641326967805,-0.05615742440935243,-0.06910270534949198
0,93,0,0,0,-0.019684171869261843,-0.05588811360019587,-0.06899865344595421
0,94,0,0,0,-0.019684171869261843,-0.05588811360019587,-0.06883339454033541
0,95,0,0,0,-0.019763740971967193,-0.05577794099644999,-0.06883339454033541
0,96,0,0,0,-0.019586240665932182,-0.055698371893744644,-0.06885787734116783
0,97,0,0,0,-0.019812706573632023,-0.055998286203941726,-0.06887011874158404
0,98,0,0,0,-0.019910637776961684,-0.05577794099644999,-0.06900477414616232
0,99,0,0,0,-0.01969641326967805,-0.0561207002081038,-0.06882727384012731
1,0,35,0,0,0.014506059493206023,-0.0028338841963520627,-0.0047619047619047615
1,1,35,0,0,0.01467743909903293,-0.002986901701554658,-0.004602766556494063
1,2,35,0,0,0.014750887501530174,-0.002864487697392582,-0.004584404455869751
1,3,35,0,0,0.01457950789570327,-0.0027665564940629207,-0.0046884563594075165
1,4,35,0,0,0.01457950789570327,-0.0027665564940629207,-0.0046884563594075165
1,5,35,0,0,0.01451830089362223,-0.0026869873913575714,-0.004615007956910271
1,6,35,0,0,0.014799853103195005,-0.002638021789692741,-0.004719059860448035
1,7,35,0,0,0.014799853103195005,-0.002638021789692741,-0.004719059860448035
1,8,35,0,0,0.014732525400905864,-0.0027481943934386096,-0.0047435426612804504
1,9,35,0,0,0.014536662994246542,-0.0026563838903170523,-0.004615007956910271
1,10,35,0,0,0.014536662994246542,-0.0026563838903170523,-0.004615007956910271
1,11,35,0,0,0.014769249602154486,-0.00254009058636308,-0.004633370057534582
1,12,35,0,0,0.014689680499449137,-0.0026196596890684294,-0.004529318153996817
1,13,35,0,0,0.014689680499449137,-0.0026196596890684294,-0.006096217407271392
1,14,35,0,0,0.014983474109438118,-0.002754315093646713,-0.0047068184600318275
1,15,35,0,0,0.014573387195495164,-0.002319745378871343,-0.004602766556494063
1,16,35,0,0,0.014444852491124986,-0.0025217284857387686,-0.004474231852123883
1,17,35,0,0,0.014444852491124986,-0.0025217284857387686,-0.004474231852123883
1,18,35,0,0,0.014634594197576203,-0.002503366385114457,-0.00469457705961562
1,19,35,0,0,0.014530542294038436,-0.002919573999265516,-0.004725180560656139
1,20,35,0,0,0.014530542294038436,-0.002919573999265516,-0.004725180560656139
1,21,35,0,0,0.014585628595911374,-0.002791039294895336,-0.004621128657118374
1,22,35,0,0,0.014640714897784308,-0.0024299179826172113,-0.004376300648794222
1,23,35,0,0,0.014640714897784308,-0.0024299179826172113,-0.004376300648794222
1,24,35,0,0,0.014683559799241033,-0.0028461255967682703,-0.004529318153996817
1,25,35,0,0,0.014683559799241033,-0.0027971599951034398,-0.004663973558575101
1,26,35,0,0,0.014683559799241033,-0.0027971599951034398,-0.004663973558575101
1,27,35,0,0,0.01456726649528706,-0.0027359529930224015,-0.0046884563594075165
1,28,35,0,0,0.014805973803403108,-0.002784918594687232,-0.004663973558575101
1,29,35,0,0,0.014714163300281552,-0.0027787978944791283,-0.004621128657118374
1,30,35,0,0,0.014714163300281552,-0.0027787978944791283,-0.004621128657118374
1,31,35,0,0,0.014561145795078955,-0.0024911249846982495,-0.004627249357326478
1,32,35,0,0,0.014444852491124986,-0.0027175908923980905,-0.004547680254621129
1,33,35,0,0,0.014444852491124986,-0.0027175908923980905,-0.004547680254621129
1,34,35,0,0,0.014714163300281552,-0.002442159383033419,-0.004608887256702167
1,35,35,0,0,0.014561145795078955,-0.002821642795935855,-0.004970008568980291
1,36,35,0,0,0.014561145795078955,-0.002821642795935855,-0.004970008568980291
1,37,35,0,0,0.014634594197576203,-0.002821642795935855,-0.004535438854204921
1,38,35,0,0,0.014493818092789814,-0.0028032806953115436,-0.004468111151915779
1,39,35,0,0,0.014493818092789814,-0.0028032806953115436,-0.004468111151915779
1,40,35,0,0,0.01474476680132207,-0.0027175908923980905,-0.0046884563594075165
1,41,35,0,0,0.014750887501530174,-0.0027665564940629207,-0.004663973558575101
1,42,35,0,0,0.014622352797159996,-0.002882849798016893,-0.004804749663361489
1,43,35,0,0,0.014622352797159996,-0.002882849798016893,-0.004804749663361489
1,44,35,0,0,0.014585628595911374,-0.002895091198433101,-0.004719059860448035
1,45,35,0,0,0.014389766189252052,-0.0027114701921899867,-0.0049149222671073575
1,46,35,0,0,0.014389766189252052,-0.0027114701921899867,-0.0049149222671073575
1,47,35,0,0,0.014799853103195005,-0.0025523319867792873,-0.0047068184600318275
1,48,35,0,0,0.014524421593830333,-0.0027114701921899867,-0.004468111151915779
1,49,35,0,0,0.014457093891541192,-0.0026074182886522217,-0.0045170767535806094
1,50,35,0,0,0.014481576692373608,-0.002742073693230506,-0.004492593952748194
1,51,35,0,0,0.01461011139674379,-0.0027481943934386096,-0.004559921655037337
1,52,35,0,0,0.014555025094870852,-0.00297466030113845,-0.004510956053372506
1,53,35,0,0,0.014530542294038436,-0.0030419880034275922,-0.004841473864610112
1,54,35,0,0,0.014652956298200515,-0.002742073693230506,-0.0047068184600318275
1,55,35,0,0,0.01456726649528706,-0.002546211286571184,-0.004645611457950789
1,56,35,0,0,0.01456726649528706,-0.002546211286571184,-0.004645611457950789
1,57,35,0,0,0.014757008201738277,-0.0025645733871954954,-0.004627249357326478
1,58,35,0,0,0.014463214591749296,-0.002638021789692741,-0.004578283755661648
1,59,35,0,0,0.0146284734973681,-0.002907332598849308,-0.0048231117639858
1,60,35,0,0,0.014799853103195005,-0.0028461255967682703,-0.004486473252540091
1,61,35,0,0,0.014757008201738277,-0.0030236259028032808,-0.004572163055453543
1,62,35,0,0,0.014842698004651734,-0.0026441424899008447,-0.004492593952748194
1,63,35,0,0,0.014793732402986901,-0.00266862529073326,-0.004590525156077855
1,64,35,0,0,0.014469335291957399,-0.0030236259028032808,-0.004578283755661648
1,65,35,0,0,0.01469580119965724,-0.0027298322928142977,-0.004633370057534582
1,66,35,0,0,0.01456726649528706,-0.002662504590525156,-0.004608887256702167
1,67,35,0,0,0.014622352797159996,-0.0029501775003060353,-0.004627249357326478
1,68,35,0,0,0.014506059493206023,-0.0030909536050924224,-0.004682335659199412
1,69,35,0,0,0.014561145795078955,-0.0028032806953115436,-0.004780266862529073
1,70,35,0,0,0.014561145795078955,-0.0028032806953115436,-0.004780266862529073
1,71,35,0,0,0.014555025094870852,-0.0029012118986412047,-0.004547680254621129
1,72,35,0,0,0.01474476680132207,-0.0028706083976006856,-0.004602766556494063
1,73,35,0,0,0.014659076998408618,-0.002772677194271025,-0.004798628963153384
1,74,35,0,0,0.014714163300281552,-0.0029991431019708655,-0.004755784061696658
1,75,35,0,0,0.01485493940506794,-0.00254009058636308,-0.004798628963153384
1,76,35,0,0,0.014506059493206023,-0.002944056800097931,-0.004682335659199412
1,77,35,0,0,0.014548904394662748,-0.0028583669971844776,-0.004584404455869751
1,78,35,0,0,0.01456726649528706,-0.002760435793854817,-0.004927163667523564
1,79,35,0,0,0.014591749296119477,-0.0027053494919818824,-0.004400783449626637
1,80,35,0,0,0.014671318398824826,-0.0026441424899008447,-0.004578283755661648
1,81,35,0,0,0.014769249602154486,-0.0027665564940629207,-0.004737421961072347
1,82,35,0,0,0.014781491002570693,-0.0028338841963520627,-0.004621128657118374
1,83,35,0,0,0.014475455992165504,-0.0025890561880279103,-0.004400783449626637
1,84,35,0,0,0.014652956298200515,-0.002772677194271025,-0.004639490757742686
1,85,35,0,0,0.014493818092789814,-0.0027053494919818824,-0.0047435426612804504
1,86,35,0,0,0.014714163300281552,-0.002888970498224997,-0.004663973558575101
1,87,35,0,0,0.014757008201738277,-0.002791039294895336,-0.004523197453788713
1,88,35,0,0,0.014799853103195005,-0.0028094013955196474,-0.004927163667523564
1,89,35,0,0,0.014622352797159996,-0.0029685396009303464,-0.004712939160239932
1,90,35,0,0,0.01467743909903293,-0.002791039294895336,-0.0046884563594075165
1,91,35,0,0,0.014573387195495164,-0.0027114701921899867,-0.004510956053372506
1,92,35,0,0,0.014573387195495164,-0.0027114701921899867,-0.004510956053372506
1,93,35,0,0,0.014659076998408618,-0.0026808666911494676,-0.0046517321581588935
1,94,35,0,0,0.014726404700697759,-0.002742073693230506,-0.004621128657118374
1,95,35,0,0,0.014585628595911374,-0.002509487085322561,-0.004657852858366998
1,96,35,0,0,0.014493818092789814,-0.0024911249846982495,-0.004547680254621129
1,97,35,0,0,0.014763128901946383,-0.002625780389276533,-0.004498714652956298
1,98,35,0,0,0.014732525400905864,-0.002784918594687232,-0.004492593952748194
1,99,35,0,0,0.014542783694454645,-0.0028032806953115436,-0.004553800954829232
2,0,0,35,0,0.02123882972212021,0.02243848696290856,-0.16342269555637165
2,1,0,35,0,0.021373485126698493,0.02270167707185702,-0.16325743665075285
2,2,0,35,0,0.02123882972212021,0.022101848451462847,-0.1634900232586608
2,3,0,35,0,0.02123882972212021,0.022101848451462847,-0.1634900232586608
2,4,0,35,0,0.021232709021912106,0.022132451952503365,-0.16323907455012854
2,5,0,35,0,0.021520381931692985,0.02238340066103562,-0.1632941608520015
2,6,0,35,0,0.021520381931692985,0.02238340066103562,-0.1632941608520015
2,7,0,35,0,0.0210613294160852,0.02229771085812217,-0.1634900232586608
2,8,0,35,0,0.021244950422328317,0.022536418166238217,-0.1634716611580365
2,9,0,35,0,0.021244950422328317,0.022536418166238217,-0.1634716611580365
2,10,0,35,0,0.02131839882482556,0.022175296853960094,-0.16298200514138816
2,11,0,35,0,0.021275553923368835,0.022548659566654423,-0.16341045415595543
2,12,0,35,0,0.0212204676214959,0.022254865956665443,-0.1632941608520015
2,13,0,35,0,0.0212204676214959,0.022254865956665443,-0.1632941608520015
2,14,0,35,0,0.021079691516709513,0.02269555637164892,-0.16331252295262577
2,15,0,35,0,0.021293916023993144,0.022224262455624925,-0.16325743665075285
2,16,0,35,0,0.021293916023993144,0.022224262455624925,-0.16325743665075285
2,17,0,35,0,0.02120822622107969,0.022432366262700454,-0.16345941975762027
2,18,0,35,0,0.02120822622107969,0.022346676459787,-0.16369200636552822
2,19,0,35,0,0.02120822622107969,0.022346676459787,-0.16369200636552822
2,20,0,35,0,0.0212204676214959,0.022358917860203206,-0.16343493695678785
2,21,0,35,0,0.021293916023993144,0.022371159260619413,-0.1635206267597013
2,22,0,35,0,0.021293916023993144,0.022371159260619413,-0.1635206267597013
2,23,0,35,0,0.02112253641816624,0.02260374586852736,-0.16346554045782838
2,24,0,35,0,0.02101236381442037,0.022224262455624925,-0.16345941975762027
2,25,0,35,0,0.02101236381442037,0.02257314236748684,-0.1638327824703146
2,26,0,35,0,0.02112865711837434,0.02257314236748684,-0.1638327824703146
2,27,0,35,0,0.0212204676214959,0.02249357326478149,-0.16367364426490388
2,28,0,35,0,0.02117150201983107,0.022377279960827518,-0.16339821275553923
2,29,0,35,0,0.02117150201983107,0.022377279960827518,-0.16339821275553923
2,30,0,35,0,0.021361243726282286,0.02243848696290856,-0.1633431264536663
2,31,0,35,0,0.021275553923368835,0.022414004162076142,-0.16344717835720407
2,32,0,35,0,0.021275553923368835,0.022414004162076142,-0.16344717835720407
2,33,0,35,0,0.021189864120455378,0.022658832170400295,-0.16322683314971234
2,34,0,35,0,0.021226588321704005,0.022511935365405803,-0.1634839025584527
2,35,0,35,0,0.021226588321704005,0.022511935365405803,-0.1634839025584527
2,36,0,35,0,0.02117150201983107,0.02238340066103562,-0.16321459174929612
2,37,0,35,0,0.021342881625657974,0.022518056065613905,-0.1634900232586608
2,38,0,35,0,0.021342881625657974,0.022518056065613905,-0.1634900232586608
2,39,0,35,0,0.021202105520871588,0.022414004162076142,-0.16323907455012854
2,40,0,35,0,0.021342881625657974,0.022462969763740973,-0.16339821275553923
2,41,0,35,0,0.02141633002815522,0.022224262455624925,-0.16323907455012854
2,42,0,35,0,0.02141633002815522,0.022224262455624925,-0.16323907455012854
2,43,0,35,0,0.02099400171379606,0.022334435059370793,-0.16339209205533115
2,44,0,35,0,0.021116415717958133,0.022346676459787,-0.16325131595054473
2,45,0,35,0,0.021116415717958133,0.022346676459787,-0.16325131595054473
2,46,0,35,0,0.02125107112253642,0.022285469457705962,-0.16321459174929612
2,47,0,35,0,0.021263312522952625,0.0223527971599951,-0.16342269555637165
2,48,0,35,0,0.021263312522952625,0.0223527971599951,-0.16342269555637165
2,49,0,35,0,0.021183743420247276,0.022511935365405803,-0.1631962296486718
2,50,0,35,0,0.02131839882482556,0.02229771085812217,-0.16342881625657973
2,51,0,35,0,0.02135512302607418,0.02238340066103562,-0.16342881625657973
2,52,0,35,0,0.021110295017750032,0.022340555759578894,-0.16355735096094995
2,53,0,35,0,0.021116415717958133,0.022499693964989596,-0.16344717835720407
2,54,0,35,0,0.02109805361733382,0.022401762761659935,-0.16356959236136615
2,55,0,35,0,0.021244950422328317,0.022640470069775983,-0.1635206267597013
2,56,0,35,0,0.021134777818582445,0.02223650385604113,-0.16337372995470684
2,57,0,35,0,0.021459174929611947,0.022254865956665443,-0.16322071244950423
2,58,0,35,0,0.021465295629820053,0.022548659566654423,-0.16328191945158527
2,59,0,35,0,0.021104174317541927,0.022224262455624925,-0.1634900232586608
2,60,0,35,0,0.021263312522952625,0.022340555759578894,-0.16353898886032564
2,61,0,35,0,0.021263312522952625,0.022530297466030115,-0.1633553678540825
2,62,0,35,0,0.02112253641816624,0.02242624556249235,-0.1633492471538744
2,63,0,35,0,0.02136736442649039,0.022414004162076142,-0.16341657485616354
2,64,0,35,0,0.021073570816501408,0.02252417676582201,-0.1633370057534582
2,65,0,35,0,0.021073570816501408,0.02252417676582201,-0.1633370057534582
2,66,0,35,0,0.021275553923368835,0.022309952258538376,-0.16327579875137715
2,67,0,35,0,0.021024605214836577,0.022322193658954582,-0.1634900232586608
2,68,0,35,0,0.021024605214836577,0.02249357326478149,-0.16342269555637165
2,69,0,35,0,0.02109805361733382,0.02262210796915167,-0.16344717835720407
2,70,0,35,0,0.021257191822744523,0.022548659566654423,-0.16306769494430162
2,71,0,35,0,0.021073570816501408,0.02263434936956788,-0.16353898886032564
2,72,0,35,0,0.02135512302607418,0.022481331864365284,-0.16360631656261476
2,73,0,35,0,0.021183743420247276,0.022481331864365284,-0.16345941975762027
2,74,0,35,0,0.0210613294160852,0.022456849063532867,-0.16326355735096093
2,75,0,35,0,0.02130003672420125,0.022340555759578894,-0.16328804015179338
2,76,0,35,0,0.02135512302607418,0.02240788346186804,-0.16345329905741218
2,77,0,35,0,0.021189864120455378,0.022536418166238217,-0.16354510956053372
2,78,0,35,0,0.02120822622107969,0.022334435059370793,-0.16361855796303099
2,79,0,35,0,0.021036846615252784,0.022260986656873545,-0.1636614028644877
2,80,0,35,0,0.02091443261109071,0.022432366262700454,-0.16339209205533115
2,81,0,35,0,0.021153139919206757,0.02238340066103562,-0.16320235034887992
2,82,0,35,0,0.021342881625657974,0.022518056065613905,-0.16341045415595543
2,83,0,35,0,0.021202105520871588,0.022591504468111152,-0.16316562614763128
2,84,0,35,0,0.021134777818582445,0.022414004162076142,-0.16309829844534213
2,85,0,35,0,0.021134777818582445,0.022334435059370793,-0.16333088505325008
2,86,0,35,0,0.021471416330028158,0.022334435059370793,-0.16354510956053372
2,87,0,35,0,0.02109805361733382,0.02238340066103562,-0.16354510956053372
2,88,0,35,0,0.021379605826906598,0.022285469457705962,-0.16355735096094995
2,89,0,35,0,0.02123882972212021,0.02244460766311666,-0.16357571306157423
2,90,0,35,0,0.021330640225241768,0.022371159260619413,-0.16390011017260375
2,91,0,35,0,0.02149589913086057,0.022469090463949078,-0.16326967805116904
2,92,0,35,0,0.02147753703023626,0.022505814665197698,-0.16341045415595543
2,93,0,35,0,0.02144693352919574,0.022499693964989596,-0.16323907455012854
2,94,0,35,0,0.021391847227322805,0.02262210796915167,-0.16311666054596646
2,95,0,35,0,0.02131839882482556,0.02265271147019219,-0.16323907455012854
2,96,0,35,0,0.021085812216917615,0.022224262455624925,-0.16353898886032564
2,97,0,35,0,0.021183743420247276,0.02244460766311666,-0.1633431264536663
2,98,0,35,0,0.02109805361733382,0.022260986656873545,-0.1633064022524177
2,99,0,35,0,0.02143469212877953,0.022101848451462847,-0.16354510956053372
3,0,35,35,0,0.03198065858734239,0.013502264659076998,-0.03924592973436161
3,1,35,35,0,0.03190108948463704,0.013606316562614762,-0.039129636430407636
3,2,35,35,0,0.03190108948463704,0.013606316562614762,-0.039129636430407636
3,3,35,35,0,0.031919451585261355,0.013404333455747338,-0.039441792141020934
3,4,35,35,0,0.03224384869629086,0.013434936956787857,-0.03926429183498592
3,5,35,35,0,0.03224384869629086,0.013434936956787857,-0.03926429183498592
3,6,35,35,0,0.03223160729587465,0.01344105765699596,-0.03903170522707798
3,7,35,35,0,0.032292814297955684,0.013226833149712328,-0.03932549883706696
3,8,35,35,0,0.032292814297955684,0.013226833149712328,-0.03932549883706696
3,9,35,35,0,0.031888848084220836,0.013649161464071491,-0.039398947239564205
3,10,35,35,0,0.03210919329171257,0.013618557963030969,-0.03945403354143714
3,11,35,35,0,0.03220100379483413,0.013367609254498713,-0.039411188639980416
3,12,35,35,0,0.03220100379483413,0.013367609254498713,-0.039411188639980416
3,13,35,35,0,0.03224384869629086,0.013367609254498713,-0.03936222303831559
3,14,35,35,0,0.03185212388297221,0.01295752234055576,-0.039411188639980416
3,15,35,35,0,0.03185212388297221,0.01295752234055576,-0.039411188639980416
3,16,35,35,0,0.03202350348879912,0.01336148855429061,-0.03923980903415351
3,17,35,35,0,0.03206634839025584,0.013428816256579754,-0.03914799853103195
3,18,35,35,0,0.03206634839025584,0.013428816256579754,-0.03914799853103195
3,19,35,35,0,0.03203574488921533,0.013490023258660791,-0.039056188027910395
3,20,35,35,0,0.031790916880891175,0.013594075162198554,-0.0392275676337373
3,21,35,35,0,0.031790916880891175,0.013594075162198554,-0.0392275676337373
3,22,35,35,0,0.03224384869629086,0.013496143958868894,-0.03900722242624556
3,23,35,35,0,0.032133676092544985,0.013447178357204066,-0.03934386093769127
3,24,35,35,0,0.03209083119108826,0.013465540457828376,-0.03911739502999143
3,25,35,35,0,0.03209083119108826,0.013465540457828376,-0.03911739502999143
3,26,35,35,0,0.03209083119108826,0.013398212755539235,-0.039184722732280575
3,27,35,35,0,0.032133676092544985,0.01333088505325009,-0.03925205043456971
3,28,35,35,0,0.032133676092544985,0.01333088505325009,-0.03925205043456971
3,29,35,35,0,0.032145917492961196,0.013661402864487698,-0.03927653323540213
3,30,35,35,0,0.03212755539233688,0.013434936956787857,-0.03960705104663974
3,31,35,35,0,0.03212755539233688,0.013434936956787857,-0.03960705104663974
3,32,35,35,0,0.03219488309462602,0.013459419757620272,-0.03893377402374832
3,33,35,35,0,0.03196841718692618,0.01367976496511201,-0.03930713673644265
3,34,35,35,0,0.03196841718692618,0.01367976496511201,-0.03930713673644265
3,35,35,35,0,0.03221936589545844,0.0131839882482556,-0.03926429183498592
3,36,35,35,0,0.03207858979067205,0.013428816256579754,-0.03950299914310197
3,37,35,35,0,0.032005141388174806,0.013575713061574244,-0.03911739502999143
3,38,35,35,0,0.032005141388174806,0.013575713061574244,-0.03911739502999143
3,39,35,35,0,0.03203574488921533,0.013428816256579754,-0.03937446443873179
3,40,35,35,0,0.03196841718692618,0.013606316562614762,-0.03940506793977231
3,41,35,35,0,0.03196841718692618,0.013606316562614762,-0.03940506793977231
3,42,35,35,0,0.03189496878442894,0.013355367854082506,-0.0392275676337373
3,43,35,35,0,0.03218876239441792,0.013239074550128535,-0.03916636063165626
3,44,35,35,0,0.03218876239441792,0.013239074550128535,-0.03916636063165626
3,45,35,35,0,0.03195617578650998,0.013563471661158035,-0.039527481943934385
3,46,35,35,0,0.03194393438609377,0.013226833149712328,-0.039043946627494185
3,47,35,35,0,0.03194393438609377,0.013226833149712328,-0.039043946627494185
3,48,35,35,0,0.03201126208838291,0.013416574856163547,-0.03940506793977231
3,49,35,35,0,0.03198677928755049,0.013545109560533725,-0.0392275676337373
3,50,35,35,0,0.03225609009670706,0.013667523564695801,-0.039527481943934385
3,51,35,35,0,0.03202962418900722,0.013373729954706818,-0.03920920553311299
3,52,35,35,0,0.03207858979067205,0.013728730566776839,-0.0393928265393561
3,53,35,35,0,0.03228057289753948,0.013349247153874403,-0.03914799853103195
3,54,35,35,0,0.031907210184845144,0.013496143958868894,-0.03909903292936712
3,55,35,35,0,0.032164279593585504,0.013618557963030969,-0.03936222303831559
3,56,35,35,0,0.032047986289631535,0.013447178357204066,-0.03931937813685886
3,57,35,35,0,0.03198677928755049,0.013636920063655283,-0.03946015424164524
3,58,35,35,0,0.03218264169420982,0.013502264659076998,-0.039356102338107476
3,59,35,35,0,0.03224996939649896,0.013459419757620272,-0.03912351573019954
3,60,35,35,0,0.032017382788591016,0.013300281552209572,-0.03936222303831559
3,61,35,35,0,0.0319928999877586,0.013434936956787857,-0.03923980903415351
3,62,35,35,0,0.03195617578650998,0.013453299057412169,-0.039196964132696785
3,63,35,35,0,0.03195617578650998,0.013716489166360632,-0.03933774023748317
3,64,35,35,0,0.032047986289631535,0.013716489166360632,-0.03933774023748317
3,65,35,35,0,0.032017382788591016,0.013606316562614762,-0.03932549883706696
3,66,35,35,0,0.03194393438609377,0.013392092055331132,-0.03945403354143714
3,67,35,35,0,0.03211531399192068,0.013288040151793365,-0.03932549883706696
3,68,35,35,0,0.032152038193169294,0.013398212755539235,-0.03934998163789938
3,69,35,35,0,0.03207246909046395,0.013300281552209572,-0.03936834373852369
3,70,35,35,0,0.032060227690047745,0.013281919451585262,-0.039356102338107476
3,71,35,35,0,0.032133676092544985,0.013410454155955442,-0.039398947239564205
3,72,35,35,0,0.03212755539233688,0.0133431264536663,-0.039184722732280575
3,73,35,35,0,0.032274452197331376,0.013135022646590768,-0.03912351573019954
3,74,35,35,0,0.03221324519525033,0.01326355735096095,-0.03923980903415351
3,75,35,35,0,0.03218876239441792,0.013410454155955442,-0.03924592973436161
3,76,35,35,0,0.032152038193169294,0.013392092055331132,-0.03936222303831559
3,77,35,35,0,0.03210919329171257,0.013416574856163547,-0.03929489533602644
3,78,35,35,0,0.03221936589545844,0.01321459174929612,-0.03967437874892888
3,79,35,35,0,0.03199902068796671,0.013318643652833884,-0.039398947239564205
3,80,35,35,0,0.03223160729587465,0.013465540457828376,-0.0393928265393561
3,81,35,35,0,0.031888848084220836,0.013490023258660791,-0.039656016648304565
3,82,35,35,0,0.032047986289631535,0.013416574856163547,-0.03920308483290488
3,83,35,35,0,0.032047986289631535,0.013281919451585262,-0.03929489533602644
3,84,35,35,0,0.03225609009670706,0.012945280940139553,-0.03932549883706696
3,85,35,35,0,0.03195005508630187,0.012945280940139553,-0.03920920553311299
3,86,35,35,0,0.03198677928755049,0.013526747459909413,-0.03920920553311299
3,87,35,35,0,0.032152038193169294,0.013226833149712328,-0.03925205043456971
3,88,35,35,0,0.03210307259150447,0.013318643652833884,-0.03926429183498592
3,89,35,35,0,0.03203574488921533,0.013514506059493206,-0.039441792141020934
3,90,35,35,0,0.032152038193169294,0.013710368466152529,-0.03914799853103195
3,91,35,35,0,0.0318276410821398,0.013147264047006977,-0.039184722732280575
3,92,35,35,0,0.03209695189129637,0.013740971967193047,-0.03925817113477782
3,93,35,35,0,0.03222548659566654,0.013337005753458194,-0.0393928265393561
3,94,35,35,0,0.03222548659566654,0.013392092055331132,-0.0392214469335292
3,95,35,35,0,0.032152038193169294,0.013532868160117516,-0.03932549883706696
3,96,35,35,0,0.03209695189129637,0.013538988860325622,-0.03927653323540213
3,97,35,35,0,0.03209695189129637,0.013251315950544743,-0.03961929244705594
3,98,35,35,0,0.03209695189129637,0.013349247153874403,-0.039282653935610236
3,99,35,35,0,0.03219488309462602,0.013190108948463706,-0.0395458440445587
