values,,position,position,position,Magnetometer,Magnetometer,Magnetometer
axis,,x,y,z,x,y,z
Sensor,Sample,,,,,,
0,0,0,0,0,-0.01834373852368711,-0.0517750030603501,-0.06702166727873668
0,1,0,0,0,-0.018319255722854692,-0.052007589668258046,-0.06694209817603133
0,2,0,0,0,-0.018398824825560045,-0.05154241645244216,-0.06710123638144204
0,3,0,0,0,-0.018258048720773655,-0.05181172726159873,-0.06713183988248256
0,4,0,0,0,-0.018478393928265394,-0.05191577916513649,-0.06683192557228547
0,5,0,0,0,-0.018251928020565553,-0.05187293426367976,-0.06678295997062064
0,6,0,0,0,-0.018355979924103316,-0.05182396866201493,-0.06697270167707185
0,7,0,0,0,-0.018398824825560045,-0.051836210062431144,-0.06696046027665566
0,8,0,0,0,-0.01823356591994124,-0.051548537152650266,-0.0670339086791529
0,9,0,0,0,-0.018300893622230384,-0.051836210062431144,-0.06715020198310687
0,10,0,0,0,-0.018417186926184357,-0.05204431386950668,-0.06677071857020443
0,11,0,0,0,-0.018355979924103316,-0.05158526135389888,-0.0667278736687477
0,12,0,0,0,-0.018307014322438486,-0.05173827885910148,-0.06700942587832048
0,13,0,0,0,-0.01839270412535194,-0.05178112376055821,-0.06693597747582324
0,14,0,0,0,-0.018172358917860204,-0.05189741706451219,-0.06693597747582324
0,15,0,0,0,-0.018368221324519526,-0.051940261965968904,-0.06692373607540703
0,16,0,0,0,-0.018368221324519526,-0.05179948586118251,-0.06694209817603133
0,17,0,0,0,-0.018258048720773655,-0.05179948586118251,-0.06694209817603133
0,18,0,0,0,-0.0181662382176521,-0.05167707185702044,-0.06707675358060963
0,19,0,0,0,-0.018288652221814174,-0.05178112376055821,-0.06708287428081773
0,20,0,0,0,-0.01810503121557106,-0.051664830456604235,-0.06676459786999632
0,21,0,0,0,-0.01834985922389521,-0.05200146896804995,-0.06698494307748806
0,22,0,0,0,-0.01817847961806831,-0.051511812951401635,-0.06697270167707185
0,23,0,0,0,-0.018221324519525035,-0.051707675358060964,-0.0662259762516832
0,24,0,0,0,-0.018496756028889706,-0.05167095115681234,-0.06713183988248256
0,25,0,0,0,-0.018355979924103316,-0.05186069286326356,-0.06695433957644754
0,26,0,0,0,-0.01857020443138695,-0.051866813563471656,-0.06729097808789325
0,27,0,0,0,-0.018319255722854692,-0.05162810625535561,-0.0668992532745746
0,28,0,0,0,-0.01836210062431142,-0.051836210062431144,-0.0667339943689558
0,29,0,0,0,-0.018411066225976252,-0.05172603745868527,-0.06677683927041253
0,30,0,0,0,-0.018411066225976252,-0.051836210062431144,-0.06667890806708288
0,31,0,0,0,-0.018643652833884198,-0.051836210062431144,-0.06667890806708288
0,32,0,0,0,-0.018582445831803157,-0.051768882360142,-0.06667278736687478
0,33,0,0,0,-0.01836210062431142,-0.05165870975639612,-0.06682580487207737
0,34,0,0,0,-0.018411066225976252,-0.05159750275431509,-0.0670461500795691
0,35,0,0,0,-0.018239686620149347,-0.05168319255722855,-0.06681356347166115
0,36,0,0,0,-0.018209083119108828,-0.051793365160974415,-0.06685028767290978
0,37,0,0,0,-0.0184906353286816,-0.05183008936222304,-0.06711959848206635
0,38,0,0,0,-0.01839270412535194,-0.051793365160974415,-0.06716856408373117
0,39,0,0,0,-0.018337617823479004,-0.051732158158893385,-0.06700330517811237
0,40,0,0,0,-0.018062186314114333,-0.051621985555147507,-0.0663851144570939
0,41,0,0,0,-0.018258048720773655,-0.05184845146284735,-0.06682580487207737
0,42,0,0,0,-0.018368221324519526,-0.05184233076263924,-0.06681356347166115
0,43,0,0,0,-0.018288652221814174,-0.051976986167217534,-0.06691149467499083
0,44,0,0,0,-0.018288652221814174,-0.051976986167217534,-0.06680132207124495
0,45,0,0,0,-0.018447790427224876,-0.05188517566409597,-0.06680132207124495
0,46,0,0,0,-0.018239686620149347,-0.051695433957644754,-0.06676459786999632
0,47,0,0,0,-0.01839270412535194,-0.05157301995348268,-0.0670339086791529
0,48,0,0,0,-0.018411066225976252,-0.05179948586118251,-0.06715020198310687
0,49,0,0,0,-0.018227445219733136,-0.051664830456604235,-0.06700942587832048
0,50,0,0,0,-0.01836210062431142,-0.05178724446076631,-0.06651976986167217
0,51,0,0,0,-0.018484514628473496,-0.05161586485493941,-0.06635451095605337
0,52,0,0,0,-0.01847227322805729,-0.051707675358060964,-0.06668502876729097
0,53,0,0,0,-0.018239686620149347,-0.051732158158893385,-0.06674623576937203
0,54,0,0,0,-0.018355979924103316,-0.05157301995348268,-0.06681968417186926
0,55,0,0,0,-0.01834985922389521,-0.052007589668258046,-0.06707063288040152
0,56,0,0,0,-0.01810503121557106,-0.05164646835597993,-0.06708899498102583
0,57,0,0,0,-0.018251928020565553,-0.051836210062431144,-0.0668931325743665
0,58,0,0,0,-0.018251928020565553,-0.05185457216305546,-0.06718692618435548
0,59,0,0,0,-0.018190721018484516,-0.05185457216305546,-0.06718692618435548
0,60,0,0,0,-0.01837434202472763,-0.05197086546700943,-0.06710735708165014
0,61,0,0,0,-0.01818460031827641,-0.051609744154731296,-0.06677683927041253
0,62,0,0,0,-0.018355979924103316,-0.051689313257436656,-0.06692373607540703
0,63,0,0,0,-0.018325376423062797,-0.0519280205655527,-0.0668992532745746
0,64,0,0,0,-0.018368221324519526,-0.05171379605826907,-0.06700330517811237
0,65,0,0,0,-0.018141755416819685,-0.05206267597013098,-0.06702166727873668
0,66,0,0,0,-0.018239686620149347,-0.05178112376055821,-0.0668686497735341
0,67,0,0,0,-0.01812951401640348,-0.05167095115681234,-0.0668747704737422
0,68,0,0,0,-0.01817847961806831,-0.051707675358060964,-0.06711959848206635
0,69,0,0,0,-0.0184906353286816,-0.05174439955930958,-0.06699106377769617
0,70,0,0,0,-0.018270290121189865,-0.051976986167217534,-0.06699106377769617
0,71,0,0,0,-0.0184906353286816,-0.0517750030603501,-0.06699718447790427
0,72,0,0,0,-0.018478393928265394,-0.05170155465785285,-0.06693597747582324
0,73,0,0,0,-0.018478393928265394,-0.0517627616599339,-0.06691761537519893
0,74,0,0,0,-0.01843554902680867,-0.0517627616599339,-0.06691761537519893
0,75,0,0,0,-0.01837434202472763,-0.05186069286326356,-0.06706451218019341
0,76,0,0,0,-0.018319255722854692,-0.051732158158893385,-0.0670339086791529
0,77,0,0,0,-0.018331497123270903,-0.051934141265760805,-0.06691761537519893
0,78,0,0,0,-0.0184906353286816,-0.05184845146284735,-0.0670339086791529
0,79,0,0,0,-0.018307014322438486,-0.051591382054106995,-0.06683192557228547
0,80,0,0,0,-0.018307014322438486,-0.05158526135389888,-0.06707675358060963
0,81,0,0,0,-0.01840494552576815,-0.05165870975639612,-0.06674623576937203
0,82,0,0,0,-0.018196841718692618,-0.05168319255722855,-0.0670339086791529
0,83,0,0,0,-0.018606928632635574,-0.05159750275431509,-0.06694821887623945
0,84,0,0,0,-0.018337617823479004,-0.051352674745990944,-0.06708287428081773
0,85,0,0,0,-0.018337617823479004,-0.05188517566409597,-0.06669114946749907
0,86,0,0,0,-0.018411066225976252,-0.05188517566409597,-0.06669114946749907
0,87,0,0,0,-0.018527359529930225,-0.051805606561390626,-0.067040029379361
0,88,0,0,0,-0.01840494552576815,-0.05171379605826907,-0.067217529685396
0,89,0,0,0,-0.018337617823479004,-0.05167095115681234,-0.06648304566042355
0,90,0,0,0,-0.018417186926184357,-0.051909658464928385,-0.067040029379361
0,91,0,0,0,-0.018515118129514015,-0.05184845146284735,-0.06695433957644754
0,92,0,0,0,-0.018466152527849188,-0.051695433957644754,-0.06711347778185825
0,93,0,0,0,-0.01834985922389521,-0.05187293426367976,-0.06706451218019341
0,94,0,0,0,-0.018453911127432977,-0.05174439955930958,-0.0664095972579263
0,95,0,0,0,-0.018270290121189865,-0.05164034765577182,-0.06718080548414739
0,96,0,0,0,-0.01823356591994124,-0.05170155465785285,-0.06722977108581221
0,97,0,0,0,-0.01808666911494675,-0.05171991675847717,-0.06729097808789325
0,98,0,0,0,-0.01836210062431142,-0.0517566409597258,-0.06682580487207737
0,99,0,0,0,-0.01836210062431142,-0.0517750030603501,-0.06715632268331498
1,0,35,0,0,0.012871832537642305,-0.001083363936834374,-0.0045170767535806094
1,1,35,0,0,0.013202350348879913,-0.0012302607418288652,-0.0047068184600318275
1,2,35,0,0,0.012982005141388175,-0.001016036234545232,-0.004553800954829232
1,3,35,0,0,0.013079936344717834,-0.0012914677439099032,-0.004486473252540091
1,4,35,0,0,0.013049332843677316,-0.0013526747459909412,-0.004223283143591627
1,5,35,0,0,0.012816746235769371,-0.0010527604357938548,-0.004645611457950789
1,6,35,0,0,0.012951401640347656,-0.0012669849430774881,-0.004498714652956298
1,7,35,0,0,0.012951401640347656,-0.0012669849430774881,-0.004498714652956298
1,8,35,0,0,0.012933039539723346,-0.0012180193414126576,-0.004327335047129391
1,9,35,0,0,0.012822866935977475,-0.0013465540457828376,-0.004572163055453543
1,10,35,0,0,0.01289631533847472,-0.0012302607418288652,-0.004847594564818215
1,11,35,0,0,0.01289631533847472,-0.0012486228424531767,-0.004382421349002326
1,12,35,0,0,0.013024850042844902,-0.0012547435426612805,-0.004749663361488554
1,13,35,0,0,0.013073815644509731,-0.0011751744399559308,-0.00469457705961562
1,14,35,0,0,0.012988125841596278,-0.0011690537397478272,-0.004431386950667157
1,15,35,0,0,0.012853470437017993,-0.001144570938915412,-0.004455869751499571
1,16,35,0,0,0.013141143346798872,-0.0011078467376667892,-0.004510956053372506
1,17,35,0,0,0.013098298445342146,-0.0012792263434936956,-0.0044619904517076755
1,18,35,0,0,0.012982005141388175,-0.0014750887501530177,-0.004608887256702167
1,19,35,0,0,0.013141143346798872,-0.0011690537397478272,-0.004755784061696658
1,20,35,0,0,0.012884073938058512,-0.0011078467376667892,-0.004296731546088873
1,21,35,0,0,0.012920798139307138,-0.0012241400416207614,-0.004541559554413025
1,22,35,0,0,0.013208471049088016,-0.0011078467376667892,-0.004327335047129391
1,23,35,0,0,0.01300648794222059,-0.0012975884441180073,-0.004278369445464561
1,24,35,0,0,0.013061574244093524,-0.0012180193414126576,-0.004474231852123883
1,25,35,0,0,0.013061574244093524,-0.0009058636307993634,-0.004119231240053862
1,26,35,0,0,0.012835108336393683,-0.0009058636307993634,-0.004119231240053862
1,27,35,0,0,0.013012608642428694,-0.0013159505447423185,-0.0045170767535806094
1,28,35,0,0,0.01310441914555025,-0.0011568123393316196,-0.0042355245440078345
1,29,35,0,0,0.01308605704492594,-0.0010527604357938548,-0.004559921655037337
1,30,35,0,0,0.013030970743053006,-0.0013404333455747338,-0.004480352552331987
1,31,35,0,0,0.013024850042844902,-0.0012425021422450729,-0.00438854204921043
1,32,35,0,0,0.013067694944301628,-0.0012302607418288652,-0.004382421349002326
1,33,35,0,0,0.012877953237850409,-0.0012914677439099032,-0.0044619904517076755
1,34,35,0,0,0.012933039539723346,-0.0010037948341290244,-0.00438854204921043
1,35,35,0,0,0.012969763740971968,-0.00107724323662627,-0.004768025462112866
1,36,35,0,0,0.012835108336393683,-0.0009670706328804015,-0.004578283755661648
1,37,35,0,0,0.013049332843677316,-0.0011874158403721385,-0.0046517321581588935
1,38,35,0,0,0.01268209083119109,-0.0010894846370424777,-0.004431386950667157
1,39,35,0,0,0.012933039539723346,-0.0009915534337128168,-0.004529318153996817
1,40,35,0,0,0.012865711837434202,-0.0013465540457828376,-0.004406904149834741
1,41,35,0,0,0.01295752234055576,-0.000918105031215571,-0.004553800954829232
1,42,35,0,0,0.013000367242012487,-0.0008752601297588444,-0.004700697759823723
1,43,35,0,0,0.013000367242012487,-0.0013893989472395642,-0.004449749051291468
1,44,35,0,0,0.012816746235769371,-0.0011751744399559308,-0.004106989839637655
1,45,35,0,0,0.012884073938058512,-0.0011751744399559308,-0.004370179948586119
1,46,35,0,0,0.012994246541804384,-0.00094870853225609,-0.004370179948586119
1,47,35,0,0,0.013043212143469212,-0.0013649161464071489,-0.004296731546088873
1,48,35,0,0,0.013098298445342146,-0.0011323295384992043,-0.004406904149834741
1,49,35,0,0,0.013079936344717834,-0.0011323295384992043,-0.004504835353164402
1,50,35,0,0,0.01295752234055576,-0.001432243848696291,-0.004266128045048353
1,51,35,0,0,0.012975884441180072,-0.0010956053372505816,-0.00438854204921043
1,52,35,0,0,0.01293916023993145,-0.0011690537397478272,-0.004400783449626637
1,53,35,0,0,0.013000367242012487,-0.001273105643285592,-0.004510956053372506
1,54,35,0,0,0.013251315950544743,-0.0011690537397478272,-0.0042906108458807685
1,55,35,0,0,0.012743297833272127,-0.0009915534337128168,-0.004241645244215939
1,56,35,0,0,0.012841229036601787,-0.0014077610478638756,-0.004241645244215939
1,57,35,0,0,0.012786142734728853,-0.0011262088382911005,-0.00430897294650508
1,58,35,0,0,0.013030970743053006,-0.0011935365405802425,-0.00456604235524544
1,59,35,0,0,0.012926918839515241,-0.0013649161464071489,-0.004419145550250949
1,60,35,0,0,0.013061574244093524,-0.001144570938915412,-0.004884318766066838
1,61,35,0,0,0.013067694944301628,-0.00107724323662627,-0.004608887256702167
1,62,35,0,0,0.013043212143469212,-0.0011506916391235157,-0.004223283143591627
1,63,35,0,0,0.013067694944301628,-0.0011506916391235157,-0.004474231852123883
1,64,35,0,0,0.01295752234055576,-0.0011812951401640349,-0.004535438854204921
1,65,35,0,0,0.01295752234055576,-0.0011812951401640349,-0.004529318153996817
1,66,35,0,0,0.013190108948463706,-0.0012302607418288652,-0.004529318153996817
1,67,35,0,0,0.013012608642428694,-0.0013893989472395642,-0.004498714652956298
1,68,35,0,0,0.01295752234055576,-0.0014016403476557718,-0.004419145550250949
1,69,35,0,0,0.013073815644509731,-0.00107724323662627,-0.004700697759823723
1,70,35,0,0,0.012994246541804384,-0.0013220712449504223,-0.004480352552331987
1,71,35,0,0,0.012969763740971968,-0.0012792263434936956,-0.004504835353164402
1,72,35,0,0,0.012835108336393683,-0.001273105643285592,-0.004449749051291468
1,73,35,0,0,0.013030970743053006,-0.0013465540457828376,-0.004602766556494063
1,74,35,0,0,0.012663728730566776,-0.0012547435426612805,-0.004468111151915779
1,75,35,0,0,0.013055453543885421,-0.0013037091443261109,-0.004247765944424042
1,76,35,0,0,0.013067694944301628,-0.0013832782470314603,-0.004492593952748194
1,77,35,0,0,0.013067694944301628,-0.0012547435426612805,-0.004315093646713184
1,78,35,0,0,0.012988125841596278,-0.0012425021422450729,-0.004541559554413025
1,79,35,0,0,0.012988125841596278,-0.0012425021422450729,-0.004737421961072347
1,80,35,0,0,0.012988125841596278,-0.0013037091443261109,-0.004737421961072347
1,81,35,0,0,0.012853470437017993,-0.0013404333455747338,-0.004792508262945281
1,82,35,0,0,0.013122781246174562,-0.0013465540457828376,-0.004535438854204921
1,83,35,0,0,0.013055453543885421,-0.001456726649528706,-0.004370179948586119
1,84,35,0,0,0.012841229036601787,-0.0012180193414126576,-0.004768025462112866
1,85,35,0,0,0.013073815644509731,-0.0011139674378748928,-0.004670094258783205
1,86,35,0,0,0.013000367242012487,-0.001426123148488187,-0.004315093646713184
1,87,35,0,0,0.013055453543885421,-0.0013526747459909412,-0.004345697147753702
1,88,35,0,0,0.013355367854082506,-0.0012241400416207614,-0.004474231852123883
1,89,35,0,0,0.013030970743053006,-0.0013037091443261109,-0.0044619904517076755
1,90,35,0,0,0.012945280940139553,-0.0012669849430774881,-0.004590525156077855
1,91,35,0,0,0.013110539845758353,-0.0013159505447423185,-0.004284490145672665
1,92,35,0,0,0.012902436038682824,-0.0014200024482800833,-0.004382421349002326
1,93,35,0,0,0.013079936344717834,-0.0015056922511935366,-0.004480352552331987
1,94,35,0,0,0.012975884441180072,-0.0013220712449504223,-0.004590525156077855
1,95,35,0,0,0.013012608642428694,-0.0012547435426612805,-0.004553800954829232
1,96,35,0,0,0.01295752234055576,-0.0013832782470314603,-0.004486473252540091
1,97,35,0,0,0.01295752234055576,-0.001144570938915412,-0.004162076141510589
1,98,35,0,0,0.013055453543885421,-0.001144570938915412,-0.004162076141510589
1,99,35,0,0,0.012994246541804384,-0.0011629330395397234,-0.004247765944424042
2,0,0,35,0,0.028045048353531644,0.012473987024115559,-0.14716611580364794
2,1,0,35,0,0.028204186558942346,0.012645366629942464,-0.14781491002570696
2,2,0,35,0,0.028418411066225974,0.012437262822866935,-0.1473007712082262
2,3,0,35,0,0.028253152160607177,0.012633125229526258,-0.14752111641571797
2,4,0,35,0,0.028320479862896313,0.012786142734728853,-0.1472946505080181
2,5,0,35,0,0.028302117762272004,0.012547435426612805,-0.14720896070510467
2,6,0,35,0,0.028161341657485617,0.012853470437017993,-0.14728852980781001
2,7,0,35,0,0.02852246296976374,0.012731056432855919,-0.1471355123026074
2,8,0,35,0,0.028283755661647692,0.012547435426612805,-0.14719059860448036
2,9,0,35,0,0.02839392826539356,0.012694332231607297,-0.14734361610968294
2,10,0,35,0,0.02818582445831803,0.012547435426612805,-0.1477414616232097
2,11,0,35,0,0.02842453176643408,0.012627004529318153,-0.14703146039906964
2,12,0,35,0,0.028357204064144936,0.012645366629942464,-0.1470987881013588
2,13,0,35,0,0.028442893867058394,0.012755539233688334,-0.14718447790427225
2,14,0,35,0,0.02836332476435304,0.012706573632023505,-0.14714163300281552
2,15,0,35,0,0.02834496266372873,0.012400538621618313,-0.1470987881013588
2,16,0,35,0,0.028338841963520628,0.012773901334312646,-0.1470926674011507
2,17,0,35,0,0.0286203941730934,0.012455624923491247,-0.1473007712082262
2,18,0,35,0,0.0286203941730934,0.012455624923491247,-0.14573387195495163
2,19,0,35,0,0.028161341657485617,0.012510711225364183,-0.14702533969886156
2,20,0,35,0,0.028418411066225974,0.01252295262578039,-0.14755784061696658
2,21,0,35,0,0.028253152160607177,0.012737177133064024,-0.1471171502019831
2,22,0,35,0,0.028198065858734238,0.01259028032806953,-0.1471293916023993
2,23,0,35,0,0.02842453176643408,0.012841229036601787,-0.1471232709021912
2,24,0,35,0,0.02834496266372873,0.012920798139307138,-0.14701921899865344
2,25,0,35,0,0.028400048965601665,0.012486228424531766,-0.14703146039906964
2,26,0,35,0,0.028198065858734238,0.012614763128901946,-0.14765577182029624
2,27,0,35,0,0.02837556616476925,0.01268209083119109,-0.1473007712082262
2,28,0,35,0,0.028406169665809767,0.012437262822866935,-0.14750275431509366
2,29,0,35,0,0.028534704370179947,0.01266984943077488,-0.1473987024115559
2,30,0,35,0,0.028400048965601665,0.012596401028277634,-0.14733749540947486
2,31,0,35,0,0.028265393561023384,0.01252295262578039,-0.14704370179948587
2,32,0,35,0,0.02843677316685029,0.012498469824947973,-0.1469580119965724
2,33,0,35,0,0.028400048965601665,0.012651487330150568,-0.14736809891051536
2,34,0,35,0,0.02852246296976374,0.012425021422450729,-0.14720284000489656
2,35,0,35,0,0.02852246296976374,0.012425021422450729,-0.14724568490635329
2,36,0,35,0,0.028271514261231485,0.012565797527237115,-0.14724568490635329
2,37,0,35,0,0.028491859468723225,0.012731056432855919,-0.14715999510343986
2,38,0,35,0,0.028510221569347533,0.012884073938058512,-0.14724568490635329
2,39,0,35,0,0.028253152160607177,0.012810625535561268,-0.14781491002570696
2,40,0,35,0,0.028681601175174442,0.012455624923491247,-0.1472640470069776
2,41,0,35,0,0.028210307259150448,0.012706573632023505,-0.14714775370302363
2,42,0,35,0,0.028540825070388055,0.012755539233688334,-0.14721508140531275
2,43,0,35,0,0.02824703146039907,0.012620883829110049,-0.14733137470926674
2,44,0,35,0,0.028283755661647692,0.012559676827029012,-0.14731913330885055
2,45,0,35,0,0.028210307259150448,0.012553556126820908,-0.1474415473130126
2,46,0,35,0,0.028210307259150448,0.012767780634104543,-0.14706206390011017
2,47,0,35,0,0.02838168686497735,0.01259028032806953,-0.14754559921655036
2,48,0,35,0,0.028461255967682703,0.012945280940139553,-0.14721508140531275
2,49,0,35,0,0.028442893867058394,0.012712694332231609,-0.1472518056065614
2,50,0,35,0,0.028271514261231485,0.012480107724323663,-0.14716611580364794
2,51,0,35,0,0.028491859468723225,0.012688211531399193,-0.1470926674011507
2,52,0,35,0,0.028491859468723225,0.012688211531399193,-0.14720284000489656
2,53,0,35,0,0.028265393561023384,0.012737177133064024,-0.14720284000489656
2,54,0,35,0,0.028106255355612682,0.01291467743909903,-0.14720284000489656
2,55,0,35,0,0.0284551352674746,0.012816746235769371,-0.14736197821030725
2,56,0,35,0,0.028497980168931326,0.01244338352307504,-0.1471293916023993
2,57,0,35,0,0.028418411066225974,0.012596401028277634,-0.14720896070510467
2,58,0,35,0,0.028191945158526133,0.01284734973680989,-0.14722732280572898
2,59,0,35,0,0.028308238462480106,0.012620883829110049,-0.1470743053005264
2,60,0,35,0,0.0284551352674746,0.012731056432855919,-0.14733749540947486
2,61,0,35,0,0.0282959970620639,0.01268209083119109,-0.14728852980781001
2,62,0,35,0,0.028320479862896313,0.012865711837434202,-0.14722120210552087
2,63,0,35,0,0.028638756273717713,0.012755539233688334,-0.1471171502019831
2,64,0,35,0,0.028271514261231485,0.012584159627861427,-0.14749051291467744
2,65,0,35,0,0.028204186558942346,0.012486228424531766,-0.1469702533969886
2,66,0,35,0,0.02815522095727751,0.012645366629942464,-0.1474293059125964
2,67,0,35,0,0.028400048965601665,0.01266984943077488,-0.1471171502019831
2,68,0,35,0,0.028338841963520628,0.012553556126820908,-0.14701309829844533
2,69,0,35,0,0.028338841963520628,0.012553556126820908,-0.14766189252050435
2,70,0,35,0,0.028210307259150448,0.01282898763618558,-0.14766189252050435
2,71,0,35,0,0.028332721263312523,0.012675970130982983,-0.1474109438119721
2,72,0,35,0,0.02832660056310442,0.012645366629942464,-0.1469396498959481
2,73,0,35,0,0.028314359162688214,0.01249234912473987,-0.1472334435059371
2,74,0,35,0,0.028369445464561143,0.012884073938058512,-0.14715999510343986
2,75,0,35,0,0.02832660056310442,0.0127004529318154,-0.1470865467009426
2,76,0,35,0,0.02834496266372873,0.01252295262578039,-0.1471293916023993
2,77,0,35,0,0.028497980168931326,0.012578038927653324,-0.1472395642061452
2,78,0,35,0,0.028559187171012364,0.0127004529318154,-0.147404823111764
2,79,0,35,0,0.02827763496143959,0.012584159627861427,-0.1472762884073938
2,80,0,35,0,0.028418411066225974,0.012614763128901946,-0.1472334435059371
2,81,0,35,0,0.028418411066225974,0.012853470437017993,-0.14736809891051536
2,82,0,35,0,0.02822866935977476,0.0127004529318154,-0.1471293916023993
2,83,0,35,0,0.02822866935977476,0.0127004529318154,-0.1471293916023993
2,84,0,35,0,0.028351083363936835,0.0127004529318154,-0.14703758109927775
2,85,0,35,0,0.028314359162688214,0.012694332231607297,-0.14703758109927775
2,86,0,35,0,0.028595911372260984,0.012761659933896437,-0.1472640470069776
2,87,0,35,0,0.028400048965601665,0.012529073325988493,-0.1475700820173828
2,88,0,35,0,0.0286203941730934,0.01249234912473987,-0.14730689190843432
2,89,0,35,0,0.02824703146039907,0.012877953237850409,-0.14708042600073448
2,90,0,35,0,0.028271514261231485,0.012510711225364183,-0.1472640470069776
2,91,0,35,0,0.02856530787122047,0.01268209083119109,-0.1474476680132207
2,92,0,35,0,0.028369445464561143,0.012498469824947973,-0.14734973680989105
2,93,0,35,0,0.028497980168931326,0.012284245317664342,-0.1470987881013588
2,94,0,35,0,0.02842453176643408,0.01257191822744522,-0.1472579263067695
2,95,0,35,0,0.028191945158526133,0.012694332231607297,-0.1472762884073938
2,96,0,35,0,0.02836332476435304,0.012871832537642305,-0.14734361610968294
2,97,0,35,0,0.028265393561023384,0.012645366629942464,-0.14728852980781001
2,98,0,35,0,0.028142979556861302,0.0127004529318154,-0.14724568490635329
2,99,0,35,0,0.02839392826539356,0.012614763128901946,-0.1472395642061452
3,0,35,35,0,0.028179703758109926,0.012051658709756396,-0.03747092667401151
3,1,35,35,0,0.027989962051658712,0.012014934508507772,-0.037648426980046515
3,2,35,35,0,0.027885910148120946,0.011996572407883462,-0.03776472028400049
3,3,35,35,0,0.027836944546456115,0.012002693108091565,-0.03783204798628963
3,4,35,35,0,0.027806341045415593,0.012094503611213123,-0.037746358183376176
3,5,35,35,0,0.028038927653323543,0.011880279103929489,-0.03747704737421961
3,6,35,35,0,0.02810013465540458,0.011947606806218631,-0.037758599583792386
3,7,35,35,0,0.028179703758109926,0.012027175908923982,-0.03784428938670584
3,8,35,35,0,0.02800220345207492,0.011763985799975517,-0.03783816868649774
3,9,35,35,0,0.02800220345207492,0.011763985799975517,-0.03785653078712205
3,10,35,35,0,0.02792263434936957,0.012045538009548292,-0.03785653078712205
3,11,35,35,0,0.027934875749785777,0.01184967560288897,-0.03770963398212755
3,12,35,35,0,0.027855306647080424,0.012204676214958991,-0.03755049577671686
3,13,35,35,0,0.02800832415228302,0.012100624311421226,-0.03786265148733015
3,14,35,35,0,0.02805116905373975,0.012137348512669848,-0.037789203084832905
3,15,35,35,0,0.028179703758109926,0.011886399804137592,-0.03774023748316808
3,16,35,35,0,0.027849185946872322,0.012057779409964501,-0.03766678908067082
3,17,35,35,0,0.028198065858734238,0.012174072713918472,-0.03782592728608153
3,18,35,35,0,0.027904272248745254,0.011923124005386216,-0.03755049577671686
3,19,35,35,0,0.02809401395519647,0.012174072713918472,-0.0377830823846248
3,20,35,35,0,0.028191945158526133,0.012002693108091565,-0.037562737177133064
3,21,35,35,0,0.028014444852491126,0.012143469212877952,-0.037703513281919454
3,22,35,35,0,0.028124617456236994,0.011953727506426735,-0.03758721997796548
3,23,35,35,0,0.027947117150201983,0.012033296609132086,-0.03773411678295997
3,24,35,35,0,0.02815522095727751,0.01184967560288897,-0.03770963398212755
3,25,35,35,0,0.028038927653323543,0.012131227812461745,-0.037519892275676335
3,26,35,35,0,0.028112376055820787,0.012057779409964501,-0.03753825437630065
3,27,35,35,0,0.02805728975394785,0.011941486106010528,-0.037715754682335664
3,28,35,35,0,0.02814910025706941,0.01210674501162933,-0.03747092667401151
3,29,35,35,0,0.028014444852491126,0.01226588321704003,-0.03791161708899498
3,30,35,35,0,0.028014444852491126,0.012021055208715877,-0.03768515118129514
3,31,35,35,0,0.028075651854572163,0.012021055208715877,-0.0374648059738034
3,32,35,35,0,0.02792263434936957,0.011953727506426735,-0.0374648059738034
3,33,35,35,0,0.027989962051658712,0.01195984820663484,-0.037801444485249115
3,34,35,35,0,0.028191945158526133,0.012100624311421226,-0.03759946137838169
3,35,35,35,0,0.028106255355612682,0.011941486106010528,-0.03758721997796548
3,36,35,35,0,0.028081772554780265,0.012100624311421226,-0.03758721997796548
3,37,35,35,0,0.028106255355612682,0.011965968906842943,-0.037746358183376176
3,38,35,35,0,0.02809401395519647,0.012198555514750888,-0.037672909780878935
3,39,35,35,0,0.02773289264291835,0.011990451707675358,-0.0376239441792141
3,40,35,35,0,0.02809401395519647,0.012076141510588811,-0.03752601297588444
3,41,35,35,0,0.028253152160607177,0.012155710613294162,-0.03772187538254376
3,42,35,35,0,0.02809401395519647,0.012198555514750888,-0.03775247888358428
3,43,35,35,0,0.028045048353531644,0.011941486106010528,-0.03773411678295997
3,44,35,35,0,0.02791039294895336,0.012076141510588811,-0.03774023748316808
3,45,35,35,0,0.02814910025706941,0.012125107112253642,-0.03792385848941119
3,46,35,35,0,0.02818582445831803,0.011947606806218631,-0.03773411678295997
3,47,35,35,0,0.027806341045415593,0.01195984820663484,-0.037648426980046515
3,48,35,35,0,0.027953237850410085,0.011825192802056555,-0.037672909780878935
3,49,35,35,0,0.028210307259150448,0.01195984820663484,-0.037672909780878935
3,50,35,35,0,0.028210307259150448,0.01195984820663484,-0.037672909780878935
3,51,35,35,0,0.028198065858734238,0.01223527971599951,-0.03748928877463582
3,52,35,35,0,0.027849185946872322,0.011739502999143102,-0.03766678908067082
3,53,35,35,0,0.028253152160607177,0.012082262210796915,-0.03783816868649774
3,54,35,35,0,0.027904272248745254,0.012180193414126576,-0.03767903048108704
3,55,35,35,0,0.028112376055820787,0.01183131350226466,-0.03764230627983841
3,56,35,35,0,0.02800220345207492,0.011923124005386216,-0.037672909780878935
3,57,35,35,0,0.028026686252907336,0.011923124005386216,-0.03759946137838169
3,58,35,35,0,0.027892030848329048,0.01210674501162933,-0.03763618557963031
3,59,35,35,0,0.028045048353531644,0.012045538009548292,-0.037691271881503244
3,60,35,35,0,0.028045048353531644,0.011880279103929489,-0.037789203084832905
3,61,35,35,0,0.02805728975394785,0.012070020810380708,-0.03777084098420859
3,62,35,35,0,0.028124617456236994,0.012076141510588811,-0.03793609988982739
3,63,35,35,0,0.027989962051658712,0.011929244705594321,-0.03766678908067082
3,64,35,35,0,0.027989962051658712,0.011880279103929489,-0.03782592728608153
3,65,35,35,0,0.02815522095727751,0.011935365405802425,-0.03783204798628963
3,66,35,35,0,0.027947117150201983,0.011825192802056555,-0.03785041008691394
3,67,35,35,0,0.027947117150201983,0.011806830701432245,-0.037715754682335664
3,68,35,35,0,0.027947117150201983,0.011806830701432245,-0.037715754682335664
3,69,35,35,0,0.028289876361855797,0.012149589913086057,-0.03767903048108704
3,70,35,35,0,0.0281368588566532,0.01226588321704003,-0.037789203084832905
3,71,35,35,0,0.028032806953115434,0.011892520504345697,-0.03758109927775737
3,72,35,35,0,0.028198065858734238,0.012076141510588811,-0.03739747827151426
3,73,35,35,0,0.02823479005998286,0.011886399804137592,-0.03770963398212755
3,74,35,35,0,0.028026686252907336,0.011947606806218631,-0.037715754682335664
3,75,35,35,0,0.028020565552699227,0.011941486106010528,-0.03805239319378137
3,76,35,35,0,0.028087893254988373,0.012014934508507772,-0.03781368588566532
3,77,35,35,0,0.02800220345207492,0.012076141510588811,-0.03785041008691394
3,78,35,35,0,0.028014444852491126,0.012131227812461745,-0.0376239441792141
3,79,35,35,0,0.028069531154364058,0.011929244705594321,-0.03765454768025462
3,80,35,35,0,0.02800220345207492,0.012021055208715877,-0.03764230627983841
3,81,35,35,0,0.028130738156445095,0.012063900110172604,-0.037391357571306155
3,82,35,35,0,0.028130738156445095,0.012063900110172604,-0.03786265148733015
3,83,35,35,0,0.0281368588566532,0.012008813808299669,-0.03786265148733015
3,84,35,35,0,0.028191945158526133,0.011874158403721385,-0.03772799608275187
3,85,35,35,0,0.028014444852491126,0.011904761904761904,-0.037379116170889945
3,86,35,35,0,0.02800220345207492,0.012070020810380708,-0.037519892275676335
3,87,35,35,0,0.028026686252907336,0.011923124005386216,-0.03759334067817358
3,88,35,35,0,0.028198065858734238,0.011965968906842943,-0.037789203084832905
3,89,35,35,0,0.028069531154364058,0.012039417309340189,-0.03748316807442771
3,90,35,35,0,0.028032806953115434,0.011825192802056555,-0.037819806585873424
3,91,35,35,0,0.027855306647080424,0.012100624311421226,-0.03772799608275187
3,92,35,35,0,0.028289876361855797,0.011941486106010528,-0.037703513281919454
3,93,35,35,0,0.027904272248745254,0.01191088260497001,-0.03753825437630065
3,94,35,35,0,0.02800832415228302,0.012198555514750888,-0.03758721997796548
3,95,35,35,0,0.028179703758109926,0.012174072713918472,-0.03777084098420859
3,96,35,35,0,0.027940996449993878,0.011861917003305179,-0.03769739258171135
3,97,35,35,0,0.027861427347288532,0.011923124005386216,-0.038046272493573265
3,98,35,35,0,0.027977720651242505,0.011984331007467253,-0.03763618557963031
3,99,35,35,0,0.028161341657485617,0.011965968906842943,-0.03777084098420859
