values,,Magnetometer,Magnetometer,Magnetometer
axis,,x,y,z
Sensor,Sample,,,
0,0,0.058942343004039666,0.062406659321826416,0.027892030848329048
0,1,0.058942343004039666,0.062008813808299666,0.028124617456236994
0,2,0.058942343004039666,0.062008813808299666,0.028124617456236994
0,3,0.05895458440445587,0.062296486718080545,0.02787366874770474
0,4,0.0589974293059126,0.06212510711225364,0.027898151548537153
0,5,0.0589974293059126,0.06212510711225364,0.027898151548537153
0,6,0.059156567511323296,0.06230872811849676,0.02768392704125352
0,7,0.05899130860570449,0.062253641816623816,0.027940996449993878
0,8,0.05899130860570449,0.062253641816623816,0.027940996449993878
0,9,0.05896682580487208,0.062339331619537273,0.027567633737299545
0,10,0.05913820541069899,0.06207614151058881,0.027775737544375078
0,11,0.05913820541069899,0.06207614151058881,0.027775737544375078
0,12,0.05907087770840984,0.06214346921287796,0.0274941853348023
0,13,0.05912596401028277,0.06225976251683193,0.027757375443750766
0,14,0.05912596401028277,0.06225976251683193,0.027757375443750766
0,15,0.058930101603623455,0.0622291590157914,0.027800220345207495
0,16,0.05909536050924226,0.06214346921287796,0.02722487452564573
0,17,0.05909536050924226,0.06214346921287796,0.02722487452564573
0,18,0.05906475700820174,0.06203329660913208,0.027977720651242505
0,19,0.059003550006120696,0.06234545231974538,0.027996082751866814
0,20,0.05910760190965847,0.06210062431142123,0.028106255355612682
0,21,0.05910760190965847,0.06210062431142123,0.028106255355612682
0,22,0.058948463704247764,0.062082262210796914,0.028210307259150448
0,23,0.059083119108826056,0.06187415840372139,0.027726771942710247
0,24,0.059083119108826056,0.06187415840372139,0.027726771942710247
0,25,0.059076998408617944,0.062223038315583304,0.027794099644999386
0,26,0.059217774513404334,0.06232709021912107,0.027347288529807813
0,27,0.059217774513404334,0.06232709021912107,0.027347288529807813
0,28,0.058972946505080184,0.06214346921287796,0.02767168564083731
0,29,0.05885053250091811,0.062149589913086056,0.02805116905373975
0,30,0.05885053250091811,0.062149589913086056,0.02805116905373975
0,31,0.05891786020320725,0.06200269310809157,0.027628840739380583
0,32,0.05885665320112621,0.062290366017872446,0.02783082384624801
0,33,0.05885665320112621,0.062290366017872446,0.02783082384624801
0,34,0.05948096462235279,0.062155710613294154,0.02758599583792386
0,35,0.05892398090341535,0.06211898641204554,0.027892030848329048
0,36,0.05892398090341535,0.06211898641204554,0.027892030848329048
0,37,0.05910148120945036,0.06201493450850777,0.0279654792508263
0,38,0.05909536050924226,0.0622169176153752,0.027775737544375078
0,39,0.05909536050924226,0.0622169176153752,0.027775737544375078
0,40,0.05886889460154242,0.06218631411433469,0.02787366874770474
0,41,0.05888113600195862,0.06234545231974538,0.028204186558942346
0,42,0.05888113600195862,0.06224140041620761,0.027739013343126458
0,43,0.0589974293059126,0.06224140041620761,0.027739013343126458
0,44,0.05919941241278002,0.06213734851266985,0.027983841351450607
0,45,0.05920553311298813,0.06220467621495899,0.02769004774146162
0,46,0.05920553311298813,0.06220467621495899,0.02769004774146162
0,47,0.059076998408617944,0.06217407271391847,0.027928755049577668
0,48,0.05891786020320725,0.062039417309340185,0.027928755049577668
0,49,0.05891786020320725,0.062039417309340185,0.027928755049577668
0,50,0.0591688089117395,0.06211898641204554,0.028063410454155956
0,51,0.059046394907577425,0.06192312400538622,0.027989962051658712
0,52,0.059046394907577425,0.06192312400538622,0.027989962051658712
0,53,0.05902803280695311,0.0622291590157914,0.027818582445831803
0,54,0.05898518790549638,0.06213734851266985,0.028179703758109926
0,55,0.05898518790549638,0.06213734851266985,0.028179703758109926
0,56,0.058942343004039666,0.06207002081038071,0.027794099644999386
0,57,0.05913208471049088,0.06201493450850777,0.028087893254988373
0,58,0.05913208471049088,0.06201493450850777,0.028087893254988373
0,59,0.05910148120945036,0.0622169176153752,0.027940996449993878
0,60,0.05907087770840984,0.062296486718080545,0.027757375443750766
0,61,0.05907087770840984,0.062296486718080545,0.027757375443750766
0,62,0.058942343004039666,0.06212510711225364,0.027530909536050925
0,63,0.058942343004039666,0.06218631411433469,0.02778185824458318
0,64,0.058942343004039666,0.062192434814542785,0.02744521973313747
0,65,0.05887501530175052,0.062192434814542785,0.02744521973313747
0,66,0.05891173950299914,0.06216795201371037,0.027708409842085936
0,67,0.05900967070632881,0.062253641816623816,0.027983841351450607
0,68,0.05900967070632881,0.062253641816623816,0.027983841351450607
0,69,0.059089239809034154,0.06220467621495899,0.027451340433345572
0,70,0.05878320479862896,0.06230872811849676,0.027659444240421105
0,71,0.05878320479862896,0.06230872811849676,0.027659444240421105
0,72,0.058746480597380336,0.06224752111641572,0.027292202227934874
0,73,0.05885665320112621,0.06202717590892398,0.027855306647080424
0,74,0.05885665320112621,0.06202717590892398,0.027855306647080424
0,75,0.05877708409842086,0.06224752111641572,0.027677806341045413
0,76,0.05900967070632881,0.06210062431142123,0.02764108213979679
0,77,0.05900967070632881,0.06210062431142123,0.02764108213979679
0,78,0.05918105031215572,0.062088382911005026,0.027292202227934874
0,79,0.05902191210674501,0.06226588321704003,0.027628840739380583
0,80,0.05902191210674501,0.06226588321704003,0.027628840739380583
0,81,0.05907087770840984,0.06218631411433469,0.027775737544375078
0,82,0.059046394907577425,0.06202105520871588,0.028179703758109926
0,83,0.059046394907577425,0.06202105520871588,0.028179703758109926
0,84,0.058930101603623455,0.06216795201371037,0.0279654792508263
0,85,0.05921165381319623,0.06203329660913208,0.02836332476435304
0,86,0.05921165381319623,0.06203329660913208,0.0274941853348023
0,87,0.059003550006120696,0.06225976251683193,0.0274941853348023
0,88,0.05891173950299914,0.06241278002203452,0.027849185946872322
0,89,0.058972946505080184,0.06210674501162933,0.027610478638756274
0,90,0.058972946505080184,0.06210674501162933,0.027610478638756274
0,91,0.05907087770840984,0.06200269310809157,0.028032806953115434
0,92,0.05892398090341535,0.06199657240788346,0.027567633737299545
0,93,0.05892398090341535,0.06199657240788346,0.027567633737299545
0,94,0.059046394907577425,0.062149589913086056,0.02764108213979679
0,95,0.05902803280695311,0.06213122781246174,0.027543150936467132
0,96,0.05902803280695311,0.06213122781246174,0.027543150936467132
0,97,0.05924837801444486,0.062180193414126575,0.02791651364916146
0,98,0.05911984331007467,0.06224140041620761,0.027800220345207495
0,99,0.05911984331007467,0.06224140041620761,0.027800220345207495
1,0,-0.0718631411433468,0.07712694332231608,0.045170767535806094
1,1,-0.0718631411433468,0.07712694332231608,0.045170767535806094
1,2,-0.07175296853960092,0.0776655649406292,0.04510343983351696
1,3,-0.07204064144938181,0.07751866813563471,0.0448586118251928
1,4,-0.07204064144938181,0.07751866813563471,0.0448586118251928
1,5,-0.07161219243481455,0.07707797772065125,0.04507895703268454
1,6,-0.0715509854327335,0.07739625413147264,0.04537275064267352
1,7,-0.0715509854327335,0.07739625413147264,0.04537275064267352
1,8,-0.07189374464438732,0.07712082262210797,0.045427836944546454
1,9,-0.07192434814542784,0.07735340923001591,0.04497490512914677
1,10,-0.07192434814542784,0.07717590892398091,0.04514628473497368
1,11,-0.07176520994001714,0.07717590892398091,0.04514628473497368
1,12,-0.07153262333210919,0.07728608152772677,0.045397233443505935
1,13,-0.07170400293793609,0.0771636675235647,0.04524421593830334
1,14,-0.07170400293793609,0.0771636675235647,0.04524421593830334
1,15,-0.07180805484147387,0.07753703023625903,0.045152405435181786
1,16,-0.07156934753335782,0.07761659933896438,0.04488921532623332
1,17,-0.07156934753335782,0.07761659933896438,0.04488921532623332
1,18,-0.07182641694209818,0.07710858122169176,0.04544619904517076
1,19,-0.0717101236381442,0.0769984086179459,0.04503611213122781
1,20,-0.0717101236381442,0.0769984086179459,0.04503611213122781
1,21,-0.07174684783939282,0.07720651242502143,0.04537887134288163
1,22,-0.07177745134043334,0.07696780511690537,0.04547068184600318
1,23,-0.07177745134043334,0.07728608152772677,0.045409474843922146
1,24,-0.07180805484147387,0.07728608152772677,0.045409474843922146
1,25,-0.07189374464438732,0.07720039172481333,0.04429550740604725
1,26,-0.07175296853960092,0.0773228057289754,0.04427714530542294
1,27,-0.07175296853960092,0.0773228057289754,0.04427714530542294
1,28,-0.07166115803647938,0.07702901211898641,0.044828008324152284
1,29,-0.07158770963398213,0.0771697882237728,0.0445403354143714
1,30,-0.07158770963398213,0.0771697882237728,0.0445403354143714
1,31,-0.07177745134043334,0.07729220222793488,0.04459542171624434
1,32,-0.0717101236381442,0.07703513281919452,0.04439343860937691
1,33,-0.0717101236381442,0.07703513281919452,0.04439343860937691
1,34,-0.07196107234667645,0.07729220222793488,0.04440568000979312
1,35,-0.07176520994001714,0.0773350471293916,0.04480964622352797
1,36,-0.07176520994001714,0.07698004651732157,0.04438731790916881
1,37,-0.07181417554168197,0.07698004651732157,0.04438731790916881
1,38,-0.07184477904272249,0.07722487452564573,0.04450361121312278
1,39,-0.07178357204064145,0.07727384012731056,0.04497490512914677
1,40,-0.07178357204064145,0.07727384012731056,0.04497490512914677
1,41,-0.07191210674501163,0.0770228914187783,0.04483412902436039
1,42,-0.07166727873668748,0.07723099522585383,0.04444852491124985
1,43,-0.07166727873668748,0.07723099522585383,0.04444852491124985
1,44,-0.07182029624189007,0.07726771942710246,0.04491981882727384
1,45,-0.07160607173460644,0.07714530542294037,0.04472395642061452
1,46,-0.07160607173460644,0.07714530542294037,0.04472395642061452
1,47,-0.07189374464438732,0.07712082262210797,0.04467499081894969
1,48,-0.07177133064022524,0.07743297833272125,0.04424042110417432
1,49,-0.07177133064022524,0.0770167707185702,0.0443628351083364
1,50,-0.07177133064022524,0.0770167707185702,0.0443628351083364
1,51,-0.07199779654792508,0.0771575468233566,0.04427714530542294
1,52,-0.07179581344105765,0.07746970253396988,0.04446688701187416
1,53,-0.07179581344105765,0.07746970253396988,0.04446688701187416
1,54,-0.07178969274084955,0.07740849553188885,0.04449749051291468
1,55,-0.07182641694209818,0.0774819439343861,0.04449136981270657
1,56,-0.07182641694209818,0.0774819439343861,0.04449136981270657
1,57,-0.07181417554168197,0.07727996082751867,0.04546456114579508
1,58,-0.07158770963398213,0.0773289264291835,0.044411800710001226
1,59,-0.07158770963398213,0.0773289264291835,0.044411800710001226
1,60,-0.07176520994001714,0.07707185702044314,0.04519525033663851
1,61,-0.07189986534459543,0.07726771942710246,0.04503611213122781
1,62,-0.07167339943689557,0.07720651242502143,0.04449749051291468
1,63,-0.07167339943689557,0.07720651242502143,0.04449749051291468
1,64,-0.07182641694209818,0.07746970253396988,0.0455012853470437
1,65,-0.07175908923980903,0.07712082262210797,0.04490145672664953
1,66,-0.07175908923980903,0.07712082262210797,0.04490145672664953
1,67,-0.07156322683314971,0.0771636675235647,0.045023870730811606
1,68,-0.07189374464438732,0.0774819439343861,0.045183008936222305
1,69,-0.07189374464438732,0.0774819439343861,0.045183008936222305
1,70,-0.07161831313502265,0.07742685763251315,0.04431999020687967
1,71,-0.07190598604480353,0.07736565063043213,0.044754559921655036
1,72,-0.07190598604480353,0.07736565063043213,0.044754559921655036
1,73,-0.07207736565063043,0.07743909903292936,0.0448586118251928
1,74,-0.07174684783939282,0.07728608152772677,0.044656628718325375
1,75,-0.07176520994001714,0.07734728852980781,0.04479128412290366
1,76,-0.07176520994001714,0.07734728852980781,0.04479128412290366
1,77,-0.07167339943689557,0.07729220222793488,0.045164646835597996
1,78,-0.07164891663606317,0.07744521973313748,0.04496266372873057
1,79,-0.07164891663606317,0.07744521973313748,0.04496266372873057
1,80,-0.0720284000489656,0.07720651242502143,0.04480964622352797
1,81,-0.07166115803647938,0.07739013343126454,0.045293181539968176
1,82,-0.07166115803647938,0.07739013343126454,0.045293181539968176
1,83,-0.07177745134043334,0.07703513281919452,0.04547680254621129
1,84,-0.07172848573876851,0.07755539233688334,0.04497490512914677
1,85,-0.07172848573876851,0.07755539233688334,0.04497490512914677
1,86,-0.07167952013710369,0.07720039172481333,0.04491981882727384
1,87,-0.07155710613294161,0.0771636675235647,0.04536050924225731
1,88,-0.07194271024605214,0.07711470192189987,0.04523809523809524
1,89,-0.07194271024605214,0.07711470192189987,0.04523809523809524
1,90,-0.07180805484147387,0.0773350471293916,0.04496878442893867
1,91,-0.0718631411433468,0.07697392581711347,0.04575835475578406
1,92,-0.0718631411433468,0.07697392581711347,0.04575835475578406
1,93,-0.0718631411433468,0.0773228057289754,0.045397233443505935
1,94,-0.07167952013710369,0.07723099522585383,0.04447912841229036
1,95,-0.07167952013710369,0.07723099522585383,0.04447912841229036
1,96,-0.07207124495042233,0.0771575468233566,0.04523809523809524
1,97,-0.07164279593585507,0.07725547802668625,0.045140164034765576
1,98,-0.07164279593585507,0.07725547802668625,0.045140164034765576
1,99,-0.0718570204431387,0.07739013343126454,0.04482188762394418
2,0,0.06651976986167217,-0.06107846737666789,0.030303586730321946
2,1,0.06651976986167217,-0.06107846737666789,0.030303586730321946
2,2,0.06642183865834252,-0.06108458807687599,0.02996082751866814
2,3,0.0663973558575101,-0.060711225364181665,0.029299791896192924
2,4,0.0663973558575101,-0.060711225364181665,0.029299791896192924
2,5,0.06636675235646958,-0.06107234667645979,0.029465050801811728
2,6,0.0664034765577182,-0.0610907087770841,0.029171257191822748
2,7,0.0664034765577182,-0.0610907087770841,0.029171257191822748
2,8,0.06679520137103685,-0.06088872567021667,0.02991798261721141
2,9,0.06636675235646958,-0.06116415717958135,0.03014444852491125
2,10,0.06636675235646958,-0.06116415717958135,0.03014444852491125
2,11,0.06653813196229649,-0.06084588076875994,0.030113845023870732
2,12,0.06644632145917492,-0.060698983963765454,0.030217896927408495
2,13,0.06644632145917492,-0.061023381074794956,0.029979189619292447
2,14,0.06642183865834252,-0.061023381074794956,0.029979189619292447
2,15,0.06633002815522096,-0.06110907087770841,0.029752723711592606
2,16,0.06646468355979925,-0.06133553678540825,0.030015913820541067
2,17,0.06646468355979925,-0.06133553678540825,0.030015913820541067
2,18,0.06643408005875873,-0.06101726037458686,0.030309707430530054
2,19,0.0664034765577182,-0.06120088138082996,0.03032194883094626
2,20,0.0664034765577182,-0.06120088138082996,0.03032194883094626
2,21,0.06597502754315093,-0.0612559676827029,0.030285224629697637
2,22,0.06646468355979925,-0.06110907087770841,0.030328069531154363
2,23,0.06646468355979925,-0.06110907087770841,0.030328069531154363
2,24,0.066568735463337,-0.06113967437874893,0.02996082751866814
2,25,0.06610968294772922,-0.06082139796792753,0.02921410209327947
2,26,0.06610968294772922,-0.06082139796792753,0.02921410209327947
2,27,0.06657485616354511,-0.06116415717958135,0.030254621128657115
2,28,0.06659933896437753,-0.06118251928020566,0.030022034520749176
2,29,0.0662259762516832,-0.061194760680621865,0.03008936222303831
2,30,0.0662259762516832,-0.061194760680621865,0.03008936222303831
2,31,0.06636063165626148,-0.06106010527604357,0.03024237972824091
2,32,0.06625045905251561,-0.06094381197208961,0.028675480474966337
2,33,0.06625045905251561,-0.06094381197208961,0.028675480474966337
2,34,0.06661770106500184,-0.06112131227812462,0.029152895091198432
2,35,0.0664095972579263,-0.060968294772922024,0.02999755171991676
2,36,0.0664095972579263,-0.060968294772922024,0.02999755171991676
2,37,0.06641571795813442,-0.06106010527604357,0.030119965724078834
2,38,0.06647692496021544,-0.06097441547313013,0.030022034520749176
2,39,0.06647692496021544,-0.06097441547313013,0.030022034520749176
2,40,0.06612192434814543,-0.06088872567021667,0.03018117272615987
2,41,0.06662994246541805,-0.061011139674378746,0.03032194883094626
2,42,0.06626270045293181,-0.06087648426980047,0.030101603623454525
2,43,0.06626270045293181,-0.06087648426980047,0.030101603623454525
2,44,0.06637287305667769,-0.06098665687354633,0.030168931325743664
2,45,0.06653813196229649,-0.060968294772922024,0.029587464805973802
2,46,0.06653813196229649,-0.060968294772922024,0.029587464805973802
2,47,0.06633614885542906,-0.06102950177500306,0.030193414126576078
2,48,0.06651976986167217,-0.06108458807687599,0.030444362835108336
2,49,0.06651976986167217,-0.06108458807687599,0.030444362835108336
2,50,0.06653813196229649,-0.06112131227812462,0.030248500428449017
2,51,0.06666666666666667,-0.06124372628228669,0.03009548292324642
2,52,0.06666666666666667,-0.06124372628228669,0.03009548292324642
2,53,0.06650752846125597,-0.0610907087770841,0.0302240176276166
2,54,0.06615252784918595,-0.061421226588321706,0.03013220712449504
2,55,0.06615252784918595,-0.061421226588321706,0.03013220712449504
2,56,0.06626882115313992,-0.06113355367854082,0.03024237972824091
2,57,0.06637899375688579,-0.06120088138082996,0.030285224629697637
2,58,0.0664095972579263,-0.06114579507895703,0.03024237972824091
2,59,0.0664095972579263,-0.06114579507895703,0.03024237972824091
2,60,0.06646468355979925,-0.06115803647937325,0.03008936222303831
2,61,0.06634839025584527,-0.061237605582078594,0.030022034520749176
2,62,0.06634839025584527,-0.061237605582078594,0.030022034520749176
2,63,0.06633002815522096,-0.061170277879789445,0.02953237850410087
2,64,0.06629942465418044,-0.061311053984575835,0.03014444852491125
2,65,0.06629942465418044,-0.061311053984575835,0.03014444852491125
2,66,0.06661158036479373,-0.061298812584159625,0.029299791896192924
2,67,0.06646468355979925,-0.06115803647937325,0.029648671808054843
2,68,0.06646468355979925,-0.06115803647937325,0.029648671808054843
2,69,0.06625045905251561,-0.06098665687354633,0.03045048353531644
2,70,0.06636063165626148,-0.06082751866813564,0.03043212143469213
2,71,0.06646468355979925,-0.06130493328436774,0.030193414126576078
2,72,0.06646468355979925,-0.06130493328436774,0.030193414126576078
2,73,0.06637899375688579,-0.06108458807687599,0.030309707430530054
2,74,0.06648304566042355,-0.06114579507895703,0.030015913820541067
2,75,0.06648304566042355,-0.06114579507895703,0.030015913820541067
2,76,0.06636063165626148,-0.06098665687354633,0.03014444852491125
2,77,0.06651976986167217,-0.06098665687354633,0.02887746358183376
2,78,0.06651976986167217,-0.06098665687354633,0.02887746358183376
2,79,0.06658097686375322,-0.06127432978332721,0.030303586730321946
2,80,0.06636063165626148,-0.06084588076875994,0.029201860692863263
2,81,0.06636063165626148,-0.06084588076875994,0.029201860692863263
2,82,0.06653201126208838,-0.06122536418166238,0.030058758721997796
2,83,0.06651364916146407,-0.06099889827396254,0.028320479862896313
2,84,0.06651364916146407,-0.06099889827396254,0.028320479862896313
2,85,0.06647080426000734,-0.061066225976251685,0.029556861304933284
2,86,0.06643408005875873,-0.061213122781246174,0.029979189619292447
2,87,0.06664218386583425,-0.061372260986656865,0.029783327212633125
2,88,0.06664218386583425,-0.061372260986656865,0.029783327212633125
2,89,0.06642795935855061,-0.06115803647937325,0.029973068919084345
2,90,0.0663973558575101,-0.061298812584159625,0.029544619904517077
2,91,0.0663973558575101,-0.061298812584159625,0.029544619904517077
2,92,0.06620761415105889,-0.06084588076875994,0.030205655526992288
2,93,0.06641571795813442,-0.06072346676459787,0.030217896927408495
2,94,0.06641571795813442,-0.06072346676459787,0.030217896927408495
2,95,0.06657485616354511,-0.060913208471049085,0.030481087036356956
2,96,0.06633002815522096,-0.06128045048353532,0.03036479373240299
2,97,0.06633002815522096,-0.06128045048353532,0.03036479373240299
2,98,0.0664034765577182,-0.06122536418166238,0.02982005141388175
2,99,0.06644632145917492,-0.06107234667645979,0.029740482311176396
3,0,-0.065742440935243,-0.05040396621373485,0.023160729587464807
3,1,-0.06579140653690782,-0.05058758721997797,0.02338719549516465
3,2,-0.0655955441302485,-0.050428449014567264,0.0233137470926674
3,3,-0.0655955441302485,-0.050428449014567264,0.0233137470926674
3,4,-0.06549761292691883,-0.050428449014567264,0.02329538499204309
3,5,-0.06569347533357817,-0.05046517321581588,0.023319867792875502
3,6,-0.06569347533357817,-0.05046517321581588,0.023319867792875502
3,7,-0.06573019953482678,-0.05033051781123761,0.02305667768392704
3,8,-0.06566287183253763,-0.05051413881748072,0.023325988493083608
3,9,-0.06569959603378626,-0.050416207614151054,0.023191333088505326
3,10,-0.06569959603378626,-0.050416207614151054,0.023191333088505326
3,11,-0.06579140653690782,-0.05058758721997797,0.023221936589545845
3,12,-0.06566287183253763,-0.05072224262455625,0.02335659199412413
3,13,-0.06566287183253763,-0.05072224262455625,0.02335659199412413
3,14,-0.06570571673399436,-0.050483535316440196,0.023075039784551353
3,15,-0.06556494062920798,-0.05053862161831314,0.023154608887256702
3,16,-0.06556494062920798,-0.05053862161831314,0.023154608887256702
3,17,-0.0654364059248378,-0.05058146651976986,0.023050556983718936
3,18,-0.06556494062920798,-0.05039784551352675,0.023228057289753946
3,19,-0.06556494062920798,-0.05039784551352675,0.023228057289753946
3,20,-0.06583425143836455,-0.05072836332476436,0.023332109193291713
3,21,-0.06565675113232954,-0.050452931815399685,0.02336271269433223
3,22,-0.06549149222671073,-0.050850777328926434,0.023307626392459296
3,23,-0.06549149222671073,-0.050850777328926434,0.023307626392459296
3,24,-0.06546088872567021,-0.050654914922267105,0.023258660790794465
3,25,-0.06572407883461868,-0.05055086301872934,0.02324641939037826
3,26,-0.06572407883461868,-0.05055086301872934,0.02324641939037826
3,27,-0.06586485493940507,-0.050869139429550736,0.02323417798996205
3,28,-0.06537519892275676,-0.050385604113110535,0.023283143591626882
3,29,-0.06537519892275676,-0.050385604113110535,0.023283143591626882
3,30,-0.06569959603378626,-0.05050801811727261,0.02313624678663239
3,31,-0.06558330272983229,-0.05062431142122659,0.023258660790794465
3,32,-0.06558330272983229,-0.05062431142122659,0.023258660790794465
3,33,-0.06560778553066471,-0.05053862161831314,0.02318521238829722
3,34,-0.06558330272983229,-0.05052025951768883,0.02310564328559187
3,35,-0.06579752723711593,-0.05036112131227812,0.023160729587464807
3,36,-0.06579752723711593,-0.05036112131227812,0.023160729587464807
3,37,-0.06568735463337005,-0.05036724201248623,0.023270902191210675
3,38,-0.06569347533357817,-0.05060594932060227,0.023240298690170157
3,39,-0.06569347533357817,-0.05060594932060227,0.023240298690170157
3,40,-0.06563838903170523,-0.05031827641082139,0.02352185089974293
3,41,-0.06567511323295386,-0.050654914922267105,0.023062798384135143
3,42,-0.06567511323295386,-0.050654914922267105,0.023062798384135143
3,43,-0.06547313012608642,-0.050771208226221075,0.02313624678663239
3,44,-0.06557718202962419,-0.05077732892642919,0.02326478149100257
3,45,-0.06557718202962419,-0.05077732892642919,0.02326478149100257
3,46,-0.06581588933774024,-0.050710001224140044,0.022995470681846004
3,47,-0.06546088872567021,-0.050416207614151054,0.023124005386216184
3,48,-0.06549761292691883,-0.05060594932060227,0.02324641939037826
3,49,-0.06549761292691883,-0.05060594932060227,0.02324641939037826
3,50,-0.06555269922879178,-0.05074672542538866,0.0233137470926674
3,51,-0.06572407883461868,-0.05045905251560778,0.02313624678663239
3,52,-0.06572407883461868,-0.05045905251560778,0.02313624678663239
3,53,-0.06567511323295386,-0.05059982862039417,0.023197453788713428
3,54,-0.06562614763128902,-0.0506426735218509,0.023381074794956543
3,55,-0.06562614763128902,-0.0506426735218509,0.023381074794956543
3,56,-0.06567511323295386,-0.050710001224140044,0.02316685028767291
3,57,-0.06573632023503488,-0.05053862161831314,0.023221936589545845
3,58,-0.06573632023503488,-0.05053862161831314,0.023221936589545845
3,59,-0.06551597502754315,-0.05001836210062431,0.02329538499204309
3,60,-0.06546088872567021,-0.05057534581956176,0.023325988493083608
3,61,-0.06565063043212144,-0.05050189741706451,0.02316685028767291
3,62,-0.06565063043212144,-0.05050189741706451,0.02316685028767291
3,63,-0.06563838903170523,-0.050924225731423675,0.023325988493083608
3,64,-0.06565063043212144,-0.050771208226221075,0.023142367486840495
3,65,-0.06565063043212144,-0.050771208226221075,0.023142367486840495
3,66,-0.06556494062920798,-0.05060594932060227,0.023399436895580855
3,67,-0.06569347533357817,-0.05044069041498347,0.023221936589545845
3,68,-0.06569347533357817,-0.05044069041498347,0.023221936589545845
3,69,-0.065742440935243,-0.05037336271269434,0.02313012608642429
3,70,-0.0656139062308728,-0.0506365528216428,0.023332109193291713
3,71,-0.0656139062308728,-0.0506365528216428,0.023332109193291713
3,72,-0.06557718202962419,-0.05062431142122659,0.023344350593707923
3,73,-0.06552821642795936,-0.05057534581956176,0.023466764597869998
3,74,-0.0659076998408618,-0.05029379360998898,0.023350471293916025
3,75,-0.0659076998408618,-0.05029379360998898,0.023350471293916025
3,76,-0.06556494062920798,-0.05053250091810503,0.023332109193291713
3,77,-0.06568735463337005,-0.05050801811727261,0.02324641939037826
3,78,-0.06568735463337005,-0.05050801811727261,0.02324641939037826
3,79,-0.06564450973191334,-0.050452931815399685,0.02321581588933774
3,80,-0.06556494062920798,-0.05079569102705349,0.023325988493083608
3,81,-0.06556494062920798,-0.05079569102705349,0.023325988493083608
3,82,-0.06576692373607541,-0.05025706940874036,0.023221936589545845
3,83,-0.06558330272983229,-0.050483535316440196,0.023344350593707923
3,84,-0.06558330272983229,-0.050483535316440196,0.023344350593707923
3,85,-0.06557718202962419,-0.050710001224140044,0.02336271269433223
3,86,-0.06579140653690782,-0.05070388052393193,0.02326478149100257
3,87,-0.06557718202962419,-0.05066103562247522,0.02317909168808912
3,88,-0.06557718202962419,-0.05066103562247522,0.02317909168808912
3,89,-0.06585873423919696,-0.05050189741706451,0.02313624678663239
3,90,-0.06569347533357817,-0.05039784551352675,0.023509609499326723
3,91,-0.06569347533357817,-0.05039784551352675,0.023509609499326723
3,92,-0.0655955441302485,-0.05075284612559677,0.023319867792875502
3,93,-0.06573632023503488,-0.05043456971477537,0.02313624678663239
3,94,-0.06573632023503488,-0.05043456971477537,0.02313624678663239
3,95,-0.06560166483045661,-0.05059370792018607,0.023081160484759455
3,96,-0.06567511323295386,-0.05036112131227812,0.022946505080181173
3,97,-0.06567511323295386,-0.05036112131227812,0.022946505080181173
3,98,-0.06553433712816746,-0.050428449014567264,0.02321581588933774
3,99,-0.06584649283878076,-0.050667156322683315,0.023283143591626882
