values,,Magnetometer,Magnetometer,Magnetometer
axis,,x,y,z
Sensor,Sample,,,
0,0,0.06164157179581344,0.08187660668380463,0.007320357448892154
0,1,0.061494674990818954,0.08201126208838291,0.007399926551597502
0,2,0.061733382298935005,0.08190108948463705,0.007130615742440935
0,3,0.06191700330517811,0.08191945158526134,0.0070449259395274815
0,4,0.06199657240788346,0.08180927898151549,0.007779409964499939
0,5,0.06199657240788346,0.08185212388297222,0.007124495042232832
0,6,0.06181295140164035,0.08185212388297222,0.007124495042232832
0,7,0.06185579630309708,0.08204186558942343,0.007491737054719059
0,8,0.061910882604970005,0.08191945158526134,0.007730444362835108
0,9,0.061794589301016035,0.08179091688089117,0.007693720161586486
0,10,0.06197208960705105,0.08175419267964255,0.00758966825804872
0,11,0.06188639980413759,0.0819745378871343,0.0075162198555514745
0,12,0.0617395029991431,0.08186436528338842,0.00795691027053495
0,13,0.061696658097686374,0.08209695189129637,0.007932427469702534
0,14,0.06178846860080793,0.08177255478026686,0.007791651364916147
0,15,0.06181295140164035,0.08180315828130738,0.007865099767413392
0,16,0.061947606806218636,0.08188272738401273,0.007785530664708043
0,17,0.06191700330517811,0.0819990206879667,0.007656995960337863
0,18,0.061941486106010524,0.08210307259150447,0.007620271759089239
0,19,0.061690537397478276,0.08192557228546946,0.007540702656383891
0,20,0.061610968294772916,0.08186436528338842,0.0071795813441057664
0,21,0.06177010650018362,0.08184600318276411,0.006965356836822133
0,22,0.06187415840372139,0.08201738278859103,0.007430530052638022
0,23,0.06187415840372139,0.08201738278859103,0.007430530052638022
0,24,0.061837434202472764,0.08184600318276411,0.007705961562002693
0,25,0.06191700330517811,0.08188272738401273,0.007644754559921656
0,26,0.0618925205043457,0.08180315828130738,0.007399926551597502
0,27,0.06182519280205655,0.08185212388297222,0.007436650752846126
0,28,0.06182519280205655,0.08185212388297222,0.007436650752846126
0,29,0.06191700330517811,0.0820051413881748,0.0076508752601297594
0,30,0.06182519280205655,0.08190721018484515,0.007681478761170278
0,31,0.06190476190476191,0.08206022769004774,0.007222426245562493
0,32,0.06178234790059983,0.08190721018484515,0.007363202350348879
0,33,0.06159872689435671,0.08190721018484515,0.007656995960337863
0,34,0.06167829599706206,0.08181539968172359,0.0069714775370302365
0,35,0.06176398579997552,0.08193781368588567,0.007546823356591995
0,36,0.061868037703513276,0.081839882482556,0.007834496266372873
0,37,0.06153751989227567,0.08204186558942343,0.007693720161586486
0,38,0.061653813196229645,0.08164402007589669,0.0074978577549271634
0,39,0.061482433590402744,0.08177255478026686,0.007375443750765087
0,40,0.06191700330517811,0.08190721018484515,0.007418288652221815
0,41,0.06191700330517811,0.0816685028767291,0.007479495654302852
0,42,0.06171502019831069,0.08189496878442894,0.007822254865956665
0,43,0.06188027910392949,0.08174195127922634,0.007014322438486963
0,44,0.061849675602888975,0.08217652099400172,0.0074427714530542295
0,45,0.061849675602888975,0.08217652099400172,0.007644754559921656
0,46,0.06164157179581344,0.08204798628963153,0.007644754559921656
0,47,0.061733382298935005,0.0818276410821398,0.0074244093524299185
0,48,0.06184355490268086,0.08204798628963153,0.007540702656383891
0,49,0.06192924470559432,0.08189496878442894,0.007822254865956665
0,50,0.0617395029991431,0.08179091688089117,0.00718570204431387
0,51,0.06199657240788346,0.08164402007589669,0.007534581956175787
0,52,0.061837434202472764,0.08180927898151549,0.007583547557840617
0,53,0.06181907210184845,0.08219488309462603,0.007816134165748561
0,54,0.061708899498102585,0.08196229648671807,0.007357081650140776
0,55,0.061978210307259154,0.08206634839025585,0.0074611335536785405
0,56,0.061794589301016035,0.08212143469212878,0.007338719549516465
0,57,0.061794589301016035,0.08212143469212878,0.007338719549516465
0,58,0.061849675602888975,0.08172970987881013,0.007822254865956665
0,59,0.061635451095605344,0.08193781368588567,0.007767168564083732
0,60,0.06181907210184845,0.08178479618068307,0.007822254865956665
0,61,0.062051658709756395,0.08173583057901825,0.007559064757008202
0,62,0.062051658709756395,0.08195005508630188,0.007436650752846126
0,63,0.061868037703513276,0.0819806585873424,0.007491737054719059
0,64,0.0618925205043457,0.08182152038193169,0.007522340555759578
0,65,0.061806830701432246,0.08193169298567757,0.007889582568245807
0,66,0.06175174439955931,0.08196841718692618,0.007399926551597502
0,67,0.06175174439955931,0.08213367609254499,0.007100012241400416
0,68,0.06189864120455381,0.08187048598359652,0.007877341167829599
0,69,0.06181907210184845,0.08153384747215081,0.007571306157424409
0,70,0.06198433100746725,0.08208471049088015,0.007969151670951156
0,71,0.06183131350226466,0.08182152038193169,0.007656995960337863
0,72,0.06183131350226466,0.08177867548047497,0.007467254253886645
0,73,0.0618925205043457,0.08177867548047497,0.007467254253886645
0,74,0.06184355490268086,0.08190108948463705,0.007289753947851635
0,75,0.06192312400538622,0.0816685028767291,0.00797527237115926
0,76,0.06171502019831069,0.0819928999877586,0.007656995960337863
0,77,0.06189864120455381,0.08196229648671807,0.007577426857632514
0,78,0.06196596890684294,0.08208471049088015,0.0076508752601297594
0,79,0.06175786509976742,0.08193169298567757,0.007601909658464928
0,80,0.061666054596645856,0.08173583057901825,0.0074244093524299185
0,81,0.06191700330517811,0.08180927898151549,0.007448892153262334
0,82,0.06175174439955931,0.08185824458318032,0.007748806463459419
0,83,0.0617456236993512,0.08193169298567757,0.007393805851389398
0,84,0.061947606806218636,0.08195617578650997,0.007852858366997183
0,85,0.062094503611213124,0.08188272738401273,0.0075162198555514745
0,86,0.06177010650018362,0.08186436528338842,0.007571306157424409
0,87,0.06177010650018362,0.08186436528338842,0.007326478149100257
0,88,0.061794589301016035,0.08187660668380463,0.007326478149100257
0,89,0.061733382298935005,0.08201738278859103,0.0074978577549271634
0,90,0.061837434202472764,0.08176031337985065,0.007693720161586486
0,91,0.06181295140164035,0.0816746235769372,0.007240788346186804
0,92,0.06216183131350227,0.08193169298567757,0.007559064757008202
0,93,0.061837434202472764,0.08184600318276411,0.0075162198555514745
0,94,0.061806830701432246,0.08191945158526134,0.00795691027053495
0,95,0.061610968294772916,0.08190108948463705,0.007754927163667523
0,96,0.061733382298935005,0.08181539968172359,0.007748806463459419
0,97,0.06167217529685396,0.08198677928755049,0.007920186069286326
0,98,0.06172726159872689,0.08195617578650997,0.007632513159505447
0,99,0.06190476190476191,0.08176031337985065,0.007148977843065246
1,0,-0.07295874648059739,0.09266740115069164,0.026196596890684293
1,1,-0.07270779777206512,0.09286938425755906,0.02601297588444118
1,2,-0.07271391847227324,0.09253886644632145,0.025333578161341658
1,3,-0.07270779777206512,0.09244705594319991,0.026343493695678788
1,4,-0.07256090096707063,0.09283878075651855,0.026037458685273594
1,5,-0.07275064267352185,0.09266740115069164,0.026282286693597744
1,6,-0.07276288407393806,0.09250826294528094,0.026049700085689804
1,7,-0.07288529807810014,0.09255722854694577,0.02582935487819806
1,8,-0.07272003917248133,0.09306524666421838,0.02574366507528461
1,9,-0.07271391847227324,0.09233076263924593,0.02617211408985188
1,10,-0.07289753947851633,0.09256334924715387,0.026129269188395154
1,11,-0.07275064267352185,0.0926061941486106,0.025768147876117024
1,12,-0.0726649528706084,0.09297343616109684,0.026178234790059984
1,13,-0.07292202227934876,0.09278369445464561,0.025762027175908926
1,14,-0.07275676337372997,0.09293059125964011,0.025755906475700818
1,15,-0.07280572897539479,0.09250826294528094,0.02630064879422206
1,16,-0.07287305667768393,0.09252050434569715,0.026472028400048964
1,17,-0.07290366017872445,0.09300403966213736,0.02582935487819806
1,18,-0.07289141877830824,0.09271024605214837,0.025682458073203573
1,19,-0.07278736687477047,0.092453176643408,0.02592728608152773
1,20,-0.07278124617456237,0.09278981515485371,0.02601297588444118
1,21,-0.07295874648059739,0.09291222915901579,0.025780389276533235
1,22,-0.07273228057289753,0.09283878075651855,0.025462112865711838
1,23,-0.07273228057289753,0.09283878075651855,0.025462112865711838
1,24,-0.07271391847227324,0.09267352185089975,0.026276165993389645
1,25,-0.07284245317664341,0.09271636675235648,0.02592728608152773
1,26,-0.07290366017872445,0.09252662504590525,0.02630064879422206
1,27,-0.07280572897539479,0.0927530909536051,0.025896682580487208
1,28,-0.07253029746603011,0.09282653935610233,0.025664095972579265
1,29,-0.07276288407393806,0.0927714530542294,0.02579263067694944
1,30,-0.0726833149712327,0.0927775737544375,0.026337372995470683
1,31,-0.0726771942710246,0.09289998775859959,0.026019096584649282
1,32,-0.07274452197331374,0.0927775737544375,0.025664095972579265
1,33,-0.07274452197331374,0.0927775737544375,0.026594442404211042
1,34,-0.07272615987268943,0.09280817725547803,0.026594442404211042
1,35,-0.07260986656873546,0.09271024605214837,0.026000734484024974
1,36,-0.07276288407393806,0.09267964255110785,0.025976251683192557
1,37,-0.07278124617456237,0.09290610845880769,0.02625168319255723
1,38,-0.07290978087893255,0.09284490145672665,0.02617211408985188
1,39,-0.07306279838413514,0.09225731423674868,0.025388664463214593
1,40,-0.07262210796915167,0.09263067694944302,0.025847716978822377
1,41,-0.07244460766311665,0.09269800465173215,0.02569469947361978
1,42,-0.07262210796915167,0.0924286938425756,0.026214958991308608
1,43,-0.0728302117762272,0.09283878075651855,0.02591504468111152
1,44,-0.07257926306769494,0.09298567756151303,0.02592728608152773
1,45,-0.07289141877830824,0.09264903905006733,0.025198922756763376
1,46,-0.07261598726894357,0.0930897294650508,0.025615130370914434
1,47,-0.07270779777206512,0.09248990084465662,0.025547802668625292
1,48,-0.07273840127310564,0.09290610845880769,0.025168319255722854
1,49,-0.07262210796915167,0.0925939527481944,0.025590647570082014
1,50,-0.0726833149712327,0.0927530909536051,0.025676337372995472
1,51,-0.0726833149712327,0.0927530909536051,0.025547802668625292
1,52,-0.07260374586852736,0.09254498714652956,0.025547802668625292
1,53,-0.07272003917248133,0.09285102215693475,0.025351940261965966
1,54,-0.07260986656873546,0.09281429795568613,0.025823234177989964
1,55,-0.07277512547435426,0.09269800465173215,0.025939527481943937
1,56,-0.07276288407393806,0.0929428326600563,0.026055820785897903
1,57,-0.07278124617456237,0.09269800465173215,0.02615987268943567
1,58,-0.07265271147019219,0.0926061941486106,0.02612314848818705
1,59,-0.07279960827518668,0.09267964255110785,0.02638633859713551
1,60,-0.07261598726894357,0.09247153874403233,0.025804872077365648
1,61,-0.07270167707185701,0.0927592116538132,0.026092544987146533
1,62,-0.07256090096707063,0.0925939527481944,0.02592116538131962
1,63,-0.07278736687477047,0.0926000734484025,0.026380217896927412
1,64,-0.07283633247643531,0.0927775737544375,0.026233321091932917
1,65,-0.07279960827518668,0.09281429795568613,0.02541926796425511
1,66,-0.0728302117762272,0.09272248745256458,0.025217284857387685
1,67,-0.07292814297955687,0.09272248745256458,0.026019096584649282
1,68,-0.0728302117762272,0.0927592116538132,0.025951768882360143
1,69,-0.0728302117762272,0.09295507406047251,0.02619047619047619
1,70,-0.07281184967560289,0.09295507406047251,0.02619047619047619
1,71,-0.07293426367976497,0.09283266005631044,0.025804872077365648
1,72,-0.07270779777206512,0.09264903905006733,0.025664095972579265
1,73,-0.07268943567144082,0.09247765944424043,0.02609866568735463
1,74,-0.07264047006977599,0.09296731546088872,0.025817113477781855
1,75,-0.07273228057289753,0.09286326355735096,0.025749785775492716
1,76,-0.07287917737789204,0.09280817725547803,0.026196596890684293
1,77,-0.07273840127310564,0.09295507406047251,0.025706940874035987
1,78,-0.07284245317664341,0.09300403966213736,0.02638633859713551
1,79,-0.07277512547435426,0.09268576325131596,0.025455992165503732
1,80,-0.07275064267352185,0.09266740115069164,0.026147631289019462
1,81,-0.07270779777206512,0.09252662504590525,0.02591504468111152
1,82,-0.07277512547435426,0.09278369445464561,0.025768147876117024
1,83,-0.07262210796915167,0.0927653323540213,0.025504957767168563
1,84,-0.07252417676582201,0.09250214224507283,0.025780389276533235
1,85,-0.07283633247643531,0.09270412535194025,0.02623944179214102
1,86,-0.07290366017872445,0.09288162565797528,0.02592728608152773
1,87,-0.07280572897539479,0.0929183498592239,0.02596401028277635
1,88,-0.07280572897539479,0.0929183498592239,0.02596401028277635
1,89,-0.07281797037581099,0.09266740115069164,0.026233321091932917
1,90,-0.07285469457705962,0.09271636675235648,0.025908923980903414
1,91,-0.07284857387685151,0.09282041865589423,0.025119353654058024
1,92,-0.07279348757497858,0.0926000734484025,0.025810992777573753
1,93,-0.0728302117762272,0.09272248745256458,0.025511078467376668
1,94,-0.07273228057289753,0.0926123148488187,0.026037458685273594
1,95,-0.0723711592606194,0.09281429795568613,0.02617211408985188
1,96,-0.07263434936956788,0.09264903905006733,0.02570082017382789
1,97,-0.07284245317664341,0.09253274574611335,0.026410821397967927
1,98,-0.07256090096707063,0.09283878075651855,0.026019096584649282
1,99,-0.07260986656873546,0.09286938425755906,0.02579263067694944
2,0,0.10487819806585874,-0.08720161586485495,0.04916758477169788
2,1,0.10506181907210185,-0.08727506426735218,0.04857999755171992
2,2,0.10479250826294528,-0.08723221936589545,0.04924715387440323
2,3,0.10456604235524544,-0.08750153017505202,0.04916146407148978
2,4,0.10465173215815889,-0.08694454645611457,0.048549394050679394
2,5,0.10490880156689926,-0.0871526502631901,0.04921042967315461
2,6,0.10459052515607785,-0.08735463337005753,0.049412412780022036
2,7,0.10462724935732648,-0.08718325376423063,0.0479128412290366
2,8,0.10468233565919942,-0.08720773656506305,0.04948586118251928
2,9,0.10459664585628596,-0.08722609866568735,0.049283878075651856
2,10,0.10473130126086425,-0.0869873913575713,0.04786387562737177
2,11,0.10468845635940752,-0.08742196107234668,0.0492043089729465
2,12,0.10488431876606683,-0.08711592606194149,0.049283878075651856
2,13,0.10484147386461011,-0.08733627126943322,0.04869629085567389
2,14,0.10480474966336148,-0.08703023625902803,0.04924715387440323
2,15,0.10494552576814789,-0.08726282286693597,0.04749663361488554
2,16,0.10482923246419391,-0.08710980536173338,0.049100257069408744
2,17,0.10487819806585874,-0.08721385726527114,0.04924103317419513
2,18,0.10482923246419391,-0.08716489166360632,0.04847594564818215
2,19,0.10480474966336148,-0.08723834006610356,0.04878198065858734
2,20,0.10503733627126943,-0.08723221936589545,0.0470987881013588
2,21,0.10482923246419391,-0.0872811849675603,0.049326722977108585
2,22,0.10482923246419391,-0.0872811849675603,0.049326722977108585
2,23,0.10454155955441302,-0.08706083976006855,0.04969396498959481
2,24,0.10473130126086425,-0.08737911617088995,0.048586118251928025
2,25,0.10484147386461011,-0.0871342881625658,0.049314481576692375
2,26,0.10485983596523443,-0.08733015056922512,0.0487207736565063
2,27,0.10485983596523443,-0.08733015056922512,0.04953482678418411
2,28,0.10464561145795079,-0.08750153017505202,0.04953482678418411
2,29,0.10464561145795079,-0.08737911617088995,0.049443016281062555
2,30,0.10451707675358062,-0.08717713306402253,0.04949198188272738
2,31,0.10493328436773167,-0.08751989227567633,0.048818704859835964
2,32,0.10471293916023994,-0.08711592606194149,0.04940629207981393
2,33,0.10452931815399683,-0.08711592606194149,0.04919206757253029
2,34,0.10457216305545354,-0.0871342881625658,0.04812094503611213
2,35,0.10478638756273717,-0.08736687477047375,0.049326722977108585
2,36,0.1048231117639858,-0.08701799485861182,0.04926551597502754
2,37,0.10485983596523443,-0.08725670216672787,0.0472701677071857
2,38,0.10489043946627494,-0.08694454645611457,0.0477537030236259
2,39,0.10460276655649406,-0.0872934263679765,0.04921042967315461
2,40,0.1050006120700208,-0.08748316807442771,0.049516464683559795
2,41,0.10459664585628596,-0.08701187415840372,0.04681723589178602
2,42,0.10489656016648305,-0.0873117884686008,0.048959480964622354
2,43,0.10496388786877217,-0.08725670216672787,0.04944913698127066
2,44,0.10480474966336148,-0.0873056677683927,0.04812706573632024
2,45,0.1047986289631534,-0.08695066715632269,0.04914922267107357
2,46,0.10481087036356959,-0.08727506426735218,0.04833516954339576
2,47,0.10481087036356959,-0.0872995470681846,0.0488737911617089
2,48,0.10469457705961563,-0.0872995470681846,0.0488737911617089
2,49,0.10484759456481822,-0.08733627126943322,0.04863508385359285
2,50,0.10484147386461011,-0.08715877096339822,0.04929611947606806
2,51,0.10457216305545354,-0.08732402986901702,0.04938180927898152
2,52,0.10469457705961563,-0.08731790916880891,0.04947361978210307
2,53,0.10471293916023994,-0.08693842575590648,0.049418533480230134
2,54,0.10465173215815889,-0.08719549516464684,0.04884318766066838
2,55,0.10464561145795079,-0.08723834006610356,0.04906353286816012
2,56,0.10495164646835597,-0.08715877096339822,0.04938792997918962
2,57,0.10454768025462113,-0.08706083976006855,0.049173705471905985
2,58,0.10473742196107234,-0.08723834006610356,0.048616721752968536
2,59,0.10478026686252909,-0.08726894356714408,0.0469396498959481
2,60,0.1047986289631534,-0.08739135757130616,0.048090341535071614
2,61,0.10468845635940752,-0.08723221936589545,0.049271636675235646
2,62,0.10468845635940752,-0.0869873913575713,0.049443016281062555
2,63,0.10473742196107234,-0.0869873913575713,0.04924715387440323
2,64,0.10478638756273717,-0.08718937446443872,0.04924715387440323
2,65,0.10480474966336148,-0.08716489166360632,0.0487207736565063
2,66,0.10481699106377769,-0.08722609866568735,0.049430774880646344
2,67,0.10490880156689926,-0.08733015056922512,0.049351205777941
2,68,0.10468233565919942,-0.08720773656506305,0.04934508507773289
2,69,0.10457216305545354,-0.0869873913575713,0.04952870608397601
2,70,0.10486595666544252,-0.08738523687109805,0.04933284367731668
2,71,0.10484147386461011,-0.08743420247276287,0.04933896437752479
2,72,0.10490268086669115,-0.08721997796547926,0.04921042967315461
2,73,0.1049761292691884,-0.08710980536173338,0.048016893132574366
2,74,0.10496388786877217,-0.08707920186069287,0.048928877463581835
2,75,0.10482923246419391,-0.08705471905986045,0.049424654180438246
2,76,0.10485371526502632,-0.08736075407026564,0.04939405067939772
2,77,0.10482923246419391,-0.08704247765944424,0.04933896437752479
2,78,0.10475578406169665,-0.08737911617088995,0.048757497857754926
2,79,0.10471905986044802,-0.08721385726527114,0.048047496633614885
2,80,0.10475578406169665,-0.08684661525278492,0.04925939527481944
2,81,0.10473130126086425,-0.08736687477047375,0.04944913698127066
2,82,0.10473130126086425,-0.08736687477047375,0.04944913698127066
2,83,0.10459052515607785,-0.08721997796547926,0.04971844779042722
2,84,0.10495164646835597,-0.08726282286693597,0.04857387685151181
2,85,0.10472518056065613,-0.08726282286693597,0.049430774880646344
2,86,0.10489656016648305,-0.08726282286693597,0.04906353286816012
2,87,0.10471905986044802,-0.08708532256090097,0.04936344717835721
2,88,0.10485371526502632,-0.08737911617088995,0.04947974048231117
2,89,0.10471905986044802,-0.08717101236381442,0.04954706818460032
2,90,0.104835353164402,-0.08710980536173338,0.048561635451095604
2,91,0.10476190476190476,-0.0871342881625658,0.049412412780022036
2,92,0.10493328436773167,-0.08722609866568735,0.04805361733382299
2,93,0.10495164646835597,-0.0871404088627739,0.047918961929244705
2,94,0.10489043946627494,-0.08725670216672787,0.04949198188272738
2,95,0.10468845635940752,-0.08715877096339822,0.049559309585016524
2,96,0.10481699106377769,-0.0872811849675603,0.04977965479250827
2,97,0.10461500795691028,-0.0874648059738034,0.04880034275921165
2,98,0.10465173215815889,-0.08716489166360632,0.047294650508018114
2,99,0.10465173215815889,-0.08716489166360632,0.04952870608397601
3,0,-0.09891051536295752,-0.06691149467499083,0.03520014689680499
3,1,-0.09874525645733871,-0.06692985677561512,0.03526135389888603
3,2,-0.09880646345941976,-0.06678295997062064,0.03526135389888603
3,3,-0.09876973925817113,-0.067040029379361,0.03524299179826172
3,4,-0.09890439466274942,-0.0668992532745746,0.03518790549638879
3,5,-0.09882482556004407,-0.06675847716978822,0.0352123882972212
3,6,-0.09881258415962786,-0.06692373607540703,0.03528583669971845
3,7,-0.09900232586607907,-0.06688701187415841,0.03512057779409965
3,8,-0.09892887746358184,-0.06697270167707185,0.035181784796180685
3,9,-0.09858611825192802,-0.06675235646958012,0.0352123882972212
3,10,-0.09894723956420615,-0.06681968417186926,0.03527359529930224
3,11,-0.09875137715754682,-0.0668686497735341,0.03499816378993757
3,12,-0.09869017015546579,-0.06677683927041253,0.03534092300159138
3,13,-0.09880034275921165,-0.06648916636063165,0.03512057779409965
3,14,-0.09898396376545476,-0.06669114946749907,0.03524911249846983
3,15,-0.09872689435671442,-0.0667278736687477,0.03503488799118619
3,16,-0.0987085322560901,-0.06700330517811237,0.0352185089974293
3,17,-0.0988737911617089,-0.06667890806708288,0.03535928510221569
3,18,-0.09898396376545476,-0.06683192557228547,0.03527359529930224
3,19,-0.09865956665442527,-0.06662994246541805,0.03498592238952136
3,20,-0.09882482556004407,-0.06681968417186926,0.035181784796180685
3,21,-0.09882482556004407,-0.06681968417186926,0.035181784796180685
3,22,-0.09869629085567388,-0.0667278736687477,0.03517566409597258
3,23,-0.09900844656628718,-0.06711959848206635,0.03508997429305913
3,24,-0.09858611825192802,-0.06700330517811237,0.035157301995348264
3,25,-0.09900232586607907,-0.0668808911739503,0.0352062675970131
3,26,-0.0988676704615008,-0.06671563226833149,0.035151181295140166
3,27,-0.0988676704615008,-0.06671563226833149,0.035151181295140166
3,28,-0.09873301505692252,-0.06681356347166115,0.03519402619659689
3,29,-0.09873913575713061,-0.0668808911739503,0.035151181295140166
3,30,-0.09892887746358184,-0.06683192557228547,0.03496143958868895
3,31,-0.09876973925817113,-0.06660545966458563,0.035022646590769986
3,32,-0.09885542906108459,-0.06699718447790427,0.035157301995348264
3,33,-0.09848206634839025,-0.06678295997062064,0.034955318888480844
3,34,-0.0988676704615008,-0.06669114946749907,0.03490023258660791
3,35,-0.09881258415962786,-0.06712571918227446,0.035169543395764474
3,36,-0.0988676704615008,-0.0668931325743665,0.035224629697637413
3,37,-0.09873301505692252,-0.06674011506916391,0.03512057779409965
3,38,-0.09895948096462234,-0.06692373607540703,0.03527971599951034
3,39,-0.09878810135879544,-0.0667278736687477,0.03503488799118619
3,40,-0.09869017015546579,-0.06709511568123393,0.03527971599951034
3,41,-0.09867180805484146,-0.0667339943689558,0.03483290488431877
3,42,-0.0987146529562982,-0.06666666666666667,0.03518790549638879
3,43,-0.09890439466274942,-0.06686252907332599,0.03529195739992655
3,44,-0.09892887746358184,-0.06684416697270168,0.035163422695556376
3,45,-0.09889215326233322,-0.06700330517811237,0.035151181295140166
3,46,-0.09869017015546579,-0.06684416697270168,0.03534704370179949
3,47,-0.09869017015546579,-0.0667217529685396,0.03505937079201861
3,48,-0.098879911861917,-0.0667217529685396,0.03505937079201861
3,49,-0.09912473987024115,-0.06694821887623945,0.03523687109805362
3,50,-0.0988737911617089,-0.06678295997062064,0.03499816378993757
3,51,-0.09886154976129269,-0.06688701187415841,0.03490023258660791
3,52,-0.09860448035255234,-0.06693597747582324,0.03496143958868895
3,53,-0.09872689435671442,-0.06677683927041253,0.03518790549638879
3,54,-0.09869017015546579,-0.06690537397478272,0.0352062675970131
3,55,-0.09892887746358184,-0.06686252907332599,0.03513281919451585
3,56,-0.09882482556004407,-0.06695433957644754,0.0350532500918105
3,57,-0.09869017015546579,-0.06678908067082874,0.035163422695556376
3,58,-0.0987085322560901,-0.06686252907332599,0.035157301995348264
3,59,-0.09881258415962786,-0.06683192557228547,0.03508385359285102
3,60,-0.09889827396254132,-0.06697270167707185,0.03532868160117518
3,61,-0.09865956665442527,-0.06664830456604236,0.03520014689680499
3,62,-0.09892275676337373,-0.0667278736687477,0.03494307748806463
3,63,-0.09875137715754682,-0.0665564940629208,0.034894111886399806
3,64,-0.09875137715754682,-0.0667217529685396,0.035169543395764474
3,65,-0.09878810135879544,-0.0667217529685396,0.03496756028889705
3,66,-0.09885542906108459,-0.06664218386583425,0.03496756028889705
3,67,-0.09895336026441424,-0.06650752846125597,0.03532868160117518
3,68,-0.0987146529562982,-0.06691761537519893,0.03507161219243481
3,69,-0.09862284245317664,-0.06676459786999632,0.03510833639368344
3,70,-0.09897784306524667,-0.06677683927041253,0.03512057779409965
3,71,-0.09873913575713061,-0.06677683927041253,0.03518790549638879
3,72,-0.09856163545109561,-0.06674623576937203,0.035022646590769986
3,73,-0.09895948096462234,-0.0668931325743665,0.03507161219243481
3,74,-0.09899008446566288,-0.06684416697270168,0.03496143958868895
3,75,-0.09876361855796303,-0.06659321826416942,0.03506549149222671
3,76,-0.09857999755171992,-0.06718692618435548,0.03485738768515118
3,77,-0.098879911861917,-0.0668808911739503,0.035138939894723956
3,78,-0.09885542906108459,-0.06679520137103685,0.03510221569347534
3,79,-0.09880646345941976,-0.06684416697270168,0.03499816378993757
3,80,-0.09884318766066838,-0.0667217529685396,0.035298078100134654
3,81,-0.0987146529562982,-0.06707675358060963,0.035151181295140166
3,82,-0.0988737911617089,-0.06674011506916391,0.035181784796180685
3,83,-0.0988737911617089,-0.06674011506916391,0.035138939894723956
3,84,-0.09881870485983597,-0.06669114946749907,0.035138939894723956
3,85,-0.0990451707675358,-0.06661158036479373,0.03518790549638879
3,86,-0.09875137715754682,-0.0667095115681234,0.03531644020075897
3,87,-0.0987207736565063,-0.06713183988248256,0.03523075039784551
3,88,-0.09873301505692252,-0.0667095115681234,0.03509609499326723
3,89,-0.09885542906108459,-0.06676459786999632,0.034912473987024115
3,90,-0.09891051536295752,-0.06667890806708288,0.03496756028889705
3,91,-0.09883094626025217,-0.06647692496021544,0.03497368098910515
3,92,-0.09882482556004407,-0.06676459786999632,0.034955318888480844
3,93,-0.09883706696046027,-0.06680132207124495,0.03530419880034276
3,94,-0.09853103195005508,-0.0667217529685396,0.035163422695556376
3,95,-0.098702411555882,-0.06675847716978822,0.0352185089974293
3,96,-0.09863508385359285,-0.06706451218019341,0.03490023258660791
3,97,-0.09898396376545476,-0.06685028767290978,0.035028767290978084
3,98,-0.09883706696046027,-0.06706451218019341,0.03512057779409965
3,99,-0.09856163545109561,-0.06692985677561512,0.03523075039784551
