values,,Magnetometer,Magnetometer,Magnetometer
axis,,x,y,z
Sensor,Sample,,,
0,0,0.068337617823479,0.08717713306402253,0.007834496266372873
0,1,0.068337617823479,0.08717713306402253,0.007834496266372873
0,2,0.06811115191577917,0.08718325376423063,0.007938548169910638
0,3,0.06804994491369812,0.08751989227567633,0.008360876484269801
0,4,0.06804994491369812,0.08751989227567633,0.008360876484269801
0,5,0.06834373852368711,0.08753825437630065,0.007963030970743053
0,6,0.06837434202472763,0.08749540947484392,0.007938548169910638
0,7,0.06837434202472763,0.08749540947484392,0.007938548169910638
0,8,0.06835597992410332,0.08744032317297099,0.007834496266372873
0,9,0.06841718692618436,0.08755661647692496,0.007577426857632514
0,10,0.06841718692618436,0.08755661647692496,0.007577426857632514
0,11,0.06823356591994124,0.08741584037213858,0.007381564450973191
0,12,0.06841106622597624,0.08742808177255477,0.008281307381564452
0,13,0.06841106622597624,0.08742808177255477,0.008067082874280818
0,14,0.06839882482556005,0.08740971967193047,0.008067082874280818
0,15,0.06814787611702779,0.08767903048108704,0.008477169788223774
0,16,0.06852123882972212,0.08753825437630065,0.008226221079691516
0,17,0.06852123882972212,0.08753825437630065,0.008226221079691516
0,18,0.06838658342514384,0.0874525645733872,0.006842942832660057
0,19,0.06843554902680866,0.08769127188150325,0.007608030358673032
0,20,0.06843554902680866,0.08769127188150325,0.007608030358673032
0,21,0.06823968662014934,0.08760558207858979,0.008165014077610479
0,22,0.0683253764230628,0.08749540947484392,0.008165014077610479
0,23,0.0683253764230628,0.08749540947484392,0.008165014077610479
0,24,0.06842942832660057,0.08755049577671685,0.007705961562002693
0,25,0.06824580732035744,0.08756273717713306,0.008140531276778063
0,26,0.06824580732035744,0.08756273717713306,0.008140531276778063
0,27,0.068337617823479,0.08753213367609256,0.008030358673032196
0,28,0.06840494552576815,0.08743420247276287,0.00797527237115926
0,29,0.06840494552576815,0.08743420247276287,0.00797527237115926
0,30,0.06842330762639245,0.08717713306402253,0.008048720773656506
0,31,0.06831313502264659,0.08756273717713306,0.00821397967927531
0,32,0.06831313502264659,0.08756273717713306,0.00821397967927531
0,33,0.06852123882972212,0.08775859958379238,0.008097686375321336
0,34,0.06840494552576815,0.0874525645733872,0.008060962174072714
0,35,0.06840494552576815,0.0874525645733872,0.00784673766678908
0,36,0.06808666911494675,0.08753213367609256,0.00784673766678908
0,37,0.06811727261598727,0.08755661647692496,0.008079324274697024
0,38,0.0681784796180683,0.08742196107234668,0.007675358060962175
0,39,0.0681784796180683,0.08742196107234668,0.007675358060962175
0,40,0.06846003182764107,0.08758721997796548,0.007895703268453912
0,41,0.06844166972701678,0.08780144448524911,0.007938548169910638
0,42,0.06844166972701678,0.08780144448524911,0.007938548169910638
0,43,0.06814175541681969,0.08753825437630065,0.00800587587219978
0,44,0.06819072101848452,0.08786265148733015,0.008109927775737543
0,45,0.06819072101848452,0.08786265148733015,0.008109927775737543
0,46,0.06840494552576815,0.08742808177255477,0.007920186069286326
0,47,0.06839882482556005,0.08726894356714408,0.00784673766678908
0,48,0.06839882482556005,0.08726894356714408,0.00784673766678908
0,49,0.06821520381931692,0.08767290978087892,0.007638633859713551
0,50,0.06842330762639245,0.08775859958379238,0.007907944668870119
0,51,0.06850899742930591,0.0873117884686008,0.00784673766678908
0,52,0.068160117517444,0.08737299547068185,0.007858979067205289
0,53,0.0686620149345085,0.08772187538254377,0.007950789570326845
0,54,0.06843554902680866,0.0874525645733872,0.00797527237115926
0,55,0.06853960093034643,0.08725670216672787,0.00813441057656996
0,56,0.06845391112743297,0.08766066838046273,0.007822254865956665
0,57,0.06846615252784918,0.08765454768025463,0.008042600073448402
0,58,0.0683253764230628,0.08744032317297099,0.008483290488431878
0,59,0.0683253764230628,0.08744032317297099,0.008483290488431878
0,60,0.06840494552576815,0.08743420247276287,0.008238462480107725
0,61,0.06818460031827642,0.08774635818337619,0.008256824580732037
0,62,0.06819072101848452,0.08742196107234668,0.0077182029624189
0,63,0.06860080793242747,0.0874770473742196,0.008226221079691516
0,64,0.06819684171869261,0.08741584037213858,0.008220100379483413
0,65,0.06841718692618436,0.08748928877463583,0.007834496266372873
0,66,0.06852123882972212,0.0876423062798384,0.008189496878442894
0,67,0.0684967560288897,0.08755661647692496,0.007932427469702534
0,68,0.06818460031827642,0.08764842698004652,0.008501652589056188
0,69,0.06839882482556005,0.08748316807442771,0.007969151670951156
0,70,0.06829477292202228,0.0874648059738034,0.008030358673032196
0,71,0.06829477292202228,0.0874648059738034,0.008030358673032196
0,72,0.06831313502264659,0.08751989227567633,0.00782837556616477
0,73,0.06844779042722487,0.08745868527359531,0.007736565063043212
0,74,0.06858244583180316,0.08760558207858979,0.007406047251805607
0,75,0.0684906353286816,0.08739747827151426,0.007858979067205289
0,76,0.0683253764230628,0.0876423062798384,0.007699840861794589
0,77,0.0684722732280573,0.08759946137838168,0.007614151058881136
0,78,0.06834985922389522,0.08744032317297099,0.007748806463459419
0,79,0.0684845146284735,0.087617823479006,0.007987513771575468
0,80,0.06855796303097075,0.08771575468233565,0.007381564450973191
0,81,0.06845391112743297,0.0876117027787979,0.008477169788223774
0,82,0.06845391112743297,0.08742808177255477,0.007999755171991677
0,83,0.06840494552576815,0.08742808177255477,0.007999755171991677
0,84,0.06812339331619537,0.08734851266984943,0.007895703268453912
0,85,0.06850899742930591,0.0876239441792141,0.008042600073448402
0,86,0.06834373852368711,0.08756273717713306,0.0074427714530542295
0,87,0.06844166972701678,0.08764842698004652,0.007571306157424409
0,88,0.06825192802056555,0.08758109927775738,0.00831191088260497
0,89,0.06837434202472763,0.08775247888358428,0.008471049088015669
0,90,0.06853960093034643,0.0874709266740115,0.007412167952013711
0,91,0.06834985922389522,0.0877892030848329,0.008171134777818582
0,92,0.0683253764230628,0.08737911617088995,0.008122169176153753
0,93,0.06844166972701678,0.0874648059738034,0.00808544497490513
0,94,0.06855184233076264,0.08756885787734117,0.008091565675113233
0,95,0.06855184233076264,0.087617823479006,0.007981393071367363
0,96,0.0684967560288897,0.087617823479006,0.00641449381809279
0,97,0.06830089362223038,0.08741584037213858,0.007785530664708043
0,98,0.06842942832660057,0.08748316807442771,0.007779409964499939
0,99,0.06836210062431142,0.08786877218753826,0.007816134165748561
1,0,-0.07824091076019096,0.09683559799241033,0.02564573387195495
1,1,-0.07852246296976374,0.09635206267597013,0.026092544987146533
1,2,-0.07852246296976374,0.09635206267597013,0.026092544987146533
1,3,-0.07847961806830701,0.09687844289386706,0.026000734484024974
1,4,-0.07840004896560167,0.09651120088138083,0.025590647570082014
1,5,-0.07840004896560167,0.09651120088138083,0.025590647570082014
1,6,-0.07834496266372873,0.09690904639490758,0.026270045293181537
1,7,-0.0782959970620639,0.09691516709511569,0.025945648182152038
1,8,-0.0782959970620639,0.09691516709511569,0.025945648182152038
1,9,-0.07814297955686131,0.09655404578283756,0.026233321091932917
1,10,-0.07841229036601786,0.09626637287305669,0.025847716978822377
1,11,-0.07842453176643407,0.0967682702901212,0.025547802668625292
1,12,-0.07842453176643407,0.0967682702901212,0.025547802668625292
1,13,-0.0782959970620639,0.09652956298200514,0.025798751377157546
1,14,-0.07830823846248011,0.09688456359407516,0.02587219977965479
1,15,-0.07830823846248011,0.09688456359407516,0.02587219977965479
1,16,-0.07833884196352062,0.09662749418533481,0.025884441180071
1,17,-0.078302117762272,0.09661525278491859,0.025664095972579265
1,18,-0.078302117762272,0.09661525278491859,0.025664095972579265
1,19,-0.07833884196352062,0.0967682702901212,0.025651854572163058
1,20,-0.07818582445831804,0.0964683559799241,0.025706940874035987
1,21,-0.07818582445831804,0.0964683559799241,0.025706940874035987
1,22,-0.07831435916268821,0.09668258048720774,0.02615987268943567
1,23,-0.07819194515852614,0.09682947729220223,0.02610478638756274
1,24,-0.0784673766678908,0.09654180438242135,0.025706940874035987
1,25,-0.0784673766678908,0.09654180438242135,0.025706940874035987
1,26,-0.07832660056310442,0.09659689068429428,0.026086424286938425
1,27,-0.0782959970620639,0.09674990818949689,0.02578650997674134
1,28,-0.0782959970620639,0.09674990818949689,0.02578650997674134
1,29,-0.07821642795935854,0.09656628718325376,0.02569469947361978
1,30,-0.07819806585873423,0.09660301138450239,0.02563961317174685
1,31,-0.07819806585873423,0.09660301138450239,0.02563961317174685
1,32,-0.07819806585873423,0.09660301138450239,0.025474354266128048
1,33,-0.07824091076019096,0.09666421838658343,0.02606194148610601
1,34,-0.07824091076019096,0.09666421838658343,0.02606194148610601
1,35,-0.07839392826539357,0.09680499449136981,0.02583547557840617
1,36,-0.07841841106622598,0.09663361488554291,0.025553923368833394
1,37,-0.07833884196352062,0.0967866323907455,0.025847716978822377
1,38,-0.07833884196352062,0.0967866323907455,0.025847716978822377
1,39,-0.0784428938670584,0.09670706328804016,0.025951768882360143
1,40,-0.0782715142612315,0.09660913208471049,0.026037458685273594
1,41,-0.0782715142612315,0.09660913208471049,0.026037458685273594
1,42,-0.07838168686497735,0.09657852858366997,0.026147631289019462
1,43,-0.07825927286081527,0.0966458562859591,0.025853837679030482
1,44,-0.07825927286081527,0.0966458562859591,0.025853837679030482
1,45,-0.07825315216060717,0.09644999387929978,0.025976251683192557
1,46,-0.078302117762272,0.09651732158158893,0.02587219977965479
1,47,-0.078302117762272,0.09651732158158893,0.02587219977965479
1,48,-0.07818582445831804,0.0964744766801322,0.025615130370914434
1,49,-0.07817970375810993,0.09639490757742686,0.025988493083608767
1,50,-0.07851022156934753,0.09658464928387808,0.025633492471538743
1,51,-0.07836944546456115,0.09641326967805117,0.02488676704615008
1,52,-0.07822866935977477,0.09644999387929978,0.025553923368833394
1,53,-0.0782715142612315,0.09661525278491859,0.02527237115926062
1,54,-0.07837556616476925,0.09656628718325376,0.025315216060717342
1,55,-0.07817358305790181,0.09659689068429428,0.025853837679030482
1,56,-0.07831435916268821,0.09679887379116171,0.025951768882360143
1,57,-0.07822866935977477,0.09666421838658343,0.025945648182152038
1,58,-0.07799608275186681,0.0964561145795079,0.025817113477781855
1,59,-0.07799608275186681,0.0964561145795079,0.025817113477781855
1,60,-0.0786142734728853,0.09663973558575101,0.026165993389643778
1,61,-0.07853470437017995,0.09717835720406415,0.025302974660301136
1,62,-0.07824703146039907,0.09662749418533481,0.02504590525156078
1,63,-0.07822866935977477,0.09635818337617823,0.0262088382911005
1,64,-0.07838780756518546,0.09660913208471049,0.025884441180071
1,65,-0.07841229036601786,0.0969457705961562,0.02565797527237116
1,66,-0.07819194515852614,0.09669482188762395,0.026086424286938425
1,67,-0.07822866935977477,0.09652956298200514,0.025762027175908926
1,68,-0.07831435916268821,0.09679887379116171,0.025957889582568245
1,69,-0.07806341045415596,0.09703146039906965,0.02568857877341168
1,70,-0.07821642795935854,0.09679887379116171,0.026049700085689804
1,71,-0.07831435916268821,0.09675602888970498,0.0250887501530175
1,72,-0.07832047986289632,0.0966213734851267,0.025247888358428207
1,73,-0.07832047986289632,0.0966213734851267,0.02564573387195495
1,74,-0.07835108336393684,0.09685396009303464,0.02564573387195495
1,75,-0.07828987636185579,0.09671318398824826,0.025970130982984452
1,76,-0.0784612559676827,0.09670094258783204,0.025945648182152038
1,77,-0.0784490145672665,0.09684171869261844,0.026294528094013954
1,78,-0.0782959970620639,0.09667033908679153,0.025706940874035987
1,79,-0.07838168686497735,0.09656628718325376,0.025296853960093034
1,80,-0.07830823846248011,0.09663973558575101,0.025192802056555268
1,81,-0.0784612559676827,0.09700697759823725,0.025976251683192557
1,82,-0.07824091076019096,0.09692740849553189,0.02592116538131962
1,83,-0.07824091076019096,0.09698249479740483,0.026043579385481696
1,84,-0.07806953115436406,0.09650508018117274,0.025859958379238584
1,85,-0.07820418655894235,0.09663973558575101,0.02549883706696046
1,86,-0.07832047986289632,0.09688456359407516,0.025486595666544255
1,87,-0.07832047986289632,0.09677439099032929,0.026165993389643778
1,88,-0.0782959970620639,0.09677439099032929,0.026165993389643778
1,89,-0.07854694577059615,0.0969457705961562,0.025327457461133553
1,90,-0.0781307381564451,0.09667033908679153,0.025804872077365648
1,91,-0.07820418655894235,0.09670094258783204,0.026600563104419144
1,92,-0.07816134165748562,0.09684171869261844,0.02598237238340066
1,93,-0.07812461745623699,0.09684783939282654,0.026074182886522218
1,94,-0.07850410086913942,0.09670094258783204,0.025976251683192557
1,95,-0.0786142734728853,0.09651732158158893,0.025951768882360143
1,96,-0.07808177255478027,0.09673766678908066,0.026270045293181537
1,97,-0.07836332476435304,0.09706818460031827,0.02598237238340066
1,98,-0.0784612559676827,0.09673154608887256,0.025572285469457706
1,99,-0.07833884196352062,0.09654180438242135,0.02579263067694944
2,0,0.10750397845513526,-0.09270412535194025,0.0455012853470437
2,1,0.1075407026563839,-0.09241645244215937,0.043530419880034275
2,2,0.1075407026563839,-0.09250214224507283,0.04514628473497368
2,3,0.10743053005263803,-0.09250214224507283,0.04514628473497368
2,4,0.10734484024972457,-0.0926123148488187,0.04575835475578406
2,5,0.10758354755784061,-0.0924348145427837,0.045678785653078716
2,6,0.10758354755784061,-0.0924348145427837,0.045678785653078716
2,7,0.10747949565430286,-0.09267352185089975,0.04587464805973803
2,8,0.107546823356592,-0.09253274574611335,0.045440078344962664
2,9,0.107546823356592,-0.09253274574611335,0.045440078344962664
2,10,0.1074182886522218,-0.09255110784673767,0.043089729465050804
2,11,0.1075651854572163,-0.09280817725547803,0.045923613661402865
2,12,0.1075651854572163,-0.09280817725547803,0.045923613661402865
2,13,0.10749785775492718,-0.09253274574611335,0.04498714652956298
2,14,0.10730811604847594,-0.09239809034153507,0.04570326845391113
2,15,0.10730811604847594,-0.09239809034153507,0.04570326845391113
2,16,0.10758354755784061,-0.09269800465173215,0.04491981882727384
2,17,0.10760190965846492,-0.09252662504590525,0.04556249234912474
2,18,0.10766311666054598,-0.0924409352429918,0.04537887134288163
2,19,0.10766311666054598,-0.0924409352429918,0.04537887134288163
2,20,0.10718570204431388,-0.09230015913820541,0.04577671685640837
2,21,0.10760190965846492,-0.0924286938425756,0.044754559921655036
2,22,0.10760190965846492,-0.0924286938425756,0.044754559921655036
2,23,0.10746725425388663,-0.0926061941486106,0.04554413024850043
2,24,0.10739992655159751,-0.092453176643408,0.04413636920063656
2,25,0.10739992655159751,-0.092453176643408,0.04413636920063656
2,26,0.10728363324764353,-0.09251438364548904,0.044283266005631046
2,27,0.10757742685763252,-0.09248378014444852,0.044442404211041744
2,28,0.10757742685763252,-0.09248378014444852,0.044442404211041744
2,29,0.10752846125596768,-0.09285714285714286,0.045825682458073204
2,30,0.10747337495409474,-0.09266740115069164,0.04570326845391113
2,31,0.1074182886522218,-0.09238584894111887,0.04472395642061452
2,32,0.1074182886522218,-0.09238584894111887,0.04472395642061452
2,33,0.10751621985555146,-0.09258783204798629,0.04477904272248745
2,34,0.10746725425388663,-0.09233688333945403,0.045825682458073204
2,35,0.10746725425388663,-0.09233688333945403,0.045825682458073204
2,36,0.10746113355367855,-0.09261843554902681,0.045525768147876115
2,37,0.10763251315950544,-0.09234300403966214,0.04364059248378015
2,38,0.10763251315950544,-0.09234300403966214,0.04364059248378015
2,39,0.10751009915534337,-0.09252050434569715,0.04570326845391113
2,40,0.10719182274452196,-0.09271024605214837,0.04496878442893867
2,41,0.10719182274452196,-0.09271024605214837,0.04496878442893867
2,42,0.10743665075284611,-0.09227567633737299,0.044301628106255354
2,43,0.10746113355367855,-0.09257559064757008,0.04577671685640837
2,44,0.10746113355367855,-0.09257559064757008,0.04577671685640837
2,45,0.10738768515118129,-0.09246541804382422,0.04461990451707675
2,46,0.10776716856408372,-0.09266740115069164,0.04572163055453544
2,47,0.10760190965846492,-0.09255722854694577,0.04569102705349492
2,48,0.10760190965846492,-0.09255722854694577,0.04569102705349492
2,49,0.10747337495409474,-0.09230627983841352,0.04460766311666055
2,50,0.107546823356592,-0.09255722854694577,0.0456604235524544
2,51,0.10765699596033787,-0.09271636675235648,0.045813441057656994
2,52,0.10743053005263803,-0.09280205655526992,0.04518912963643041
2,53,0.107075529440568,-0.0924286938425756,0.04351205777940996
2,54,0.10743665075284611,-0.09253274574611335,0.0450177500306035
2,55,0.10762027175908924,-0.0926000734484025,0.04545844044558697
2,56,0.10769984086179459,-0.09272248745256458,0.044944301628106254
2,57,0.10750397845513526,-0.09290610845880769,0.0455012853470437
2,58,0.1073938058513894,-0.09271636675235648,0.045164646835597996
2,59,0.10774268576325133,-0.09255722854694577,0.045452319745378875
2,60,0.10774268576325133,-0.09255722854694577,0.0448524911249847
2,61,0.10747337495409474,-0.09237360754070265,0.0448524911249847
2,62,0.10763251315950544,-0.092453176643408,0.04580119965724079
2,63,0.10766311666054598,-0.09280817725547803,0.04564206145183009
2,64,0.10757742685763252,-0.09251438364548904,0.04585016525890562
2,65,0.10768759946137837,-0.09239196964132697,0.045666544252662505
2,66,0.10733259884930837,-0.09272248745256458,0.04564206145183009
2,67,0.10759578895825683,-0.0924409352429918,0.045654302852246295
2,68,0.10748561635451095,-0.09273472885298079,0.04499938792997919
2,69,0.10727139184722731,-0.09254498714652956,0.045697147753703024
2,70,0.10757130615742441,-0.09265515975027543,0.0443628351083364
2,71,0.1075407026563839,-0.09250214224507283,0.04559921655037336
2,72,0.10736932305055698,-0.0924592973436161,0.0448586118251928
2,73,0.10747949565430286,-0.0926061941486106,0.04477904272248745
2,74,0.10747949565430286,-0.0926061941486106,0.04477904272248745
2,75,0.1075590647570082,-0.09256334924715387,0.04586240665932183
2,76,0.10733871954951646,-0.09240421104174318,0.04594809646223528
2,77,0.10736932305055698,-0.09253274574611335,0.04496266372873057
2,78,0.10774268576325133,-0.09241033174195128,0.044099644999387934
2,79,0.10761415105888114,-0.09244705594319991,0.044411800710001226
2,80,0.10751009915534337,-0.09263067694944302,0.0458195617578651
2,81,0.1073938058513894,-0.09237360754070265,0.04406904149834741
2,82,0.107253029746603,-0.09262455624923491,0.044552576814787616
2,83,0.10776716856408372,-0.09278981515485371,0.04551352674745991
2,84,0.10774880646345941,-0.0926123148488187,0.0445403354143714
2,85,0.10730199534826783,-0.09244705594319991,0.04465050801811728
2,86,0.10758354755784061,-0.09234912473987024,0.04426490390500673
2,87,0.10758354755784061,-0.09234912473987024,0.04571550985432733
2,88,0.10728363324764353,-0.09241645244215937,0.04571550985432733
2,89,0.10752234055575957,-0.09248378014444852,0.045525768147876115
2,90,0.1075407026563839,-0.09248378014444852,0.04576447545599217
2,91,0.1072407883461868,-0.09258783204798629,0.045697147753703024
2,92,0.10746113355367855,-0.0926123148488187,0.04450361121312278
2,93,0.10767535806096218,-0.09254498714652956,0.045568613049332844
2,94,0.10744277145305423,-0.09250214224507283,0.04528706083976007
2,95,0.10718570204431388,-0.09280817725547803,0.04536662994246542
2,96,0.10759578895825683,-0.09267964255110785,0.04498102582935488
2,97,0.10744889215326234,-0.09246541804382422,0.04422205900355001
2,98,0.10774268576325133,-0.09253274574611335,0.0454951646468356
2,99,0.10746113355367855,-0.09250826294528094,0.044699473619782104
3,0,-0.10115681233933163,-0.07062675970130983,0.03158893377402375
3,1,-0.10107724323662629,-0.07065736320235036,0.03169910637776961
3,2,-0.10096707063288039,-0.07032684539111275,0.031362467866323906
3,3,-0.1009548292324642,-0.07060839760068552,0.03142979556861305
3,4,-0.1009548292324642,-0.07060839760068552,0.03142979556861305
3,5,-0.10088138082996694,-0.07075529440568001,0.031276778063410456
3,6,-0.10074060472518057,-0.0705839147998531,0.031215571061329418
3,7,-0.10074060472518057,-0.0705839147998531,0.031215571061329418
3,8,-0.1009548292324642,-0.07062675970130983,0.03185212388297221
3,9,-0.10106500183621006,-0.0704247765944424,0.031735830579018236
3,10,-0.10106500183621006,-0.0704247765944424,0.031735830579018236
3,11,-0.10116293303953972,-0.07095115681233934,0.03178479618068307
3,12,-0.10092422573142368,-0.07083486350838536,0.03164402007589669
3,13,-0.10092422573142368,-0.07083486350838536,0.03164402007589669
3,14,-0.10123638144203698,-0.07077977720651243,0.03144815766923736
3,15,-0.10092422573142368,-0.07071244950422328,0.03158281307381565
3,16,-0.1011323295384992,-0.07081038070755294,0.03171746847839393
3,17,-0.1011323295384992,-0.07081038070755294,0.03171746847839393
3,18,-0.10112620883829111,-0.07077977720651243,0.0315154853715265
3,19,-0.10091810503121557,-0.07075529440568001,0.03152772677194271
3,20,-0.10091810503121557,-0.07075529440568001,0.03152772677194271
3,21,-0.1012853470437018,-0.07049210429673156,0.03162565797527237
3,22,-0.10090586363079937,-0.07046762149589914,0.03147876117027788
3,23,-0.10090586363079937,-0.07046762149589914,0.03147876117027788
3,24,-0.10122414004162077,-0.07079813930713673,0.031790916880891175
3,25,-0.10091198433100748,-0.07070632880401519,0.03157669237360754
3,26,-0.10091198433100748,-0.07070632880401519,0.03157669237360754
3,27,-0.10082017382788591,-0.07071244950422328,0.03162565797527237
3,28,-0.10088138082996694,-0.07078589790672053,0.03144203696902926
3,29,-0.101120088138083,-0.07064512180193414,0.03153996817235892
3,30,-0.101120088138083,-0.07064512180193414,0.03153996817235892
3,31,-0.10110172603745868,-0.070577794099645,0.031533847472150815
3,32,-0.10098543273350472,-0.0704370179948586,0.03162565797527237
3,33,-0.10098543273350472,-0.0704370179948586,0.03162565797527237
3,34,-0.10099155343371283,-0.07028400048965602,0.03147876117027788
3,35,-0.10088138082996694,-0.0704308972946505,0.03157057167339944
3,36,-0.10088138082996694,-0.0704308972946505,0.03157057167339944
3,37,-0.10091810503121557,-0.07059003550006121,0.03158281307381565
3,38,-0.10107724323662629,-0.07049822499693965,0.03168686497735341
3,39,-0.10107724323662629,-0.07049822499693965,0.03168686497735341
3,40,-0.10102215693475333,-0.07051658709756396,0.031564450973191334
3,41,-0.10091198433100748,-0.07093279471171501,0.03169910637776961
3,42,-0.10091198433100748,-0.07093279471171501,0.03153996817235892
3,43,-0.10083241522830211,-0.07059003550006121,0.03153996817235892
3,44,-0.10121801934141265,-0.0705716733994369,0.03146039906965357
3,45,-0.10083853592851022,-0.07054719059860448,0.0315154853715265
3,46,-0.10083853592851022,-0.07054719059860448,0.0315154853715265
3,47,-0.10075284612559676,-0.07055943199902068,0.03157669237360754
3,48,-0.10065491492226711,-0.07047986289631533,0.03137470926674012
3,49,-0.10065491492226711,-0.07047986289631533,0.03137470926674012
3,50,-0.10103439833516954,-0.07055943199902068,0.031821520381931694
3,51,-0.10111396743787489,-0.07033296609132085,0.031509364671318395
3,52,-0.10101603623454522,-0.07047374219610723,0.0313441057656996
3,53,-0.1009731913330885,-0.07052270779777206,0.031760313379850656
3,54,-0.10096707063288039,-0.07080426000734484,0.03144203696902926
3,55,-0.10105276043579385,-0.07059615620026931,0.031435916268821154
3,56,-0.10101603623454522,-0.07062063900110173,0.031631778675480476
3,57,-0.10078344962663728,-0.0707369323050557,0.031533847472150815
3,58,-0.10081405312767781,-0.0701003794834129,0.03160117517443996
3,59,-0.10118129514016402,-0.07077977720651243,0.03185824458318032
3,60,-0.10120577794099646,-0.07021055208715878,0.03161341657485616
3,61,-0.10107112253641817,-0.0704370179948586,0.031637899375688575
3,62,-0.1012853470437018,-0.07049210429673156,0.031546088872567025
3,63,-0.10105276043579385,-0.07045538009548293,0.031435916268821154
3,64,-0.10105276043579385,-0.07054719059860448,0.0316685028767291
3,65,-0.10099155343371283,-0.07086546700942588,0.031662382176520995
3,66,-0.10108948463704248,-0.07041865589423431,0.03138695066715632
3,67,-0.10108948463704248,-0.07041865589423431,0.031619537275064266
3,68,-0.10103439833516954,-0.07027787978944791,0.031619537275064266
3,69,-0.10085077732892642,-0.07064512180193414,0.03149712327090219
3,70,-0.10103439833516954,-0.07045538009548293,0.031821520381931694
3,71,-0.10075896682580487,-0.07064512180193414,0.03146039906965357
3,72,-0.10109560533725057,-0.070577794099645,0.03147264047006977
3,73,-0.1009731913330885,-0.07019218998653445,0.0313441057656996
3,74,-0.10093646713183987,-0.07063900110172604,0.03149712327090219
3,75,-0.10088138082996694,-0.07061451830089363,0.03171746847839393
3,76,-0.10119353654058025,-0.07071857020443138,0.03142979556861305
3,77,-0.10104663973558574,-0.07088382911005019,0.031362467866323906
3,78,-0.10105276043579385,-0.07062675970130983,0.03148488187048598
3,79,-0.10121801934141265,-0.07070020810380707,0.03147876117027788
3,80,-0.10086301872934264,-0.07068184600318277,0.0316746235769372
3,81,-0.10086301872934264,-0.07075529440568001,0.03168686497735341
3,82,-0.10115681233933163,-0.07075529440568001,0.03168686497735341
3,83,-0.10099155343371283,-0.07083486350838536,0.031405312767780635
3,84,-0.10089974293059126,-0.07063900110172604,0.0316746235769372
3,85,-0.10110172603745868,-0.07047986289631533,0.03165626147631289
3,86,-0.10107112253641817,-0.07065736320235036,0.03155833027298323
3,87,-0.10094870853225608,-0.07095115681233934,0.03161341657485616
3,88,-0.10132207124495043,-0.07055943199902068,0.031748071979434446
3,89,-0.1009731913330885,-0.07031460399069653,0.03152772677194271
3,90,-0.10101603623454522,-0.07046762149589914,0.0315154853715265
3,91,-0.10107724323662629,-0.07060839760068552,0.03148488187048598
3,92,-0.10098543273350472,-0.0707491737054719,0.03144815766923736
3,93,-0.10123026074182886,-0.07044313869506671,0.03164402007589669
3,94,-0.10111396743787489,-0.07065124250214225,0.03157669237360754
3,95,-0.10100991553433714,-0.0707430530052638,0.031637899375688575
3,96,-0.10118741584037214,-0.07060839760068552,0.03176643408005876
3,97,-0.10116905373974783,-0.07093891541192313,0.031748071979434446
3,98,-0.10118741584037214,-0.07078589790672053,0.03160729587464806
3,99,-0.10118741584037214,-0.07071857020443138,0.031680744277145304
