values,,Magnetometer,Magnetometer,Magnetometer
axis,,x,y,z
Sensor,Sample,,,
0,0,0.05261965968906843,0.08132574366507529,-0.005845268698739136
0,1,0.05261965968906843,0.08132574366507529,-0.005845268698739136
0,2,0.052693108091565674,0.08128289876361856,-0.005508630187293426
0,3,0.05259517688823602,0.08146039906965356,-0.0056494062920798135
0,4,0.05259517688823602,0.08146039906965356,-0.0056494062920798135
0,5,0.05285224629697638,0.08157057167339944,-0.005716733994368955
0,6,0.052650263190108945,0.08143591626882116,-0.005410698983963765
0,7,0.052650263190108945,0.08143591626882116,-0.005410698983963765
0,8,0.052778797894479125,0.08137470926674012,-0.005863630799363447
0,9,0.05277267719427102,0.08150936467131839,-0.006145183008936223
0,10,0.05277267719427102,0.08150936467131839,-0.006145183008936223
0,11,0.0525706940874036,0.08150936467131839,-0.005600440690414984
0,12,0.052833884196352064,0.08153996817235892,-0.005710613294160852
0,13,0.052833884196352064,0.08153996817235892,-0.005710613294160852
0,14,0.05263802178969275,0.08164402007589669,-0.005526992287917738
0,15,0.05287060839760068,0.08168686497735342,-0.005943199902068796
0,16,0.05287060839760068,0.08168686497735342,-0.005943199902068796
0,17,0.052607418288652216,0.08120945036112132,-0.005833027298322928
0,18,0.05263802178969275,0.08146651976986166,-0.005826906598114824
0,19,0.05263802178969275,0.08146651976986166,-0.005826906598114824
0,20,0.05298078100134655,0.08139919206757254,-0.005961562002693108
0,21,0.0527359529930224,0.08146039906965356,-0.006328804015179336
0,22,0.05265638389031705,0.08132574366507529,-0.005912596401028277
0,23,0.05265638389031705,0.08132574366507529,-0.005912596401028277
0,24,0.052791039294895335,0.08144203696902926,-0.0059493206022769
0,25,0.05262578038927653,0.08138695066715632,-0.005863630799363447
0,26,0.05262578038927653,0.08138695066715632,-0.005863630799363447
0,27,0.052674745990941366,0.08142979556861304,-0.006175786509976741
0,28,0.05275431509364671,0.08157669237360754,-0.0060472518056065615
0,29,0.05275431509364671,0.08157669237360754,-0.0060472518056065615
0,30,0.05275431509364671,0.08122169176153751,-0.005906475700820174
0,31,0.05258905618802791,0.08162565797527237,-0.00567388909291223
0,32,0.05258905618802791,0.08162565797527237,-0.00567388909291223
0,33,0.05263802178969275,0.08155833027298323,-0.005973803403109316
0,34,0.05277267719427102,0.08140531276778064,-0.005692251193536541
0,35,0.05277267719427102,0.08140531276778064,-0.005692251193536541
0,36,0.052778797894479125,0.08133798506549149,-0.005606561390623087
0,37,0.05265638389031705,0.08139919206757254,-0.005502509487085323
0,38,0.05265638389031705,0.08139919206757254,-0.005502509487085323
0,39,0.05256457338719549,0.08130126086424287,-0.0056494062920798135
0,40,0.05280940139551965,0.08117884686008078,-0.0061084588076876
0,41,0.05280940139551965,0.08117884686008078,-0.006151303709144326
0,42,0.05260129758844412,0.0813502264659077,-0.006151303709144326
0,43,0.052674745990941366,0.08131962296486718,-0.00577182029624189
0,44,0.05255233198677929,0.08153996817235892,-0.005698371893744644
0,45,0.05255233198677929,0.08153996817235892,-0.005698371893744644
0,46,0.05277267719427102,0.0811972089607051,-0.0059493206022769
0,47,0.05249724568490636,0.08125841596278614,-0.006243114212265883
0,48,0.05249724568490636,0.08125841596278614,-0.006243114212265883
0,49,0.05282776349614395,0.08160117517443996,-0.005869751499571551
0,50,0.05260129758844412,0.08131962296486718,-0.005661647692496022
0,51,0.05260129758844412,0.08131962296486718,-0.005661647692496022
0,52,0.05272371159260619,0.08117272615987269,-0.005973803403109316
0,53,0.052540090586363074,0.08135634716611581,-0.005992165503733627
0,54,0.052540090586363074,0.08135634716611581,-0.005992165503733627
0,55,0.052748194393438606,0.08133798506549149,-0.006432855918717101
0,56,0.0525829354878198,0.08134410576569959,-0.005924837801444485
0,57,0.0525829354878198,0.08134410576569959,-0.005924837801444485
0,58,0.05271147019218999,0.0816746235769372,-0.005422940384379973
0,59,0.05262578038927653,0.08165014077610479,-0.006169665809768637
0,60,0.05262578038927653,0.08165014077610479,-0.006169665809768637
0,61,0.05287060839760068,0.08158893377402375,-0.005361733382298935
0,62,0.05250948708532256,0.08120945036112132,-0.005735096094993267
0,63,0.05261353898886033,0.08157669237360754,-0.0055943199902068795
0,64,0.05261353898886033,0.08157669237360754,-0.0055943199902068795
0,65,0.052650263190108945,0.08177867548047497,-0.005588199289998775
0,66,0.05277267719427102,0.08144815766923737,-0.005692251193536541
0,67,0.05277267719427102,0.08144815766923737,-0.005692251193536541
0,68,0.0525706940874036,0.08130738156445097,-0.0060288897049822505
0,69,0.05269922879177378,0.08157669237360754,-0.00564328559187171
0,70,0.05269922879177378,0.08157669237360754,-0.00564328559187171
0,71,0.05269922879177378,0.08142367486840495,-0.006610356224752112
0,72,0.05252172848573877,0.0811972089607051,-0.0056494062920798135
0,73,0.05252172848573877,0.0811972089607051,-0.0056494062920798135
0,74,0.05263190108948464,0.08140531276778064,-0.005790182396866202
0,75,0.052760435793854824,0.08133798506549149,-0.0060288897049822505
0,76,0.052760435793854824,0.08133798506549149,-0.0060288897049822505
0,77,0.05290121189864121,0.08142979556861304,-0.00572285469457706
0,78,0.05256457338719549,0.08125229526257803,-0.005808544497490513
0,79,0.05256457338719549,0.08125229526257803,-0.005808544497490513
0,80,0.05274207369323051,0.08139307136736443,-0.006230872811849675
0,81,0.052821642795935854,0.08135634716611581,-0.006457338719549515
0,82,0.052821642795935854,0.08135634716611581,-0.006457338719549515
0,83,0.05259517688823602,0.08152160607173461,-0.0060656139062308725
0,84,0.052607418288652216,0.08148488187048598,-0.0062369935120577796
0,85,0.05280940139551965,0.08136246786632391,-0.005796303097074305
0,86,0.05280940139551965,0.08136246786632391,-0.005796303097074305
0,87,0.052576814787611705,0.08158281307381564,-0.006390011017260375
0,88,0.052693108091565674,0.08123393316195374,-0.005912596401028277
0,89,0.052693108091565674,0.08123393316195374,-0.005912596401028277
0,90,0.05275431509364671,0.08126453666299424,-0.005967682702901212
0,91,0.052760435793854824,0.08145427836944547,-0.005606561390623087
0,92,0.052760435793854824,0.08145427836944547,-0.005606561390623087
0,93,0.052472762884073945,0.08149100257069408,-0.00577182029624189
0,94,0.0527359529930224,0.08147876117027789,-0.00585138939894724
0,95,0.0527359529930224,0.08147876117027789,-0.00585138939894724
0,96,0.05266862529073326,0.08130738156445097,-0.005704492593952748
0,97,0.05281552209572775,0.08139919206757254,-0.005845268698739136
0,98,0.05281552209572775,0.08139919206757254,-0.005845268698739136
0,99,0.05262578038927653,0.08138082996694822,-0.005680009793120333
1,0,-0.06425511078467376,0.09263067694944302,0.014738646101113967
1,1,-0.0642857142857143,0.0924348145427837,0.014879422205900356
1,2,-0.06437752478883584,0.0922695556371649,0.015020198310686742
1,3,-0.06437752478883584,0.0922695556371649,0.015020198310686742
1,4,-0.06429795568613049,0.09251438364548904,0.014885542906108459
1,5,-0.06424899008446566,0.09267964255110785,0.014891663606316562
1,6,-0.06419390378259274,0.09281429795568613,0.015167095115681234
1,7,-0.06419390378259274,0.09281429795568613,0.015167095115681234
1,8,-0.06421838658342514,0.09281429795568613,0.015044681111519156
1,9,-0.06434080058758722,0.09266740115069164,0.014781491002570693
1,10,-0.06434080058758722,0.09266740115069164,0.014781491002570693
1,11,-0.06424286938425756,0.09246541804382422,0.01459786999632758
1,12,-0.06427959358550618,0.09244705594319991,0.01517933651609744
1,13,-0.06427959358550618,0.09244705594319991,0.01517933651609744
1,14,-0.06429183498592239,0.09258171134777818,0.015007956910270534
1,15,-0.06422450728363324,0.09250214224507283,0.015301750520259519
1,16,-0.06422450728363324,0.09250214224507283,0.015301750520259519
1,17,-0.06420002448280084,0.0927653323540213,0.01493450850777329
1,18,-0.06421838658342514,0.0922940384379973,0.014848818704859837
1,19,-0.06417554168196841,0.09230627983841352,0.015099767413392093
1,20,-0.06417554168196841,0.09230627983841352,0.015099767413392093
1,21,-0.0642857142857143,0.09240421104174318,0.014818215203819318
1,22,-0.06439588688946016,0.09250214224507283,0.015154853715265027
1,23,-0.06439588688946016,0.09250214224507283,0.015154853715265027
1,24,-0.06418778308238463,0.09289998775859959,0.014506059493206023
1,25,-0.06454890439466275,0.09236136614028645,0.015173215815889337
1,26,-0.06454890439466275,0.09236136614028645,0.015173215815889337
1,27,-0.06437140408862774,0.09262455624923491,0.015246664218386583
1,28,-0.06431631778675481,0.09266740115069164,0.015246664218386583
1,29,-0.06431631778675481,0.09266740115069164,0.015246664218386583
1,30,-0.06437140408862774,0.09220222793487574,0.01411433467988738
1,31,-0.06441424899008447,0.09248990084465662,0.014383645489043948
1,32,-0.06410821397967928,0.09247153874403233,0.014971232709021912
1,33,-0.06410821397967928,0.09247153874403233,0.014971232709021912
1,34,-0.06432855918717101,0.09263679764965112,0.014591749296119477
1,35,-0.06449381809278981,0.09254498714652956,0.015289509119843312
1,36,-0.06449381809278981,0.09254498714652956,0.015289509119843312
1,37,-0.06420614518300893,0.09218386583425145,0.014983474109438118
1,38,-0.06415105888113601,0.09258171134777818,0.014995715509854327
1,39,-0.06415105888113601,0.09258171134777818,0.014995715509854327
1,40,-0.06437752478883584,0.0927530909536051,0.014916146407148978
1,41,-0.06438364548904395,0.09252050434569715,0.0151120088138083
1,42,-0.06438364548904395,0.09252050434569715,0.0151120088138083
1,43,-0.06401028277634961,0.09274697025339698,0.015216060717346064
1,44,-0.0641633002815522,0.09253886644632145,0.015007956910270534
1,45,-0.06437140408862774,0.09241645244215937,0.014848818704859837
1,46,-0.06437140408862774,0.09241645244215937,0.014848818704859837
1,47,-0.06443261109070877,0.09263679764965112,0.01485493940506794
1,48,-0.06424899008446566,0.09238584894111887,0.014965112008813808
1,49,-0.06424899008446566,0.09238584894111887,0.014965112008813808
1,50,-0.06405312767780634,0.09247153874403233,0.01485493940506794
1,51,-0.06444485249112498,0.09258171134777818,0.0146284734973681
1,52,-0.06444485249112498,0.09258171134777818,0.0146284734973681
1,53,-0.06433467988737912,0.09254498714652956,0.014781491002570693
1,54,-0.06420614518300893,0.09269188395152406,0.014928387807565186
1,55,-0.06420614518300893,0.09269188395152406,0.014928387807565186
1,56,-0.06424899008446566,0.09278981515485371,0.01517933651609744
1,57,-0.06425511078467376,0.09256334924715387,0.014971232709021912
1,58,-0.06410821397967928,0.09217162443383523,0.01400416207614151
1,59,-0.06410821397967928,0.09217162443383523,0.01400416207614151
1,60,-0.06436528338841964,0.09234300403966214,0.014175541681968417
1,61,-0.06453054229403844,0.09242257314236749,0.014089851879054963
1,62,-0.06453054229403844,0.09242257314236749,0.014089851879054963
1,63,-0.06413881748071978,0.09250826294528094,0.01393683437385237
1,64,-0.06432243848696291,0.09258783204798629,0.01411433467988738
1,65,-0.06432243848696291,0.09258783204798629,0.01411433467988738
1,66,-0.06449381809278981,0.09258171134777818,0.014573387195495164
1,67,-0.06432855918717101,0.09263067694944302,0.013796058269065981
1,68,-0.06276165993389644,0.09280817725547803,0.014334679887379114
1,69,-0.06413881748071978,0.09280817725547803,0.014334679887379114
1,70,-0.06427959358550618,0.09248378014444852,0.014377524788835843
1,71,-0.06437140408862774,0.09253886644632145,0.014040886277390132
1,72,-0.06437140408862774,0.09253886644632145,0.014040886277390132
1,73,-0.06427347288529808,0.09267352185089975,0.01456726649528706
1,74,-0.06431631778675481,0.09271024605214837,0.01442036969029257
1,75,-0.06431631778675481,0.09271024605214837,0.01442036969029257
1,76,-0.06443873179091689,0.09266128045048354,0.01443873179091688
1,77,-0.06423062798384135,0.09233076263924593,0.014879422205900356
1,78,-0.06423062798384135,0.09233076263924593,0.014879422205900356
1,79,-0.06432855918717101,0.09271024605214837,0.014591749296119477
1,80,-0.06422450728363324,0.09303464316317786,0.014916146407148978
1,81,-0.06422450728363324,0.09242257314236749,0.014848818704859837
1,82,-0.06420614518300893,0.09242257314236749,0.014848818704859837
1,83,-0.06437752478883584,0.09264291834985923,0.01500183621006243
1,84,-0.06440812828987637,0.09222671073570816,0.014983474109438118
1,85,-0.06440812828987637,0.09222671073570816,0.014983474109438118
1,86,-0.06451830089362223,0.0929367119598482,0.01536907822254866
1,87,-0.06449993879299792,0.09266128045048354,0.015167095115681234
1,88,-0.06449993879299792,0.09266128045048354,0.015167095115681234
1,89,-0.06427959358550618,0.09261843554902681,0.014958991308605705
1,90,-0.06427347288529808,0.09289386705839148,0.014799853103195005
1,91,-0.06427347288529808,0.09289386705839148,0.014799853103195005
1,92,-0.06429183498592239,0.09258171134777818,0.014206145183008936
1,93,-0.0642857142857143,0.09252050434569715,0.014285714285714285
1,94,-0.0641633002815522,0.09250826294528094,0.014634594197576203
1,95,-0.0641633002815522,0.09250826294528094,0.014634594197576203
1,96,-0.06407761047863876,0.09272860815277267,0.014769249602154486
1,97,-0.0644570938915412,0.09283266005631044,0.01509364671318399
1,98,-0.0644570938915412,0.09283266005631044,0.01509364671318399
1,99,-0.06437140408862774,0.09233076263924593,0.013814420369690291
2,0,0.1307136736442649,-0.09563594075162199,0.06633614885542906
2,1,0.1307136736442649,-0.09563594075162199,0.06633614885542906
2,2,0.1305361733382299,-0.09578283755661647,0.06533235402130003
2,3,0.13062798384135146,-0.09547068184600319,0.06539968172358918
2,4,0.13062798384135146,-0.09547068184600319,0.06539968172358918
2,5,0.13062186314114335,-0.09591137226098666,0.06573019953482678
2,6,0.13061574244093524,-0.0956665442526625,0.06633614885542906
2,7,0.13061574244093524,-0.0956665442526625,0.06633614885542906
2,8,0.130719794344473,-0.09575835475578406,0.06632390745501285
2,9,0.1310625535561268,-0.09541559554413025,0.06439588688946016
2,10,0.1310625535561268,-0.09541559554413025,0.06439588688946016
2,11,0.13056065613906231,-0.09572163055453545,0.06636675235646958
2,12,0.13045048353531644,-0.09562982005141388,0.06634839025584527
2,13,0.13091565675113231,-0.09595421716244337,0.06662382176520995
2,14,0.13091565675113231,-0.09595421716244337,0.06662382176520995
2,15,0.1306891908434325,-0.0958256824580732,0.0659138205410699
2,16,0.13089117395029992,-0.095990941363692,0.06549149222671073
2,17,0.13089117395029992,-0.095990941363692,0.06549149222671073
2,18,0.13089117395029992,-0.09547680254621128,0.066391235157302
2,19,0.13078712204676216,-0.09585628595911372,0.06580364793732403
2,20,0.13078712204676216,-0.09585628595911372,0.06580364793732403
2,21,0.13067082874280816,-0.09604602766556494,0.06483045660423552
2,22,0.13082996694821886,-0.09585628595911372,0.06646468355979925
2,23,0.13082996694821886,-0.09585628595911372,0.06646468355979925
2,24,0.1308666911494675,-0.09602154486473252,0.06560778553066471
2,25,0.1305300526380218,-0.09589913086057045,0.06651976986167217
2,26,0.1305300526380218,-0.09589913086057045,0.06651976986167217
2,27,0.1303586730321949,-0.09579507895703268,0.06390011017260375
2,28,0.1305728975394785,-0.09577059615620027,0.06661770106500184
2,29,0.13063410454155955,-0.09562369935120578,0.06579140653690782
2,30,0.13063410454155955,-0.09562369935120578,0.06579140653690782
2,31,0.1305239319378137,-0.09570938915411922,0.06500795691027053
2,32,0.13075651854572162,-0.09555025094870853,0.0636614028644877
2,33,0.13075651854572162,-0.09555025094870853,0.0636614028644877
2,34,0.13103807075529442,-0.09584404455869752,0.06633614885542906
2,35,0.13103807075529442,-0.09577059615620027,0.06573632023503488
2,36,0.13103807075529442,-0.09577059615620027,0.06573632023503488
2,37,0.13096462235279716,-0.09559309585016526,0.06579140653690782
2,38,0.1303770351328192,-0.0956604235524544,0.06551597502754315
2,39,0.1303770351328192,-0.0956604235524544,0.06551597502754315
2,40,0.13076875994613785,-0.09561757865099767,0.0664034765577182
2,41,0.13074427714530543,-0.09580732035744889,0.06408985187905496
2,42,0.1305300526380218,-0.0959970620639001,0.06646468355979925
2,43,0.1305300526380218,-0.0959970620639001,0.06646468355979925
2,44,0.13074427714530543,-0.09573999265515976,0.06555881992899988
2,45,0.1307320357448892,-0.0956665442526625,0.06468355979924104
2,46,0.1307320357448892,-0.0956665442526625,0.06468355979924104
2,47,0.13072591504468112,-0.095813441057657,0.06539968172358918
2,48,0.13072591504468112,-0.0955012853470437,0.06457950789570327
2,49,0.13072591504468112,-0.0955012853470437,0.06457950789570327
2,50,0.13067694944301628,-0.09597869996327581,0.06662994246541805
2,51,0.13051169053739747,-0.09537887134288162,0.06397967927530909
2,52,0.13051169053739747,-0.09537887134288162,0.06397967927530909
2,53,0.13072591504468112,-0.09600318276410821,0.06502019831068674
2,54,0.1305728975394785,-0.09575223405557595,0.06594442404211041
2,55,0.1305728975394785,-0.09575223405557595,0.0660790794466887
2,56,0.13079936344717835,-0.09588076875994614,0.0660790794466887
2,57,0.13064022524176766,-0.09572775125474355,0.06352674745990941
2,58,0.13065858734239197,-0.0956665442526625,0.06573019953482678
2,59,0.13065858734239197,-0.0956665442526625,0.06573019953482678
2,60,0.130897294650508,-0.09570938915411922,0.06647080426000734
2,61,0.13063410454155955,-0.0956726649528706,0.06546700942587833
2,62,0.13063410454155955,-0.0956726649528706,0.06546700942587833
2,63,0.13062798384135146,-0.09567878565307872,0.06529562982005141
2,64,0.13089117395029992,-0.09574611335536785,0.06557718202962419
2,65,0.13089117395029992,-0.09574611335536785,0.06557718202962419
2,66,0.1307320357448892,-0.0958256824580732,0.0649345085077733
2,67,0.13078100134655404,-0.0958256824580732,0.06583425143836455
2,68,0.13078100134655404,-0.0958256824580732,0.06583425143836455
2,69,0.13049332843677316,-0.09556249234912474,0.06586485493940507
2,70,0.1310503121557106,-0.09579507895703268,0.06571795813441059
2,71,0.13060962174072716,-0.09589301016036235,0.0664095972579263
2,72,0.13060962174072716,-0.09589301016036235,0.0664095972579263
2,73,0.1307503978455135,-0.09544619904517077,0.06633614885542906
2,74,0.13074427714530543,-0.09545231974537886,0.06621373485126698
2,75,0.13074427714530543,-0.09545231974537886,0.06621373485126698
2,76,0.1305361733382299,-0.09579507895703268,0.06522830211776227
2,77,0.13043824213490024,-0.09580732035744889,0.06643408005875873
2,78,0.13043824213490024,-0.09580732035744889,0.06643408005875873
2,79,0.1305667768392704,-0.09575835475578406,0.06635451095605337
2,80,0.13080548414738646,-0.09594197576202718,0.06505692251193537
2,81,0.13080548414738646,-0.09594197576202718,0.06505692251193537
2,82,0.13079936344717835,-0.0958318031582813,0.06560778553066471
2,83,0.13096462235279716,-0.09588688946015425,0.06576692373607541
2,84,0.13096462235279716,-0.09556861304933284,0.06653201126208838
2,85,0.13080548414738646,-0.09556861304933284,0.06653201126208838
2,86,0.1305851389398947,-0.095813441057657,0.06539968172358918
2,87,0.13063410454155955,-0.09564206145183009,0.06533235402130003
2,88,0.13063410454155955,-0.09564206145183009,0.06533235402130003
2,89,0.13083608764842697,-0.09547680254621128,0.06539356102338108
2,90,0.13081160484759458,-0.0956604235524544,0.06531399192067573
2,91,0.13081160484759458,-0.0956604235524544,0.06531399192067573
2,92,0.13060350104051904,-0.09571550985432734,0.06650140776104786
2,93,0.130897294650508,-0.09612559676827029,0.06587097563961317
2,94,0.130897294650508,-0.09612559676827029,0.06587097563961317
2,95,0.13061574244093524,-0.0958318031582813,0.0646284734973681
2,96,0.13081772554780266,-0.09575835475578406,0.06552209572775125
2,97,0.13081772554780266,-0.09575835475578406,0.06552209572775125
2,98,0.13059125964010282,-0.09556249234912474,0.06654425266250459
2,99,0.1306891908434325,-0.09569102705349491,0.06552209572775125
3,0,-0.11942710246052149,-0.07016158648549395,0.046278614273472886
3,1,-0.11953115436405926,-0.06995960337862651,0.04605826906598115
3,2,-0.11953115436405926,-0.06995960337862651,0.04605826906598115
3,3,-0.1197576202717591,-0.07021667278736687,0.04617456236993512
3,4,-0.11937201615864854,-0.06997184477904272,0.04633982127555392
3,5,-0.11940261965968905,-0.07014934508507772,0.04601542416452442
3,6,-0.11940261965968905,-0.07014934508507772,0.04601542416452442
3,7,-0.11971477537030237,-0.06997184477904272,0.046137838168686496
3,8,-0.11981882727384012,-0.06999020687966703,0.04645611457950789
3,9,-0.11981882727384012,-0.06999020687966703,0.04645611457950789
3,10,-0.11959236136614029,-0.0699473619782103,0.04599094136369201
3,11,-0.11960460276655649,-0.0699473619782103,0.04616232096951891
3,12,-0.11960460276655649,-0.0699473619782103,0.04616232096951891
3,13,-0.11954339576447545,-0.07006977598237238,0.04611335536785408
3,14,-0.11963520626759701,-0.06983106867425634,0.04593585506181907
3,15,-0.11963520626759701,-0.06983106867425634,0.04593585506181907
3,16,-0.11942098176031338,-0.07004529318153997,0.046180683070143225
3,17,-0.11931692985677562,-0.07014934508507772,0.04592973436161097
3,18,-0.11972701677071858,-0.07006977598237238,0.04607051046639736
3,19,-0.11972701677071858,-0.07006977598237238,0.04607051046639736
3,20,-0.1194699473619782,-0.06967193046884564,0.04605826906598115
3,21,-0.11952503366385114,-0.06999020687966703,0.04588688946015424
3,22,-0.11952503366385114,-0.06999020687966703,0.04588688946015424
3,23,-0.11945158526135391,-0.06957399926551597,0.045941975762027173
3,24,-0.11938425755906476,-0.07015546578528584,0.046021544864732526
3,25,-0.11938425755906476,-0.07015546578528584,0.046021544864732526
3,26,-0.1194699473619782,-0.07005753458195617,0.045911372260986655
3,27,-0.11951891296364303,-0.07004529318153997,0.045954217162443384
3,28,-0.11951891296364303,-0.07004529318153997,0.045954217162443384
3,29,-0.1194638266617701,-0.0701003794834129,0.04570938915411923
3,30,-0.11961684416697269,-0.07006977598237238,0.0459725792630677
3,31,-0.11961684416697269,-0.0700881380829967,0.0461439588688946
3,32,-0.11949443016281062,-0.0700881380829967,0.0461439588688946
3,33,-0.11969641326967806,-0.07004529318153997,0.046137838168686496
3,34,-0.11948830946260251,-0.06986779287550496,0.0459786999632758
3,35,-0.11948830946260251,-0.06986779287550496,0.0459786999632758
3,36,-0.1197759823723834,-0.07005753458195617,0.046021544864732526
3,37,-0.11948830946260251,-0.0701003794834129,0.04616232096951891
3,38,-0.11948830946260251,-0.0701003794834129,0.04616232096951891
3,39,-0.11958011996572408,-0.06989227567633736,0.046082751866813564
3,40,-0.11949443016281062,-0.07003305178112376,0.04617456236993512
3,41,-0.11949443016281062,-0.07003305178112376,0.04617456236993512
3,42,-0.11972701677071858,-0.07006977598237238,0.046033786265148736
3,43,-0.11970865467009426,-0.06995348267841842,0.04615620026931081
3,44,-0.11970865467009426,-0.07003917248133187,0.046352062675970127
3,45,-0.11950055086301874,-0.07003917248133187,0.046352062675970127
3,46,-0.11959236136614029,-0.06990451707675358,0.04600930346431632
3,47,-0.11945158526135391,-0.070106500183621,0.04606438976618925
3,48,-0.11945158526135391,-0.070106500183621,0.04606438976618925
3,49,-0.11964744766801323,-0.06989839637654548,0.046168441669727014
3,50,-0.11978210307259149,-0.0699412412780022,0.046039906965356835
3,51,-0.11978210307259149,-0.0699412412780022,0.046039906965356835
3,52,-0.119457705961562,-0.0699351205777941,0.04586852735952993
3,53,-0.11960460276655649,-0.06991063777696169,0.04600318276410821
3,54,-0.11960460276655649,-0.06991063777696169,0.04600318276410821
3,55,-0.11972089607051047,-0.07000856898029134,0.04627249357326478
3,56,-0.11955563716489166,-0.07021055208715878,0.04601542416452442
3,57,-0.11963520626759701,-0.0699228791773779,0.046052148365773045
3,58,-0.11963520626759701,-0.0699228791773779,0.046052148365773045
3,59,-0.11954951646468356,-0.06995348267841842,0.0459725792630677
3,60,-0.11954951646468356,-0.06987391357571307,0.0459786999632758
3,61,-0.11954951646468356,-0.06987391357571307,0.0459786999632758
3,62,-0.11954951646468356,-0.07013098298445342,0.04587464805973803
3,63,-0.11956175786509977,-0.06988003427592117,0.0459848206634839
3,64,-0.11956175786509977,-0.06988003427592117,0.0459848206634839
3,65,-0.11956787856530786,-0.06986779287550496,0.04594809646223528
3,66,-0.11959236136614029,-0.0699412412780022,0.045941975762027173
3,67,-0.11959236136614029,-0.0699412412780022,0.045941975762027173
3,68,-0.11973925817113477,-0.06997184477904272,0.04586852735952993
3,69,-0.11969641326967806,-0.0700881380829967,0.04590525156077856
3,70,-0.11956175786509977,-0.06981270657363202,0.04607051046639736
3,71,-0.11956175786509977,-0.06981270657363202,0.04607051046639736
3,72,-0.11957399926551597,-0.0697759823723834,0.04592973436161097
3,73,-0.11952503366385114,-0.07001468968049945,0.04615620026931081
3,74,-0.11952503366385114,-0.07001468968049945,0.04615620026931081
3,75,-0.1194454645611458,-0.0702411555881993,0.046021544864732526
3,76,-0.11949443016281062,-0.07007589668258049,0.046052148365773045
3,77,-0.11949443016281062,-0.07007589668258049,0.046052148365773045
3,78,-0.11951891296364303,-0.0699228791773779,0.045966458562859594
3,79,-0.11943934386093769,-0.07002693108091565,0.04590525156077856
3,80,-0.11943934386093769,-0.07002693108091565,0.04590525156077856
3,81,-0.11950055086301874,-0.07013098298445342,0.0462969763740972
3,82,-0.11951891296364303,-0.06989227567633736,0.04570326845391113
3,83,-0.11963520626759701,-0.07002693108091565,0.046082751866813564
3,84,-0.11963520626759701,-0.07002693108091565,0.046082751866813564
3,85,-0.11961684416697269,-0.07002693108091565,0.046223527971599954
3,86,-0.11958624066593218,-0.06969029256946994,0.045911372260986655
3,87,-0.11958624066593218,-0.06969029256946994,0.045911372260986655
3,88,-0.11948218876239443,-0.07019218998653445,0.046021544864732526
3,89,-0.11982494797404823,-0.07005753458195617,0.04572775125474354
3,90,-0.11982494797404823,-0.07005753458195617,0.04572775125474354
3,91,-0.11937813685885665,-0.07000244828008324,0.04601542416452442
3,92,-0.1194454645611458,-0.07004529318153997,0.04616232096951891
3,93,-0.1194454645611458,-0.07004529318153997,0.04616232096951891
3,94,-0.11939649895948097,-0.06979434447300771,0.04610723466764598
3,95,-0.11921287795323784,-0.06980046517321582,0.046082751866813564
3,96,-0.11950667156322684,-0.06984331007467254,0.046125596768270286
3,97,-0.11950667156322684,-0.06984331007467254,0.046125596768270286
3,98,-0.11959236136614029,-0.06980658587342392,0.04599706206390011
3,99,-0.11931692985677562,-0.07005141388174807,0.0459848206634839
