values,,Magnetometer,Magnetometer,Magnetometer
axis,,x,y,z
Sensor,Sample,,,
0,0,0.04723956420614518,0.06457338719549517,0.014481576692373608
0,1,0.04757008201738279,0.06456114579507896,0.015154853715265027
0,2,0.04766801322071245,0.06429795568613049,0.015362957522340556
0,3,0.04766801322071245,0.06429795568613049,0.015362957522340556
0,4,0.047563961317174684,0.06427959358550618,0.015032439711102949
0,5,0.0475945648182152,0.0644754559921655,0.015613906230872813
0,6,0.0475945648182152,0.0644754559921655,0.015613906230872813
0,7,0.04752723711592606,0.06433467988737912,0.015289509119843312
0,8,0.04737421961072347,0.06448157669237362,0.014971232709021912
0,9,0.04737421961072347,0.06448157669237362,0.014971232709021912
0,10,0.047606806218631406,0.06449993879299792,0.015460888725670216
0,11,0.04750275431509365,0.06475088750153017,0.0154364059248378
0,12,0.04750275431509365,0.06475088750153017,0.0154364059248378
0,13,0.04752723711592606,0.06429183498592239,0.015485371526502631
0,14,0.04723956420614518,0.06442649039050066,0.015283388419635205
0,15,0.04723956420614518,0.06442649039050066,0.015283388419635205
0,16,0.04752723711592606,0.06422450728363324,0.015081405312767781
0,17,0.04755784061696658,0.06426123148488187,0.015289509119843312
0,18,0.04761292691883952,0.06458562859591137,0.015007956910270534
0,19,0.04761292691883952,0.06458562859591137,0.015007956910270534
0,20,0.04741094381197209,0.06454890439466275,0.015430285224629697
0,21,0.04736197821030726,0.06441424899008447,0.014805973803403108
0,22,0.04736197821030726,0.06441424899008447,0.014805973803403108
0,23,0.04744154731301261,0.06450605949320602,0.015173215815889337
0,24,0.047429305912596406,0.06450605949320602,0.014928387807565186
0,25,0.047429305912596406,0.06450605949320602,0.014928387807565186
0,26,0.04766801322071245,0.06442036969029256,0.015387440323172972
0,27,0.04732525400905864,0.06440200758966826,0.015332354021300038
0,28,0.04732525400905864,0.06440200758966826,0.015332354021300038
0,29,0.04763128901946383,0.06437140408862774,0.015167095115681234
0,30,0.047692496021544864,0.06451218019341412,0.01532011262088383
0,31,0.047692496021544864,0.06451218019341412,0.01532011262088383
0,32,0.047490512914677444,0.06426735218508997,0.015424164524421594
0,33,0.047606806218631406,0.06440200758966826,0.01583425143836455
0,34,0.047606806218631406,0.06440200758966826,0.01583425143836455
0,35,0.04747215081405313,0.06453666299424654,0.01541804382421349
0,36,0.04748439221446933,0.06439588688946016,0.015460888725670216
0,37,0.04748439221446933,0.06439588688946016,0.015460888725670216
0,38,0.04779654792508263,0.06437140408862774,0.01516097441547313
0,39,0.047649651120088135,0.06459786999632758,0.015620026931080916
0,40,0.04753947851634227,0.06438976618925205,0.015130370914432612
0,41,0.04753947851634227,0.06438976618925205,0.015130370914432612
0,42,0.0475884441180071,0.06424286938425756,0.015154853715265027
0,43,0.047692496021544864,0.06437140408862774,0.015356836822132453
0,44,0.047692496021544864,0.06437140408862774,0.015356836822132453
0,45,0.04769861672175297,0.06417554168196841,0.015026319010894846
0,46,0.047716978822377284,0.06458562859591137,0.015399681723589178
0,47,0.047716978822377284,0.06458562859591137,0.015399681723589178
0,48,0.04763128901946383,0.0642857142857143,0.01509364671318399
0,49,0.04760068551842331,0.06423062798384135,0.015454768025462112
0,50,0.04760068551842331,0.06423062798384135,0.015454768025462112
0,51,0.04734361610968295,0.06438364548904395,0.01525890561880279
0,52,0.04763740971967193,0.06455502509487085,0.015632268331497123
0,53,0.04763740971967193,0.06455502509487085,0.015632268331497123
0,54,0.047606806218631406,0.06448769739258171,0.015044681111519156
0,55,0.0472640470069776,0.06462235279716,0.01574244093524299
0,56,0.0472640470069776,0.06462235279716,0.01574244093524299
0,57,0.047423185212388294,0.06451218019341412,0.015381319622964868
0,58,0.047423185212388294,0.06415105888113601,0.01519157791651365
0,59,0.047423185212388294,0.06415105888113601,0.01519157791651365
0,60,0.047606806218631406,0.06449381809278981,0.01536907822254866
0,61,0.047563961317174684,0.06431631778675481,0.014922267107357081
0,62,0.04750275431509365,0.06435916268821154,0.015289509119843312
0,63,0.04750275431509365,0.06435916268821154,0.015289509119843312
0,64,0.04745990941363692,0.06458562859591137,0.0154364059248378
0,65,0.04764353041988004,0.0646345941975762,0.015558819928999879
0,66,0.04764353041988004,0.0646345941975762,0.015558819928999879
0,67,0.047606806218631406,0.06434692128779532,0.015338474721508141
0,68,0.047692496021544864,0.06431631778675481,0.015044681111519156
0,69,0.047692496021544864,0.06431631778675481,0.015044681111519156
0,70,0.047716978822377284,0.06429795568613049,0.01519157791651365
0,71,0.04776594442404211,0.06434080058758722,0.015442526625045905
0,72,0.04776594442404211,0.06434080058758722,0.015442526625045905
0,73,0.04751499571550986,0.06448157669237362,0.01535071612192435
0,74,0.04766801322071245,0.0644570938915412,0.015081405312767781
0,75,0.04766801322071245,0.0644570938915412,0.015081405312767781
0,76,0.047404823111763986,0.06443261109070877,0.015056922511935366
0,77,0.04760068551842331,0.06464071489778431,0.01474476680132207
0,78,0.04760068551842331,0.06464071489778431,0.01474476680132207
0,79,0.04723344350593708,0.06449993879299792,0.015197698616721753
0,80,0.047435426612804504,0.06433467988737912,0.015246664218386583
0,81,0.047435426612804504,0.06433467988737912,0.015246664218386583
0,82,0.047521116415717955,0.06410209327947117,0.01517933651609744
0,83,0.04749663361488554,0.06442649039050066,0.015136491614640715
0,84,0.04752723711592606,0.06442649039050066,0.015105888113600197
0,85,0.04752723711592606,0.06442649039050066,0.015105888113600197
0,86,0.04760068551842331,0.06443873179091689,0.015375198922756763
0,87,0.04751499571550986,0.06443873179091689,0.015375198922756763
0,88,0.04751499571550986,0.06443873179091689,0.015375198922756763
0,89,0.04753947851634227,0.06435916268821154,0.015638389031705228
0,90,0.04754559921655037,0.06462235279716,0.015479250826294528
0,91,0.04754559921655037,0.06462235279716,0.015479250826294528
0,92,0.047447668013220715,0.06429183498592239,0.015485371526502631
0,93,0.04765577182029625,0.0641571795813441,0.015338474721508141
0,94,0.04765577182029625,0.0641571795813441,0.015338474721508141
0,95,0.04786387562737177,0.06448157669237362,0.015705716733994367
0,96,0.047429305912596406,0.06465907699840862,0.014916146407148978
0,97,0.047429305912596406,0.06465907699840862,0.014916146407148978
0,98,0.04733749540947484,0.06457950789570327,0.015216060717346064
0,99,0.04730077120822622,0.06434692128779532,0.015014077610478637
1,0,-0.06116415717958135,0.07753090953605093,0.032886522218141756
1,1,-0.06122536418166238,0.07764108213979679,0.03266617701065001
1,2,-0.06101726037458686,0.07760435793854817,0.03256824580732036
1,3,-0.06123148488187049,0.0776472028400049,0.0327947117150202
1,4,-0.06123148488187049,0.0776472028400049,0.0327947117150202
1,5,-0.06103562247521116,0.07756763373729955,0.03272738401273106
1,6,-0.061151915779165136,0.07744521973313748,0.03293548781980658
1,7,-0.061151915779165136,0.07744521973313748,0.03293548781980658
1,8,-0.060992777573754445,0.0776716856408373,0.032904884318766064
1,9,-0.06104786387562737,0.07762884073938059,0.032047986289631535
1,10,-0.06104786387562737,0.07762884073938059,0.032047986289631535
1,11,-0.06107234667645979,0.07734728852980781,0.03248867670461501
1,12,-0.061096829477292204,0.07758599583792386,0.03240910760190966
1,13,-0.061096829477292204,0.07758599583792386,0.03240910760190966
1,14,-0.06136614028644877,0.07714530542294037,0.03259884930836088
1,15,-0.061023381074794956,0.07741461623209696,0.03240910760190966
1,16,-0.06090096707063288,0.07753703023625903,0.03223160729587465
1,17,-0.06090096707063288,0.07753703023625903,0.03223160729587465
1,18,-0.0611029501775003,0.07731668502876729,0.03254376300648794
1,19,-0.06111519157791652,0.07759823723834006,0.03234790059982862
1,20,-0.06111519157791652,0.07759823723834006,0.03234790059982862
1,21,-0.06129269188395152,0.07761659933896438,0.03266617701065001
1,22,-0.06128045048353532,0.07739013343126454,0.03270902191210674
1,23,-0.06128045048353532,0.07739013343126454,0.03270902191210674
1,24,-0.061170277879789445,0.07750642673521851,0.032819194515852614
1,25,-0.061194760680621865,0.07757375443750765,0.03299057412167952
1,26,-0.061194760680621865,0.07757375443750765,0.03299057412167952
1,27,-0.061207002081038075,0.07770840984208593,0.0324703146039907
1,28,-0.06115803647937325,0.07760435793854817,0.03259272860815277
1,29,-0.061298812584159625,0.07761047863875628,0.032617211408985186
1,30,-0.061298812584159625,0.07761047863875628,0.032617211408985186
1,31,-0.061096829477292204,0.07722487452564573,0.03226221079691517
1,32,-0.061372260986656865,0.07743297833272125,0.03272738401273106
1,33,-0.061372260986656865,0.07743297833272125,0.03272738401273106
1,34,-0.06107846737666789,0.07765332354021301,0.03285591871710124
1,35,-0.06098053617333823,0.07789815154853716,0.03262333210919329
1,36,-0.06098053617333823,0.07789815154853716,0.03262333210919329
1,37,-0.061011139674378746,0.07758599583792386,0.03259272860815277
1,38,-0.06096217407271391,0.07775125474354266,0.032702901211898644
1,39,-0.06096217407271391,0.07775125474354266,0.032702901211898644
1,40,-0.061298812584159625,0.07759823723834006,0.032690659811482434
1,41,-0.06113967437874893,0.07746358183376179,0.032874280817725546
1,42,-0.06106010527604357,0.07745134043334558,0.032678418411066223
1,43,-0.06106010527604357,0.07745134043334558,0.032678418411066223
1,44,-0.06123148488187049,0.0774819439343861,0.032800832415228305
1,45,-0.06097441547313013,0.07739625413147264,0.03178479618068307
1,46,-0.06097441547313013,0.07739625413147264,0.03178479618068307
1,47,-0.06137838168686498,0.07756763373729955,0.03220712449504223
1,48,-0.06114579507895703,0.07755539233688334,0.032519280205655525
1,49,-0.06114579507895703,0.07755539233688334,0.032519280205655525
1,50,-0.06096217407271391,0.07774513404333457,0.03265393561023381
1,51,-0.061127432978332716,0.07787978944791284,0.03233565919941241
1,52,-0.061127432978332716,0.07787978944791284,0.03233565919941241
1,53,-0.06115803647937325,0.07769004774146163,0.03276410821397968
1,54,-0.06124984698249479,0.07763496143958869,0.032562125107112254
1,55,-0.06123148488187049,0.07757375443750765,0.03254376300648794
1,56,-0.06123148488187049,0.07757375443750765,0.03254376300648794
1,57,-0.06099889827396254,0.07775737544375076,0.03309462602521728
1,58,-0.06115803647937325,0.07754315093646713,0.03284979801689313
1,59,-0.06115803647937325,0.07754315093646713,0.03284979801689313
1,60,-0.061298812584159625,0.07765944424042111,0.032874280817725546
1,61,-0.06113355367854082,0.07764108213979679,0.0324703146039907
1,62,-0.06113355367854082,0.07764108213979679,0.0324703146039907
1,63,-0.06124372628228669,0.07776349614395886,0.0326355735096095
1,64,-0.061372260986656865,0.07761047863875628,0.032629452809401396
1,65,-0.061372260986656865,0.07761047863875628,0.032629452809401396
1,66,-0.06116415717958135,0.07771453054229403,0.033259884930836085
1,67,-0.06127432978332721,0.0776472028400049,0.032745746113355366
1,68,-0.06113355367854082,0.07775737544375076,0.03243971110295017
1,69,-0.06113355367854082,0.07775737544375076,0.03243971110295017
1,70,-0.06118863998041376,0.07761047863875628,0.032800832415228305
1,71,-0.061096829477292204,0.07794711715020199,0.033119108826049695
1,72,-0.061096829477292204,0.07794711715020199,0.033119108826049695
1,73,-0.06128045048353532,0.07754315093646713,0.03284367731668503
1,74,-0.060992777573754445,0.0776716856408373,0.032005141388174806
1,75,-0.060992777573754445,0.0776716856408373,0.032005141388174806
1,76,-0.06132941608520015,0.07761659933896438,0.03296609132084711
1,77,-0.06103562247521116,0.07741461623209696,0.032445831803158284
1,78,-0.06103562247521116,0.07741461623209696,0.032445831803158284
1,79,-0.061151915779165136,0.0774941853348023,0.032898763618557966
1,80,-0.0612559676827029,0.0776716856408373,0.032531521606071735
1,81,-0.061127432978332716,0.07740849553188885,0.03224384869629086
1,82,-0.061127432978332716,0.07740849553188885,0.03224384869629086
1,83,-0.061011139674378746,0.07769616844166972,0.032660056310441915
1,84,-0.06104174317541927,0.07780022034520749,0.032715142612314854
1,85,-0.06104174317541927,0.07780022034520749,0.032715142612314854
1,86,-0.06126208838291101,0.07780634104541559,0.03222548659566654
1,87,-0.0610907087770841,0.0774941853348023,0.03233565919941241
1,88,-0.0610907087770841,0.0774941853348023,0.03233565919941241
1,89,-0.06103562247521116,0.0771697882237728,0.03275186681356347
1,90,-0.06122536418166238,0.07770228914187784,0.03266617701065001
1,91,-0.06122536418166238,0.07770228914187784,0.03266617701065001
1,92,-0.06126208838291101,0.07769004774146163,0.03286816011751744
1,93,-0.0610907087770841,0.07752478883584282,0.032904884318766064
1,94,-0.060852001468968055,0.07759211653813196,0.032604970008568976
1,95,-0.060852001468968055,0.07759211653813196,0.032604970008568976
1,96,-0.061096829477292204,0.07780634104541559,0.03282531521606072
1,97,-0.06104786387562737,0.07751866813563471,0.03242746970253397
1,98,-0.06104786387562737,0.07751866813563471,0.03242746970253397
1,99,-0.06127432978332721,0.07771453054229403,0.032672297710858125
2,0,0.07963643040763864,-0.06543028522462971,0.04637654547680255
2,1,0.07953849920430897,-0.06529562982005141,0.04637654547680255
2,2,0.07955074060472518,-0.06531399192067573,0.04615620026931081
2,3,0.07955074060472518,-0.06531399192067573,0.04615620026931081
2,4,0.07961194760680622,-0.06545476802546212,0.046407148977843066
2,5,0.07977720651242502,-0.0652833884196352,0.046407148977843066
2,6,0.07984453421471416,-0.06547313012608642,0.04607051046639736
2,7,0.07984453421471416,-0.06547313012608642,0.04607051046639736
2,8,0.07954461990451708,-0.06547313012608642,0.04546456114579508
2,9,0.07936711959848206,-0.06537519892275676,0.045538009548292326
2,10,0.07936711959848206,-0.06537519892275676,0.045538009548292326
2,11,0.07980781001346554,-0.065271147019219,0.04652344228179704
2,12,0.07965479250826295,-0.06514873301505693,0.04523197453788713
2,13,0.07965479250826295,-0.06514873301505693,0.04523197453788713
2,14,0.07953849920430897,-0.06536907822254866,0.04660301138450239
2,15,0.07963643040763864,-0.06524054351817848,0.045825682458073204
2,16,0.07963643040763864,-0.06524054351817848,0.045825682458073204
2,17,0.07986901701554658,-0.06540580242379729,0.045293181539968176
2,18,0.07986901701554658,-0.06524666421838658,0.04557473374954095
2,19,0.07986901701554658,-0.06524666421838658,0.04557473374954095
2,20,0.07982005141388174,-0.06558330272983229,0.04553188884808422
2,21,0.07988737911617089,-0.06557106132941608,0.045672664952870604
2,22,0.07977108581221691,-0.0652833884196352,0.04556249234912474
2,23,0.07977108581221691,-0.0652833884196352,0.04556249234912474
2,24,0.07942220590035501,-0.0651120088138083,0.045170767535806094
2,25,0.07949565430285224,-0.0652772677194271,0.04488921532623332
2,26,0.07949565430285224,-0.0652772677194271,0.04488921532623332
2,27,0.07970987881013589,-0.0655955441302485,0.04650508018117273
2,28,0.0797282409107602,-0.06557718202962419,0.04587464805973803
2,29,0.0797282409107602,-0.06557718202962419,0.04587464805973803
2,30,0.07967315460888726,-0.06530787122046762,0.046651976986167215
2,31,0.07964255110784674,-0.06520994001713795,0.04521361243726282
2,32,0.07964255110784674,-0.06520994001713795,0.04521361243726282
2,33,0.07977108581221691,-0.06512425021422451,0.04585016525890562
2,34,0.0796058269065981,-0.06509364671318399,0.046535683682213246
2,35,0.07979556861304933,-0.06535071612192435,0.046449993879299795
2,36,0.07979556861304933,-0.06535071612192435,0.046449993879299795
2,37,0.07970987881013589,-0.06528950911984331,0.045397233443505935
2,38,0.07967927530909537,-0.06524666421838658,0.04559921655037336
2,39,0.07967927530909537,-0.06524666421838658,0.04559921655037336
2,40,0.07967315460888726,-0.06525278491859468,0.04564818215203819
2,41,0.07978944791284123,-0.06519157791651366,0.04621740727139185
2,42,0.07978944791284123,-0.06519157791651366,0.04621740727139185
2,43,0.07966703390867916,-0.065271147019219,0.04569102705349492
2,44,0.07966091320847105,-0.06525890561880279,0.04569102705349492
2,45,0.07966091320847105,-0.06525890561880279,0.04569102705349492
2,46,0.07968539600930347,-0.06512425021422451,0.04631533847472151
2,47,0.07997306891908434,-0.06516709511568124,0.045183008936222305
2,48,0.07997306891908434,-0.06516709511568124,0.04585016525890562
2,49,0.07961806830701432,-0.06539356102338108,0.04585016525890562
2,50,0.07966703390867916,-0.06516097441547312,0.04672542538866446
2,51,0.07963030970743054,-0.06528950911984331,0.04551352674745991
2,52,0.07963030970743054,-0.06528950911984331,0.04551352674745991
2,53,0.07985065491492227,-0.0652833884196352,0.04638878687721875
2,54,0.07985677561513037,-0.06529562982005141,0.046823356591994124
2,55,0.07985677561513037,-0.06529562982005141,0.046823356591994124
2,56,0.07969763740971966,-0.065271147019219,0.04586852735952993
2,57,0.07961806830701432,-0.06521606071734606,0.04657852858366997
2,58,0.07961806830701432,-0.06521606071734606,0.04657852858366997
2,59,0.07993022401762762,-0.06539968172358918,0.044925939527481945
2,60,0.07980168931325744,-0.06506916391235157,0.04482188762394418
2,61,0.07980168931325744,-0.06506916391235157,0.04482188762394418
2,62,0.07985065491492227,-0.06528950911984331,0.046407148977843066
2,63,0.07982005141388174,-0.06521606071734606,0.045880768759946136
2,64,0.07976496511200881,-0.06563838903170523,0.046235769372016164
2,65,0.07976496511200881,-0.06563838903170523,0.046235769372016164
2,66,0.0797282409107602,-0.06502019831068674,0.04648059738034031
2,67,0.07986289631533847,-0.0651120088138083,0.045427836944546454
2,68,0.07986289631533847,-0.0651120088138083,0.045427836944546454
2,69,0.07961806830701432,-0.06525278491859468,0.045452319745378875
2,70,0.07983841351450606,-0.0651120088138083,0.04631533847472151
2,71,0.07983841351450606,-0.0651120088138083,0.04631533847472151
2,72,0.0797466030113845,-0.06568123393316196,0.046547925082629456
2,73,0.07980168931325744,-0.065448647325254,0.04600318276410821
2,74,0.07980168931325744,-0.065448647325254,0.04600318276410821
2,75,0.07976496511200881,-0.0652772677194271,0.04621740727139185
2,76,0.07955074060472518,-0.06503856041131105,0.04621740727139185
2,77,0.07955074060472518,-0.06503856041131105,0.04621740727139185
2,78,0.07957522340555759,-0.06539356102338108,0.04496266372873057
2,79,0.07988125841596279,-0.06524666421838658,0.046137838168686496
2,80,0.07963030970743054,-0.06507528461255968,0.04553188884808422
2,81,0.07963030970743054,-0.06507528461255968,0.04553188884808422
2,82,0.07962418900722243,-0.06522830211776227,0.044797404823111765
2,83,0.07971599951034399,-0.06519769861672176,0.04528706083976007
2,84,0.07971599951034399,-0.06519769861672176,0.04528706083976007
2,85,0.07961194760680622,-0.06514873301505693,0.04555025094870853
2,86,0.07985677561513037,-0.06523442281797037,0.04645611457950789
2,87,0.07985677561513037,-0.06523442281797037,0.04645611457950789
2,88,0.07971599951034399,-0.06524666421838658,0.045880768759946136
2,89,0.0799057412167952,-0.06539968172358918,0.04572163055453544
2,90,0.0799057412167952,-0.06539968172358918,0.04572163055453544
2,91,0.07982005141388174,-0.06543028522462971,0.046321459174929615
2,92,0.07971599951034399,-0.06522218141755418,0.04610723466764598
2,93,0.07971599951034399,-0.06533235402130003,0.04631533847472151
2,94,0.07965479250826295,-0.06533235402130003,0.04631533847472151
2,95,0.0797466030113845,-0.06532623332109193,0.04588688946015424
2,96,0.07978332721263312,-0.06514261231484882,0.045611457950789566
2,97,0.07978332721263312,-0.06514261231484882,0.045611457950789566
2,98,0.07962418900722243,-0.06528950911984331,0.045899130860570445
2,99,0.07959970620639001,-0.0650997674133921,0.04670094258783205
3,0,-0.07710246052148366,-0.050422328314359166,0.03356591994124128
3,1,-0.07730444362835108,-0.050165258905618806,0.03346798873791162
3,2,-0.07724323662627004,-0.05033051781123761,0.033559799241033174
3,3,-0.07724323662627004,-0.05033051781123761,0.033559799241033174
3,4,-0.07695556371648916,-0.05012241400416208,0.033669971844779045
3,5,-0.07725547802668625,-0.05026319010894846,0.03367609254498714
3,6,-0.07725547802668625,-0.05026319010894846,0.03367609254498714
3,7,-0.07715142612314849,-0.05015301750520259,0.033259884930836085
3,8,-0.07710246052148366,-0.05043456971477537,0.03355367854082507
3,9,-0.07710246052148366,-0.05043456971477537,0.03355367854082507
3,10,-0.07696168441669728,-0.050342759211653806,0.03357204064144938
3,11,-0.07721263312522952,-0.050428449014567264,0.033774023748316805
3,12,-0.0771636675235647,-0.050452931815399685,0.033443505937079204
3,13,-0.0771636675235647,-0.050452931815399685,0.033443505937079204
3,14,-0.0770228914187783,-0.050814053127677804,0.033682213245195256
3,15,-0.07694944301628107,-0.05,0.03349247153874403
3,16,-0.07694944301628107,-0.05,0.03349247153874403
3,17,-0.0771575468233566,-0.05059982862039417,0.03371281674623577
3,18,-0.0770167707185702,-0.05046517321581588,0.03369445464561146
3,19,-0.0770167707185702,-0.05046517321581588,0.03369445464561146
3,20,-0.07687599461378382,-0.05044069041498347,0.033547557840616964
3,21,-0.07727384012731056,-0.050250948708532264,0.0337617823479006
3,22,-0.07727384012731056,-0.050250948708532264,0.0337617823479006
3,23,-0.07739013343126454,-0.050110172603745874,0.033547557840616964
3,24,-0.0771636675235647,-0.050250948708532264,0.033645489043946625
3,25,-0.07739013343126454,-0.05022646590769984,0.03362100624311421
3,26,-0.07739013343126454,-0.05022646590769984,0.03362100624311421
3,27,-0.07727384012731056,-0.05058146651976986,0.033627126943322316
3,28,-0.07720039172481333,-0.05036112131227812,0.03324152283021178
3,29,-0.07720039172481333,-0.05036112131227812,0.03324152283021178
3,30,-0.07726771942710246,-0.05028767290978088,0.0334373852368711
3,31,-0.07730444362835108,-0.05040396621373485,0.0334496266372873
3,32,-0.07730444362835108,-0.05040396621373485,0.0334496266372873
3,33,-0.07720039172481333,-0.050667156322683315,0.03341902313624679
3,34,-0.0771575468233566,-0.05058758721997797,0.033896437752478886
3,35,-0.0771575468233566,-0.05058758721997797,0.033896437752478886
3,36,-0.077182029624189,-0.050250948708532264,0.0337617823479006
3,37,-0.07728608152772677,-0.05009793120332966,0.03357204064144938
3,38,-0.07740237483168075,-0.050324397111029505,0.033816868649773534
3,39,-0.07740237483168075,-0.050324397111029505,0.033816868649773534
3,40,-0.07723711592606194,-0.05031827641082139,0.03355367854082507
3,41,-0.07727996082751867,-0.04988982739625413,0.03383523075039784
3,42,-0.07727996082751867,-0.04988982739625413,0.03383523075039784
3,43,-0.07746970253396988,-0.05051413881748072,0.03358428204186559
3,44,-0.07737789203084833,-0.05053250091810503,0.03357816134165749
3,45,-0.07737789203084833,-0.05053250091810503,0.03357816134165749
3,46,-0.07737177133064023,-0.05040396621373485,0.03347410943811972
3,47,-0.07727996082751867,-0.05047129391602399,0.033700575345819564
3,48,-0.07727996082751867,-0.05047129391602399,0.033700575345819564
3,49,-0.07714530542294037,-0.05047129391602399,0.03353531644020076
3,50,-0.07726771942710246,-0.05022646590769984,0.03326600563104419
3,51,-0.07737177133064023,-0.050410086913942956,0.033443505937079204
3,52,-0.07737177133064023,-0.050410086913942956,0.033443505937079204
3,53,-0.07728608152772677,-0.050208103807075535,0.03342514383645489
3,54,-0.07704125351940262,-0.05001836210062431,0.03355367854082507
3,55,-0.07704125351940262,-0.05001836210062431,0.03355367854082507
3,56,-0.0773289264291835,-0.05023258660790795,0.03366385114457094
3,57,-0.07720039172481333,-0.050171379605826905,0.03324764353041988
3,58,-0.07720039172481333,-0.050171379605826905,0.03324764353041988
3,59,-0.07696168441669728,-0.05019586240665932,0.033767903048108706
3,60,-0.0771575468233566,-0.05022034520749173,0.03367609254498714
3,61,-0.0771575468233566,-0.05022034520749173,0.03367609254498714
3,62,-0.0771575468233566,-0.05033663851144571,0.03371281674623577
3,63,-0.07745134043334558,-0.05005508630187293,0.033345574733749536
3,64,-0.07735340923001591,-0.05039784551352675,0.03384747215081405
3,65,-0.07735340923001591,-0.05039784551352675,0.03384747215081405
3,66,-0.07719427102460522,-0.05015301750520259,0.03369445464561146
3,67,-0.0773289264291835,-0.05023870730811605,0.033608764842698
3,68,-0.0773289264291835,-0.05023870730811605,0.033608764842698
3,69,-0.07725547802668625,-0.05044681111519158,0.03372505814665198
3,70,-0.0769922879177378,-0.05034887991186192,0.03350471293916024
3,71,-0.0769922879177378,-0.05034887991186192,0.03350471293916024
3,72,-0.0771636675235647,-0.050140776104786386,0.03348023013832783
3,73,-0.07735340923001591,-0.050250948708532264,0.03357816134165749
3,74,-0.07735340923001591,-0.050250948708532264,0.03357816134165749
3,75,-0.07715142612314849,-0.05008568980291346,0.03371893744644387
3,76,-0.07729832292814298,-0.05044069041498347,0.033700575345819564
3,77,-0.07734728852980781,-0.050355000612070024,0.03351695433957645
3,78,-0.07734728852980781,-0.050355000612070024,0.03351695433957645
3,79,-0.07707185702044314,-0.05014689680499449,0.033406781735830574
3,80,-0.07729832292814298,-0.050422328314359166,0.03365160974415473
3,81,-0.07729832292814298,-0.050422328314359166,0.03365160974415473
3,82,-0.07706573632023503,-0.04990818949687844,0.033498592238952137
3,83,-0.07723711592606194,-0.05036112131227812,0.03348023013832783
3,84,-0.07723711592606194,-0.05036112131227812,0.03348023013832783
3,85,-0.07708409842085935,-0.050324397111029505,0.03366385114457094
3,86,-0.07715142612314849,-0.05052025951768883,0.03363936834373853
3,87,-0.07715142612314849,-0.05052025951768883,0.03363936834373853
3,88,-0.07735952993022402,-0.05031827641082139,0.03378014444852491
3,89,-0.07726159872689435,-0.0506365528216428,0.03381074794956543
3,90,-0.07712694332231608,-0.05039172481331864,0.03323540213000367
3,91,-0.07712694332231608,-0.05039172481331864,0.03323540213000367
3,92,-0.07714530542294037,-0.05058146651976986,0.03382298934998164
3,93,-0.07725547802668625,-0.05059982862039417,0.03384747215081405
3,94,-0.07725547802668625,-0.05059982862039417,0.03384747215081405
3,95,-0.07737789203084833,-0.0506365528216428,0.03374342024727629
3,96,-0.07707185702044314,-0.05036724201248623,0.033559799241033174
3,97,-0.07707185702044314,-0.05036724201248623,0.033559799241033174
3,98,-0.07723711592606194,-0.05014689680499449,0.03378014444852491
3,99,-0.07747582323417798,-0.050495776716856414,0.033829110050189744
