values,,Magnetometer,Magnetometer,Magnetometer
axis,,x,y,z
Sensor,Sample,,,
0,0,0.09595421716244337,0.08204186558942343,0.04382421349002326
0,1,0.0959848206634839,0.08220712449504222,0.044326110907087775
0,2,0.0959848206634839,0.08220712449504222,0.044326110907087775
0,3,0.09638878687721876,0.08231117639858,0.04412412780022035
0,4,0.09618680377035133,0.08201126208838291,0.04351205777940996
0,5,0.09618680377035133,0.08201126208838291,0.04351205777940996
0,6,0.09632145917492961,0.08224996939649895,0.04398335169543396
0,7,0.09620516587097563,0.08222548659566654,0.04406904149834741
0,8,0.09620516587097563,0.08222548659566654,0.04406904149834741
0,9,0.09612559676827029,0.08206634839025585,0.043689558085444974
0,10,0.09629085567388909,0.08193781368588567,0.04445464561145795
0,11,0.09629085567388909,0.08193781368588567,0.04445464561145795
0,12,0.09633370057534582,0.08221936589545845,0.04392214469335292
0,13,0.0961623209695189,0.08202962418900722,0.044430162810625534
0,14,0.0964561145795079,0.08212755539233688,0.0443628351083364
0,15,0.09641326967805117,0.08217652099400172,0.04450973191333089
0,16,0.09641326967805117,0.08217652099400172,0.0445403354143714
0,17,0.09615007956910271,0.08219488309462603,0.0445403354143714
0,18,0.09624801077243236,0.08174195127922634,0.04417921410209328
0,19,0.09627861427347288,0.08193169298567757,0.04345085077732892
0,20,0.09621740727139186,0.08205410698983964,0.04458930101603624
0,21,0.09639490757742686,0.08179091688089117,0.04449136981270657
0,22,0.09627861427347288,0.08196229648671807,0.04402619659689068
0,23,0.0963030970743053,0.08194393438609376,0.044301628106255354
0,24,0.09626025217284857,0.08222548659566654,0.044442404211041744
0,25,0.09631533847472151,0.08206022769004774,0.04449136981270657
0,26,0.09610111396743788,0.08208471049088015,0.044301628106255354
0,27,0.09610723466764598,0.08210307259150447,0.044570938915411924
0,28,0.09620516587097563,0.08188884808422084,0.044301628106255354
0,29,0.09612559676827029,0.08224384869629085,0.04422817970375811
0,30,0.09612559676827029,0.08224384869629085,0.043542661280450486
0,31,0.09612559676827029,0.08219488309462603,0.043542661280450486
0,32,0.09612559676827029,0.08207246909046395,0.04435059370792019
0,33,0.09627861427347288,0.08218876239441793,0.04417921410209328
0,34,0.09610723466764598,0.08221324519525033,0.04452197331374709
0,35,0.09605826906598115,0.08202350348879912,0.04416085200146897
0,36,0.09652344228179703,0.0821520381931693,0.044411800710001226
0,37,0.09618068307014323,0.08202962418900722,0.044528094013955195
0,38,0.09602766556494063,0.08171134777818582,0.044785163422695555
0,39,0.09621128657118375,0.08225609009670706,0.04434447300771208
0,40,0.09615007956910271,0.08191333088505325,0.043971110295017754
0,41,0.0959970620639001,0.08210919329171257,0.04460154241645244
0,42,0.09632145917492961,0.0821581588933774,0.04466274941853348
0,43,0.0961439588688946,0.08194393438609376,0.04387929979189619
0,44,0.09608887256702167,0.08221324519525033,0.044130248500428446
0,45,0.0961378381686865,0.08202962418900722,0.044197576202717595
0,46,0.09644387317909169,0.0819806585873424,0.04406904149834741
0,47,0.09623576937201615,0.0820051413881748,0.04434447300771208
0,48,0.09624189007222426,0.08221936589545845,0.044411800710001226
0,49,0.09624189007222426,0.08221936589545845,0.044411800710001226
0,50,0.09595421716244337,0.081839882482556,0.044313869506671565
0,51,0.0961317174684784,0.08195617578650997,0.04446688701187416
0,52,0.0961623209695189,0.08188884808422084,0.044656628718325375
0,53,0.09603990696535683,0.08188884808422084,0.044173093401885175
0,54,0.09641326967805117,0.08185824458318032,0.04424654180438242
0,55,0.09615620026931081,0.08201738278859103,0.044558697514995714
0,56,0.09616844166972702,0.08201738278859103,0.043928265393561025
0,57,0.09633370057534582,0.08212755539233688,0.044870853225609006
0,58,0.09620516587097563,0.08193781368588567,0.044699473619782104
0,59,0.09624801077243236,0.08194393438609376,0.04417921410209328
0,60,0.09618068307014323,0.08220100379483412,0.04439343860937691
0,61,0.0964683559799241,0.08202962418900722,0.04386705839147999
0,62,0.09626637287305669,0.08207858979067205,0.044411800710001226
0,63,0.09641939037825928,0.08225609009670706,0.0443750765087526
0,64,0.0959725792630677,0.08206022769004774,0.0443628351083364
0,65,0.0959725792630677,0.08206022769004774,0.044142489900844656
0,66,0.09651732158158893,0.08207858979067205,0.044142489900844656
0,67,0.09637042477659444,0.08208471049088015,0.04458318031582813
0,68,0.09652956298200514,0.0819990206879667,0.04444852491124985
0,69,0.0963092177745134,0.08187048598359652,0.0445342147141633
0,70,0.09602766556494063,0.08225609009670706,0.04386093769127188
0,71,0.09603990696535683,0.0819928999877586,0.044185334802301385
0,72,0.09606438976618925,0.08193781368588567,0.04450361121312278
0,73,0.09624801077243236,0.08206634839025585,0.044699473619782104
0,74,0.0959970620639001,0.0821642795935855,0.043830334190231364
0,75,0.09644387317909169,0.08210307259150447,0.04473619782103073
0,76,0.09644999387929978,0.0821581588933774,0.04439343860937691
0,77,0.09605826906598115,0.08204798628963153,0.04426490390500673
0,78,0.09637042477659444,0.08231117639858,0.04426490390500673
0,79,0.09637042477659444,0.08231117639858,0.04427714530542294
0,80,0.09653568368221324,0.08225609009670706,0.04427714530542294
0,81,0.09640102827763496,0.08237850410086914,0.044430162810625534
0,82,0.09612559676827029,0.08233565919941241,0.044644387317909165
0,83,0.09619292447055942,0.08212755539233688,0.044154731301260866
0,84,0.09618680377035133,0.08193169298567757,0.04447912841229036
0,85,0.0961378381686865,0.08207246909046395,0.04434447300771208
0,86,0.0959848206634839,0.08203574488921532,0.044326110907087775
0,87,0.09603990696535683,0.08207246909046395,0.044313869506671565
0,88,0.09627249357326478,0.08201738278859103,0.04447300771208226
0,89,0.09632145917492961,0.08178479618068307,0.0440506793977231
0,90,0.09610111396743788,0.08196841718692618,0.04384869629085568
0,91,0.0962969763740972,0.08195617578650997,0.04420369690292569
0,92,0.09608887256702167,0.08184600318276411,0.04480352552331987
0,93,0.09633370057534582,0.08228669359774758,0.044197576202717595
0,94,0.09633370057534582,0.0821459174929612,0.044154731301260866
0,95,0.09619904517076754,0.0821459174929612,0.044154731301260866
0,96,0.09608887256702167,0.08202350348879912,0.04422205900355001
0,97,0.09635818337617823,0.08207858979067205,0.04457705961562003
0,98,0.09623576937201615,0.08180315828130738,0.044528094013955195
0,99,0.09621740727139186,0.08201738278859103,0.04414861060105276
1,0,-0.10238707308116049,0.08932549883706696,0.053078712204676214
1,1,-0.10238707308116049,0.08932549883706696,0.053078712204676214
1,2,-0.10267474599094137,0.08927653323540213,0.053188884808422085
1,3,-0.10253396988615497,0.08884808422083487,0.05287060839760068
1,4,-0.10253396988615497,0.08884808422083487,0.05287060839760068
1,5,-0.10247888358428203,0.08898273962541314,0.05331129881258416
1,6,-0.10279715999510344,0.08936834373852369,0.053133798506549146
1,7,-0.10279715999510344,0.08936834373852369,0.053133798506549146
1,8,-0.10269922879177378,0.08879299791896192,0.05312767780634105
1,9,-0.10280940139551964,0.08863998041375934,0.05261353898886033
1,10,-0.10280940139551964,0.08863998041375934,0.05261353898886033
1,11,-0.10274207369323049,0.08881748071979434,0.05282776349614395
1,12,-0.10254621128657118,0.08869506671563226,0.052191210674501165
1,13,-0.10282776349614395,0.08925817113477783,0.05318276410821397
1,14,-0.10282776349614395,0.08925817113477783,0.05318276410821397
1,15,-0.10274207369323049,0.08908679152895091,0.053531644020075896
1,16,-0.10271147019218999,0.08897049822499695,0.052448280083241525
1,17,-0.1025584526869874,0.08936834373852369,0.053390867915289505
1,18,-0.1027175908923981,0.08920308483290489,0.0530542294038438
1,19,-0.10279715999510344,0.08920920553311298,0.05310319500550863
1,20,-0.10266862529073326,0.0890745501285347,0.052417676582201
1,21,-0.10260741828865223,0.08903170522707797,0.053415350716121926
1,22,-0.10274207369323049,0.0890806708287428,0.05204431386950668
1,23,-0.1027359529930224,0.08916636063165626,0.05278491859468724
1,24,-0.10268086669114947,0.08925817113477783,0.052974660301138454
1,25,-0.10271147019218999,0.08936834373852369,0.052888970498224996
1,26,-0.10257681478761169,0.08936834373852369,0.05277267719427102
1,27,-0.10250336638511445,0.08902558452686987,0.052888970498224996
1,28,-0.10278491859468723,0.08912351573019953,0.05271147019218999
1,29,-0.10268086669114947,0.08916636063165626,0.052993022401762756
1,30,-0.10268086669114947,0.08916636063165626,0.052993022401762756
1,31,-0.10268086669114947,0.08897661892520504,0.052148365773044436
1,32,-0.1027481943934386,0.08947851634226955,0.05340923001591382
1,33,-0.10250336638511445,0.08933774023748317,0.05285836699718448
1,34,-0.1027481943934386,0.08892765332354022,0.052931815399681725
1,35,-0.10284612559676827,0.08927653323540213,0.052895091198433095
1,36,-0.10268086669114947,0.08920920553311298,0.0530481087036357
1,37,-0.10282164279593586,0.08932549883706696,0.052791039294895335
1,38,-0.10265638389031706,0.08920308483290489,0.052821642795935854
1,39,-0.10249724568490634,0.08946627494185336,0.05275431509364671
1,40,-0.10243603868282532,0.08905618802791039,0.05295017750030604
1,41,-0.10264414248990084,0.08881748071979434,0.05304198800342759
1,42,-0.10265026319010895,0.08880523931937814,0.052931815399681725
1,43,-0.1025829354878198,0.08931937813685885,0.05272371159260619
1,44,-0.10268698739135758,0.08919084343248868,0.05182396866201493
1,45,-0.10261353898886032,0.08876239441792141,0.05213000367242012
1,46,-0.10248500428449014,0.08905618802791039,0.05264414248990085
1,47,-0.10266250459052514,0.08909903292936712,0.05209940017137961
1,48,-0.10250336638511445,0.08916636063165626,0.05220345207491737
1,49,-0.10238095238095238,0.08886644632145918,0.051976986167217534
1,50,-0.10256457338719549,0.08920920553311298,0.052007589668258046
1,51,-0.10246052148365774,0.0892398090341535,0.052533969886154976
1,52,-0.10280940139551964,0.08902558452686987,0.05238707308116049
1,53,-0.10280940139551964,0.08904394662749418,0.05259517688823602
1,54,-0.10254621128657118,0.08917860203207248,0.052007589668258046
1,55,-0.10266862529073326,0.08917860203207248,0.052693108091565674
1,56,-0.10254009058636308,0.08946015424164525,0.052693108091565674
1,57,-0.10293181539968173,0.08928265393561023,0.05217284857387685
1,58,-0.10277879789447912,0.0892153262333211,0.0527359529930224
1,59,-0.1025829354878198,0.08919696413269677,0.052050434569714775
1,60,-0.10261353898886032,0.08887256702166728,0.05220957277512548
1,61,-0.10276655649406292,0.08891541192312401,0.05222793487574978
1,62,-0.1025584526869874,0.08934998163789938,0.05332354021300036
1,63,-0.10277879789447912,0.08914799853103195,0.05294405680009793
1,64,-0.10279715999510344,0.08896437752478883,0.05264414248990085
1,65,-0.10246052148365774,0.08932549883706696,0.05302362590280328
1,66,-0.10268086669114947,0.08915411923124006,0.052038193169298565
1,67,-0.10269922879177378,0.0890684294283266,0.05285224629697638
1,68,-0.1027175908923981,0.08934998163789938,0.052791039294895335
1,69,-0.10299914310197086,0.08909903292936712,0.05326233321091933
1,70,-0.10264414248990084,0.08895213612437262,0.05310319500550863
1,71,-0.10252784918594686,0.08932549883706696,0.053390867915289505
1,72,-0.10252784918594686,0.08935610233810748,0.052888970498224996
1,73,-0.10284000489656016,0.08913575713061575,0.05358673032194883
1,74,-0.10281552209572775,0.08947851634226955,0.052895091198433095
1,75,-0.10281552209572775,0.08947851634226955,0.052895091198433095
1,76,-0.10266250459052514,0.08897661892520504,0.05348879911861917
1,77,-0.10258905618802791,0.08945403354143713,0.052331986779287555
1,78,-0.10275431509364671,0.08946015424164525,0.05235646958011997
1,79,-0.10260129758844412,0.0892153262333211,0.051946382666177016
1,80,-0.10266250459052514,0.0892336883339454,0.0525706940874036
1,81,-0.10292569469947362,0.08942955074060473,0.05285224629697638
1,82,-0.10254009058636308,0.08916023993144816,0.0530481087036357
1,83,-0.10277267719427104,0.0892459297343616,0.05274207369323051
1,84,-0.10246052148365774,0.08912351573019953,0.05312767780634105
1,85,-0.10261353898886032,0.08918472273228058,0.053219488309462604
1,86,-0.1025829354878198,0.08937446443873179,0.052576814787611705
1,87,-0.10263190108948464,0.08932549883706696,0.052937936099889824
1,88,-0.10274207369323049,0.08900722242624556,0.0537091443261109
1,89,-0.10260129758844412,0.08911127432978333,0.0536969029256947
1,90,-0.10256457338719549,0.0893805851389399,0.052576814787611705
1,91,-0.10277267719427104,0.08920920553311298,0.053146039906965356
1,92,-0.10253396988615497,0.08931937813685885,0.05261965968906843
1,93,-0.10253396988615497,0.0890806708287428,0.05324397111029502
1,94,-0.10265638389031706,0.0890806708287428,0.05324397111029502
1,95,-0.10271147019218999,0.0889031705227078,0.053115436405924844
1,96,-0.10247888358428203,0.08911739502999143,0.05231974537887134
1,97,-0.10279103929489533,0.08911127432978333,0.053329660913208475
1,98,-0.10229526257803893,0.08903170522707797,0.05287672909780879
1,99,-0.10276043579385481,0.08917860203207248,0.05295017750030604
2,0,0.06818460031827642,-0.07352185089974293,0.015730199534826784
2,1,0.068337617823479,-0.07338107479495655,0.016134165748561635
2,2,0.06838046272493573,-0.07339331619537275,0.016519769861672175
2,3,0.06838046272493573,-0.07339331619537275,0.016519769861672175
2,4,0.06809891051536296,-0.07367486840494553,0.01557718202962419
2,5,0.06800710001224139,-0.07338107479495655,0.016440200758966825
2,6,0.06800710001224139,-0.07338107479495655,0.016440200758966825
2,7,0.06803158281307382,-0.07320969518912963,0.016293303953972334
2,8,0.06800710001224139,-0.07341779899620517,0.016391235157301995
2,9,0.06800710001224139,-0.07341779899620517,0.016391235157301995
2,10,0.06812339331619537,-0.07324029869017015,0.014671318398824826
2,11,0.06809278981515485,-0.07321581588933775,0.01634839025584527
2,12,0.06809278981515485,-0.07321581588933775,0.01634839025584527
2,13,0.0681662382176521,-0.07333822989349982,0.01646468355979924
2,14,0.06825192802056555,-0.0733198677928755,0.01601175174439956
2,15,0.06827029012118987,-0.0734606438976619,0.016342269555637164
2,16,0.06839270412535195,-0.07324641939037826,0.016501407761047866
2,17,0.06820908311910882,-0.07344228179703757,0.015987268943567143
2,18,0.06819072101848452,-0.07343004039662138,0.01569347533357816
2,19,0.06813563471661158,-0.07351573019953482,0.01595054474231852
2,20,0.06808054841473865,-0.07350348879911862,0.015424164524421594
2,21,0.06812951401640348,-0.0734790059982862,0.016580976863753212
2,22,0.06819072101848452,-0.07349736809891053,0.01587097563961317
2,23,0.06822744521973315,-0.07334435059370792,0.015668992532745746
2,24,0.06822744521973315,-0.07334435059370792,0.015668992532745746
2,25,0.06806218631411434,-0.07368710980536172,0.01634839025584527
2,26,0.06827029012118987,-0.07340555759578896,0.01625045905251561
2,27,0.0683192557228547,-0.07327090219121067,0.01641571795813441
2,28,0.06822744521973315,-0.07335047129391602,0.015589423430040397
2,29,0.06817235891786019,-0.07339331619537275,0.01647692496021545
2,30,0.06822132451952503,-0.07349124739870241,0.015087526012975885
2,31,0.06818460031827642,-0.07330150569225119,0.016391235157301995
2,32,0.06797037581099277,-0.07338107479495655,0.01668502876729098
2,33,0.0683253764230628,-0.0736259028032807,0.01646468355979924
2,34,0.0681662382176521,-0.07352797159995103,0.015099767413392093
2,35,0.06805606561390623,-0.07336271269433223,0.016085200146896805
2,36,0.06826416942098176,-0.07343616109682947,0.016446321459174927
2,37,0.06809278981515485,-0.07316685028767292,0.01657485616354511
2,38,0.06828253152160607,-0.07313624678663239,0.015938303341902313
2,39,0.06828865222181417,-0.07344228179703757,0.016281062553556127
2,40,0.06799485861182519,-0.0734790059982862,0.01557718202962419
2,41,0.06800097931203329,-0.07355245440078345,0.016336148855429063
2,42,0.06800097931203329,-0.07311788468600808,0.015540457828375567
2,43,0.06804382421349002,-0.07311788468600808,0.016134165748561635
2,44,0.06839882482556005,-0.07321581588933775,0.016134165748561635
2,45,0.06814175541681969,-0.07357081650140776,0.015877096339821276
2,46,0.06785408250703881,-0.07323417798996205,0.016483045660423554
2,47,0.06819072101848452,-0.07319745378871342,0.016409597257926307
2,48,0.06807442771453054,-0.0733198677928755,0.01629942465418044
2,49,0.06811115191577917,-0.07317297098788102,0.016421838658342514
2,50,0.068160117517444,-0.07332598849308361,0.016470804260007348
2,51,0.06800710001224139,-0.07350348879911862,0.015938303341902313
2,52,0.06799485861182519,-0.07336271269433223,0.016293303953972334
2,53,0.06807442771453054,-0.07357081650140776,0.01606071734606439
2,54,0.06819072101848452,-0.07357693720161587,0.01596890684294283
2,55,0.06809891051536296,-0.07357693720161587,0.015583302729832294
2,56,0.06809278981515485,-0.07352185089974293,0.015620026931080916
2,57,0.06803770351328192,-0.07340555759578896,0.015797527237115926
2,58,0.06800710001224139,-0.07341779899620517,0.016152527849185947
2,59,0.06808054841473865,-0.07327702289141877,0.01598114824335904
2,60,0.0683192557228547,-0.0734545231974538,0.014708042600073449
2,61,0.06807442771453054,-0.07334435059370792,0.016507528461255968
2,62,0.06808054841473865,-0.07341167829599707,0.015338474721508141
2,63,0.06808054841473865,-0.07341167829599707,0.01654425266250459
2,64,0.06827029012118987,-0.07336883339454034,0.01654425266250459
2,65,0.06808054841473865,-0.07360754070265638,0.015252784918594687
2,66,0.06792753090953604,-0.07343004039662138,0.016244338352307507
2,67,0.06822744521973315,-0.07309952258538377,0.016532011262088385
2,68,0.06809891051536296,-0.07333210919329172,0.01641571795813441
2,69,0.0683192557228547,-0.07324029869017015,0.016293303953972334
2,70,0.06828865222181417,-0.07336271269433223,0.015852613538988862
2,71,0.06797649651120088,-0.07316685028767292,0.015362957522340556
2,72,0.06834373852368711,-0.07344840249724569,0.01568735463337006
2,73,0.0679887379116171,-0.07377279960827518,0.016213734851266984
2,74,0.06808666911494675,-0.07336271269433223,0.016636063165626148
2,75,0.06811115191577917,-0.07311176398579997,0.016244338352307507
2,76,0.06811115191577917,-0.0734851266984943,0.0164034765577182
2,77,0.06814175541681969,-0.07333210919329172,0.016672787366874768
2,78,0.06825804872077365,-0.07351573019953482,0.01662382176520994
2,79,0.068160117517444,-0.07352185089974293,0.015717958134410577
2,80,0.06819684171869261,-0.07311788468600808,0.01666054596645856
2,81,0.06801934141265761,-0.07354021300036724,0.01629942465418044
2,82,0.06801934141265761,-0.07344228179703757,0.016697270167707185
2,83,0.0683314971232709,-0.07344228179703757,0.01649528706083976
2,84,0.06809891051536296,-0.07353409230015914,0.01652589056188028
2,85,0.06808054841473865,-0.07343004039662138,0.01652589056188028
2,86,0.06834373852368711,-0.07336883339454034,0.016489166360631656
2,87,0.0679887379116171,-0.07355245440078345,0.016489166360631656
2,88,0.06808666911494675,-0.07357693720161587,0.016274941853348025
2,89,0.06828865222181417,-0.07333822989349982,0.014830456604235525
2,90,0.06819072101848452,-0.07375443750765087,0.015136491614640715
2,91,0.06800097931203329,-0.07391969641326968,0.01629942465418044
2,92,0.0681662382176521,-0.07341779899620517,0.016323907455012852
2,93,0.06804994491369812,-0.07330150569225119,0.01636675235646958
2,94,0.06817235891786019,-0.07333822989349982,0.016311666054596646
2,95,0.06787856530787122,-0.07340555759578896,0.016342269555637164
2,96,0.06809278981515485,-0.07343616109682947,0.016195372750642673
2,97,0.06809891051536296,-0.07350348879911862,0.016446321459174927
2,98,0.068160117517444,-0.0734851266984943,0.01666054596645856
2,99,0.06802546211286571,-0.07369323050556983,0.0164034765577182
3,0,-0.06726037458685273,-0.05883829110050189,0.008997429305912597
3,1,-0.06743787489288774,-0.058942343004039666,0.00908311910882605
3,2,-0.06747459909413636,-0.058660790794466885,0.00908311910882605
3,3,-0.06747459909413636,-0.058660790794466885,0.00908311910882605
3,4,-0.06722977108581221,-0.05853837679030481,0.009168808911739502
3,5,-0.0672052882849798,-0.05873423919696413,0.008813808299669481
3,6,-0.06877218753825438,-0.05892398090341535,0.009119843310074673
3,7,-0.06745623699351205,-0.05892398090341535,0.009119843310074673
3,8,-0.06730321948830946,-0.05882604970008569,0.008985187905496388
3,9,-0.06747459909413636,-0.058746480597380336,0.009009670706328804
3,10,-0.06747459909413636,-0.058746480597380336,0.009009670706328804
3,11,-0.0671930468845636,-0.05886889460154242,0.008783204798628963
3,12,-0.06725425388664463,-0.05883829110050189,0.009125964010282777
3,13,-0.06725425388664463,-0.05883829110050189,0.009125964010282777
3,14,-0.06729709878810136,-0.058832170400293794,0.009107601909658465
3,15,-0.06724201248622842,-0.05873423919696413,0.009113722609866568
3,16,-0.06730321948830946,-0.058887256702166726,0.008985187905496388
3,17,-0.06745011629330395,-0.05858122169176154,0.009150446811115192
3,18,-0.0673827885910148,-0.05885665320112621,0.009334067817358306
3,19,-0.0672052882849798,-0.058862773901334306,0.009089239809034155
3,20,-0.06730934018851756,-0.05885665320112621,0.009223895213612438
3,21,-0.06708287428081773,-0.059089239809034154,0.009119843310074673
3,22,-0.06713183988248256,-0.05903415350716122,0.00905251560778553
3,23,-0.06757865099767414,-0.05856285959113723,0.009248378014444853
3,24,-0.06745011629330395,-0.058630187293426374,0.008832170400293795
3,25,-0.06746235769372017,-0.05907087770840984,0.00874648059738034
3,26,-0.06743787489288774,-0.058685273595299306,0.009119843310074673
3,27,-0.06745011629330395,-0.0591688089117395,0.008899498102582936
3,28,-0.06754804749663361,-0.05891173950299914,0.009070877708409843
3,29,-0.06754804749663361,-0.05891173950299914,0.009070877708409843
3,30,-0.06737666789080671,-0.05871587709633982,0.009144326110907087
3,31,-0.06740727139184723,-0.058972946505080184,0.008979067205288285
3,32,-0.06736442649039051,-0.05887501530175052,0.008868894601542417
3,33,-0.06736442649039051,-0.058862773901334306,0.00908311910882605
3,34,-0.06763985799975517,-0.058905618802791035,0.009009670706328804
3,35,-0.06749908189496878,-0.058936222303831554,0.009168808911739502
3,36,-0.06726649528706083,-0.05885053250091811,0.009223895213612438
3,37,-0.06730934018851756,-0.058972946505080184,0.009070877708409843
3,38,-0.06709511568123393,-0.05879544619904518,0.009101481209450361
3,39,-0.06732770228914188,-0.058703635695923614,0.0090035500061207
3,40,-0.06745623699351205,-0.05904027420736933,0.009046394907577426
3,41,-0.06727873668747705,-0.058942343004039666,0.008887256702166727
3,42,-0.06729709878810136,-0.05881380829966948,0.008948463704247766
3,43,-0.06748684049455259,-0.05879544619904518,0.008942343004039661
3,44,-0.06751744399559309,-0.05891786020320725,0.009034153507161219
3,45,-0.06739502999143102,-0.058630187293426374,0.009199412412780023
3,46,-0.06730321948830946,-0.05887501530175052,0.009138205410698983
3,47,-0.06756028889704982,-0.058770963398212764,0.008997429305912597
3,48,-0.06736442649039051,-0.05896070510466397,0.008911739502999142
3,49,-0.06741339209205534,-0.058844411800710004,0.0090035500061207
3,50,-0.06736442649039051,-0.05891173950299914,0.009076998408617946
3,51,-0.06736442649039051,-0.05891173950299914,0.009076998408617946
3,52,-0.06746847839392826,-0.05900967070632881,0.009168808911739502
3,53,-0.06725425388664463,-0.05875872199779655,0.008856653201126208
3,54,-0.06743787489288774,-0.059003550006120696,0.008923980903415351
3,55,-0.06736442649039051,-0.05883829110050189,0.009113722609866568
3,56,-0.06722977108581221,-0.05889949810258294,0.009009670706328804
3,57,-0.06733994368955809,-0.05885665320112621,0.009040274207369322
3,58,-0.06728485738768515,-0.059083119108826056,0.00908311910882605
3,59,-0.06729097808789325,-0.05905251560778553,0.009125964010282777
3,60,-0.06743175419267963,-0.058728118496756035,0.008917860203207246
3,61,-0.06745011629330395,-0.05876484269800465,0.008917860203207246
3,62,-0.06726037458685273,-0.05885665320112621,0.009217774513404334
3,63,-0.06718080548414739,-0.058936222303831554,0.009058636307993634
3,64,-0.06747459909413636,-0.058972946505080184,0.00905251560778553
3,65,-0.06758477169788224,-0.05896070510466397,0.009028032806953116
3,66,-0.06715020198310687,-0.058844411800710004,0.009107601909658465
3,67,-0.06741951279226344,-0.058862773901334306,0.008985187905496388
3,68,-0.06754192679642551,-0.058691394295507404,0.008979067205288285
3,69,-0.06727261598726894,-0.05903415350716122,0.008905618802791039
3,70,-0.06733994368955809,-0.058936222303831554,0.009119843310074673
3,71,-0.06718080548414739,-0.059089239809034154,0.009119843310074673
3,72,-0.06738890929122292,-0.05883829110050189,0.008948463704247766
3,73,-0.06738890929122292,-0.05883829110050189,0.008948463704247766
3,74,-0.06746847839392826,-0.05896070510466397,0.009272860815277267
3,75,-0.0673583057901824,-0.05881992899987759,0.008948463704247766
3,76,-0.06740115069163913,-0.058648549394050675,0.009089239809034155
3,77,-0.06754192679642551,-0.05898518790549638,0.009187171012363816
3,78,-0.06719916758477171,-0.058887256702166726,0.00895458440445587
3,79,-0.06758477169788224,-0.058587342391969645,0.008972946505080182
3,80,-0.06738890929122292,-0.05865467009425879,0.009205533112988126
3,81,-0.06746847839392826,-0.05889949810258294,0.009162688211531399
3,82,-0.06748684049455259,-0.05877708409842086,0.009015791406536907
3,83,-0.06747459909413636,-0.0586975149957155,0.009119843310074673
3,84,-0.06733382298934998,-0.058887256702166726,0.009236136614028645
3,85,-0.06742563349247153,-0.058832170400293794,0.009089239809034155
3,86,-0.06709511568123393,-0.058728118496756035,0.009034153507161219
3,87,-0.06731546088872567,-0.058660790794466885,0.008991308605704493
3,88,-0.06722977108581221,-0.058930101603623455,0.0090035500061207
3,89,-0.0672052882849798,-0.05885665320112621,0.008917860203207246
3,90,-0.06717468478393929,-0.058862773901334306,0.009101481209450361
3,91,-0.06717468478393929,-0.058862773901334306,0.009040274207369322
3,92,-0.06735218508997429,-0.05880768759946138,0.009040274207369322
3,93,-0.06713796058269066,-0.05853837679030481,0.008997429305912597
3,94,-0.06746235769372017,-0.05839147998531032,0.00926061941486106
3,95,-0.06711959848206635,-0.05888113600195862,0.009028032806953116
3,96,-0.067217529685396,-0.05901579140653691,0.009009670706328804
3,97,-0.0673827885910148,-0.059003550006120696,0.009272860815277267
3,98,-0.0673583057901824,-0.058660790794466885,0.009138205410698983
3,99,-0.06722977108581221,-0.0589974293059126,0.009119843310074673
