values,,Magnetometer,Magnetometer,Magnetometer
axis,,x,y,z
Sensor,Sample,,,
0,0,0.0945280940139552,0.092453176643408,0.031650140776104785
0,1,0.0943689558085445,0.09263679764965112,0.03149712327090219
0,2,0.09462602521728486,0.09264291834985923,0.03168686497735341
0,3,0.09414248990084466,0.09253886644632145,0.03164402007589669
0,4,0.09414248990084466,0.09253886644632145,0.03164402007589669
0,5,0.09446076631166606,0.09218386583425145,0.03198065858734239
0,6,0.09442404211041742,0.09238584894111887,0.03180315828130738
0,7,0.09442404211041742,0.09238584894111887,0.03180315828130738
0,8,0.09439955930958502,0.0926123148488187,0.03171134777818582
0,9,0.09431999020687967,0.09251438364548904,0.031264536662994245
0,10,0.09431999020687967,0.09251438364548904,0.031264536662994245
0,11,0.0945342147141633,0.09283266005631044,0.03128289876361856
0,12,0.09450361121312278,0.09280205655526992,0.031552209572775124
0,13,0.09450361121312278,0.09280205655526992,0.031552209572775124
0,14,0.09457705961562003,0.0924592973436161,0.03164402007589669
0,15,0.09433223160729588,0.09262455624923491,0.03176643408005876
0,16,0.09433223160729588,0.09262455624923491,0.03176643408005876
0,17,0.09446688701187415,0.0926123148488187,0.0316746235769372
0,18,0.09458930101603623,0.09264903905006733,0.031184967560288896
0,19,0.09458930101603623,0.09264903905006733,0.031184967560288896
0,20,0.09455869751499571,0.09266740115069164,0.03189496878442894
0,21,0.09443628351083364,0.09292447055943201,0.031705227077977724
0,22,0.09443628351083364,0.09292447055943201,0.031705227077977724
0,23,0.09451585261353898,0.09246541804382422,0.03116048475945648
0,24,0.0947055943199902,0.09283266005631044,0.03185212388297221
0,25,0.09460154241645244,0.09258783204798629,0.031533847472150815
0,26,0.09460154241645244,0.09258783204798629,0.031533847472150815
0,27,0.09427102460521483,0.09252662504590525,0.03191333088505325
0,28,0.09449749051291467,0.0925939527481944,0.031662382176520995
0,29,0.09449749051291467,0.0925939527481944,0.031662382176520995
0,30,0.09461990451707676,0.09250826294528094,0.031227812461745625
0,31,0.09447912841229036,0.09258171134777818,0.03180927898151549
0,32,0.09447912841229036,0.09258171134777818,0.03180927898151549
0,33,0.09423430040396621,0.09263067694944302,0.032060227690047745
0,34,0.09447912841229036,0.09244705594319991,0.031264536662994245
0,35,0.09447912841229036,0.09244705594319991,0.031264536662994245
0,36,0.09435059370792018,0.09261843554902681,0.031319622964867185
0,37,0.09429550740604725,0.09240421104174318,0.031044191455502513
0,38,0.09429550740604725,0.09240421104174318,0.031044191455502513
0,39,0.0942281797037581,0.09266740115069164,0.03110539845758355
0,40,0.0942281797037581,0.0924592973436161,0.03187048598359653
0,41,0.0942281797037581,0.0924592973436161,0.03187048598359653
0,42,0.09446688701187415,0.09244705594319991,0.031050312155710615
0,43,0.09438731790916881,0.0926061941486106,0.03169910637776961
0,44,0.09438731790916881,0.0926061941486106,0.03169910637776961
0,45,0.09427714530542294,0.09253886644632145,0.03158893377402375
0,46,0.09428938670583915,0.09249602154486473,0.031435916268821154
0,47,0.09448524911249848,0.09256946994736198,0.03145427836944546
0,48,0.09448524911249848,0.09256946994736198,0.03145427836944546
0,49,0.09428326600563104,0.09246541804382422,0.030970743053005262
0,50,0.0945403354143714,0.09232464193903782,0.031692985677561514
0,51,0.0945403354143714,0.09232464193903782,0.031692985677561514
0,52,0.09447300771208225,0.09250214224507283,0.03137470926674012
0,53,0.09461378381686865,0.0925939527481944,0.03125229526257804
0,54,0.09461378381686865,0.0925939527481944,0.03125229526257804
0,55,0.09431999020687967,0.09252050434569715,0.03082996694821888
0,56,0.09435671440812829,0.0926061941486106,0.03153996817235892
0,57,0.09435671440812829,0.0926061941486106,0.03153996817235892
0,58,0.0940506793977231,0.09250826294528094,0.03130126086424287
0,59,0.09445464561145796,0.09255110784673767,0.03171134777818582
0,60,0.09445464561145796,0.09255110784673767,0.03171134777818582
0,61,0.09425878320479862,0.09238584894111887,0.03171134777818582
0,62,0.09442404211041742,0.09248378014444852,0.03146039906965357
0,63,0.09442404211041742,0.09248378014444852,0.03146039906965357
0,64,0.09458930101603623,0.09248378014444852,0.03162565797527237
0,65,0.09428938670583915,0.09237360754070265,0.03181539968172359
0,66,0.09428938670583915,0.09237360754070265,0.03137470926674012
0,67,0.0942098176031338,0.09267964255110785,0.03137470926674012
0,68,0.09458318031582813,0.0922634349369568,0.03181539968172359
0,69,0.09461990451707676,0.09250826294528094,0.031778675480474965
0,70,0.09461990451707676,0.09250826294528094,0.031778675480474965
0,71,0.09431999020687967,0.09264903905006733,0.03171134777818582
0,72,0.0945403354143714,0.0922695556371649,0.03135634716611581
0,73,0.0945403354143714,0.0922695556371649,0.03135634716611581
0,74,0.09439955930958502,0.09271024605214837,0.031888848084220836
0,75,0.09457705961562003,0.09256946994736198,0.03195617578650998
0,76,0.09457705961562003,0.09256946994736198,0.03195617578650998
0,77,0.09441792141020933,0.09248378014444852,0.0315154853715265
0,78,0.09425878320479862,0.09247153874403233,0.031552209572775124
0,79,0.09425878320479862,0.09247153874403233,0.031552209572775124
0,80,0.0945403354143714,0.09249602154486473,0.030952380952380953
0,81,0.09441180071000123,0.0924592973436161,0.031680744277145304
0,82,0.09441180071000123,0.0924592973436161,0.031680744277145304
0,83,0.0943750765087526,0.09239196964132697,0.031546088872567025
0,84,0.09455257681478761,0.09244705594319991,0.03164402007589669
0,85,0.09455257681478761,0.09244705594319991,0.03164402007589669
0,86,0.0942159383033419,0.09249602154486473,0.031680744277145304
0,87,0.09423430040396621,0.09249602154486473,0.03152160607173461
0,88,0.09423430040396621,0.09249602154486473,0.031760313379850656
0,89,0.0943934386093769,0.09246541804382422,0.031760313379850656
0,90,0.09441792141020933,0.09234912473987024,0.03158281307381565
0,91,0.09459542171624434,0.0926000734484025,0.03145427836944546
0,92,0.09459542171624434,0.0926000734484025,0.03145427836944546
0,93,0.09439955930958502,0.09256334924715387,0.03147264047006977
0,94,0.09440568000979313,0.09254498714652956,0.03018729342636798
0,95,0.09440568000979313,0.09254498714652956,0.03018729342636798
0,96,0.09432611090708777,0.09234300403966214,0.03169910637776961
0,97,0.09443016281062554,0.09250214224507283,0.031044191455502513
0,98,0.09443016281062554,0.09250214224507283,0.031044191455502513
0,99,0.09444240421104175,0.0924409352429918,0.03136858856653201
1,0,-0.10056310441914555,0.09782103072591505,0.042404211041743176
1,1,-0.1006304321214347,0.09753947851634227,0.04241645244215938
1,2,-0.10040396621373485,0.09750275431509364,0.042649039050067325
1,3,-0.10040396621373485,0.09750275431509364,0.042649039050067325
1,4,-0.10050801811727261,0.09743542661280451,0.04251438364548905
1,5,-0.10033051781123761,0.09772922022279348,0.04251438364548905
1,6,-0.10053250091810503,0.09747827151426122,0.04234300403966214
1,7,-0.10053250091810503,0.09747827151426122,0.04234300403966214
1,8,-0.10053250091810503,0.09764353041988003,0.04267964255110785
1,9,-0.10034887991186192,0.09733137470926674,0.04272248745256457
1,10,-0.10034887991186192,0.09733137470926674,0.04272248745256457
1,11,-0.10057534581956176,0.09760680621863141,0.042447055943199904
1,12,-0.10082017382788591,0.09716611580364794,0.04218386583425144
1,13,-0.10082017382788591,0.09716611580364794,0.04218386583425144
1,14,-0.10052025951768881,0.09762516831925572,0.041492226710735707
1,15,-0.10022034520749175,0.09744766801322072,0.042049210429673155
1,16,-0.10022034520749175,0.09744766801322072,0.042049210429673155
1,17,-0.10042232831435915,0.09744766801322072,0.042153262333210914
1,18,-0.10009793120332966,0.09730077120822622,0.04236136614028645
1,19,-0.10026931080915658,0.09778430652466642,0.04232464193903783
1,20,-0.10026931080915658,0.09778430652466642,0.04232464193903783
1,21,-0.10061819072101848,0.0975884441180071,0.04232464193903783
1,22,-0.10055698371893744,0.09766801322071245,0.042287917737789206
1,23,-0.10055698371893744,0.09766801322071245,0.042287917737789206
1,24,-0.10020810380707552,0.09768025462112866,0.04241033174195128
1,25,-0.10074672542538868,0.09783939282653935,0.042691883951524054
1,26,-0.10074672542538868,0.09783939282653935,0.042691883951524054
1,27,-0.1001897417064512,0.09765577182029625,0.04256946994736198
1,28,-0.10066103562247522,0.09730689190843432,0.042061451830089365
1,29,-0.10066103562247522,0.09730689190843432,0.042061451830089365
1,30,-0.10053250091810503,0.09752723711592606,0.04173093401885176
1,31,-0.1003182764108214,0.09752723711592606,0.04234912473987024
1,32,-0.10071000122414005,0.09768637532133675,0.0421165381319623
1,33,-0.10071000122414005,0.09768637532133675,0.0421165381319623
1,34,-0.10061207002081038,0.09737421961072347,0.04278369445464561
1,35,-0.10035500061207,0.09755784061696658,0.042661280450483535
1,36,-0.10035500061207,0.09755784061696658,0.042661280450483535
1,37,-0.10039172481331864,0.09791284122903661,0.04258171134777818
1,38,-0.10045293181539967,0.09744766801322072,0.042434814542783694
1,39,-0.10045293181539967,0.09744766801322072,0.042434814542783694
1,40,-0.10045293181539967,0.0974170645121802,0.04149834741094381
1,41,-0.10041620761415107,0.09762516831925572,0.04231240053862162
1,42,-0.10041620761415107,0.09762516831925572,0.04231240053862162
1,43,-0.10063655282164279,0.09769249602154487,0.04278369445464561
1,44,-0.10053250091810503,0.097759823723834,0.04271024605214836
1,45,-0.10052638021789692,0.09747827151426122,0.042661280450483535
1,46,-0.10052638021789692,0.09747827151426122,0.042661280450483535
1,47,-0.10025094870853227,0.09756396131717468,0.0422817970375811
1,48,-0.10047129391602398,0.09769249602154487,0.042704125351940264
1,49,-0.10047129391602398,0.09769249602154487,0.042704125351940264
1,50,-0.10044681111519158,0.09722120210552088,0.04223895213612437
1,51,-0.10049577671685642,0.09747827151426122,0.04231240053862162
1,52,-0.10049577671685642,0.09747827151426122,0.04231240053862162
1,53,-0.10057534581956176,0.097582323417799,0.04241645244215938
1,54,-0.10035500061207,0.09747827151426122,0.04246541804382421
1,55,-0.10035500061207,0.09747827151426122,0.04246541804382421
1,56,-0.10050189741706453,0.09771697882237727,0.0424409352429918
1,57,-0.10033663851144572,0.09765577182029625,0.042673521850899745
1,58,-0.10061819072101848,0.09748439221446933,0.04221446933529196
1,59,-0.10061819072101848,0.09748439221446933,0.04221446933529196
1,60,-0.10050801811727261,0.09749663361488554,0.042661280450483535
1,61,-0.10045905251560779,0.09766801322071245,0.0426000734484025
1,62,-0.10045905251560779,0.09766801322071245,0.0426000734484025
1,63,-0.10082017382788591,0.09748439221446933,0.04258171134777818
1,64,-0.10038560411311055,0.0972518056065614,0.042434814542783694
1,65,-0.10038560411311055,0.0972518056065614,0.042434814542783694
1,66,-0.10027543150936466,0.09780266862529073,0.04271024605214836
1,67,-0.10042232831435915,0.09771085812216918,0.04234300403966214
1,68,-0.10042232831435915,0.09771085812216918,0.04234300403966214
1,69,-0.10054474231852124,0.09757008201738279,0.04286326355735096
1,70,-0.10042844901456727,0.09764353041988003,0.042422573142367484
1,71,-0.1006304321214347,0.09747215081405312,0.04237360754070266
1,72,-0.1006304321214347,0.09747215081405312,0.04237360754070266
1,73,-0.10055698371893744,0.09780878932549883,0.042189986534459545
1,74,-0.10064879422205901,0.09762516831925572,0.04258783204798629
1,75,-0.10064879422205901,0.09762516831925572,0.04258783204798629
1,76,-0.10036724201248623,0.09780878932549883,0.04224507283633248
1,77,-0.10042232831435915,0.09755171991675847,0.04209817603133799
1,78,-0.10042232831435915,0.09755171991675847,0.04209817603133799
1,79,-0.10072224262455624,0.09757008201738279,0.042746970253396986
1,80,-0.10043456971477538,0.09744766801322072,0.042691883951524054
1,81,-0.10043456971477538,0.09744766801322072,0.042691883951524054
1,82,-0.10035500061207,0.09745990941363693,0.042716366752356474
1,83,-0.10049577671685642,0.09783939282653935,0.04258171134777818
1,84,-0.10020810380707552,0.09772922022279348,0.04255110784673767
1,85,-0.10020810380707552,0.09772922022279348,0.04255110784673767
1,86,-0.10034887991186192,0.09785775492716367,0.04249602154486473
1,87,-0.10059982862039418,0.09720896070510467,0.042447055943199904
1,88,-0.10059982862039418,0.09720896070510467,0.042447055943199904
1,89,-0.10039172481331864,0.09747827151426122,0.042147141633002816
1,90,-0.10045905251560779,0.09777818582445832,0.04231240053862162
1,91,-0.10045905251560779,0.09777818582445832,0.04231240053862162
1,92,-0.10060594932060227,0.09753335781613418,0.04222671073570817
1,93,-0.10053862161831313,0.09793732402986902,0.04250826294528094
1,94,-0.10053862161831313,0.09793732402986902,0.04250826294528094
1,95,-0.10055698371893744,0.09720896070510467,0.04247153874403232
1,96,-0.10042844901456727,0.09734973680989105,0.04236748684049455
1,97,-0.1004651732158159,0.09772922022279348,0.04226343493695679
1,98,-0.1004651732158159,0.09772922022279348,0.04226343493695679
1,99,-0.10063655282164279,0.09748439221446933,0.042061451830089365
2,0,0.08234177989962052,-0.08510221569347534,0.022548659566654423
2,1,0.08229281429795568,-0.08465540457828376,0.0226710735708165
2,2,0.08229281429795568,-0.08483290488431876,0.022065124250214223
2,3,0.08243359040274208,-0.08474721508140531,0.022260986656873545
2,4,0.08243359040274208,-0.08474721508140531,0.022260986656873545
2,5,0.08223772799608275,-0.08455747337495409,0.02243848696290856
2,6,0.08238462480107725,-0.08451462847349736,0.021287795323785042
2,7,0.08238462480107725,-0.08451462847349736,0.021287795323785042
2,8,0.08240298690170156,-0.08471049088015668,0.022432366262700454
2,9,0.08239074550128535,-0.0845635940751622,0.02212021055208716
2,10,0.08239074550128535,-0.0845635940751622,0.02212021055208716
2,11,0.0821581588933774,-0.08497368098910515,0.022677194271024607
2,12,0.0821704002937936,-0.0845941975762027,0.02244460766311666
2,13,0.0821704002937936,-0.0845941975762027,0.02244460766311666
2,14,0.08245807320357448,-0.08477781858244583,0.020945036112131228
2,15,0.08213367609254499,-0.08450238707308116,0.022579263067694942
2,16,0.08213367609254499,-0.08450238707308116,0.022579263067694942
2,17,0.08218876239441793,-0.08501652589056188,0.02247521116415718
2,18,0.08238462480107725,-0.08458195617578651,0.02223650385604113
2,19,0.08227445219733137,-0.08465540457828376,0.02255478026686253
2,20,0.08227445219733137,-0.08465540457828376,0.02255478026686253
2,21,0.0821397967927531,-0.08447790427224874,0.0223527971599951
2,22,0.0823172970987881,-0.08466152527849186,0.022885298078100136
2,23,0.0823172970987881,-0.08466152527849186,0.022885298078100136
2,24,0.08234790059982862,-0.08443505937079201,0.022481331864365284
2,25,0.08242134900232587,-0.08475333578161341,0.021844779042722487
2,26,0.08242134900232587,-0.08475333578161341,0.021844779042722487
2,27,0.08213367609254499,-0.08470437017994858,0.022456849063532867
2,28,0.08222548659566654,-0.08469212877953239,0.022309952258538376
2,29,0.08222548659566654,-0.08469212877953239,0.022309952258538376
2,30,0.0824641939037826,-0.08455747337495409,0.022432366262700454
2,31,0.08221936589545845,-0.08475945648182151,0.0218692618435549
2,32,0.08221936589545845,-0.08460643897661893,0.022260986656873545
2,33,0.0821520381931693,-0.08460643897661893,0.022260986656873545
2,34,0.0823050556983719,-0.08502264659076998,0.022511935365405803
2,35,0.08221936589545845,-0.0847227322805729,0.022585383767903047
2,36,0.08221936589545845,-0.0847227322805729,0.022585383767903047
2,37,0.08224996939649895,-0.08463704247765944,0.02269555637164892
2,38,0.08234177989962052,-0.08465540457828376,0.021905986044803524
2,39,0.08234177989962052,-0.08465540457828376,0.021905986044803524
2,40,0.08212143469212878,-0.08496756028889704,0.022646590769984088
2,41,0.0826539356102338,-0.08480230138327824,0.02289141877830824
2,42,0.0826539356102338,-0.08480230138327824,0.02289141877830824
2,43,0.08243971110295018,-0.08478393928265393,0.022193658954584406
2,44,0.08225609009670706,-0.08449014567266495,0.022432366262700454
2,45,0.08225609009670706,-0.08449014567266495,0.022432366262700454
2,46,0.08239074550128535,-0.08477169788223773,0.02257314236748684
2,47,0.08225609009670706,-0.08433100746725425,0.022511935365405803
2,48,0.08225609009670706,-0.08493083608764843,0.021740727139184724
2,49,0.08225609009670706,-0.08493083608764843,0.021740727139184724
2,50,0.08242134900232587,-0.08460643897661893,0.0217040029379361
2,51,0.08212755539233688,-0.08490023258660791,0.022499693964989596
2,52,0.08212755539233688,-0.08490023258660791,0.022499693964989596
2,53,0.0821704002937936,-0.08458195617578651,0.021502019831068676
2,54,0.08251928020565553,-0.08450238707308116,0.022469090463949078
2,55,0.08251928020565553,-0.08450238707308116,0.022469090463949078
2,56,0.08231117639858,-0.08462480107724324,0.02270167707185702
2,57,0.08242746970253398,-0.08436161096829478,0.02210796915167095
2,58,0.08242746970253398,-0.08436161096829478,0.02210796915167095
2,59,0.08202962418900722,-0.08483902558452687,0.02278124617456237
2,60,0.08211531399192068,-0.08469212877953239,0.02269555637164892
2,61,0.08244583180315827,-0.0845941975762027,0.02278124617456237
2,62,0.08244583180315827,-0.0845941975762027,0.02278124617456237
2,63,0.0819990206879667,-0.0845635940751622,0.022585383767903047
2,64,0.0824764353041988,-0.08445954217162444,0.021710123638144205
2,65,0.0824764353041988,-0.08445954217162444,0.021710123638144205
2,66,0.08244583180315827,-0.0845635940751622,0.022273228057289755
2,67,0.08239074550128535,-0.08464928387807566,0.022303831558330274
2,68,0.08239074550128535,-0.08464928387807566,0.022303831558330274
2,69,0.08225609009670706,-0.08483290488431876,0.022542538866446322
2,70,0.08237238340066103,-0.08474109438119722,0.022420124862284247
2,71,0.08237238340066103,-0.08474109438119722,0.022420124862284247
2,72,0.08255600440690415,-0.08495531888848085,0.022542538866446322
2,73,0.0820051413881748,-0.08468600807932428,0.020308483290488434
2,74,0.0820051413881748,-0.08468600807932428,0.020308483290488434
2,75,0.08213367609254499,-0.08482066348390256,0.022414004162076142
2,76,0.08239686620149345,-0.0843983351695434,0.02244460766311666
2,77,0.08234790059982862,-0.08503488799118619,0.02239564206145183
2,78,0.08234790059982862,-0.08503488799118619,0.02239564206145183
2,79,0.08243971110295018,-0.08451462847349736,0.022567021667278735
2,80,0.08234790059982862,-0.08458195617578651,0.022560900967070634
2,81,0.08234790059982862,-0.08458195617578651,0.022560900967070634
2,82,0.08213367609254499,-0.08457583547557841,0.02239564206145183
2,83,0.08228669359774758,-0.08450850777328926,0.02213857265271147
2,84,0.08228669359774758,-0.08450850777328926,0.02213857265271147
2,85,0.08241522830211775,-0.08475333578161341,0.022046762149589914
2,86,0.0826355735096095,-0.08483902558452687,0.02287305667768393
2,87,0.0826355735096095,-0.08483902558452687,0.02287305667768393
2,88,0.08207858979067205,-0.08466152527849186,0.021667278736687477
2,89,0.0823050556983719,-0.08450850777328926,0.0226710735708165
2,90,0.08223772799608275,-0.08463092177745134,0.022487452564573386
2,91,0.08223772799608275,-0.08463092177745134,0.022487452564573386
2,92,0.08226221079691518,-0.08504100869139429,0.022144693352919572
2,93,0.0821459174929612,-0.08481454278369446,0.022756763373729956
2,94,0.0821459174929612,-0.08481454278369446,0.022756763373729956
2,95,0.08234790059982862,-0.08448402497245686,0.02238340066103562
2,96,0.08221324519525033,-0.08450238707308116,0.022377279960827518
2,97,0.08221324519525033,-0.08450238707308116,0.022377279960827518
2,98,0.08242134900232587,-0.08444118007100013,0.021716244338352307
2,99,0.08226221079691518,-0.08507773289264292,0.021275553923368835
3,0,-0.07980168931325744,-0.06584649283878076,0.013337005753458194
3,1,-0.07976496511200881,-0.06608520014689681,0.013122781246174562
3,2,-0.07937324029869017,-0.06604847594564818,0.013232953849920431
3,3,-0.07937324029869017,-0.06604847594564818,0.013232953849920431
3,4,-0.079893499816379,-0.06616476924960216,0.01319622964867181
3,5,-0.07975884441180071,-0.06586485493940507,0.013202350348879913
3,6,-0.07975884441180071,-0.06586485493940507,0.013202350348879913
3,7,-0.07985677561513037,-0.0659076998408618,0.013367609254498713
3,8,-0.07983841351450606,-0.06599951034398335,0.013373729954706818
3,9,-0.07983841351450606,-0.06599951034398335,0.013373729954706818
3,10,-0.07981393071367364,-0.06595666544252662,0.013232953849920431
3,11,-0.07963643040763864,-0.06627494185334802,0.012963643040763865
3,12,-0.07965479250826295,-0.06598114824335904,0.01331252295262578
3,13,-0.07965479250826295,-0.06598114824335904,0.01331252295262578
3,14,-0.07952625780389276,-0.06593830334190232,0.01316562614763129
3,15,-0.07982005141388174,-0.06610968294772922,0.013220712449504225
3,16,-0.07982005141388174,-0.06610968294772922,0.013220712449504225
3,17,-0.0797343616109683,-0.06605459664585629,0.01344105765699596
3,18,-0.07961194760680622,-0.06619537275064268,0.013257436650752847
3,19,-0.07961194760680622,-0.06619537275064268,0.013257436650752847
3,20,-0.08002815522095727,-0.06591994124127801,0.013128901946382665
3,21,-0.0797466030113845,-0.06606683804627249,0.013098298445342146
3,22,-0.0797466030113845,-0.06606683804627249,0.013098298445342146
3,23,-0.07983229281429796,-0.06595666544252662,0.013202350348879913
3,24,-0.0795813441057657,-0.06595054474231851,0.013410454155955442
3,25,-0.0795813441057657,-0.06607295874648059,0.01344105765699596
3,26,-0.07952625780389276,-0.06607295874648059,0.01344105765699596
3,27,-0.07969151670951156,-0.06584649283878076,0.013226833149712328
3,28,-0.0797343616109683,-0.06566287183253763,0.013294160852001469
3,29,-0.0797343616109683,-0.06566287183253763,0.013294160852001469
3,30,-0.07944056800097932,-0.06595054474231851,0.013318643652833884
3,31,-0.07975884441180071,-0.06598726894356714,0.01344105765699596
3,32,-0.07975884441180071,-0.06598726894356714,0.01344105765699596
3,33,-0.0796058269065981,-0.06606683804627249,0.013281919451585262
3,34,-0.0797343616109683,-0.06597502754315093,0.013337005753458194
3,35,-0.0797343616109683,-0.06597502754315093,0.013337005753458194
3,36,-0.07962418900722243,-0.06612804504835354,0.013049332843677316
3,37,-0.07988125841596279,-0.0659138205410699,0.013147264047006977
3,38,-0.07988125841596279,-0.0659138205410699,0.013147264047006977
3,39,-0.07969151670951156,-0.06598726894356714,0.013190108948463706
3,40,-0.07977720651242502,-0.06601175174439956,0.013141143346798872
3,41,-0.07985677561513037,-0.0663973558575101,0.013226833149712328
3,42,-0.07985677561513037,-0.0663973558575101,0.013226833149712328
3,43,-0.07972212021055208,-0.0659260619414861,0.013465540457828376
3,44,-0.07965479250826295,-0.06593218264169422,0.012969763740971968
3,45,-0.07965479250826295,-0.06593218264169422,0.012969763740971968
3,46,-0.07983841351450606,-0.06606071734606439,0.013079936344717834
3,47,-0.07976496511200881,-0.06613416574856164,0.0131839882482556
3,48,-0.07976496511200881,-0.06613416574856164,0.0131839882482556
3,49,-0.07986289631533847,-0.06616476924960216,0.013177867548047497
3,50,-0.07980168931325744,-0.06604847594564818,0.013337005753458194
3,51,-0.07980168931325744,-0.06604847594564818,0.013245195250336638
3,52,-0.07964255110784674,-0.06580976863753213,0.013245195250336638
3,53,-0.07969763740971966,-0.06603011384502387,0.013281919451585262
3,54,-0.07952625780389276,-0.06595054474231851,0.013490023258660791
3,55,-0.07952625780389276,-0.06595054474231851,0.013490023258660791
3,56,-0.07947729220222793,-0.06600563104419147,0.01300648794222059
3,57,-0.07945893010160363,-0.06623821765209939,0.013061574244093524
3,58,-0.07945893010160363,-0.06623821765209939,0.013061574244093524
3,59,-0.07957522340555759,-0.06599338964377524,0.013122781246174562
3,60,-0.07986289631533847,-0.06615864854939404,0.013079936344717834
3,61,-0.07986289631533847,-0.06615864854939404,0.013079936344717834
3,62,-0.07975884441180071,-0.06633614885542906,0.01336148855429061
3,63,-0.07952625780389276,-0.06593218264169422,0.013220712449504225
3,64,-0.07952625780389276,-0.06593218264169422,0.013220712449504225
3,65,-0.07997306891908434,-0.06593218264169422,0.013318643652833884
3,66,-0.0799057412167952,-0.06583425143836455,0.013024850042844902
3,67,-0.07982617211408985,-0.06610968294772922,0.013514506059493206
3,68,-0.07982617211408985,-0.06610968294772922,0.013514506059493206
3,69,-0.07959358550618191,-0.06600563104419147,0.013490023258660791
3,70,-0.07966091320847105,-0.06599951034398335,0.013465540457828376
3,71,-0.07966091320847105,-0.06599951034398335,0.013465540457828376
3,72,-0.07967315460888726,-0.06617701065001837,0.01321459174929612
3,73,-0.07964867180805484,-0.06590157914065368,0.013538988860325622
3,74,-0.07964867180805484,-0.06590157914065368,0.013538988860325622
3,75,-0.07977720651242502,-0.06617088994981027,0.013245195250336638
3,76,-0.07982005141388174,-0.06618313135022647,0.01321459174929612
3,77,-0.07982005141388174,-0.06618313135022647,0.01321459174929612
3,78,-0.07979556861304933,-0.06606071734606439,0.013502264659076998
3,79,-0.07963030970743054,-0.06596278614273474,0.013239074550128535
3,80,-0.07993634471783571,-0.06585873423919696,0.013355367854082506
3,81,-0.07993634471783571,-0.06585873423919696,0.013355367854082506
3,82,-0.07970987881013589,-0.06609744154731301,0.013416574856163547
3,83,-0.07964867180805484,-0.06605459664585629,0.01326355735096095
3,84,-0.07964867180805484,-0.06605459664585629,0.01326355735096095
3,85,-0.07961806830701432,-0.06581588933774024,0.0133431264536663
3,86,-0.07944056800097932,-0.0660790794466887,0.013496143958868894
3,87,-0.07944056800097932,-0.0660790794466887,0.013496143958868894
3,88,-0.07945280940139551,-0.06588321704002939,0.013153384747215082
3,89,-0.0797282409107602,-0.06621373485126698,0.013202350348879913
3,90,-0.0797282409107602,-0.06621373485126698,0.013202350348879913
3,91,-0.07978944791284123,-0.06618313135022647,0.013398212755539235
3,92,-0.07978332721263312,-0.06609132084710491,0.013398212755539235
3,93,-0.0795813441057657,-0.06602399314481576,0.013024850042844902
3,94,-0.0795813441057657,-0.06602399314481576,0.013024850042844902
3,95,-0.07977108581221691,-0.06609744154731301,0.013128901946382665
3,96,-0.07955074060472518,-0.06595666544252662,0.013171746847839394
3,97,-0.07955074060472518,-0.06595666544252662,0.013171746847839394
3,98,-0.07964255110784674,-0.06606683804627249,0.01308605704492594
3,99,-0.07985065491492227,-0.06603011384502387,0.013245195250336638
