values,,Magnetometer,Magnetometer,Magnetometer
axis,,x,y,z
Sensor,Sample,,,
0,0,0.06697270167707185,0.08964989594809646,0.006714408128289877
0,1,0.06685640837311788,0.0897049822499694,0.006555269922879177
0,2,0.06702778797894479,0.08964989594809646,0.005937079201860693
0,3,0.06707675358060963,0.08964989594809646,0.006640959725792631
0,4,0.06684416697270168,0.08963153384747216,0.00615742440935243
0,5,0.06711959848206635,0.08958868894601543,0.006218631411433468
0,6,0.06717468478393929,0.08952748194393438,0.00615742440935243
0,7,0.06716244338352308,0.08967437874892888,0.006873546333700575
0,8,0.06699718447790427,0.08960093034643163,0.0062737177133064025
0,9,0.06711959848206635,0.08958256824580732,0.006885787734116783
0,10,0.06716856408373117,0.08926429183498592,0.006824580732035746
0,11,0.06716856408373117,0.08926429183498592,0.006824580732035746
0,12,0.06732158158893378,0.08963765454768026,0.006830701432243849
0,13,0.06726037458685273,0.08960705104663974,0.006940874035989718
0,14,0.06681968417186926,0.08968662014934509,0.006353286816011753
0,15,0.06698494307748806,0.08961929244705594,0.006494062920798139
0,16,0.06694821887623945,0.08963765454768026,0.007100012241400416
0,17,0.06701554657852858,0.08942343004039663,0.006494062920798139
0,18,0.06713183988248256,0.08951524054351818,0.007173460643897662
0,19,0.06713796058269066,0.08948463704247765,0.006555269922879177
0,20,0.06717468478393929,0.08939282653935611,0.0065919941241278
0,21,0.06701554657852858,0.08950911984331007,0.006610356224752112
0,22,0.06713796058269066,0.08952136124372628,0.006738890929122292
0,23,0.06713796058269066,0.08950911984331007,0.006934753335781614
0,24,0.06722977108581221,0.08950911984331007,0.0070265638389031704
0,25,0.06698494307748806,0.08961317174684784,0.0070265638389031704
0,26,0.06696658097686375,0.08961929244705594,0.006647080426000734
0,27,0.06709511568123393,0.08978455135267474,0.006861304933284368
0,28,0.06726649528706083,0.0895580854449749,0.006885787734116783
0,29,0.06705839147998531,0.08969886154976128,0.006891908434324886
0,30,0.0670461500795691,0.08946627494185336,0.006867425633492472
0,31,0.06699718447790427,0.08944791284122904,0.0067817358305790176
0,32,0.0670339086791529,0.08951524054351818,0.00654302852246297
0,33,0.06712571918227446,0.0897049822499694,0.00697759823723834
0,34,0.06718692618435548,0.08978455135267474,0.007032684539111274
0,35,0.06705839147998531,0.0895519647447668,0.0070265638389031704
0,36,0.0670522707797772,0.08966825804872078,0.006879667033908679
0,37,0.06708287428081773,0.08961317174684784,0.007038805239319377
0,38,0.06708287428081773,0.08961317174684784,0.007038805239319377
0,39,0.06700330517811237,0.08953972334435059,0.006145183008936223
0,40,0.06716244338352308,0.08974170645121801,0.006898029134532991
0,41,0.06737666789080671,0.08964989594809646,0.006891908434324886
0,42,0.06722365038560411,0.08953972334435059,0.006751132329538499
0,43,0.06702166727873668,0.08948463704247765,0.006885787734116783
0,44,0.06718692618435548,0.08959480964622353,0.006316562614763129
0,45,0.06726037458685273,0.08930713673644265,0.006738890929122292
0,46,0.067217529685396,0.08976006855184233,0.006077855306647081
0,47,0.06722977108581221,0.08965601664830457,0.006787856530787122
0,48,0.06691149467499083,0.08932549883706696,0.006983718937446444
0,49,0.0670522707797772,0.08962541314726405,0.006922511935365405
0,50,0.0670522707797772,0.08962541314726405,0.006922511935365405
0,51,0.06699106377769617,0.08965601664830457,0.0068000979312033295
0,52,0.06715020198310687,0.08958868894601543,0.007069408740359898
0,53,0.06699106377769617,0.08963153384747216,0.007002081038070755
0,54,0.06699106377769617,0.08950299914310197,0.006506304321214347
0,55,0.06717468478393929,0.08960093034643163,0.006940874035989718
0,56,0.06695433957644754,0.0897233443505937,0.007142857142857143
0,57,0.06710123638144204,0.08949687844289386,0.006420614518300893
0,58,0.06699718447790427,0.0897172236503856,0.007069408740359898
0,59,0.06722977108581221,0.08943567144081283,0.006867425633492472
0,60,0.06705839147998531,0.0893805851389399,0.007253029746603011
0,61,0.06700330517811237,0.08944791284122904,0.007130615742440935
0,62,0.06727261598726894,0.08945403354143713,0.006787856530787122
0,63,0.06727261598726894,0.08945403354143713,0.007081650140776105
0,64,0.06730934018851756,0.08943567144081283,0.007081650140776105
0,65,0.0670339086791529,0.08958868894601543,0.006836822132451953
0,66,0.06715632268331498,0.08962541314726405,0.006787856530787122
0,67,0.06710735708165014,0.08944179214102094,0.00641449381809279
0,68,0.06707675358060963,0.0892336883339454,0.006940874035989718
0,69,0.06710735708165014,0.08952748194393438,0.00684906353286816
0,70,0.06712571918227446,0.08962541314726405,0.007167339943689557
0,71,0.06697270167707185,0.08952136124372628,0.006714408128289877
0,72,0.06694209817603133,0.0895458440445587,0.006622597625168319
0,73,0.06713796058269066,0.08963153384747216,0.007142857142857143
0,74,0.06714408128289875,0.08968662014934509,0.00705716733994369
0,75,0.06710123638144204,0.08951524054351818,0.0060472518056065615
0,76,0.06710123638144204,0.08939894723956421,0.0071795813441057664
0,77,0.06710123638144204,0.08939282653935611,0.007265271147019218
0,78,0.06708287428081773,0.08939282653935611,0.007265271147019218
0,79,0.06707063288040152,0.08952136124372628,0.00641449381809279
0,80,0.0667095115681234,0.08969274084955318,0.0067817358305790176
0,81,0.067217529685396,0.08964377524788836,0.0071979434447300775
0,82,0.0670339086791529,0.08966213734851267,0.0069531154364059254
0,83,0.06713183988248256,0.08947851634226955,0.006891908434324886
0,84,0.06711959848206635,0.08952748194393438,0.006885787734116783
0,85,0.06666054596645857,0.08939894723956421,0.006512425021422451
0,86,0.06710735708165014,0.08931937813685885,0.007002081038070755
0,87,0.06710735708165014,0.08931937813685885,0.006702166727873669
0,88,0.06732770228914188,0.08984575835475579,0.006702166727873669
0,89,0.06700942587832048,0.08980291345329906,0.006598114824335905
0,90,0.0670461500795691,0.08950911984331007,0.006867425633492472
0,91,0.06715632268331498,0.08957032684539111,0.006934753335781614
0,92,0.06724813318643653,0.0894050679397723,0.007259150446811115
0,93,0.06718692618435548,0.08957644754559921,0.007051046639735587
0,94,0.06726649528706083,0.08939894723956421,0.006959236136614029
0,95,0.06706451218019341,0.08942343004039663,0.006867425633492472
0,96,0.06712571918227446,0.08949687844289386,0.006634839025584527
0,97,0.0671930468845636,0.08963153384747216,0.006885787734116783
0,98,0.06729097808789325,0.08927653323540213,0.006665442526625045
0,99,0.06729097808789325,0.0908434324886767,0.006787856530787122
1,0,-0.07662504590525157,0.09532990574121679,0.022511935365405803
1,1,-0.07666789080670829,0.09540335414371404,0.022995470681846004
1,2,-0.07645978699963277,0.0955012853470437,0.022628228669359773
1,3,-0.07645978699963277,0.09491981882727384,0.02208960705104664
1,4,-0.07660056310441915,0.09551352674745991,0.02310564328559187
1,5,-0.07663116660545967,0.09538499204308973,0.022885298078100136
1,6,-0.07656995960337862,0.09539723344350594,0.023099522585383767
1,7,-0.07644754559921654,0.095342147141633,0.022340555759578894
1,8,-0.07664952870608398,0.0951891296364304,0.022689435671440814
1,9,-0.07633125229526258,0.09499938792997918,0.023026074182886522
1,10,-0.07655771820296242,0.09513404333455747,0.02279960827518668
1,11,-0.07655771820296242,0.09513404333455747,0.02279960827518668
1,12,-0.07645366629942466,0.09532990574121679,0.023172970987881014
1,13,-0.07673521850899742,0.09525645733871954,0.02313624678663239
1,14,-0.07647202840004896,0.09561145795078957,0.02273228057289754
1,15,-0.07659444240421104,0.09530542294038438,0.023142367486840495
1,16,-0.07647202840004896,0.0954890439466275,0.023026074182886522
1,17,-0.07656383890317052,0.09529930224017627,0.022713918472273227
1,18,-0.07655159750275432,0.09531766434080059,0.021759089239809036
1,19,-0.07640470069775981,0.09542171624433834,0.023154608887256702
1,20,-0.07652711470192189,0.09536662994246542,0.022560900967070634
1,21,-0.07659444240421104,0.0955074060472518,0.02309340188517566
1,22,-0.07655159750275432,0.09536662994246542,0.022615987268943566
1,23,-0.07619047619047618,0.09551352674745991,0.02269555637164892
1,24,-0.07633125229526258,0.09528094013955196,0.022567021667278735
1,25,-0.07633125229526258,0.09537275064267352,0.02279960827518668
1,26,-0.07656995960337862,0.09543395764475457,0.022964867180805485
1,27,-0.07656383890317052,0.0955074060472518,0.023111763985799977
1,28,-0.0763679764965112,0.09540335414371404,0.023081160484759455
1,29,-0.0763679764965112,0.09540335414371404,0.0228302117762272
1,30,-0.07666789080670829,0.09516464683559799,0.0228302117762272
1,31,-0.07651487330150569,0.0955074060472518,0.022456849063532867
1,32,-0.07648426980046517,0.09515852613538989,0.022756763373729956
1,33,-0.07646590769984087,0.09561145795078957,0.02313012608642429
1,34,-0.07662504590525157,0.09532990574121679,0.022591504468111152
1,35,-0.07653935610233811,0.09514016403476558,0.023124005386216184
1,36,-0.07644754559921654,0.09525033663851144,0.022934263679764966
1,37,-0.07656383890317052,0.09531766434080059,0.02252417676582201
1,38,-0.07672909780878932,0.09546456114579507,0.022744521973313746
1,39,-0.07638633859713552,0.09561145795078957,0.023099522585383767
1,40,-0.07643530419880035,0.09555025094870853,0.023019953482678417
1,41,-0.07627004529318154,0.09556861304933284,0.02286693597747582
1,42,-0.07628840739380585,0.09516464683559799,0.022481331864365284
1,43,-0.07628840739380585,0.09512792263434937,0.02321581588933774
1,44,-0.07652711470192189,0.09512792263434937,0.02321581588933774
1,45,-0.07647814910025706,0.09529318153996817,0.02305667768392704
1,46,-0.07645978699963277,0.09511568123393316,0.022726159872689437
1,47,-0.07647202840004896,0.09529318153996817,0.022805728975394783
1,48,-0.0766862529073326,0.09519525033663852,0.023124005386216184
1,49,-0.07654547680254621,0.09523809523809523,0.022915901579140655
1,50,-0.0766801322071245,0.09541559554413025,0.02269555637164892
1,51,-0.07641694209817604,0.09514628473497369,0.02287305667768393
1,52,-0.07649039050067327,0.09564206145183009,0.022450728363324766
1,53,-0.07634961439588689,0.09528094013955196,0.02326478149100257
1,54,-0.07661280450483535,0.09526257803892765,0.022640470069775983
1,55,-0.07669237360754069,0.09515852613538989,0.022536418166238217
1,56,-0.07647814910025706,0.09522585383767904,0.022885298078100136
1,57,-0.07647814910025706,0.09520137103684662,0.02260986656873546
1,58,-0.07661892520504346,0.09520137103684662,0.02260986656873546
1,59,-0.0766801322071245,0.09542783694454646,0.022934263679764966
1,60,-0.07634961439588689,0.09545844044558698,0.022346676459787
1,61,-0.07664340800587587,0.0951768882360142,0.023044436283510834
1,62,-0.07645978699963277,0.09514628473497369,0.022401762761659935
1,63,-0.07653935610233811,0.09526257803892765,0.022689435671440814
1,64,-0.07634961439588689,0.09555637164891664,0.02212021055208716
1,65,-0.07619047619047618,0.09549516464683559,0.023270902191210675
1,66,-0.07674133920920553,0.09539111274329784,0.022817970375810993
1,67,-0.07623332109193291,0.0954829232464194,0.023081160484759455
1,68,-0.07652099400171379,0.09543395764475457,0.022885298078100136
1,69,-0.07637409719671931,0.09562369935120578,0.022707797772065125
1,70,-0.07665564940629208,0.09543395764475457,0.022940384379973068
1,71,-0.0766801322071245,0.09518300893622231,0.022964867180805485
1,72,-0.07637409719671931,0.09547680254621128,0.022560900967070634
1,73,-0.07659444240421104,0.09523809523809523,0.023026074182886522
1,74,-0.07644754559921654,0.09529318153996817,0.02286693597747582
1,75,-0.07644754559921654,0.09541559554413025,0.022022279348757497
1,76,-0.07661892520504346,0.09541559554413025,0.022309952258538376
1,77,-0.07661892520504346,0.09509119843310074,0.022309952258538376
1,78,-0.07658832170400294,0.09542783694454646,0.022511935365405803
1,79,-0.0766862529073326,0.09542783694454646,0.023277022891418777
1,80,-0.07634961439588689,0.09531766434080059,0.022132451952503365
1,81,-0.07662504590525157,0.09534826784184111,0.0223527971599951
1,82,-0.07674133920920553,0.0954890439466275,0.02289141877830824
1,83,-0.07640470069775981,0.09519525033663852,0.022915901579140655
1,84,-0.07644754559921654,0.09546456114579507,0.02216917615375199
1,85,-0.07637409719671931,0.09536050924225732,0.02290978087893255
1,86,-0.07645366629942466,0.09543395764475457,0.022414004162076142
1,87,-0.0763679764965112,0.09504835353164402,0.022536418166238217
1,88,-0.0763679764965112,0.09504835353164402,0.022707797772065125
1,89,-0.07650263190108948,0.09556861304933284,0.022707797772065125
1,90,-0.07654547680254621,0.09532378504100869,0.022897539478516343
1,91,-0.07649039050067327,0.09498102582935489,0.02326478149100257
1,92,-0.07658832170400294,0.09515240543518179,0.023111763985799977
1,93,-0.07663116660545967,0.09530542294038438,0.022450728363324766
1,94,-0.07672297710858123,0.09506059493206023,0.022983229281429797
1,95,-0.0762149589913086,0.09511568123393316,0.022775125474354264
1,96,-0.07669237360754069,0.09561757865099767,0.023019953482678417
1,97,-0.07645366629942466,0.09558085444974905,0.023209695189129638
1,98,-0.07640470069775981,0.0954829232464194,0.022934263679764966
1,99,-0.07642306279838414,0.09526257803892765,0.022824091076019095
2,0,0.11213734851266985,-0.0966213734851267,0.05027543150936468
2,1,0.11182519280205656,-0.09657240788346186,0.050495776716856414
2,2,0.11199045170767537,-0.09681723589178602,0.04842085934630922
2,3,0.11215571061329417,-0.09663973558575101,0.05023258660790795
2,4,0.11195372750642674,-0.09667645978699964,0.050165258905618806
2,5,0.11178846860080793,-0.09681111519157791,0.04977353409230016
2,6,0.11188027910392948,-0.09682335659199412,0.05053250091810503
2,7,0.1120394173093402,-0.09693352919574,0.04957767168564084
2,8,0.11194148610601054,-0.09641326967805117,0.05029991431019709
2,9,0.111733382298935,-0.09679275309095361,0.04960827518668136
2,10,0.1120639001101726,-0.09672542538866447,0.05059982862039417
2,11,0.11198433100746726,-0.09648671808054841,0.04899008446566287
2,12,0.11165993389643776,-0.0967682702901212,0.050416207614151054
2,13,0.11223527971599952,-0.09674990818949689,0.049700085689802914
2,14,0.11212510711225365,-0.09673766678908066,0.049088015668992534
2,15,0.11225364181662383,-0.09662749418533481,0.05036112131227812
2,16,0.11225364181662383,-0.09662749418533481,0.05051413881748072
2,17,0.11210674501162934,-0.09674990818949689,0.05051413881748072
2,18,0.11208226221079691,-0.09679275309095361,0.048916636063165625
2,19,0.11183743420247276,-0.09648671808054841,0.05043456971477537
2,20,0.11212510711225365,-0.09674378748928877,0.050342759211653806
2,21,0.11210674501162934,-0.09689068429428327,0.050452931815399685
2,22,0.1120761415105888,-0.09677439099032929,0.050165258905618806
2,23,0.11219243481454277,-0.09650508018117274,0.04996327579875138
2,24,0.11204553800954828,-0.09668870118741583,0.04973680989105154
2,25,0.11208838291100502,-0.09686620149345085,0.049571550985432734
2,26,0.11202717590892397,-0.09679275309095361,0.05058758721997797
2,27,0.11183743420247276,-0.0964683559799241,0.048947239564206144
2,28,0.11192924470559432,-0.0966213734851267,0.04947974048231117
2,29,0.1120394173093402,-0.09659076998408618,0.050269310809156566
2,30,0.11188639980413759,-0.09681723589178602,0.05001836210062431
2,31,0.11179458930101605,-0.09659689068429428,0.0498469824947974
2,32,0.11167217529685396,-0.09691516709511569,0.05020198310686742
2,33,0.11185579630309708,-0.09688456359407516,0.050495776716856414
2,34,0.11185579630309708,-0.09688456359407516,0.050495776716856414
2,35,0.11199045170767537,-0.09651732158158893,0.049926551597502755
2,36,0.11213122781246174,-0.09663361488554291,0.05037336271269434
2,37,0.11205165870975639,-0.09665197698616722,0.04948586118251928
2,38,0.11194148610601054,-0.09671930468845637,0.050128534704370176
2,39,0.1120761415105888,-0.09679275309095361,0.05047129391602399
2,40,0.11199045170767537,-0.09643163177867548,0.050324397111029505
2,41,0.11204553800954828,-0.09689068429428327,0.05024482800832415
2,42,0.11209450361121312,-0.09667645978699964,0.04910637776961684
2,43,0.11213734851266985,-0.09659076998408618,0.04962051658709756
2,44,0.11182519280205656,-0.09654180438242135,0.05052025951768883
2,45,0.11211898641204554,-0.09656016648304566,0.050355000612070024
2,46,0.11195372750642674,-0.09671930468845637,0.0482372383400661
2,47,0.11195372750642674,-0.09671930468845637,0.05025706940874036
2,48,0.11201493450850777,-0.09663361488554291,0.05025706940874036
2,49,0.11181907210184845,-0.09687232219365896,0.05039172481331864
2,50,0.11181295140164034,-0.0967866323907455,0.0487207736565063
2,51,0.11223527971599952,-0.09651732158158893,0.049840861794589304
2,52,0.11190476190476191,-0.09651732158158893,0.04949810258293549
2,53,0.11210674501162934,-0.09661525278491859,0.05030603501040519
2,54,0.11211898641204554,-0.09669482188762395,0.050452931815399685
2,55,0.11219855551475089,-0.09626025217284857,0.05030603501040519
2,56,0.11210062431142123,-0.09690292569469947,0.050128534704370176
2,57,0.11216795201371037,-0.09707430530052638,0.05019586240665932
2,58,0.11198433100746726,-0.09657240788346186,0.04972456849063533
2,59,0.11178234790059982,-0.09670706328804016,0.05029379360998898
2,60,0.11200881380829968,-0.09656016648304566,0.050422328314359166
2,61,0.11200881380829968,-0.09658464928387808,0.05037948341290244
2,62,0.11199657240788345,-0.09658464928387808,0.05055086301872934
2,63,0.11212510711225365,-0.0963030970743053,0.05055086301872934
2,64,0.11180071000122413,-0.0963092177745134,0.049712327090219124
2,65,0.11226588321704004,-0.09662749418533481,0.04973068919084343
2,66,0.11211898641204554,-0.09685396009303464,0.05029379360998898
2,67,0.11192924470559432,-0.09641326967805117,0.04885542906108459
2,68,0.1117395029991431,-0.09657852858366997,0.04876361855796303
2,69,0.112204676214959,-0.09660913208471049,0.05037948341290244
2,70,0.11172114089851878,-0.09674990818949689,0.049926551597502755
2,71,0.11187415840372139,-0.09660301138450239,0.049418533480230134
2,72,0.111733382298935,-0.09673766678908066,0.0504774146162321
2,73,0.11225364181662383,-0.09663973558575101,0.04793732402986901
2,74,0.11181907210184845,-0.09668258048720774,0.04937568857877341
2,75,0.11170889949810259,-0.09665197698616722,0.049712327090219124
2,76,0.11221079691516708,-0.09659076998408618,0.050416207614151054
2,77,0.11201493450850777,-0.09706818460031827,0.05037336271269434
2,78,0.11192924470559432,-0.09666421838658343,0.05025706940874036
2,79,0.11192924470559432,-0.09666421838658343,0.05025706940874036
2,80,0.11194760680621862,-0.09652956298200514,0.05019586240665932
2,81,0.11197208960705105,-0.09644999387929978,0.05012241400416208
2,82,0.112204676214959,-0.09687844289386706,0.04878198065858734
2,83,0.11194760680621862,-0.09659076998408618,0.05031827641082139
2,84,0.11198433100746726,-0.09678051169053739,0.04961439588688946
2,85,0.11202717590892397,-0.09646223527971601,0.04992043089729465
2,86,0.11205165870975639,-0.09687844289386706,0.04985310319500551
2,87,0.11212510711225365,-0.09676214958991308,0.05051413881748072
2,88,0.11194760680621862,-0.09656016648304566,0.05039784551352675
2,89,0.11194760680621862,-0.09691516709511569,0.05025706940874036
2,90,0.11192924470559432,-0.09691516709511569,0.05025706940874036
2,91,0.11174562369935122,-0.09671318398824826,0.048757497857754926
2,92,0.11181907210184845,-0.09678051169053739,0.05044681111519158
2,93,0.11183743420247276,-0.09658464928387808,0.05033051781123761
2,94,0.11185579630309708,-0.09682335659199412,0.05020198310686742
2,95,0.11185579630309708,-0.0966458562859591,0.04969396498959481
2,96,0.11233933161953728,-0.0969518912963643,0.05008568980291346
2,97,0.11195984820663485,-0.09698249479740483,0.04945525768147876
2,98,0.11203329660913208,-0.09661525278491859,0.050140776104786386
2,99,0.11174562369935122,-0.09667033908679153,0.05026319010894846
3,0,-0.1038437997306892,-0.06965968906842943,0.03127065736320235
3,1,-0.1038437997306892,-0.06969641326967804,0.031191088260497
3,2,-0.10391724813318644,-0.06954339576447546,0.03129514016403477
3,3,-0.10382543763006488,-0.0694454645611458,0.031650140776104785
3,4,-0.10374586852735952,-0.06941486106010528,0.03130126086424287
3,5,-0.10342759211653814,-0.06979434447300771,0.03148488187048598
3,6,-0.10373362712694331,-0.06980046517321582,0.031417554168196846
3,7,-0.10360509242257314,-0.06964744766801322,0.031564450973191334
3,8,-0.1036785408250704,-0.06965356836822131,0.031631778675480476
3,9,-0.10372138572652712,-0.06999020687966703,0.031435916268821154
3,10,-0.10372138572652712,-0.06981270657363202,0.03125229526257804
3,11,-0.10364181662382177,-0.06981270657363202,0.03125229526257804
3,12,-0.1035132819194516,-0.06981882727384012,0.03158893377402375
3,13,-0.10386828253152161,-0.06976374097196719,0.03159505447423185
3,14,-0.10350104051903537,-0.06969029256946994,0.031552209572775124
3,15,-0.10366017872444608,-0.06953115436405924,0.0315154853715265
3,16,-0.10378871342881626,-0.06953727506426735,0.03148488187048598
3,17,-0.10343983351695434,-0.06976374097196719,0.03149712327090219
3,18,-0.10361121312278125,-0.06955563716489166,0.03135634716611581
3,19,-0.10362957522340557,-0.06958624066593219,0.0315032439711103
3,20,-0.10358060962174073,-0.06970253396988615,0.031307381564450974
3,21,-0.10358060962174073,-0.06962296486718081,0.031411433467988734
3,22,-0.10370914432611092,-0.06950667156322683,0.03158281307381565
3,23,-0.10366017872444608,-0.06968417186926185,0.03152772677194271
3,24,-0.10364181662382177,-0.06988615497612927,0.03178479618068307
3,25,-0.10359285102215694,-0.06986779287550496,0.03147876117027788
3,26,-0.10379483412902438,-0.06948830946260252,0.031246174562369933
3,27,-0.10361121312278125,-0.06973313747092667,0.0315154853715265
3,28,-0.10361121312278125,-0.06973313747092667,0.03152772677194271
3,29,-0.10358060962174073,-0.0699412412780022,0.03152772677194271
3,30,-0.10364793732402985,-0.06956787856530787,0.031307381564450974
3,31,-0.10395397233443507,-0.06965968906842943,0.031319622964867185
3,32,-0.10392948953360263,-0.06954339576447546,0.031435916268821154
3,33,-0.10391724813318644,-0.06951279226343494,0.03142979556861305
3,34,-0.10372750642673523,-0.06959848206634839,0.031876606683804626
3,35,-0.10363569592361366,-0.07019218998653445,0.03158281307381565
3,36,-0.10370914432611092,-0.06973313747092667,0.031240053862161832
3,37,-0.10348267841841105,-0.06981882727384012,0.03138082996694822
3,38,-0.10378871342881626,-0.06969029256946994,0.03125229526257804
3,39,-0.10362345452319746,-0.06987391357571307,0.031411433467988734
3,40,-0.10377647202840005,-0.06976374097196719,0.03135634716611581
3,41,-0.10378871342881626,-0.06971477537030236,0.0313441057656996
3,42,-0.10378871342881626,-0.0699351205777941,0.031393071367364425
3,43,-0.1038437997306892,-0.0699351205777941,0.031393071367364425
3,44,-0.10361121312278125,-0.06966580976863754,0.03144815766923736
3,45,-0.10349491981882727,-0.06989227567633736,0.031417554168196846
3,46,-0.1038560411311054,-0.06964132696780512,0.031637899375688575
3,47,-0.10391112743297833,-0.06954339576447546,0.03132574366507528
3,48,-0.10375198922756763,-0.06966580976863754,0.031264536662994245
3,49,-0.10389888603256212,-0.06973925817113477,0.0313441057656996
3,50,-0.10370914432611092,-0.06981270657363202,0.03146651976986167
3,51,-0.10363569592361366,-0.06982494797404823,0.03137470926674012
3,52,-0.10397845513526746,-0.06969641326967804,0.03120945036112131
3,53,-0.10403966213734853,-0.06963520626759702,0.03160117517443996
3,54,-0.10364181662382177,-0.06985555147508875,0.03146039906965357
3,55,-0.10365405802423797,-0.0699412412780022,0.03159505447423185
3,56,-0.10365405802423797,-0.0699412412780022,0.031546088872567025
3,57,-0.1036907822254866,-0.06959236136614029,0.031546088872567025
3,58,-0.1038621618313135,-0.06955563716489166,0.031619537275064266
3,59,-0.10370302362590281,-0.06970253396988615,0.03138695066715632
3,60,-0.10356836822132451,-0.06969029256946994,0.03171134777818582
3,61,-0.10362957522340557,-0.0697576202717591,0.031423674868404944
3,62,-0.10362957522340557,-0.06966580976863754,0.031778675480474965
3,63,-0.10361733382298935,-0.06973925817113477,0.031876606683804626
3,64,-0.10378259272860815,-0.06991063777696169,0.031203329660913208
3,65,-0.10360509242257314,-0.06973925817113477,0.0315032439711103
3,66,-0.10364181662382177,-0.06986779287550496,0.031760313379850656
3,67,-0.1036907822254866,-0.06989839637654548,0.031240053862161832
3,68,-0.10365405802423797,-0.06958011996572408,0.031197208960705103
3,69,-0.10375810992777575,-0.06965968906842943,0.03179703758109928
3,70,-0.10375810992777575,-0.06981270657363202,0.03147264047006977
3,71,-0.10382543763006488,-0.06947606806218631,0.031411433467988734
3,72,-0.10350716121924348,-0.069751499571551,0.03144203696902926
3,73,-0.10373974782715142,-0.06968417186926185,0.031619537275064266
3,74,-0.10373974782715142,-0.06968417186926185,0.031619537275064266
3,75,-0.10361121312278125,-0.06938425755906476,0.031423674868404944
3,76,-0.10358673032194883,-0.06978822377279961,0.031227812461745625
3,77,-0.10373362712694331,-0.06982494797404823,0.0315154853715265
3,78,-0.10356836822132451,-0.0699351205777941,0.03149712327090219
3,79,-0.10361733382298935,-0.06949443016281062,0.031735830579018236
3,80,-0.10373974782715142,-0.0696168441669727,0.03131350226465908
3,81,-0.10363569592361366,-0.06980658587342392,0.031362467866323906
3,82,-0.10362345452319746,-0.06967193046884564,0.03139919206757253
3,83,-0.10357448892153262,-0.06986779287550496,0.031509364671318395
3,84,-0.10376423062798383,-0.0696168441669727,0.03165626147631289
3,85,-0.1036907822254866,-0.06942710246052149,0.0315154853715265
3,86,-0.10386828253152161,-0.06971477537030236,0.031417554168196846
3,87,-0.10386828253152161,-0.06971477537030236,0.031417554168196846
3,88,-0.10359897172236503,-0.06987391357571307,0.03144203696902926
3,89,-0.10389276533235403,-0.06984943077488065,0.03128289876361856
3,90,-0.10396009303464315,-0.0699412412780022,0.03133798506549149
3,91,-0.10356836822132451,-0.06962296486718081,0.03152160607173461
3,92,-0.10378871342881626,-0.0697576202717591,0.03149712327090219
3,93,-0.10360509242257314,-0.06940261965968907,0.03116048475945648
3,94,-0.10368466152527848,-0.06974537887134288,0.031350226465907696
3,95,-0.10354388542049212,-0.06972701677071858,0.03157669237360754
3,96,-0.10376423062798383,-0.06981882727384012,0.03139919206757253
3,97,-0.10383155833027298,-0.06940261965968907,0.031393071367364425
3,98,-0.10380707552944057,-0.06957399926551597,0.03146651976986167
3,99,-0.10386828253152161,-0.06983718937446444,0.031637899375688575
