values,,Magnetometer,Magnetometer,Magnetometer
axis,,x,y,z
Sensor,Sample,,,
0,0,0.06069286326355735,0.06087648426980047,0.03477781858244583
0,1,0.06049088015668993,0.0609376912718815,0.03494919818827274
0,2,0.060527604357938546,0.06084588076875994,0.03426367976496511
0,3,0.060527604357938546,0.06084588076875994,0.03426367976496511
0,4,0.0604480352552332,0.06079691516709511,0.0348757497857755
0,5,0.0604419145550251,0.06101726037458686,0.03467376667890807
0,6,0.0604419145550251,0.06101726037458686,0.03467376667890807
0,7,0.06055208715877096,0.06096217407271391,0.03460643897661893
0,8,0.06066225976251684,0.06076019096584649,0.03485126698494308
0,9,0.06066225976251684,0.06076019096584649,0.03485126698494308
0,10,0.060417431754192674,0.06069286326355735,0.0345635940751622
0,11,0.06053984575835476,0.06087648426980047,0.0348879911861917
0,12,0.060466397355857515,0.06111519157791652,0.03485126698494308
0,13,0.060466397355857515,0.06111519157791652,0.03485126698494308
0,14,0.06055208715877096,0.06096217407271391,0.034796180683070145
0,15,0.0604419145550251,0.06079691516709511,0.034753335781613416
0,16,0.0604419145550251,0.06079691516709511,0.034753335781613416
0,17,0.06060105276043579,0.06087648426980047,0.034955318888480844
0,18,0.060698983963765454,0.0609315705716734,0.034643163177867545
0,19,0.060698983963765454,0.0609315705716734,0.034643163177867545
0,20,0.060564328559187176,0.06106010527604357,0.034184110662259765
0,21,0.060497000856898034,0.06072958746480598,0.03463092177745134
0,22,0.060497000856898034,0.06072958746480598,0.03463092177745134
0,23,0.060613294160852,0.060674501162933034,0.03491859468723222
0,24,0.0604602766556494,0.060852001468968055,0.035022646590769986
0,25,0.0604602766556494,0.060852001468968055,0.035022646590769986
0,26,0.060570449259395275,0.06071734606438976,0.03454523197453789
0,27,0.0604480352552332,0.06104786387562737,0.03443505937079202
0,28,0.0604480352552332,0.06104786387562737,0.03443505937079202
0,29,0.06058881136001959,0.06074794956543028,0.034300403966213734
0,30,0.060325621251071125,0.06100501897417064,0.03461255967682703
0,31,0.060325621251071125,0.06100501897417064,0.03461255967682703
0,32,0.06055208715877096,0.06078467376667891,0.034710490880156694
0,33,0.060558207858979064,0.06114579507895703,0.0342514383645489
0,34,0.060252172848573884,0.060815277267719424,0.0345758354755784
0,35,0.060252172848573884,0.060815277267719424,0.0345758354755784
0,36,0.06036234545231974,0.060956053372505814,0.035022646590769986
0,37,0.0604602766556494,0.06080303586730322,0.034924715387440325
0,38,0.0604602766556494,0.06080303586730322,0.034924715387440325
0,39,0.06062553556126821,0.06100501897417064,0.03496143958868895
0,40,0.060631656261476305,0.06102950177500306,0.03420247276288407
0,41,0.060631656261476305,0.06102950177500306,0.03420247276288407
0,42,0.06065001836210062,0.06094381197208961,0.03467376667890807
0,43,0.06047251805606561,0.060925449871465295,0.034710490880156694
0,44,0.06047251805606561,0.060925449871465295,0.034710490880156694
0,45,0.060564328559187176,0.0607663116660546,0.035022646590769986
0,46,0.06050312155710613,0.06098665687354633,0.034710490880156694
0,47,0.06050312155710613,0.06098665687354633,0.034710490880156694
0,48,0.06076019096584649,0.06080303586730322,0.034441180071000124
0,49,0.06072346676459787,0.06101726037458686,0.03466152527849186
0,50,0.06072346676459787,0.06101726037458686,0.03466152527849186
0,51,0.060466397355857515,0.06078467376667891,0.03476557718202962
0,52,0.06053372505814665,0.06102950177500306,0.03458807687599461
0,53,0.06053372505814665,0.06102950177500306,0.03494919818827274
0,54,0.060527604357938546,0.06099889827396254,0.03494919818827274
0,55,0.060558207858979064,0.06082751866813564,0.03463092177745134
0,56,0.060282776349614396,0.06098665687354633,0.03445954217162443
0,57,0.060282776349614396,0.06098665687354633,0.03445954217162443
0,58,0.06050924225731423,0.06108458807687599,0.034655404578283755
0,59,0.06074182886522218,0.060668380462724936,0.035028767290978084
0,60,0.06074182886522218,0.060668380462724936,0.035028767290978084
0,61,0.06051536295752234,0.061096829477292204,0.034080058758722
0,62,0.06036846615252785,0.06088872567021667,0.03494307748806463
0,63,0.06036846615252785,0.06088872567021667,0.03494307748806463
0,64,0.06071734606438976,0.06079079446688701,0.03460031827641082
0,65,0.060680621863141146,0.06088872567021667,0.03471661158036479
0,66,0.060680621863141146,0.06088872567021667,0.03471661158036479
0,67,0.0604480352552332,0.06083976006855184,0.03486350838535929
0,68,0.06048475945648182,0.06098053617333823,0.03450238707308116
0,69,0.06048475945648182,0.06098053617333823,0.03450238707308116
0,70,0.06069286326355735,0.061053984575835475,0.03511445709389154
0,71,0.06053372505814665,0.06084588076875994,0.034955318888480844
0,72,0.06053372505814665,0.06084588076875994,0.034955318888480844
0,73,0.06055208715877096,0.06111519157791652,0.03414738646101114
0,74,0.060631656261476305,0.060956053372505814,0.03433100746725425
0,75,0.060613294160852,0.06084588076875994,0.034643163177867545
0,76,0.060613294160852,0.06084588076875994,0.034643163177867545
0,77,0.060564328559187176,0.061011139674378746,0.034428938670583914
0,78,0.06050312155710613,0.06107234667645979,0.03453911127432978
0,79,0.06050312155710613,0.06107234667645979,0.03453911127432978
0,80,0.060613294160852,0.06099889827396254,0.03467376667890807
0,81,0.060558207858979064,0.06085812216917615,0.03461868037703513
0,82,0.060558207858979064,0.06085812216917615,0.03461868037703513
0,83,0.06030113845023871,0.06100501897417064,0.03463704247765945
0,84,0.06050924225731423,0.060527604357938546,0.03434936956787856
0,85,0.06050924225731423,0.060527604357938546,0.03434936956787856
0,86,0.06051536295752234,0.06083976006855184,0.03436773166850288
0,87,0.0604419145550251,0.06088872567021667,0.034153507161219246
0,88,0.0604419145550251,0.06088872567021667,0.034153507161219246
0,89,0.060680621863141146,0.06102950177500306,0.03471661158036479
0,90,0.060411311053984576,0.06076019096584649,0.03399436895580855
0,91,0.060411311053984576,0.06076019096584649,0.03399436895580855
0,92,0.06057656995960338,0.06083363936834374,0.03445342147141633
0,93,0.06050924225731423,0.060949932672297716,0.034269800465173215
0,94,0.06050924225731423,0.060949932672297716,0.034269800465173215
0,95,0.06040519035377647,0.060852001468968055,0.03431264536662994
0,96,0.0604419145550251,0.06079079446688701,0.03414738646101114
0,97,0.0604480352552332,0.060925449871465295,0.034171869261843554
0,98,0.0604480352552332,0.060925449871465295,0.034171869261843554
0,99,0.06031950055086301,0.06087648426980047,0.03477169788223773
1,0,-0.07307503978455135,0.07241400416207613,0.04706818460031827
1,1,-0.07308116048475946,0.07290366017872445,0.04717223650385604
1,2,-0.07308116048475946,0.07290366017872445,0.04717223650385604
1,3,-0.07326478149100257,0.07311176398579997,0.046823356591994124
1,4,-0.07322805728975394,0.07286693597747582,0.04708654670094259
1,5,-0.07322805728975394,0.07286693597747582,0.04708654670094259
1,6,-0.07317297098788102,0.07330150569225119,0.046890684294283266
1,7,-0.07307503978455135,0.072995470681846,0.046951891296364304
1,8,-0.07307503978455135,0.072995470681846,0.046951891296364304
1,9,-0.07334435059370792,0.07287917737789204,0.047111029501775
1,10,-0.07328314359162688,0.07311176398579997,0.04675602888970498
1,11,-0.07322193658954584,0.07279348757497858,0.047190598604480355
1,12,-0.07322193658954584,0.07279348757497858,0.047190598604480355
1,13,-0.07319745378871342,0.07269555637164891,0.04690292569469947
1,14,-0.07326478149100257,0.07306891908434325,0.0472701677071857
1,15,-0.07326478149100257,0.07306891908434325,0.0472701677071857
1,16,-0.07306279838413514,0.0731423674868405,0.04610723466764598
1,17,-0.07307503978455135,0.07297098788101358,0.047423185212388294
1,18,-0.07307503978455135,0.07297098788101358,0.047423185212388294
1,19,-0.07328314359162688,0.07298934998163789,0.046951891296364304
1,20,-0.07322805728975394,0.07294650508018116,0.04681723589178602
1,21,-0.07322805728975394,0.07294650508018116,0.04681723589178602
1,22,-0.07332598849308361,0.07264047006977599,0.04702533969886155
1,23,-0.07323417798996205,0.07283633247643531,0.047202840004896565
1,24,-0.0733137470926674,0.07294038437997306,0.04681723589178602
1,25,-0.0733137470926674,0.07294038437997306,0.04681723589178602
1,26,-0.07318521238829721,0.07272003917248133,0.046823356591994124
1,27,-0.07327702289141877,0.07298934998163789,0.04723344350593708
1,28,-0.07327702289141877,0.07298934998163789,0.04723344350593708
1,29,-0.0731484881870486,0.07284245317664341,0.04733749540947484
1,30,-0.0731546088872567,0.07275676337372997,0.04751499571550986
1,31,-0.0731546088872567,0.07275676337372997,0.04751499571550986
1,32,-0.07317909168808912,0.0731423674868405,0.0467743909903293
1,33,-0.07316685028767292,0.07260374586852736,0.0467743909903293
1,34,-0.07316685028767292,0.07260374586852736,0.047135512302607416
1,35,-0.07321581588933775,0.07265271147019219,0.047135512302607416
1,36,-0.072995470681846,0.07276288407393806,0.04700085689802914
1,37,-0.07339331619537275,0.07287917737789204,0.04689680499449137
1,38,-0.07339331619537275,0.07287917737789204,0.04689680499449137
1,39,-0.07322805728975394,0.07281184967560289,0.047294650508018114
1,40,-0.07300771208226221,0.07296486718080548,0.046278614273472886
1,41,-0.07300771208226221,0.07296486718080548,0.046278614273472886
1,42,-0.07297098788101358,0.07274452197331374,0.04638266617701065
1,43,-0.07308116048475946,0.07284245317664341,0.04712327090219121
1,44,-0.07308116048475946,0.07284245317664341,0.04712327090219121
1,45,-0.0733076263924593,0.07290978087893255,0.047049822499693965
1,46,-0.07336883339454034,0.07300159138205412,0.046921287795323785
1,47,-0.07336883339454034,0.07322193658954584,0.04723344350593708
1,48,-0.07319745378871342,0.07322193658954584,0.04723344350593708
1,49,-0.07317297098788102,0.07260986656873546,0.0467866323907455
1,50,-0.07306279838413514,0.0726771942710246,0.046664218386583425
1,51,-0.07306279838413514,0.0726771942710246,0.046664218386583425
1,52,-0.07343616109682947,0.07292202227934876,0.04695801199657241
1,53,-0.07297098788101358,0.07300159138205412,0.04731913330885053
1,54,-0.07297098788101358,0.07300159138205412,0.04731913330885053
1,55,-0.07317909168808912,0.07278124617456237,0.04657240788346187
1,56,-0.0731607295874648,0.07252417676582201,0.04737421961072347
1,57,-0.0731607295874648,0.07252417676582201,0.04737421961072347
1,58,-0.07317909168808912,0.07281184967560289,0.04720896070510466
1,59,-0.07325866079079447,0.07260374586852736,0.0472701677071857
1,60,-0.07325866079079447,0.07275676337372997,0.047380340310931565
1,61,-0.07319133308850533,0.07275676337372997,0.047380340310931565
1,62,-0.07301995348267842,0.07284245317664341,0.046878442893867056
1,63,-0.073289264291835,0.07275676337372997,0.046890684294283266
1,64,-0.073289264291835,0.07275676337372997,0.046890684294283266
1,65,-0.07336271269433223,0.07300771208226221,0.04731301260864243
1,66,-0.07317297098788102,0.07272003917248133,0.046878442893867056
1,67,-0.07317297098788102,0.07272003917248133,0.046878442893867056
1,68,-0.07307503978455135,0.07298934998163789,0.04615620026931081
1,69,-0.07324029869017015,0.07272615987268943,0.047049822499693965
1,70,-0.07324029869017015,0.07272615987268943,0.047049822499693965
1,71,-0.07306279838413514,0.07291590157914066,0.047080426000734484
1,72,-0.07321581588933775,0.07298322928142979,0.04681111519157792
1,73,-0.07292202227934876,0.07294038437997306,0.04706818460031827
1,74,-0.07292202227934876,0.07294038437997306,0.04706818460031827
1,75,-0.07308116048475946,0.07279960827518668,0.04687232219365896
1,76,-0.07322193658954584,0.07309340188517567,0.04680499449136981
1,77,-0.07322193658954584,0.07309340188517567,0.04680499449136981
1,78,-0.07317909168808912,0.07258538376790305,0.04699473619782103
1,79,-0.07294650508018116,0.07309952258538377,0.046909046394907575
1,80,-0.07294650508018116,0.07309952258538377,0.046909046394907575
1,81,-0.07335659199412413,0.07298322928142979,0.0472701677071857
1,82,-0.07298322928142979,0.07290978087893255,0.046137838168686496
1,83,-0.07298322928142979,0.07290978087893255,0.046137838168686496
1,84,-0.073289264291835,0.07316685028767292,0.046835597992410334
1,85,-0.07310564328559187,0.07316685028767292,0.04610111396743787
1,86,-0.07301383278247031,0.07271391847227324,0.04661525278491859
1,87,-0.07301383278247031,0.07271391847227324,0.04661525278491859
1,88,-0.07328314359162688,0.07274452197331374,0.04734361610968295
1,89,-0.0733198677928755,0.07275676337372997,0.04680499449136981
1,90,-0.0733198677928755,0.07275676337372997,0.04680499449136981
1,91,-0.07325254009058636,0.07279348757497858,0.04733137470926674
1,92,-0.07320357448892154,0.07311176398579997,0.046951891296364304
1,93,-0.07320357448892154,0.07311176398579997,0.046951891296364304
1,94,-0.07306279838413514,0.07309340188517567,0.04719671930468845
1,95,-0.07338107479495655,0.0729771085812217,0.04607663116660546
1,96,-0.07338107479495655,0.0729771085812217,0.04607663116660546
1,97,-0.07327090219121067,0.072995470681846,0.046909046394907575
1,98,-0.07298322928142979,0.07313012608642429,0.04712939160239931
1,99,-0.07322193658954584,0.07292814297955687,0.047435426612804504
2,0,0.06090708777084099,-0.05935855061819072,0.027371771330640227
2,1,0.06080303586730322,-0.05971967193046884,0.02760435793854817
2,2,0.06068674256334925,-0.059603378626514866,0.02672297710858122
2,3,0.06068674256334925,-0.059603378626514866,0.02672297710858122
2,4,0.06053984575835476,-0.05970743053005264,0.027059615620026935
2,5,0.061053984575835475,-0.05947484392214469,0.027475823234177986
2,6,0.06060105276043579,-0.05949932672297711,0.027230995225853837
2,7,0.06060105276043579,-0.05949932672297711,0.027230995225853837
2,8,0.0609376912718815,-0.05939527481943935,0.027475823234177986
2,9,0.06072958746480598,-0.05951768882360142,0.027739013343126458
2,10,0.06072958746480598,-0.05951768882360142,0.027739013343126458
2,11,0.06078467376667891,-0.059689068429428324,0.027194271024605216
2,12,0.06072346676459787,-0.05966458562859591,0.02767168564083731
2,13,0.06072346676459787,-0.05966458562859591,0.02767168564083731
2,14,0.06078467376667891,-0.05938303341902314,0.027053494919818826
2,15,0.06084588076875994,-0.05946260252172848,0.02726159872689436
2,16,0.06084588076875994,-0.05946260252172848,0.02726159872689436
2,17,0.06061941486106011,-0.05985432733504713,0.027665564940629207
2,18,0.0609193291712572,-0.05977475823234178,0.027567633737299545
2,19,0.0609193291712572,-0.058207858979067204,0.02667401150691639
2,20,0.06060717346064389,-0.05941363692006365,0.02667401150691639
2,21,0.06098665687354633,-0.059744154731301256,0.027102460521483657
2,22,0.060656139062308725,-0.059572775125474355,0.02753703023625903
2,23,0.060656139062308725,-0.059572775125474355,0.02753703023625903
2,24,0.06112131227812462,-0.059891051536295745,0.027292202227934874
2,25,0.0609193291712572,-0.059713551230260745,0.027322805728975396
2,26,0.0609193291712572,-0.059713551230260745,0.027322805728975396
2,27,0.060870363569592356,-0.0598114824335904,0.027341167829599704
2,28,0.06074182886522218,-0.059542171624433836,0.027726771942710247
2,29,0.06074182886522218,-0.059542171624433836,0.027726771942710247
2,30,0.06074182886522218,-0.05948096462235279,0.02739625413147264
2,31,0.060968294772922024,-0.059646223527971595,0.027286081527726776
2,32,0.060968294772922024,-0.059646223527971595,0.027286081527726776
2,33,0.06090096707063288,-0.05973191333088505,0.027549271636675237
2,34,0.060772432366262695,-0.05941363692006365,0.027598237238340068
2,35,0.06100501897417064,-0.05952380952380952,0.026961684416697267
2,36,0.06100501897417064,-0.05952380952380952,0.026961684416697267
2,37,0.060809156567511326,-0.05984208593463092,0.027567633737299545
2,38,0.06107234667645979,-0.05989717223650386,0.027543150936467132
2,39,0.06107234667645979,-0.05989717223650386,0.027543150936467132
2,40,0.06074794956543028,-0.05931570571673399,0.027518668135634715
2,41,0.0609315705716734,-0.060031827641082135,0.02783082384624801
2,42,0.0609315705716734,-0.060031827641082135,0.02783082384624801
2,43,0.06111519157791652,-0.059529930224017626,0.027237115926061938
2,44,0.06090708777084099,-0.05950544742318521,0.02672297710858122
2,45,0.06090708777084099,-0.05950544742318521,0.02672297710858122
2,46,0.060882604970008566,-0.05949932672297711,0.027469702533969888
2,47,0.06062553556126821,-0.059682947729220226,0.027237115926061938
2,48,0.06089484637042477,-0.059585016525890565,0.027610478638756274
2,49,0.06089484637042477,-0.059585016525890565,0.027610478638756274
2,50,0.06074794956543028,-0.05979312033296609,0.027347288529807813
2,51,0.06096217407271391,-0.059585016525890565,0.027561513037091444
2,52,0.06096217407271391,-0.059585016525890565,0.027561513037091444
2,53,0.061066225976251685,-0.05970743053005264,0.027341167829599704
2,54,0.06107234667645979,-0.05949320602276901,0.027561513037091444
2,55,0.06107234667645979,-0.05949320602276901,0.027561513037091444
2,56,0.06082751866813564,-0.05960949932672298,0.02612314848818705
2,57,0.060809156567511326,-0.059725792630676955,0.026937201615864853
2,58,0.060809156567511326,-0.059725792630676955,0.026937201615864853
2,59,0.0609193291712572,-0.0598053617333823,0.027298322928142982
2,60,0.06113967437874893,-0.05987881013587955,0.027384012731056433
2,61,0.06113967437874893,-0.05987881013587955,0.02721875382543763
2,62,0.06072346676459787,-0.05956665442526625,0.02721875382543763
2,63,0.060711225364181665,-0.05950544742318521,0.026508752601297585
2,64,0.06089484637042477,-0.059725792630676955,0.02746358183376178
2,65,0.06089484637042477,-0.059725792630676955,0.02746358183376178
2,66,0.060809156567511326,-0.05998286203941731,0.0274941853348023
2,67,0.060631656261476305,-0.05971967193046884,0.027506426735218508
2,68,0.060631656261476305,-0.05971967193046884,0.027506426735218508
2,69,0.06068674256334925,-0.05973803403109316,0.027298322928142982
2,70,0.06083976006855184,-0.05949932672297711,0.02755539233688334
2,71,0.06083976006855184,-0.05949932672297711,0.02755539233688334
2,72,0.060711225364181665,-0.05947484392214469,0.02753703023625903
2,73,0.06079691516709511,-0.05975027543150937,0.02699840861794589
2,74,0.06079691516709511,-0.05975027543150937,0.02699840861794589
2,75,0.06082139796792753,-0.05985432733504713,0.027469702533969888
2,76,0.060913208471049085,-0.059468723221936595,0.02741461623209695
2,77,0.061053984575835475,-0.05960949932672298,0.027665564940629207
2,78,0.061053984575835475,-0.05960949932672298,0.027665564940629207
2,79,0.0607663116660546,-0.05966458562859591,0.027457461133553678
2,80,0.0610907087770841,-0.059713551230260745,0.02740849553188885
2,81,0.0610907087770841,-0.059713551230260745,0.02740849553188885
2,82,0.06089484637042477,-0.05979312033296609,0.027665564940629207
2,83,0.060949932672297716,-0.05930958501652589,0.026967805116905375
2,84,0.060949932672297716,-0.05930958501652589,0.026967805116905375
2,85,0.06083363936834374,-0.05931570571673399,0.027304443628351084
2,86,0.060882604970008566,-0.059297343616109686,0.027708409842085936
2,87,0.060882604970008566,-0.059297343616109686,0.027708409842085936
2,88,0.06080303586730322,-0.059713551230260745,0.026961684416697267
2,89,0.06090708777084099,-0.059425878320479866,0.027347288529807813
2,90,0.06090708777084099,-0.05955441302485004,0.027616599338964376
2,91,0.06088872567021667,-0.05955441302485004,0.027616599338964376
2,92,0.060698983963765454,-0.05945648182152038,0.02786754804749663
2,93,0.06096217407271391,-0.059725792630676955,0.02644142489900845
2,94,0.06096217407271391,-0.059725792630676955,0.02644142489900845
2,95,0.0609315705716734,-0.05947484392214469,0.02758599583792386
2,96,0.06117639857999755,-0.059425878320479866,0.027065736320235033
2,97,0.06117639857999755,-0.059425878320479866,0.027065736320235033
2,98,0.06086424286938426,-0.059327947117150205,0.027469702533969888
2,99,0.06089484637042477,-0.05924837801444486,0.02736565063043212
3,0,-0.060852001468968055,-0.04712327090219121,0.018282531521606072
3,1,-0.06113355367854082,-0.047147753703023626,0.018515118129514015
3,2,-0.06079079446688701,-0.046890684294283266,0.01869873913575713
3,3,-0.06079079446688701,-0.046890684294283266,0.01869873913575713
3,4,-0.06082751866813564,-0.04679887379116171,0.018484514628473496
3,5,-0.06104786387562737,-0.046707063288040154,0.018545721630554533
3,6,-0.06104786387562737,-0.046707063288040154,0.018545721630554533
3,7,-0.061023381074794956,-0.047062063900110175,0.018496756028889706
3,8,-0.06104174317541927,-0.04712939160239931,0.01842330762639246
3,9,-0.0610907087770841,-0.04698861549761293,0.018331497123270903
3,10,-0.0610907087770841,-0.04698861549761293,0.018331497123270903
3,11,-0.061066225976251685,-0.046792753090953605,0.018655894234300405
3,12,-0.06088872567021667,-0.04691516709511568,0.018643652833884198
3,13,-0.06088872567021667,-0.04691516709511568,0.018643652833884198
3,14,-0.060949932672297716,-0.04684171869261843,0.01840494552576815
3,15,-0.061237605582078594,-0.04671930468845636,0.018478393928265394
3,16,-0.061237605582078594,-0.04671930468845636,0.018478393928265394
3,17,-0.06106010527604357,-0.046866201493450846,0.018380462724935733
3,18,-0.0612559676827029,-0.0469396498959481,0.018582445831803157
3,19,-0.0612559676827029,-0.0469396498959481,0.018582445831803157
3,20,-0.06129269188395152,-0.046694821887623944,0.018466152527849188
3,21,-0.061151915779165136,-0.04689680499449137,0.01847227322805729
3,22,-0.0609315705716734,-0.04712939160239931,0.018588566532011262
3,23,-0.0609315705716734,-0.04712939160239931,0.018588566532011262
3,24,-0.06079691516709511,-0.04675602888970498,0.018153996817235892
3,25,-0.06103562247521116,-0.046780511690537395,0.01838658342514384
3,26,-0.06103562247521116,-0.046780511690537395,0.01838658342514384
3,27,-0.06084588076875994,-0.046909046394907575,0.018227445219733136
3,28,-0.06098053617333823,-0.04690292569469947,0.018417186926184357
3,29,-0.06098053617333823,-0.04690292569469947,0.018417186926184357
3,30,-0.061127432978332716,-0.046878442893867056,0.018815032439711103
3,31,-0.060815277267719424,-0.0469457705961562,0.018643652833884198
3,32,-0.060815277267719424,-0.0469457705961562,0.018643652833884198
3,33,-0.06098053617333823,-0.046909046394907575,0.018325376423062797
3,34,-0.06090708777084099,-0.04649283878075652,0.018307014322438486
3,35,-0.06086424286938426,-0.04698249479740482,0.018398824825560045
3,36,-0.06086424286938426,-0.04698249479740482,0.018398824825560045
3,37,-0.061170277879789445,-0.04698861549761293,0.018380462724935733
3,38,-0.06094381197208961,-0.04689680499449137,0.018502876729097808
3,39,-0.06094381197208961,-0.04689680499449137,0.018502876729097808
3,40,-0.06094381197208961,-0.04681723589178602,0.018398824825560045
3,41,-0.06113967437874893,-0.04676827029012119,0.018325376423062797
3,42,-0.06113967437874893,-0.04676827029012119,0.018325376423062797
3,43,-0.06089484637042477,-0.04702533969886155,0.018282531521606072
3,44,-0.0609193291712572,-0.046621373485126696,0.018674256334924717
3,45,-0.0609193291712572,-0.046621373485126696,0.018674256334924717
3,46,-0.06106010527604357,-0.04692740849553189,0.018496756028889706
3,47,-0.06098053617333823,-0.04688456359407516,0.0186497735340923
3,48,-0.06094381197208961,-0.04661525278491859,0.018466152527849188
3,49,-0.06094381197208961,-0.04661525278491859,0.018466152527849188
3,50,-0.060656139062308725,-0.04681723589178602,0.018270290121189865
3,51,-0.060870363569592356,-0.04684783939282654,0.018527359529930225
3,52,-0.060870363569592356,-0.04684783939282654,0.018527359529930225
3,53,-0.06089484637042477,-0.047178357204064145,0.018368221324519526
3,54,-0.06089484637042477,-0.04706818460031827,0.018398824825560045
3,55,-0.06089484637042477,-0.04706818460031827,0.018398824825560045
3,56,-0.0611029501775003,-0.046707063288040154,0.018325376423062797
3,57,-0.06107846737666789,-0.04681723589178602,0.018564083731178845
3,58,-0.06107846737666789,-0.04681723589178602,0.018564083731178845
3,59,-0.06086424286938426,-0.04685396009303464,0.018527359529930225
3,60,-0.06074182886522218,-0.047080426000734484,0.018478393928265394
3,61,-0.06112131227812462,-0.0469457705961562,0.018245807320357448
3,62,-0.06112131227812462,-0.0469457705961562,0.018245807320357448
3,63,-0.061096829477292204,-0.04698249479740482,0.018533480230138327
3,64,-0.06112131227812462,-0.046964132696780514,0.018515118129514015
3,65,-0.06112131227812462,-0.046964132696780514,0.018515118129514015
3,66,-0.06100501897417064,-0.046951891296364304,0.01839270412535194
3,67,-0.06073570816501408,-0.04698249479740482,0.018447790427224876
3,68,-0.06073570816501408,-0.04698249479740482,0.018447790427224876
3,69,-0.06088872567021667,-0.046780511690537395,0.018337617823479004
3,70,-0.060870363569592356,-0.04664585628595912,0.018502876729097808
3,71,-0.060870363569592356,-0.04664585628595912,0.018502876729097808
3,72,-0.060949932672297716,-0.04674378748928877,0.01861304933284368
3,73,-0.06072346676459787,-0.0469396498959481,0.018331497123270903
3,74,-0.0609376912718815,-0.046933529195739995,0.01853960093034643
3,75,-0.0609376912718815,-0.046933529195739995,0.01853960093034643
3,76,-0.060754070265638394,-0.046878442893867056,0.018245807320357448
3,77,-0.06104786387562737,-0.046878442893867056,0.018643652833884198
3,78,-0.06104786387562737,-0.046878442893867056,0.018643652833884198
3,79,-0.06099889827396254,-0.04701309829844534,0.018508997429305913
3,80,-0.06074794956543028,-0.04725792630676949,0.0184906353286816
3,81,-0.06074794956543028,-0.04725792630676949,0.0184906353286816
3,82,-0.060852001468968055,-0.04706818460031827,0.01861917003305178
3,83,-0.0610907087770841,-0.046866201493450846,0.018453911127432977
3,84,-0.0610907087770841,-0.046866201493450846,0.018453911127432977
3,85,-0.06101726037458686,-0.04699473619782103,0.01847227322805729
3,86,-0.060754070265638394,-0.04674990818949688,0.01826416942098176
3,87,-0.06115803647937325,-0.04689680499449137,0.018594687232219364
3,88,-0.06115803647937325,-0.04689680499449137,0.018594687232219364
3,89,-0.0611029501775003,-0.04673154608887257,0.01823356591994124
3,90,-0.0609376912718815,-0.04676827029012119,0.018453911127432977
3,91,-0.0609376912718815,-0.04676827029012119,0.018453911127432977
3,92,-0.0607663116660546,-0.04657240788346187,0.01872934263679765
3,93,-0.06087648426980047,-0.046909046394907575,0.018398824825560045
3,94,-0.06087648426980047,-0.046909046394907575,0.018398824825560045
3,95,-0.06079079446688701,-0.04679887379116171,0.018411066225976252
3,96,-0.06083363936834374,-0.046866201493450846,0.018502876729097808
3,97,-0.06083363936834374,-0.046866201493450846,0.018502876729097808
3,98,-0.06113967437874893,-0.04671318398824826,0.018337617823479004
3,99,-0.0609193291712572,-0.04685396009303464,0.01842330762639246
