values,,Magnetometer,Magnetometer,Magnetometer
axis,,x,y,z
Sensor,Sample,,,
0,0,0.03258048720773656,0.06746235769372017,-0.014383645489043948
0,1,0.032604970008568976,0.06760925449871466,-0.014995715509854327
0,2,0.032604970008568976,0.06760925449871466,-0.014995715509854327
0,3,0.03266617701065001,0.06742563349247153,-0.014738646101113967
0,4,0.032604970008568976,0.0673827885910148,-0.01421226588321704
0,5,0.032604970008568976,0.0673827885910148,-0.01421226588321704
0,6,0.03254988370669605,0.06724201248622842,-0.014555025094870852
0,7,0.03243971110295017,0.0675296853960093,-0.014279593585506182
0,8,0.03275186681356347,0.06748684049455259,-0.014469335291957399
0,9,0.03275186681356347,0.06748684049455259,-0.014469335291957399
0,10,0.032904884318766064,0.06757253029746603,-0.014187783082384626
0,11,0.032660056310441915,0.06746847839392826,-0.014297955686130492
0,12,0.032660056310441915,0.06746847839392826,-0.014297955686130492
0,13,0.032519280205655525,0.06744399559309586,-0.014463214591749296
0,14,0.03282531521606072,0.06750520259517688,-0.014450973191333089
0,15,0.03282531521606072,0.06750520259517688,-0.014450973191333089
0,16,0.03281307381564451,0.06737666789080671,-0.014297955686130492
0,17,0.03268453911127433,0.06727873668747705,-0.014065369078222548
0,18,0.03268453911127433,0.06727873668747705,-0.014065369078222548
0,19,0.03249479740482311,0.06737666789080671,-0.014769249602154486
0,20,0.03265393561023381,0.06746235769372017,-0.01418166238217652
0,21,0.03265393561023381,0.06746235769372017,-0.01418166238217652
0,22,0.03286203941730934,0.06741339209205534,-0.014720284000489655
0,23,0.03262333210919329,0.06746847839392826,-0.014102093279471173
0,24,0.032788591014812095,0.06737666789080671,-0.014450973191333089
0,25,0.032788591014812095,0.06737666789080671,-0.014450973191333089
0,26,0.03273350471293916,0.06733994368955809,-0.014493818092789814
0,27,0.032702901211898644,0.06733382298934998,-0.014071489778430651
0,28,0.032702901211898644,0.06733382298934998,-0.014071489778430651
0,29,0.03285591871710124,0.06734606438976619,-0.014640714897784308
0,30,0.032519280205655525,0.0673583057901824,-0.014659076998408618
0,31,0.032519280205655525,0.0673583057901824,-0.014659076998408618
0,32,0.032690659811482434,0.06773778920308483,-0.014346921287795324
0,33,0.03288040151793365,0.06740115069163913,-0.014444852491124986
0,34,0.03288040151793365,0.06740115069163913,-0.014444852491124986
0,35,0.032604970008568976,0.06760313379850655,-0.014126576080303588
0,36,0.03278247031460399,0.06746235769372017,-0.014444852491124986
0,37,0.03278247031460399,0.06746235769372017,-0.014444852491124986
0,38,0.0327947117150202,0.06757865099767414,-0.014383645489043948
0,39,0.032800832415228305,0.0673583057901824,-0.014157179581344107
0,40,0.032874280817725546,0.06719916758477171,-0.01408373117884686
0,41,0.032874280817725546,0.06719916758477171,-0.01408373117884686
0,42,0.032788591014812095,0.06754192679642551,-0.014248990084465663
0,43,0.032690659811482434,0.06760313379850655,-0.014506059493206023
0,44,0.032690659811482434,0.06760313379850655,-0.014506059493206023
0,45,0.032690659811482434,0.0672052882849798,-0.014071489778430651
0,46,0.03255600440690415,0.067217529685396,-0.014132696780511692
0,47,0.03255600440690415,0.067217529685396,-0.014132696780511692
0,48,0.032874280817725546,0.06754192679642551,-0.014108213979679277
0,49,0.03253764230627984,0.06745623699351205,-0.014169420981760314
0,50,0.03253764230627984,0.06745623699351205,-0.014169420981760314
0,51,0.03285591871710124,0.06743175419267963,-0.014444852491124986
0,52,0.03277634961439589,0.06748684049455259,-0.014346921287795324
0,53,0.03277634961439589,0.06748684049455259,-0.014346921287795324
0,54,0.032678418411066223,0.06718080548414739,-0.014769249602154486
0,55,0.0326355735096095,0.06762761659933897,-0.014095972579263066
0,56,0.0326355735096095,0.06762761659933897,-0.014095972579263066
0,57,0.03259272860815277,0.06735218508997429,-0.013918472273228058
0,58,0.032660056310441915,0.06762761659933897,-0.014340800587587221
0,59,0.032660056310441915,0.06762761659933897,-0.014340800587587221
0,60,0.03259884930836088,0.06746847839392826,-0.014591749296119477
0,61,0.03273350471293916,0.06744399559309586,-0.014561145795078955
0,62,0.032617211408985186,0.06760313379850655,-0.014346921287795324
0,63,0.032617211408985186,0.06760313379850655,-0.014346921287795324
0,64,0.03254376300648794,0.06746847839392826,-0.014469335291957399
0,65,0.03268453911127433,0.06746235769372017,-0.014469335291957399
0,66,0.03268453911127433,0.06746235769372017,-0.014469335291957399
0,67,0.03282531521606072,0.06749908189496878,-0.014414248990084467
0,68,0.032617211408985186,0.06764597869996328,-0.014322438486962907
0,69,0.032617211408985186,0.06764597869996328,-0.014322438486962907
0,70,0.03272738401273106,0.06745623699351205,-0.014089851879054963
0,71,0.03285591871710124,0.06734606438976619,-0.014340800587587221
0,72,0.03285591871710124,0.06734606438976619,-0.014340800587587221
0,73,0.03255600440690415,0.06756028889704982,-0.014144938180927899
0,74,0.03258048720773656,0.06733994368955809,-0.01467743909903293
0,75,0.03258048720773656,0.06733994368955809,-0.01467743909903293
0,76,0.03269678051169054,0.06748071979434447,-0.014536662994246542
0,77,0.03277634961439589,0.0671930468845636,-0.014200024482800833
0,78,0.03277634961439589,0.0671930468845636,-0.014200024482800833
0,79,0.03276410821397968,0.06748071979434447,-0.014469335291957399
0,80,0.03241522830211776,0.06744399559309586,-0.015050801811727263
0,81,0.03241522830211776,0.06744399559309586,-0.015050801811727263
0,82,0.032702901211898644,0.06727261598726894,-0.014071489778430651
0,83,0.03261109070877709,0.06756640959725793,-0.014573387195495164
0,84,0.03281307381564451,0.06735218508997429,-0.014365283388419636
0,85,0.03281307381564451,0.06735218508997429,-0.014365283388419636
0,86,0.03243971110295017,0.06729097808789325,-0.014812094503611215
0,87,0.03273350471293916,0.06751744399559309,-0.014536662994246542
0,88,0.03273350471293916,0.06751744399559309,-0.014536662994246542
0,89,0.03266617701065001,0.06733382298934998,-0.014218386583425145
0,90,0.0324825560044069,0.06739502999143102,-0.01419390378259273
0,91,0.0324825560044069,0.06739502999143102,-0.01419390378259273
0,92,0.032531521606071735,0.06737666789080671,-0.014818215203819318
0,93,0.03262333210919329,0.06773778920308483,-0.014218386583425145
0,94,0.03262333210919329,0.06773778920308483,-0.014218386583425145
0,95,0.032562125107112254,0.06737666789080671,-0.01459786999632758
0,96,0.03266617701065001,0.0675296853960093,-0.014230627983841351
0,97,0.03266617701065001,0.0675296853960093,-0.014230627983841351
0,98,0.03286203941730934,0.06757253029746603,-0.014512180193414126
0,99,0.032886522218141756,0.06718080548414739,-0.014297955686130492
1,0,-0.046566287183253764,0.07947729220222793,0.006818460031827641
1,1,-0.046688701187415846,0.07987513771575469,0.0067633737299547065
1,2,-0.046688701187415846,0.07987513771575469,0.0067633737299547065
1,3,-0.04691516709511568,0.07983229281429796,0.006567511323295384
1,4,-0.04673766678908067,0.08007712082262211,0.0068000979312033295
1,5,-0.04665809768637532,0.07993022401762762,0.006922511935365405
1,6,-0.04665809768637532,0.07993022401762762,0.006922511935365405
1,7,-0.0467743909903293,0.08005875872199779,0.006659321826416942
1,8,-0.04663361488554291,0.07964255110784674,0.007051046639735587
1,9,-0.04663361488554291,0.07964255110784674,0.007051046639735587
1,10,-0.04661525278491859,0.07997918961929244,0.006842942832660057
1,11,-0.04671318398824826,0.07981393071367364,0.006738890929122292
1,12,-0.04671318398824826,0.07981393071367364,0.006738890929122292
1,13,-0.04687232219365896,0.08014444852491125,0.006549149222671073
1,14,-0.04657240788346187,0.07947117150201984,0.007130615742440935
1,15,-0.04657240788346187,0.07947117150201984,0.007130615742440935
1,16,-0.046866201493450846,0.07985065491492227,0.007436650752846126
1,17,-0.04658464928387808,0.07984453421471416,0.007014322438486963
1,18,-0.046682580487207734,0.07985065491492227,0.0074611335536785405
1,19,-0.046682580487207734,0.07985065491492227,0.0074611335536785405
1,20,-0.046437752478883584,0.07979556861304933,0.0074244093524299185
1,21,-0.046694821887623944,0.07988125841596279,0.007534581956175787
1,22,-0.046694821887623944,0.07988125841596279,0.007534581956175787
1,23,-0.04675602888970498,0.079893499816379,0.007357081650140776
1,24,-0.04665809768637532,0.07982005141388174,0.007565185457216306
1,25,-0.04664585628595912,0.07970375810992777,0.007210184845146285
1,26,-0.04664585628595912,0.07970375810992777,0.007210184845146285
1,27,-0.04671318398824826,0.07969151670951156,0.007038805239319377
1,28,-0.04659689068429428,0.07975884441180071,0.007375443750765087
1,29,-0.04659689068429428,0.07975884441180071,0.007375443750765087
1,30,-0.0469457705961562,0.07993022401762762,0.007785530664708043
1,31,-0.04658464928387808,0.07994246541804383,0.007289753947851635
1,32,-0.04658464928387808,0.07994246541804383,0.007289753947851635
1,33,-0.04652956298200514,0.08009548292324642,0.007265271147019218
1,34,-0.04660913208471049,0.079893499816379,0.006867425633492472
1,35,-0.04673154608887257,0.08002203452074917,0.006983718937446444
1,36,-0.04673154608887257,0.08002203452074917,0.006983718937446444
1,37,-0.04657240788346187,0.07998531031950054,0.007210184845146285
1,38,-0.04664585628595912,0.07997918961929244,0.007289753947851635
1,39,-0.04664585628595912,0.07997918961929244,0.007289753947851635
1,40,-0.04654180438242135,0.07999755171991677,0.006757253029746603
1,41,-0.046688701187415846,0.07986901701554658,0.007228546945770596
1,42,-0.046688701187415846,0.07986901701554658,0.007228546945770596
1,43,-0.04663361488554291,0.07982617211408985,0.007534581956175787
1,44,-0.0467866323907455,0.08001591382054107,0.007265271147019218
1,45,-0.0467866323907455,0.08001591382054107,0.007265271147019218
1,46,-0.046707063288040154,0.08018729342636798,0.007357081650140776
1,47,-0.046664218386583425,0.07974048231117639,0.007436650752846126
1,48,-0.04674378748928877,0.08001591382054107,0.006665442526625045
1,49,-0.04674378748928877,0.08001591382054107,0.006665442526625045
1,50,-0.046462235279716005,0.07983841351450606,0.007381564450973191
1,51,-0.04671930468845636,0.07975272371159262,0.0072713918472273225
1,52,-0.04671930468845636,0.07975272371159262,0.0072713918472273225
1,53,-0.04667645978699963,0.07981393071367364,0.007430530052638022
1,54,-0.04679887379116171,0.07994858611825192,0.007399926551597502
1,55,-0.04679887379116171,0.07994858611825192,0.007399926551597502
1,56,-0.04670094258783205,0.07999755171991677,0.0074611335536785405
1,57,-0.04681111519157792,0.0797466030113845,0.007130615742440935
1,58,-0.04681111519157792,0.0797466030113845,0.007130615742440935
1,59,-0.046682580487207734,0.07977720651242502,0.007124495042232832
1,60,-0.0467866323907455,0.08000367242012486,0.007032684539111274
1,61,-0.04672542538866446,0.0800403966213735,0.007344840249724568
1,62,-0.04672542538866446,0.0800403966213735,0.007344840249724568
1,63,-0.046792753090953605,0.08012608642428694,0.007491737054719059
1,64,-0.046535683682213246,0.07967927530909537,0.007577426857632514
1,65,-0.046535683682213246,0.07967927530909537,0.007577426857632514
1,66,-0.04660301138450239,0.07975272371159262,0.007773289264291836
1,67,-0.046407148977843066,0.07987513771575469,0.006898029134532991
1,68,-0.046407148977843066,0.07987513771575469,0.006898029134532991
1,69,-0.046835597992410334,0.07997306891908434,0.006891908434324886
1,70,-0.04667645978699963,0.07999143101970865,0.0074611335536785405
1,71,-0.04667645978699963,0.07999143101970865,0.0074611335536785405
1,72,-0.046780511690537395,0.0800403966213735,0.007528461255967683
1,73,-0.046639735585751005,0.07978332721263312,0.007344840249724568
1,74,-0.04674378748928877,0.07966091320847105,0.007393805851389398
1,75,-0.04674378748928877,0.07966091320847105,0.007393805851389398
1,76,-0.04682947729220223,0.07978944791284123,0.006757253029746603
1,77,-0.04684171869261843,0.07988125841596279,0.006702166727873669
1,78,-0.04684171869261843,0.07988125841596279,0.006702166727873669
1,79,-0.046707063288040154,0.08004651732158159,0.007240788346186804
1,80,-0.04659076998408618,0.07964867180805484,0.0065919941241278
1,81,-0.04659076998408618,0.07964867180805484,0.0065919941241278
1,82,-0.04673154608887257,0.07994246541804383,0.007265271147019218
1,83,-0.04664585628595912,0.08010772432366263,0.007069408740359898
1,84,-0.04664585628595912,0.08010772432366263,0.007069408740359898
1,85,-0.04675602888970498,0.079893499816379,0.00705716733994369
1,86,-0.046694821887623944,0.0800403966213735,0.006965356836822133
1,87,-0.04660913208471049,0.07950789570326845,0.007167339943689557
1,88,-0.04660913208471049,0.07950789570326845,0.007167339943689557
1,89,-0.04667033908679153,0.08007712082262211,0.007301995348267842
1,90,-0.04667645978699963,0.08002203452074917,0.007210184845146285
1,91,-0.04667645978699963,0.08002203452074917,0.007210184845146285
1,92,-0.0467743909903293,0.07984453421471416,0.007546823356591995
1,93,-0.046707063288040154,0.07994246541804383,0.0067633737299547065
1,94,-0.046707063288040154,0.07994246541804383,0.0067633737299547065
1,95,-0.04671318398824826,0.07992410331741952,0.007546823356591995
1,96,-0.04670094258783205,0.07969151670951156,0.007559064757008202
1,97,-0.04670094258783205,0.07969151670951156,0.007559064757008202
1,98,-0.046554045782837554,0.0800648794222059,0.007320357448892154
1,99,-0.04692740849553189,0.07978944791284123,0.007253029746603011
2,0,0.14409352429917982,-0.08041988003427593,0.09214714163300282
2,1,0.14409352429917982,-0.08041988003427593,0.09214714163300282
2,2,0.1440506793977231,-0.08075651854572163,0.09398335169543395
2,3,0.14393438609376913,-0.0807014322438487,0.0934018851756641
2,4,0.14393438609376913,-0.0807014322438487,0.0934018851756641
2,5,0.14415473130126086,-0.0807259150446811,0.09290610845880769
2,6,0.1438731790916881,-0.0803709144326111,0.09384869629085567
2,7,0.1438731790916881,-0.0803709144326111,0.09384869629085567
2,8,0.14399559309585017,-0.08089729465050802,0.09457093891541193
2,9,0.14395886889460155,-0.08093401885175663,0.09391602399314482
2,10,0.14384869629085567,-0.0802301383278247,0.09396498959480964
2,11,0.14384869629085567,-0.0802301383278247,0.09396498959480964
2,12,0.14385481699106378,-0.08064022524176766,0.09378136858856653
2,13,0.1435793854816991,-0.08076875994613783,0.09255110784673767
2,14,0.1435793854816991,-0.08076875994613783,0.09255110784673767
2,15,0.14385481699106378,-0.08065246664218387,0.09223283143591628
2,16,0.14378748928877463,-0.08063410454155956,0.09292447055943201
2,17,0.14378748928877463,-0.08063410454155956,0.09292447055943201
2,18,0.1437568857877341,-0.08058513893989473,0.09349369567878565
2,19,0.14400171379605825,-0.08076263924592973,0.09190231362467867
2,20,0.14400171379605825,-0.08076263924592973,0.09190231362467867
2,21,0.14397723099522586,-0.08073203574488921,0.09263679764965112
2,22,0.1436956787856531,-0.08074427714530542,0.09382421349002326
2,23,0.1437262822866936,-0.08039539723344351,0.09387317909168809
2,24,0.1437262822866936,-0.08039539723344351,0.09387317909168809
2,25,0.1439037825927286,-0.08046884563594076,0.09385481699106378
2,26,0.14379360998898275,-0.08062186314114335,0.09271636675235648
2,27,0.14379360998898275,-0.08062186314114335,0.09271636675235648
2,28,0.1436956787856531,-0.08100134655404578,0.09413636920063655
2,29,0.1437568857877341,-0.08076875994613783,0.09414248990084466
2,30,0.1439221446933529,-0.080719794344473,0.09346921287795323
2,31,0.1439221446933529,-0.080719794344473,0.09346921287795323
2,32,0.1440751621985555,-0.08062798384135145,0.09363447178357204
2,33,0.14382421349002325,-0.08030358673032195,0.0948769739258171
2,34,0.14382421349002325,-0.08030358673032195,0.0948769739258171
2,35,0.1435671440812829,-0.0805606561390623,0.09458318031582813
2,36,0.1439037825927286,-0.0807259150446811,0.09375688578773411
2,37,0.1439037825927286,-0.0807259150446811,0.09375688578773411
2,38,0.14379360998898275,-0.08093401885175663,0.092453176643408
2,39,0.1440261965968907,-0.08111763985799976,0.09428938670583915
2,40,0.1440261965968907,-0.08111763985799976,0.09428938670583915
2,41,0.14383645489043945,-0.08074427714530542,0.09391602399314482
2,42,0.1438976618925205,-0.08048108703635695,0.09299179826172113
2,43,0.1438976618925205,-0.07997306891908434,0.09164524421593831
2,44,0.14361610968294775,-0.08075651854572163,0.09164524421593831
2,45,0.14403231729709878,-0.08082996694821888,0.09278981515485371
2,46,0.14396498959480966,-0.080719794344473,0.09252662504590525
2,47,0.14396498959480966,-0.080719794344473,0.09252662504590525
2,48,0.14384257559064756,-0.08068919084343248,0.09495654302852247
2,49,0.14381809278981514,-0.08045048353531645,0.09403843799730689
2,50,0.14381809278981514,-0.08045048353531645,0.09403843799730689
2,51,0.14368343738523687,-0.08089729465050802,0.09391602399314482
2,52,0.14395274819439344,-0.08046272493573264,0.09380585138939894
2,53,0.14395274819439344,-0.08046272493573264,0.09380585138939894
2,54,0.1437385236871098,-0.08101358795446198,0.09272860815277267
2,55,0.14391602399314482,-0.08043212143469212,0.0938854204921043
2,56,0.14391602399314482,-0.08043212143469212,0.0938854204921043
2,57,0.14383645489043945,-0.08057289753947852,0.09381809278981515
2,58,0.1437385236871098,-0.080719794344473,0.09334067817358306
2,59,0.14385481699106378,-0.08062186314114335,0.09297955686130494
2,60,0.14385481699106378,-0.08062186314114335,0.09297955686130494
2,61,0.1440384379973069,-0.0807259150446811,0.09344473007712081
2,62,0.14375076508752602,-0.08081160484759456,0.0921165381319623
2,63,0.14375076508752602,-0.08081160484759456,0.0921165381319623
2,64,0.14397723099522586,-0.08058513893989473,0.09384257559064757
2,65,0.1437446443873179,-0.08078712204676215,0.09316317786754805
2,66,0.1437446443873179,-0.08078712204676215,0.09316317786754805
2,67,0.14392826539356102,-0.08051169053739747,0.09366507528461257
2,68,0.14410576569959604,-0.08022401762761659,0.09368955808544498
2,69,0.14410576569959604,-0.08022401762761659,0.09368955808544498
2,70,0.14396498959480966,-0.08048720773656506,0.09422205900355
2,71,0.14395274819439344,-0.08063410454155956,0.09225731423674868
2,72,0.14395274819439344,-0.08063410454155956,0.09382421349002326
2,73,0.1439221446933529,-0.08050556983718937,0.09329783327212633
2,74,0.14427714530542296,-0.08098298445342147,0.09255722854694577
2,75,0.14391602399314482,-0.0803709144326111,0.09366507528461257
2,76,0.14391602399314482,-0.0803709144326111,0.09366507528461257
2,77,0.1440200758966826,-0.08057901823968662,0.09348145427836944
2,78,0.1437079201860693,-0.0805484147386461,0.09345085077732893
2,79,0.1437079201860693,-0.0805484147386461,0.09345085077732893
2,80,0.1440751621985555,-0.08068307014322439,0.09392826539356103
2,81,0.14397723099522586,-0.08065858734239198,0.09486473252540091
2,82,0.14397723099522586,-0.08065858734239198,0.09486473252540091
2,83,0.1435793854816991,-0.08059125964010283,0.0934080058758722
2,84,0.1437630064879422,-0.0808850532500918,0.09386705839147999
2,85,0.1437630064879422,-0.0808850532500918,0.09386705839147999
2,86,0.1438609376912719,-0.08060962174072714,0.09139429550740605
2,87,0.14386705839148,-0.08093401885175663,0.09413636920063655
2,88,0.14376912718815033,-0.08082384624801078,0.09307748806463459
2,89,0.14376912718815033,-0.08082384624801078,0.09307748806463459
2,90,0.14400783449626636,-0.08060962174072714,0.09353654058024238
2,91,0.14411800710001224,-0.08083608764842698,0.09355490268086669
2,92,0.14411800710001224,-0.08083608764842698,0.09355490268086669
2,93,0.1438792997918962,-0.0807259150446811,0.09375688578773411
2,94,0.14384869629085567,-0.08065246664218387,0.09346921287795323
2,95,0.14384869629085567,-0.08065246664218387,0.09346921287795323
2,96,0.14386705839148,-0.08074427714530542,0.09376300648794222
2,97,0.14392826539356102,-0.08067082874280818,0.09474231852123884
2,98,0.14392826539356102,-0.08067082874280818,0.09474231852123884
2,99,0.14416085200146897,-0.08052393193781368,0.09376912718815032
3,0,-0.1281307381564451,-0.053519402619659685,0.06124372628228669
3,1,-0.12810625535561268,-0.05324397111029502,0.061011139674378746
3,2,-0.12833272126331252,-0.053329660913208475,0.06102950177500306
3,3,-0.12833272126331252,-0.053329660913208475,0.06102950177500306
3,4,-0.1279715999510344,-0.05366629942465419,0.061023381074794956
3,5,-0.128124617456237,-0.053960093034643164,0.06118251928020566
3,6,-0.128124617456237,-0.053960093034643164,0.06118251928020566
3,7,-0.12786754804749662,-0.05355000612070021,0.06108458807687599
3,8,-0.1278369445464561,-0.053329660913208475,0.061151915779165136
3,9,-0.1278369445464561,-0.053329660913208475,0.061151915779165136
3,10,-0.12789203084832906,-0.053427592116538136,0.06107846737666789
3,11,-0.12787978944791284,-0.05360509242257314,0.060968294772922024
3,12,-0.12795323785041007,-0.05344595421716244,0.06103562247521116
3,13,-0.12795323785041007,-0.05344595421716244,0.06103562247521116
3,14,-0.12815522095727752,-0.0535438854204921,0.0611029501775003
3,15,-0.12786754804749662,-0.05375810992777573,0.061372260986656865
3,16,-0.12786754804749662,-0.05375810992777573,0.061372260986656865
3,17,-0.12788591014812095,-0.05347655771820296,0.06131717468478394
3,18,-0.12793487574978576,-0.0535438854204921,0.061353898886032564
3,19,-0.12793487574978576,-0.0535438854204921,0.061353898886032564
3,20,-0.12783082384624803,-0.053660178724446075,0.06111519157791652
3,21,-0.12822866935977476,-0.05364181662382177,0.06117639857999755
3,22,-0.12827763496143957,-0.053672420124862286,0.061011139674378746
3,23,-0.12827763496143957,-0.053672420124862286,0.061011139674378746
3,24,-0.12799608275186683,-0.053421471416330024,0.061451830089362225
3,25,-0.1282898763618558,-0.05351328191945158,0.06110907087770841
3,26,-0.1282898763618558,-0.05351328191945158,0.06110907087770841
3,27,-0.12776961684416696,-0.05365405802423797,0.06113355367854082
3,28,-0.12781246174562372,-0.05378259272860815,0.06128657118374342
3,29,-0.12781246174562372,-0.05378259272860815,0.06128657118374342
3,30,-0.12794711715020196,-0.05345207491737055,0.06115803647937325
3,31,-0.12791039294895337,-0.053537764720284,0.06128045048353532
3,32,-0.12803280695311542,-0.05359285102215694,0.061170277879789445
3,33,-0.12803280695311542,-0.05359285102215694,0.061170277879789445
3,34,-0.12802056555269922,-0.05365405802423797,0.06102950177500306
3,35,-0.12799608275186683,-0.05375810992777573,0.0611029501775003
3,36,-0.12799608275186683,-0.05375810992777573,0.0611029501775003
3,37,-0.12809401395519648,-0.05364181662382177,0.06126208838291101
3,38,-0.12795323785041007,-0.05358060962174073,0.06118863998041376
3,39,-0.12795323785041007,-0.05358060962174073,0.06118863998041376
3,40,-0.12800220345207491,-0.05350716121924348,0.06113967437874893
3,41,-0.12806953115436406,-0.05339698861549761,0.06120088138082996
3,42,-0.12806953115436406,-0.05339698861549761,0.06120088138082996
3,43,-0.12797772065124252,-0.05372138572652711,0.061194760680621865
3,44,-0.12798996205165872,-0.05359897172236504,0.06113967437874893
3,45,-0.12792875504957768,-0.053672420124862286,0.06129269188395152
3,46,-0.12792875504957768,-0.053672420124862286,0.06129269188395152
3,47,-0.12805728975394787,-0.05348267841841107,0.06117639857999755
3,48,-0.12802056555269922,-0.05389888603256212,0.06136001958624067
3,49,-0.12802056555269922,-0.05389888603256212,0.06136001958624067
3,50,-0.1282898763618558,-0.05397845513526748,0.06124984698249479
3,51,-0.12791039294895337,-0.05351328191945158,0.061268209083119106
3,52,-0.12791039294895337,-0.05351328191945158,0.061268209083119106
3,53,-0.12791651364916146,-0.05368466152527849,0.06108458807687599
3,54,-0.12795935855061819,-0.05365405802423797,0.0612559676827029
3,55,-0.12795935855061819,-0.05365405802423797,0.0612559676827029
3,56,-0.12781246174562372,-0.053458195617578655,0.06124372628228669
3,57,-0.12815522095727752,-0.05378871342881626,0.06123148488187049
3,58,-0.12810013465540457,-0.053562247521116414,0.06099889827396254
3,59,-0.12810013465540457,-0.053562247521116414,0.06099889827396254
3,60,-0.12795323785041007,-0.05348267841841107,0.06138450238707308
3,61,-0.12770840984208592,-0.05358673032194883,0.06134777818582445
3,62,-0.12770840984208592,-0.05358673032194883,0.06134777818582445
3,63,-0.12795935855061819,-0.053360264414248994,0.06118251928020566
3,64,-0.128124617456237,-0.053703023625902804,0.06132941608520015
3,65,-0.128124617456237,-0.053703023625902804,0.06132941608520015
3,66,-0.12808177255478026,-0.05355000612070021,0.061311053984575835
3,67,-0.12800220345207491,-0.05346431631778675,0.0609193291712572
3,68,-0.12800220345207491,-0.05346431631778675,0.0609193291712572
3,69,-0.1280144448524911,-0.05335414371404089,0.06128045048353532
3,70,-0.12810625535561268,-0.05362345452319746,0.06099889827396254
3,71,-0.12807565185457218,-0.05384992043089729,0.061421226588321706
3,72,-0.12807565185457218,-0.05384992043089729,0.061421226588321706
3,73,-0.12803892765332353,-0.05358060962174073,0.06113967437874893
3,74,-0.1283266005631044,-0.05355612682090831,0.06113355367854082
3,75,-0.1283266005631044,-0.05355612682090831,0.06113355367854082
3,76,-0.12794711715020196,-0.053678540825070384,0.06117639857999755
3,77,-0.12792875504957768,-0.05362345452319746,0.06118863998041376
3,78,-0.12792875504957768,-0.05362345452319746,0.06118863998041376
3,79,-0.1281613416574856,-0.05361121312278124,0.06103562247521116
3,80,-0.12790427224874526,-0.05358060962174073,0.061513037091443255
3,81,-0.12790427224874526,-0.05358060962174073,0.061513037091443255
3,82,-0.12804504835353164,-0.05358060962174073,0.06133553678540825
3,83,-0.1281368588566532,-0.0537091443261109,0.061213122781246174
3,84,-0.1281368588566532,-0.053776472028400045,0.06108458807687599
3,85,-0.1278002203452075,-0.053776472028400045,0.06108458807687599
3,86,-0.12803280695311542,-0.053733627126943316,0.061237605582078594
3,87,-0.12803280695311542,-0.053917248133186435,0.06118251928020566
3,88,-0.12803280695311542,-0.053917248133186435,0.06118251928020566
3,89,-0.12802056555269922,-0.0536969029256947,0.06113967437874893
3,90,-0.12811849675602888,-0.053703023625902804,0.06103562247521116
3,91,-0.12811849675602888,-0.053703023625902804,0.06103562247521116
3,92,-0.12788591014812095,-0.05361733382298935,0.06115803647937325
3,93,-0.12792263434936957,-0.05359897172236504,0.06132329538499204
3,94,-0.12792263434936957,-0.05359897172236504,0.06132329538499204
3,95,-0.12807565185457218,-0.05372138572652711,0.061011139674378746
3,96,-0.1276716856408373,-0.05315828130738156,0.06126208838291101
3,97,-0.12799608275186683,-0.05334190231362468,0.06121924348145428
3,98,-0.12799608275186683,-0.05334190231362468,0.06121924348145428
3,99,-0.12805728975394787,-0.05368466152527849,0.06103562247521116
