values,,Magnetometer,Magnetometer,Magnetometer
axis,,x,y,z
Sensor,Sample,,,
0,0,0.05591871710123638,0.07505202595176888,0.01595054474231852
0,1,0.05579018239686621,0.07519280205655528,0.015564940629207982
0,2,0.055979924103317424,0.07499081894968784,0.015748561635451096
0,3,0.055979924103317424,0.07499081894968784,0.015748561635451096
0,4,0.05586975149957155,0.07496021544864732,0.015289509119843312
0,5,0.05586363079936345,0.07516831925572286,0.015307871220467622
0,6,0.055839147998531034,0.07521116415717957,0.015479250826294528
0,7,0.055839147998531034,0.07521116415717957,0.015479250826294528
0,8,0.05571673399436896,0.07500306035010405,0.015056922511935366
0,9,0.05606561390623087,0.07521728485738768,0.015026319010894846
0,10,0.05606561390623087,0.07521728485738768,0.015026319010894846
0,11,0.05597380340310931,0.07496021544864732,0.015509854327335046
0,12,0.05586975149957155,0.07526625045905252,0.01535071612192435
0,13,0.05586975149957155,0.07526625045905252,0.01535071612192435
0,14,0.0559309585016526,0.0752417676582201,0.015216060717346064
0,15,0.05588811360019587,0.07484392214469335,0.015405802423797282
0,16,0.05588811360019587,0.07484392214469335,0.015405802423797282
0,17,0.05599216550373363,0.07498469824947974,0.014824335904027422
0,18,0.05603501040519036,0.07509487085322561,0.014977353409230015
0,19,0.05603501040519036,0.07509487085322561,0.014977353409230015
0,20,0.05566776839270412,0.0750765087526013,0.01532011262088383
0,21,0.05581466519769862,0.07513771575468234,0.014793732402986901
0,22,0.05581466519769862,0.07513771575468234,0.014793732402986901
0,23,0.05577182029624189,0.0750765087526013,0.014799853103195005
0,24,0.055937079201860695,0.07496021544864732,0.01519157791651365
0,25,0.055937079201860695,0.07496021544864732,0.01519157791651365
0,26,0.05582078589790672,0.07535194026196597,0.015265026319010893
0,27,0.05591871710123638,0.07503978455135267,0.015356836822132453
0,28,0.05591871710123638,0.07503366385114457,0.015546578528583672
0,29,0.05602888970498225,0.07503366385114457,0.015546578528583672
0,30,0.05577794099644999,0.07498469824947974,0.014885542906108459
0,31,0.0559493206022769,0.07509487085322561,0.015601664830456604
0,32,0.0559493206022769,0.07509487085322561,0.015601664830456604
0,33,0.055967682702901214,0.0754009058636308,0.015185457216305546
0,34,0.055784061696658095,0.07497857754927165,0.015558819928999879
0,35,0.055784061696658095,0.07497857754927165,0.015558819928999879
0,36,0.0559493206022769,0.07502142245072836,0.01520994001713796
0,37,0.05598604480352552,0.0750826294528094,0.015252784918594687
0,38,0.05598604480352552,0.0750826294528094,0.015252784918594687
0,39,0.055943199902068794,0.07503366385114457,0.015014077610478637
0,40,0.05585138939894724,0.07513771575468234,0.014946749908189496
0,41,0.05585138939894724,0.07513771575468234,0.014946749908189496
0,42,0.05586975149957155,0.07542538866446322,0.015289509119843312
0,43,0.05567388909291223,0.07495409474843923,0.015485371526502631
0,44,0.05567388909291223,0.07495409474843923,0.015485371526502631
0,45,0.05588811360019587,0.07502754315093647,0.014903905006732771
0,46,0.05583302729832292,0.07542538866446322,0.015552699228791775
0,47,0.05583302729832292,0.07542538866446322,0.015552699228791775
0,48,0.055881992899987756,0.07521116415717957,0.015601664830456604
0,49,0.05572897539478516,0.07512547435426613,0.0149528706083976
0,50,0.05572897539478516,0.07512547435426613,0.015393561023381075
0,51,0.055692251193536546,0.07529073325988493,0.015393561023381075
0,52,0.05599216550373363,0.0750765087526013,0.015387440323172972
0,53,0.055839147998531034,0.07510711225364182,0.015460888725670216
0,54,0.055839147998531034,0.07510711225364182,0.015460888725670216
0,55,0.05625535561268209,0.07528461255967682,0.015222181417554168
0,56,0.05591871710123638,0.07516219855551474,0.015136491614640715
0,57,0.05591871710123638,0.07516219855551474,0.015136491614640715
0,58,0.05591259640102828,0.07487452564573387,0.01536907822254866
0,59,0.055881992899987756,0.0749296119476068,0.01520994001713796
0,60,0.055881992899987756,0.0749296119476068,0.01520994001713796
0,61,0.055796303097074305,0.0752478883584282,0.015460888725670216
0,62,0.05596156200269311,0.0750887501530175,0.015430285224629697
0,63,0.05596156200269311,0.0750887501530175,0.015430285224629697
0,64,0.05589423430040397,0.07529073325988493,0.014818215203819318
0,65,0.055765699596033794,0.07514995715509855,0.015197698616721753
0,66,0.055765699596033794,0.07514995715509855,0.015197698616721753
0,67,0.055857510099155336,0.07518056065613907,0.015411923124005387
0,68,0.055881992899987756,0.07511323295384992,0.015491492226710734
0,69,0.055881992899987756,0.07511323295384992,0.015491492226710734
0,70,0.05564940629207982,0.07506426735218509,0.015136491614640715
0,71,0.055881992899987756,0.07529073325988493,0.01509364671318399
0,72,0.055924837801444485,0.07513771575468234,0.015405802423797282
0,73,0.055924837801444485,0.07513771575468234,0.015405802423797282
0,74,0.055937079201860695,0.07521728485738768,0.01525890561880279
0,75,0.05586975149957155,0.07521116415717957,0.014940629207981393
0,76,0.05586975149957155,0.07521116415717957,0.014940629207981393
0,77,0.055998286203941726,0.07510711225364182,0.01520994001713796
0,78,0.05587587219977965,0.07516219855551474,0.015105888113600197
0,79,0.05587587219977965,0.07516219855551474,0.015105888113600197
0,80,0.05591259640102828,0.07519280205655528,0.015228302117762271
0,81,0.05605337250581467,0.07532133676092545,0.015503733627126943
0,82,0.05605337250581467,0.07532133676092545,0.015503733627126943
0,83,0.05602276900477414,0.07512547435426613,0.015075284612559678
0,84,0.05602276900477414,0.07513159505447423,0.015154853715265027
0,85,0.05602276900477414,0.07513159505447423,0.015154853715265027
0,86,0.056181907210184845,0.07514995715509855,0.01536907822254866
0,87,0.05584526869873914,0.07503978455135267,0.015271147019218997
0,88,0.05584526869873914,0.07503978455135267,0.015271147019218997
0,89,0.055839147998531034,0.07496633614885542,0.015699596033786265
0,90,0.055881992899987756,0.0753886644632146,0.015185457216305546
0,91,0.055881992899987756,0.0753886644632146,0.015185457216305546
0,92,0.05583302729832292,0.07507038805239319,0.015650630432121435
0,93,0.05606561390623087,0.07500306035010405,0.015540457828375567
0,94,0.05579018239686621,0.07509487085322561,0.015295629820051415
0,95,0.05579018239686621,0.07509487085322561,0.015295629820051415
0,96,0.05588811360019587,0.07510711225364182,0.01469580119965724
0,97,0.0561145795078957,0.07532745746113355,0.01519157791651365
0,98,0.0561145795078957,0.07532745746113355,0.01519157791651365
0,99,0.05620026931080916,0.07531521606071735,0.015522095727751256
1,0,-0.06779899620516587,0.08300893622230383,0.029458930101603626
1,1,-0.06779899620516587,0.08300893622230383,0.029458930101603626
1,2,-0.06771330640225241,0.08348635083853592,0.029893499816378993
1,3,-0.06787856530787122,0.08361488554290611,0.029862896315338477
1,4,-0.06791528950911985,0.08352307503978455,0.029807810013465542
1,5,-0.06791528950911985,0.08352307503978455,0.029807810013465542
1,6,-0.06782347900599829,0.08340066103562246,0.029789447912841226
1,7,-0.06773166850287674,0.0832660056310442,0.029838413514506057
1,8,-0.06773166850287674,0.0832660056310442,0.029838413514506057
1,9,-0.0678418411066226,0.08357204064144938,0.029807810013465542
1,10,-0.06754192679642551,0.08323540213000367,0.029685396009303467
1,11,-0.06754192679642551,0.08323540213000367,0.029685396009303467
1,12,-0.06762761659933897,0.08337005753458196,0.02970987881013588
1,13,-0.06787244460766312,0.08365160974415473,0.0295813441057657
1,14,-0.06787244460766312,0.08365160974415473,0.0295813441057657
1,15,-0.06765822010037949,0.08355979924103317,0.02994858611825193
1,16,-0.0676827029012119,0.08355367854082507,0.029911861917003308
1,17,-0.06786020320724691,0.08367609254498715,0.029734361610968298
1,18,-0.06786020320724691,0.08367609254498715,0.029734361610968298
1,19,-0.06798261721140898,0.0829660913208471,0.029593585506181908
1,20,-0.06771942710246051,0.08297833272126331,0.02975884441180071
1,21,-0.06771942710246051,0.08297833272126331,0.02975884441180071
1,22,-0.06779287550495777,0.08362712694332232,0.029844534214714162
1,23,-0.06781735830579019,0.08362100624311422,0.029813930713673643
1,24,-0.06781735830579019,0.08362100624311422,0.029813930713673643
1,25,-0.06787244460766312,0.0834251438364549,0.0299057412167952
1,26,-0.06782347900599829,0.08304566042355246,0.02948953360264414
1,27,-0.06782347900599829,0.08304566042355246,0.02948953360264414
1,28,-0.06792141020932795,0.08340678173583058,0.029844534214714162
1,29,-0.06764597869996328,0.0834435059370792,0.029373240298690168
1,30,-0.06759701309829844,0.0834496266372873,0.029373240298690168
1,31,-0.06759701309829844,0.0834496266372873,0.029373240298690168
1,32,-0.06773166850287674,0.08315583302729831,0.02977720651242502
1,33,-0.06756028889704982,0.0834251438364549,0.029367119598482067
1,34,-0.06756028889704982,0.0834251438364549,0.029367119598482067
1,35,-0.06776839270412535,0.0834251438364549,0.03013220712449504
1,36,-0.06788468600807931,0.08294160852001468,0.029611947606806216
1,37,-0.06788468600807931,0.08294160852001468,0.029611947606806216
1,38,-0.06765209940017139,0.0834373852368711,0.030009793120332966
1,39,-0.06792141020932795,0.08331497123270902,0.029538499204308972
1,40,-0.06792141020932795,0.08331497123270902,0.029538499204308972
1,41,-0.06787856530787122,0.0834496266372873,0.0298996205165871
1,42,-0.06745011629330395,0.08349859223895215,0.02906720528828498
1,43,-0.06771942710246051,0.08329048843187661,0.029593585506181908
1,44,-0.06771942710246051,0.08329048843187661,0.029593585506181908
1,45,-0.06762761659933897,0.08345574733749542,0.02948953360264414
1,46,-0.06761537519892276,0.0834435059370792,0.02948953360264414
1,47,-0.06761537519892276,0.0834435059370792,0.02948953360264414
1,48,-0.06781123760558208,0.08291100501897417,0.02943444730077121
1,49,-0.06779287550495777,0.08350471293916024,0.02934875749785775
1,50,-0.06779287550495777,0.08350471293916024,0.02934875749785775
1,51,-0.06768882360142,0.08309462602521729,0.02961806830701432
1,52,-0.06773778920308483,0.08351083363936834,0.029985310319500552
1,53,-0.06773778920308483,0.08351083363936834,0.029985310319500552
1,54,-0.0675235646958012,0.0832843677316685,0.0298996205165871
1,55,-0.06763985799975517,0.08347410943811973,0.029844534214714162
1,56,-0.06781123760558208,0.08327824703146039,0.029722120210552087
1,57,-0.06781123760558208,0.08327824703146039,0.029722120210552087
1,58,-0.06767046150079568,0.08319255722854695,0.029942465418043823
1,59,-0.0675235646958012,0.08318643652833885,0.02936099889827396
1,60,-0.0675235646958012,0.08318643652833885,0.02936099889827396
1,61,-0.06767046150079568,0.08318643652833885,0.029562982005141385
1,62,-0.06778675480474966,0.0832843677316685,0.0298996205165871
1,63,-0.06778675480474966,0.0832843677316685,0.0298996205165871
1,64,-0.06763373729954707,0.08347410943811973,0.029979189619292447
1,65,-0.06757865099767414,0.083137470926674,0.029966948218876237
1,66,-0.06757865099767414,0.083137470926674,0.029966948218876237
1,67,-0.06785408250703881,0.0832843677316685,0.02975884441180071
1,68,-0.06773166850287674,0.08338229893499817,0.029850654914922264
1,69,-0.06797037581099277,0.08337617823479006,0.029930224017627616
1,70,-0.06797037581099277,0.08337617823479006,0.029930224017627616
1,71,-0.06778675480474966,0.08346186803770352,0.02963030970743053
1,72,-0.06751744399559309,0.08340066103562246,0.02939160239931448
1,73,-0.06751744399559309,0.08340066103562246,0.02939160239931448
1,74,-0.06783572040641449,0.08339454033541437,0.029587464805973802
1,75,-0.06776227200391724,0.08368833394540336,0.029409964499938795
1,76,-0.06776227200391724,0.08368833394540336,0.029409964499938795
1,77,-0.06771942710246051,0.08337617823479006,0.02948341290243604
1,78,-0.0678418411066226,0.08339454033541437,0.02966703390867915
1,79,-0.06762761659933897,0.08341290243603869,0.02977720651242502
1,80,-0.06762761659933897,0.08341290243603869,0.02977720651242502
1,81,-0.06771942710246051,0.08349859223895215,0.029336516097441544
1,82,-0.06766434080058759,0.08329660913208471,0.029966948218876237
1,83,-0.06766434080058759,0.08329660913208471,0.029966948218876237
1,84,-0.06765822010037949,0.08309462602521729,0.0292630676949443
1,85,-0.06753580609621741,0.0837679030481087,0.029183498592238954
1,86,-0.06753580609621741,0.0837679030481087,0.029183498592238954
1,87,-0.06774390990329293,0.08339454033541437,0.029764965112008813
1,88,-0.06778675480474966,0.08355367854082507,0.029697637409719674
1,89,-0.06778675480474966,0.08355367854082507,0.029697637409719674
1,90,-0.06756640959725793,0.08337617823479006,0.03000367242012486
1,91,-0.06772554780266862,0.08354143714040886,0.03004651732158159
1,92,-0.06743787489288774,0.08332721263312523,0.029477292202227934
1,93,-0.06743787489288774,0.08332721263312523,0.029477292202227934
1,94,-0.06775615130370914,0.08337005753458196,0.029458930101603626
1,95,-0.0676949443016281,0.08361488554290611,0.02996082751866814
1,96,-0.0676949443016281,0.08361488554290611,0.02996082751866814
1,97,-0.06773166850287674,0.08349247153874403,0.02972824091076019
1,98,-0.06764597869996328,0.08325376423062798,0.02969151670951157
1,99,-0.06764597869996328,0.08325376423062798,0.02969151670951157
2,0,0.08976618925205043,-0.07710858122169176,0.048818704859835964
2,1,0.08976618925205043,-0.07710858122169176,0.048818704859835964
2,2,0.08943567144081283,-0.07744521973313748,0.048414738646101116
2,3,0.08950299914310197,-0.07753703023625903,0.04880646345941976
2,4,0.0895458440445587,-0.07731668502876729,0.04874525645733872
2,5,0.0895458440445587,-0.07731668502876729,0.04874525645733872
2,6,0.08935610233810748,-0.07756151303709144,0.048684049455257686
2,7,0.08965601664830457,-0.07769004774146163,0.0475945648182152
2,8,0.08965601664830457,-0.07769004774146163,0.0475945648182152
2,9,0.08961317174684784,-0.07758599583792386,0.04835353164402008
2,10,0.08961929244705594,-0.0774941853348023,0.04899620516587098
2,11,0.08961929244705594,-0.0774941853348023,0.04899620516587098
2,12,0.08950299914310197,-0.07751866813563471,0.04769861672175297
2,13,0.08949075774268576,-0.07761659933896438,0.04796792753090954
2,14,0.08949075774268576,-0.07761659933896438,0.04796792753090954
2,15,0.08943567144081283,-0.07755539233688334,0.04839637654547681
2,16,0.08960705104663974,-0.07741461623209696,0.049014567266495286
2,17,0.08936834373852369,-0.07743297833272125,0.04884930836087649
2,18,0.08936834373852369,-0.07743297833272125,0.04884930836087649
2,19,0.08928877463581833,-0.07719427102460522,0.04777206512425021
2,20,0.08961929244705594,-0.07752478883584282,0.0488676704615008
2,21,0.08961929244705594,-0.07752478883584282,0.0488676704615008
2,22,0.08952748194393438,-0.07765332354021301,0.04902680866691149
2,23,0.08972946505080182,-0.07717590892398091,0.049014567266495286
2,24,0.08972946505080182,-0.07717590892398091,0.049014567266495286
2,25,0.08959480964622353,-0.07765944424042111,0.04909413636920064
2,26,0.08945403354143713,-0.07743297833272125,0.04906353286816012
2,27,0.08945403354143713,-0.07743297833272125,0.04906353286816012
2,28,0.08948463704247765,-0.07757987513771576,0.04836577304443628
2,29,0.08953360264414248,-0.07743297833272125,0.04886154976129269
2,30,0.08953360264414248,-0.07743297833272125,0.04886154976129269
2,31,0.08946015424164525,-0.07754927163667523,0.04922267107357082
2,32,0.08953360264414248,-0.07759823723834006,0.04880646345941976
2,33,0.08936222303831558,-0.07764108213979679,0.04800465173215816
2,34,0.08936222303831558,-0.07764108213979679,0.04800465173215816
2,35,0.08968662014934509,-0.07762884073938059,0.049088015668992534
2,36,0.08939894723956421,-0.07757375443750765,0.047490512914677444
2,37,0.08939894723956421,-0.07757375443750765,0.047490512914677444
2,38,0.08934998163789938,-0.0774819439343861,0.04718447790427225
2,39,0.0893805851389399,-0.07753090953605093,0.0479005998286204
2,40,0.0893805851389399,-0.07753090953605093,0.0479005998286204
2,41,0.08960093034643163,-0.0774941853348023,0.04909413636920064
2,42,0.08976618925205043,-0.07731668502876729,0.04846982494797405
2,43,0.08976618925205043,-0.07731668502876729,0.04846982494797405
2,44,0.08973558575100991,-0.07761047863875628,0.04886154976129269
2,45,0.0897233443505937,-0.07743909903292936,0.047918961929244705
2,46,0.0897233443505937,-0.07743909903292936,0.0490390500673277
2,47,0.08937446443873179,-0.07740237483168075,0.0490390500673277
2,48,0.08982739625413147,-0.07761047863875628,0.0487085322560901
2,49,0.08976006855184233,-0.07761047863875628,0.049057412167952015
2,50,0.08976006855184233,-0.07761047863875628,0.049057412167952015
2,51,0.08977843065246664,-0.0775003060350104,0.04846370424776594
2,52,0.08980903415350716,-0.07729220222793488,0.04828008324152283
2,53,0.08980903415350716,-0.07729220222793488,0.04828008324152283
2,54,0.0895580854449749,-0.07707185702044314,0.04913698127065737
2,55,0.08969886154976128,-0.07755539233688334,0.04895336026441425
2,56,0.08969886154976128,-0.07755539233688334,0.04895336026441425
2,57,0.08968049944913699,-0.07757375443750765,0.04900844656628718
2,58,0.08964989594809646,-0.07791651364916147,0.04825560044069042
2,59,0.08964989594809646,-0.07791651364916147,0.04825560044069042
2,60,0.0897172236503856,-0.07736565063043213,0.04860448035255233
2,61,0.08966213734851267,-0.07757987513771576,0.048904394662749415
2,62,0.08960705104663974,-0.07720039172481333,0.04843922144693353
2,63,0.08960705104663974,-0.07720039172481333,0.04843922144693353
2,64,0.08961317174684784,-0.07752478883584282,0.04899008446566287
2,65,0.0895519647447668,-0.07735952993022402,0.04829844534214714
2,66,0.0895519647447668,-0.07735952993022402,0.04829844534214714
2,67,0.08993144815766924,-0.07726771942710246,0.04824947974048231
2,68,0.08961929244705594,-0.07769004774146163,0.04812094503611213
2,69,0.08961929244705594,-0.07769004774146163,0.04812094503611213
2,70,0.08975394785163424,-0.07756151303709144,0.048947239564206144
2,71,0.08986412045538009,-0.07730444362835108,0.04884318766066838
2,72,0.08986412045538009,-0.07730444362835108,0.04884318766066838
2,73,0.08964377524788836,-0.07747582323417798,0.048543273350471296
2,74,0.0894111886399804,-0.07736565063043213,0.04921042967315461
2,75,0.08956420614518301,-0.07753703023625903,0.048818704859835964
2,76,0.08956420614518301,-0.07753703023625903,0.048818704859835964
2,77,0.08968049944913699,-0.07736565063043213,0.048904394662749415
2,78,0.08965601664830457,-0.07742685763251315,0.04869629085567389
2,79,0.08965601664830457,-0.07742685763251315,0.04869629085567389
2,80,0.08960093034643163,-0.0774819439343861,0.04894111886399804
2,81,0.0897172236503856,-0.07731668502876729,0.04909413636920064
2,82,0.0897172236503856,-0.07731668502876729,0.04909413636920064
2,83,0.08949687844289386,-0.0776655649406292,0.048433100746725424
2,84,0.08971110295017751,-0.07719427102460522,0.048702411555881994
2,85,0.08971110295017751,-0.07719427102460522,0.048702411555881994
2,86,0.08929489533602644,-0.07775737544375076,0.04916146407148978
2,87,0.08965601664830457,-0.07754927163667523,0.04899008446566287
2,88,0.08965601664830457,-0.07754927163667523,0.04799853103195005
2,89,0.08983963765454768,-0.07737789203084833,0.04799853103195005
2,90,0.0895458440445587,-0.07750642673521851,0.04906965356836822
2,91,0.08977843065246664,-0.07754315093646713,0.04911861917003305
2,92,0.08977843065246664,-0.07754315093646713,0.04911861917003305
2,93,0.08966825804872078,-0.07745134043334558,0.04910637776961684
2,94,0.08950911984331007,-0.07760435793854817,0.049216550373362714
2,95,0.08950911984331007,-0.07760435793854817,0.049216550373362714
2,96,0.08960093034643163,-0.07722487452564573,0.04893499816378994
2,97,0.08939894723956421,-0.07753703023625903,0.04885542906108459
2,98,0.08939894723956421,-0.07753703023625903,0.04885542906108459
2,99,0.08949687844289386,-0.07745746113355367,0.04896560166483045
3,0,-0.08532256090096707,-0.05635328681601175,0.03136858856653201
3,1,-0.0853654058024238,-0.056383890317052265,0.031362467866323906
3,2,-0.08532256090096707,-0.05635940751621985,0.03146651976986167
3,3,-0.08532256090096707,-0.05635940751621985,0.03146651976986167
3,4,-0.08537764720284,-0.05600440690414984,0.03130126086424287
3,5,-0.08546333700575345,-0.05634104541559555,0.031197208960705103
3,6,-0.08546333700575345,-0.05634104541559555,0.031197208960705103
3,7,-0.08538376790304811,-0.056139062308728116,0.03135634716611581
3,8,-0.08513281919451585,-0.05648794222059004,0.03138695066715632
3,9,-0.08513281919451585,-0.05648794222059004,0.03138695066715632
3,10,-0.08545721630554536,-0.05626147631289019,0.03146651976986167
3,11,-0.08532256090096707,-0.056322683314971235,0.031215571061329418
3,12,-0.08546945770596157,-0.05629820051413882,0.031509364671318395
3,13,-0.08546945770596157,-0.05629820051413882,0.031509364671318395
3,14,-0.08547557840616966,-0.056438976618925205,0.031417554168196846
3,15,-0.08522462969763742,-0.05651242502142245,0.03128901946382666
3,16,-0.08522462969763742,-0.05651242502142245,0.03128901946382666
3,17,-0.08523075039784551,-0.05603501040519036,0.03149712327090219
3,18,-0.08516954339576448,-0.05634716611580365,0.031233933161953727
3,19,-0.08516954339576448,-0.05634716611580365,0.031233933161953727
3,20,-0.08534704370179949,-0.055998286203941726,0.0315032439711103
3,21,-0.08532256090096707,-0.05632880401517933,0.031246174562369933
3,22,-0.08532256090096707,-0.05632880401517933,0.031246174562369933
3,23,-0.08528583669971844,-0.05649406292079814,0.03155833027298323
3,24,-0.08537764720284,-0.05648794222059004,0.03144203696902926
3,25,-0.08548781980658587,-0.05633492471538744,0.031393071367364425
3,26,-0.08548781980658587,-0.05633492471538744,0.031393071367364425
3,27,-0.0852185089974293,-0.056194148610601055,0.03127065736320235
3,28,-0.08525523319867792,-0.0565919941241278,0.031423674868404944
3,29,-0.08525523319867792,-0.0565919941241278,0.031423674868404944
3,30,-0.08528583669971844,-0.05617578650997675,0.031221691761537516
3,31,-0.08540825070388053,-0.056212510711225364,0.03145427836944546
3,32,-0.08540825070388053,-0.056212510711225364,0.03145427836944546
3,33,-0.08526135389888603,-0.05633492471538744,0.0315154853715265
3,34,-0.08541437140408863,-0.05653078712204677,0.03157669237360754
3,35,-0.08541437140408863,-0.05653078712204677,0.03157669237360754
3,36,-0.08522462969763742,-0.05637164891663606,0.0313441057656996
3,37,-0.08511445709389154,-0.05620639001101726,0.03133186436528339
3,38,-0.08546333700575345,-0.05654914922267107,0.031191088260497
3,39,-0.08546333700575345,-0.05654914922267107,0.031191088260497
3,40,-0.08559187171012364,-0.05646958011996572,0.031240053862161832
3,41,-0.08531031950055087,-0.056279838413514506,0.03138695066715632
3,42,-0.08531031950055087,-0.056279838413514506,0.03138695066715632
3,43,-0.08539600930346432,-0.056218631411433476,0.031405312767780635
3,44,-0.08538988860325622,-0.05648794222059004,0.030970743053005262
3,45,-0.08538988860325622,-0.05648794222059004,0.030970743053005262
3,46,-0.08541437140408863,-0.056524666421838655,0.03144815766923736
3,47,-0.08515118129514017,-0.05623699351205778,0.031264536662994245
3,48,-0.08515118129514017,-0.05623699351205778,0.031264536662994245
3,49,-0.08529195739992655,-0.05625535561268209,0.03158893377402375
3,50,-0.08567144081282899,-0.05631656261476313,0.031631778675480476
3,51,-0.08532256090096707,-0.05612682090831191,0.031117639857999757
3,52,-0.08532256090096707,-0.05612682090831191,0.031117639857999757
3,53,-0.08531031950055087,-0.056463459419757625,0.031350226465907696
3,54,-0.08550006120700207,-0.05623699351205778,0.031191088260497
3,55,-0.08550006120700207,-0.05623699351205778,0.031191088260497
3,56,-0.08529807810013465,-0.05629820051413882,0.03125841596278614
3,57,-0.08526135389888603,-0.05639001101726038,0.031319622964867185
3,58,-0.08526135389888603,-0.05639001101726038,0.031319622964867185
3,59,-0.08531031950055087,-0.05620639001101726,0.03137470926674012
3,60,-0.08535316440200759,-0.05649406292079814,0.03133798506549149
3,61,-0.08535316440200759,-0.05649406292079814,0.03133798506549149
3,62,-0.08531031950055087,-0.05630432121434692,0.03146039906965357
3,63,-0.08522462969763742,-0.05654302852246297,0.03147264047006977
3,64,-0.08532868160117517,-0.056279838413514506,0.03128901946382666
3,65,-0.08532868160117517,-0.056279838413514506,0.03128901946382666
3,66,-0.08524911249846982,-0.05646958011996572,0.031619537275064266
3,67,-0.08537764720284,-0.05629820051413882,0.03147876117027788
3,68,-0.08537764720284,-0.05629820051413882,0.03147876117027788
3,69,-0.08515118129514017,-0.05623699351205778,0.03133186436528339
3,70,-0.08511445709389154,-0.05640225241767658,0.0313441057656996
3,71,-0.08511445709389154,-0.05640225241767658,0.0313441057656996
3,72,-0.08530419880034276,-0.056420614518300896,0.03120945036112131
3,73,-0.08528583669971844,-0.05617578650997675,0.03131350226465908
3,74,-0.08528583669971844,-0.05617578650997675,0.03288040151793365
3,75,-0.08513281919451585,-0.05653078712204677,0.03142979556861305
3,76,-0.08534704370179949,-0.05640225241767658,0.031491002570694086
3,77,-0.08538376790304811,-0.056322683314971235,0.03139919206757253
3,78,-0.08538376790304811,-0.056322683314971235,0.03139919206757253
3,79,-0.08533480230138328,-0.0562737177133064,0.031319622964867185
3,80,-0.0852185089974293,-0.0565858734239197,0.03139919206757253
3,81,-0.0852185089974293,-0.0565858734239197,0.03139919206757253
3,82,-0.08543273350471295,-0.05645121801934141,0.03128901946382666
3,83,-0.08523687109805361,-0.05651242502142245,0.03146651976986167
3,84,-0.08523687109805361,-0.05651242502142245,0.03146651976986167
3,85,-0.08540213000367242,-0.056383890317052265,0.031362467866323906
3,86,-0.08535316440200759,-0.055924837801444485,0.03147264047006977
3,87,-0.08535316440200759,-0.055924837801444485,0.03147264047006977
3,88,-0.08546945770596157,-0.056322683314971235,0.0316746235769372
3,89,-0.08510833639368344,-0.05631656261476313,0.03139919206757253
3,90,-0.08546945770596157,-0.05623087281184967,0.03157669237360754
3,91,-0.08546945770596157,-0.05623087281184967,0.03157669237360754
3,92,-0.0853715265026319,-0.056224752111641574,0.031233933161953727
3,93,-0.08522462969763742,-0.05616354510956053,0.03117272615987269
3,94,-0.08522462969763742,-0.05616354510956053,0.03117272615987269
3,95,-0.08545721630554536,-0.05653078712204677,0.03128901946382666
3,96,-0.08535316440200759,-0.05644509731913331,0.03137470926674012
3,97,-0.08535316440200759,-0.05644509731913331,0.03137470926674012
3,98,-0.08535316440200759,-0.05662871832537643,0.03125229526257804
3,99,-0.08531644020075897,-0.05623699351205778,0.03139919206757253
