values,,Magnetometer,Magnetometer,Magnetometer
axis,,x,y,z
Sensor,Sample,,,
0,0,0.06314726404700698,0.07934875749785776,0.019274084955318887
0,1,0.06314726404700698,0.07934875749785776,0.019274084955318887
0,2,0.06308605704492594,0.07944668870118742,0.018723221936589547
0,3,0.0631839882482556,0.07945893010160363,0.019139429550740605
0,4,0.0631839882482556,0.07945893010160363,0.019139429550740605
0,5,0.06313502264659077,0.07927530909536051,0.01910270534949198
0,6,0.06294528094013954,0.07929979189619293,0.018527359529930225
0,7,0.06294528094013954,0.07929979189619293,0.018527359529930225
0,8,0.06320847104908801,0.07955074060472518,0.019121067450116293
0,9,0.06293303953972335,0.07950789570326845,0.01891908434324887
0,10,0.0631901089484637,0.07927530909536051,0.018845635940751622
0,11,0.0631901089484637,0.07927530909536051,0.018845635940751622
0,12,0.06329416085200147,0.07947729220222793,0.01891908434324887
0,13,0.06331252295262578,0.07936711959848206,0.018686497735340923
0,14,0.06331252295262578,0.07936711959848206,0.018686497735340923
0,15,0.06320235034887992,0.07934263679764965,0.018815032439711103
0,16,0.06325131595054474,0.07957522340555759,0.01903537764720284
0,17,0.06325131595054474,0.07957522340555759,0.01903537764720284
0,18,0.06322071244950422,0.07907332598849308,0.018968049944913697
0,19,0.06322683314971232,0.0792691883951524,0.01890684294283266
0,20,0.06322683314971232,0.0792691883951524,0.01890684294283266
0,21,0.06324519525033664,0.07959970620639001,0.019304688456359406
0,22,0.06332476435304199,0.0792691883951524,0.01844166972701677
0,23,0.06332476435304199,0.0792691883951524,0.01844166972701677
0,24,0.06330028155220957,0.07934263679764965,0.019267964255110785
0,25,0.06327579875137715,0.0792691883951524,0.018992532745746114
0,26,0.06327579875137715,0.0792691883951524,0.018992532745746114
0,27,0.0633370057534582,0.07928142979556861,0.018851756640959727
0,28,0.06332476435304199,0.07950177500306035,0.01853960093034643
0,29,0.06332476435304199,0.07950177500306035,0.01853960093034643
0,30,0.06345329905741218,0.0794344473007712,0.018790549638878686
0,31,0.06339209205533113,0.07923246419390378,0.018863998041375934
0,32,0.06341045415595545,0.07934263679764965,0.018974170645121802
0,33,0.06341045415595545,0.07934263679764965,0.018974170645121802
0,34,0.06295140164034765,0.07924470559431998,0.019047619047619046
0,35,0.0631839882482556,0.07932427469702534,0.01879667033908679
0,36,0.0631839882482556,0.07932427469702534,0.01879667033908679
0,37,0.06328191945158526,0.07933039539723344,0.018606928632635574
0,38,0.06322071244950422,0.07903048108703635,0.01910270534949198
0,39,0.06322071244950422,0.07903048108703635,0.01910270534949198
0,40,0.06328804015179337,0.07945280940139551,0.01910270534949198
0,41,0.06307993634471784,0.07937936099889828,0.018882360142000246
0,42,0.06307993634471784,0.07937936099889828,0.018882360142000246
0,43,0.06321459174929613,0.07945280940139551,0.018380462724935733
0,44,0.06304933284367732,0.07917125719182275,0.018643652833884198
0,45,0.06304933284367732,0.07917125719182275,0.018643652833884198
0,46,0.06338597135512303,0.07940384379973069,0.019090463949075775
0,47,0.06310441914555025,0.07918961929244706,0.019151670951156812
0,48,0.06310441914555025,0.07918961929244706,0.019151670951156812
0,49,0.0630064879422206,0.07936099889827396,0.0192924470559432
0,50,0.06337372995470682,0.07922022279348757,0.01890684294283266
0,51,0.06337372995470682,0.07922022279348757,0.01890684294283266
0,52,0.06312278124617457,0.07932427469702534,0.01882727384012731
0,53,0.06331252295262578,0.07934263679764965,0.01866813563471661
0,54,0.06315950544742319,0.07952625780389276,0.019010894846370426
0,55,0.06315950544742319,0.07952625780389276,0.019010894846370426
0,56,0.06344717835720406,0.07936099889827396,0.01857020443138695
0,57,0.06320235034887992,0.07925082629452809,0.018912963643040764
0,58,0.06320235034887992,0.07925082629452809,0.018912963643040764
0,59,0.06289019463826662,0.07954461990451708,0.01882727384012731
0,60,0.06325743665075284,0.07923246419390378,0.01890684294283266
0,61,0.06325743665075284,0.07923246419390378,0.01890684294283266
0,62,0.06298812584159627,0.0792630676949443,0.01818460031827641
0,63,0.0631717468478394,0.07952013710368466,0.01905373974782715
0,64,0.0631717468478394,0.07952013710368466,0.01905373974782715
0,65,0.0631962296486718,0.07932427469702534,0.01887011874158404
0,66,0.06338597135512303,0.07940384379973069,0.018802791039294893
0,67,0.06338597135512303,0.07940384379973069,0.018802791039294893
0,68,0.06323295384992042,0.0792630676949443,0.018686497735340923
0,69,0.06295752234055577,0.0794160852001469,0.01855184233076264
0,70,0.06295752234055577,0.0794160852001469,0.01855184233076264
0,71,0.0631901089484637,0.07931815399681723,0.018655894234300405
0,72,0.06339821275553922,0.07940996449993878,0.01917615375198923
0,73,0.06339821275553922,0.07940996449993878,0.01890684294283266
0,74,0.0631717468478394,0.07927530909536051,0.01890684294283266
0,75,0.0631656261476313,0.07939160239931449,0.01895580854449749
0,76,0.06320847104908801,0.07940996449993878,0.01921287795323785
0,77,0.06320847104908801,0.07940996449993878,0.01921287795323785
0,78,0.06321459174929613,0.07937324029869017,0.018784428938670585
0,79,0.06328191945158526,0.07915901579140654,0.01903537764720284
0,80,0.06328191945158526,0.07915901579140654,0.01903537764720284
0,81,0.06323907455012853,0.07936711959848206,0.018912963643040764
0,82,0.06320847104908801,0.07965479250826295,0.01861917003305178
0,83,0.06320847104908801,0.07965479250826295,0.01861917003305178
0,84,0.06301872934263679,0.07918349859223896,0.01900477414616232
0,85,0.0631778675480475,0.07931815399681723,0.018717101236381442
0,86,0.0631778675480475,0.07931815399681723,0.018717101236381442
0,87,0.06330028155220957,0.07932427469702534,0.01887011874158404
0,88,0.06311053984575835,0.07923246419390378,0.019010894846370426
0,89,0.06311053984575835,0.07923246419390378,0.019010894846370426
0,90,0.06326355735096095,0.07938548169910638,0.01892520504345697
0,91,0.06330028155220957,0.07945893010160363,0.01895580854449749
0,92,0.06330028155220957,0.07945893010160363,0.01895580854449749
0,93,0.0633431264536663,0.07930591259640103,0.018894601542416452
0,94,0.06320235034887992,0.07933039539723344,0.01852123882972212
0,95,0.06320235034887992,0.07933039539723344,0.01905373974782715
0,96,0.063030970743053,0.07917125719182275,0.01905373974782715
0,97,0.06330028155220957,0.07939772309952259,0.01923124005386216
0,98,0.06326355735096095,0.07929367119598482,0.01861304933284368
0,99,0.06326355735096095,0.07929367119598482,0.01861304933284368
1,0,-0.07371159260619416,0.08625290733259885,0.031778675480474965
1,1,-0.07375443750765087,0.0861855796303097,0.03188272738401273
1,2,-0.07375443750765087,0.0861855796303097,0.03188272738401273
1,3,-0.07353409230015914,0.08632635573509609,0.031240053862161832
1,4,-0.07397478271514261,0.08606928632635573,0.03165626147631289
1,5,-0.0736259028032807,0.08608764842698005,0.03137470926674012
1,6,-0.0736259028032807,0.08608764842698005,0.03137470926674012
1,7,-0.07374219610723468,0.08635695923613661,0.03129514016403477
1,8,-0.07382788591014812,0.08646101113967439,0.03147264047006977
1,9,-0.07382788591014812,0.08646101113967439,0.03147264047006977
1,10,-0.07374831680744277,0.08617945893010161,0.03120945036112131
1,11,-0.07377892030848329,0.08635695923613661,0.03161341657485616
1,12,-0.07377892030848329,0.08635695923613661,0.03161341657485616
1,13,-0.0737911617088995,0.08630799363447178,0.03148488187048598
1,14,-0.07364426490390501,0.08607540702656384,0.03196229648671808
1,15,-0.07364426490390501,0.08607540702656384,0.03196229648671808
1,16,-0.07391969641326968,0.08592238952136125,0.03171134777818582
1,17,-0.07369323050556983,0.08626514873301507,0.03180315828130738
1,18,-0.07377279960827518,0.0861855796303097,0.03208471049088016
1,19,-0.07377279960827518,0.0861855796303097,0.03208471049088016
1,20,-0.0738034031093157,0.0863324764353042,0.03168686497735341
1,21,-0.07382788591014812,0.0860019586240666,0.03235402130003672
1,22,-0.07382788591014812,0.0860019586240666,0.03235402130003672
1,23,-0.0737850410086914,0.08613661402864488,0.03206634839025584
1,24,-0.07367486840494553,0.08612437262822867,0.03178479618068307
1,25,-0.07367486840494553,0.08612437262822867,0.03178479618068307
1,26,-0.0739686620149345,0.08630799363447178,0.031735830579018236
1,27,-0.07358305790182397,0.08639368343738524,0.031546088872567025
1,28,-0.07358305790182397,0.08639368343738524,0.031546088872567025
1,29,-0.0737911617088995,0.08620394173093401,0.03185212388297221
1,30,-0.07358917860203207,0.08622842453176643,0.03188272738401273
1,31,-0.07373607540702656,0.08608152772677194,0.03159505447423185
1,32,-0.07373607540702656,0.08608152772677194,0.03159505447423185
1,33,-0.07380952380952381,0.08625902803280695,0.031833761782347904
1,34,-0.07391357571306158,0.08620394173093401,0.031821520381931694
1,35,-0.07391357571306158,0.08620394173093401,0.031821520381931694
1,36,-0.07383400661035623,0.08621006243114213,0.03142979556861305
1,37,-0.07391969641326968,0.08598359652344228,0.03185212388297221
1,38,-0.07391969641326968,0.08598359652344228,0.03185212388297221
1,39,-0.0736320235034888,0.08605704492593953,0.03211531399192068
1,40,-0.07360142000244828,0.08620394173093401,0.031662382176520995
1,41,-0.07360142000244828,0.08620394173093401,0.031662382176520995
1,42,-0.07376055820785898,0.08606928632635573,0.03231117639858
1,43,-0.07384012731056433,0.08608152772677194,0.03198677928755049
1,44,-0.07372383400661035,0.08636307993634472,0.031760313379850656
1,45,-0.07372383400661035,0.08636307993634472,0.031760313379850656
1,46,-0.07374219610723468,0.08617333822989351,0.03228057289753948
1,47,-0.07377279960827518,0.086497735340923,0.03211531399192068
1,48,-0.07377279960827518,0.086497735340923,0.03211531399192068
1,49,-0.07385848941118864,0.08606316562614763,0.0316746235769372
1,50,-0.07368098910515362,0.08614273472885298,0.032017382788591016
1,51,-0.07368098910515362,0.08614273472885298,0.032017382788591016
1,52,-0.07395029991431021,0.08611213122781246,0.031821520381931694
1,53,-0.07384012731056433,0.08630187293426368,0.03209695189129637
1,54,-0.07384012731056433,0.08630187293426368,0.03209695189129637
1,55,-0.07380952380952381,0.08610601052760436,0.03209083119108826
1,56,-0.07366262700452932,0.08621006243114213,0.03189496878442894
1,57,-0.07393193781368589,0.08638756273717714,0.03222548659566654
1,58,-0.07393193781368589,0.08638756273717714,0.03222548659566654
1,59,-0.0736259028032807,0.08607540702656384,0.032176520994001714
1,60,-0.0739686620149345,0.08621618313135022,0.03199902068796671
1,61,-0.0739686620149345,0.08621618313135022,0.03199902068796671
1,62,-0.07385236871098053,0.08636920063655282,0.03189496878442894
1,63,-0.07380952380952381,0.08607540702656384,0.031833761782347904
1,64,-0.07380952380952381,0.08607540702656384,0.031833761782347904
1,65,-0.07374219610723468,0.08631411433467989,0.03251315950544743
1,66,-0.07387073081160485,0.08637532133676093,0.031931692985677565
1,67,-0.07387073081160485,0.08637532133676093,0.031931692985677565
1,68,-0.07381564450973191,0.08627126943322316,0.03193781368588566
1,69,-0.07374831680744277,0.08623454523197453,0.03158281307381565
1,70,-0.07369323050556983,0.08627739013343126,0.032305055698371894
1,71,-0.07369323050556983,0.08627739013343126,0.032305055698371894
1,72,-0.07389521361243725,0.0861672175296854,0.03195005508630187
1,73,-0.07352185089974293,0.08614885542906109,0.03168686497735341
1,74,-0.07352185089974293,0.08614885542906109,0.03168686497735341
1,75,-0.0739564206145183,0.08637532133676093,0.03193781368588566
1,76,-0.07385236871098053,0.08594075162198556,0.031735830579018236
1,77,-0.07385236871098053,0.08594075162198556,0.031735830579018236
1,78,-0.07375443750765087,0.0861855796303097,0.03236626270045293
1,79,-0.07390133431264537,0.08608152772677194,0.03185212388297221
1,80,-0.07390133431264537,0.08608152772677194,0.03185212388297221
1,81,-0.0737972824091076,0.08609376912718815,0.03174195127922634
1,82,-0.07358917860203207,0.08609376912718815,0.03228057289753948
1,83,-0.07384012731056433,0.08617945893010161,0.03224996939649896
1,84,-0.07384012731056433,0.08617945893010161,0.03224996939649896
1,85,-0.07374831680744277,0.0863324764353042,0.03169910637776961
1,86,-0.07373607540702656,0.08605704492593953,0.031864365283388416
1,87,-0.07373607540702656,0.08605704492593953,0.031864365283388416
1,88,-0.07372383400661035,0.08642428693842576,0.03198065858734239
1,89,-0.0738034031093157,0.08575100991553433,0.03224996939649896
1,90,-0.0738034031093157,0.08575100991553433,0.03224996939649896
1,91,-0.07385236871098053,0.08637532133676093,0.031760313379850656
1,92,-0.0737972824091076,0.08614885542906109,0.03208471049088016
1,93,-0.0737972824091076,0.08614885542906109,0.03208471049088016
1,94,-0.07368098910515362,0.08647325254009058,0.031931692985677565
1,95,-0.07373607540702656,0.08628351083363936,0.03209083119108826
1,96,-0.07377279960827518,0.08613049332843678,0.031631778675480476
1,97,-0.07377279960827518,0.08613049332843678,0.031631778675480476
1,98,-0.07390745501285348,0.08607540702656384,0.03196841718692618
1,99,-0.07369323050556983,0.08643652833884197,0.0318276410821398
2,0,0.08876239441792141,-0.08067082874280818,0.04269800465173216
2,1,0.08866446321459175,-0.08045660423552455,0.04305912596401028
2,2,0.08881748071979434,-0.0805545354388542,0.04384257559064757
2,3,0.08881748071979434,-0.0805545354388542,0.04384257559064757
2,4,0.08865834251438365,-0.08013832782470315,0.04378136858856653
2,5,0.08887868772187538,-0.0802362590280328,0.04384257559064757
2,6,0.08887868772187538,-0.0802362590280328,0.04384257559064757
2,7,0.08884808422083487,-0.08045048353531645,0.043218264169420983
2,8,0.08860937691271882,-0.08057289753947852,0.04223895213612437
2,9,0.08883584282041865,-0.08039539723344351,0.043818092789815154
2,10,0.08883584282041865,-0.08039539723344351,0.043818092789815154
2,11,0.08881748071979434,-0.08046884563594076,0.04181050312155711
2,12,0.08865834251438365,-0.08074427714530542,0.043701799485861184
2,13,0.08865834251438365,-0.08074427714530542,0.043701799485861184
2,14,0.08878687721875382,-0.08050556983718937,0.04370792018606929
2,15,0.08883584282041865,-0.08066470804260008,0.04252662504590525
2,16,0.08883584282041865,-0.08066470804260008,0.04252662504590525
2,17,0.08884808422083487,-0.08068919084343248,0.043885420492104296
2,18,0.08895825682458072,-0.08048720773656506,0.04398947239564206
2,19,0.08895825682458072,-0.08048720773656506,0.04398947239564206
2,20,0.08897049822499695,-0.08042600073448403,0.042820418655894234
2,21,0.08905618802791039,-0.08067694944301627,0.04283266005631044
2,22,0.08905618802791039,-0.08067694944301627,0.04283266005631044
2,23,0.08887868772187538,-0.08068919084343248,0.04304076386338597
2,24,0.0887501530175052,-0.08094626025217286,0.044044558697514995
2,25,0.08891541192312401,-0.0806953115436406,0.0432427469702534
2,26,0.08891541192312401,-0.0806953115436406,0.0432427469702534
2,27,0.08871954951646469,-0.08056677683927041,0.044001713796058266
2,28,0.08905006732770229,-0.08064634594197576,0.04402619659689068
2,29,0.08905006732770229,-0.08064634594197576,0.04402619659689068
2,30,0.08911739502999143,-0.08090953605092423,0.04410576569959603
2,31,0.08888480842208349,-0.08049332843677318,0.04396498959480964
2,32,0.08888480842208349,-0.08049332843677318,0.04396498959480964
2,33,0.08876851511812951,-0.08059738034031093,0.04262455624923491
2,34,0.0889215326233321,-0.0805484147386461,0.044001713796058266
2,35,0.0889215326233321,-0.0805484147386461,0.044001713796058266
2,36,0.08887256702166728,-0.08060962174072714,0.04332231607295874
2,37,0.08871954951646469,-0.08060962174072714,0.04329783327212633
2,38,0.08884808422083487,-0.08048108703635695,0.042434814542783694
2,39,0.08884808422083487,-0.08048108703635695,0.042434814542783694
2,40,0.08834618680377035,-0.08019953482678419,0.044044558697514995
2,41,0.08868282531521607,-0.08060350104051903,0.04266740115069164
2,42,0.08868282531521607,-0.08060350104051903,0.04266740115069164
2,43,0.08874403231729709,-0.08064634594197576,0.04238584894111887
2,44,0.08883584282041865,-0.08079936344717835,0.04393438609376913
2,45,0.08883584282041865,-0.08079936344717835,0.04393438609376913
2,46,0.088737911617089,-0.08089729465050802,0.04335291957399927
2,47,0.08860325621251071,-0.08065246664218387,0.04382421349002326
2,48,0.08860325621251071,-0.08065246664218387,0.04382421349002326
2,49,0.08881136001958624,-0.08051169053739747,0.0440506793977231
2,50,0.08878075651854572,-0.08067694944301627,0.04395274819439344
2,51,0.08878075651854572,-0.08067694944301627,0.04395274819439344
2,52,0.08879299791896192,-0.0807259150446811,0.04333455747337495
2,53,0.08887256702166728,-0.0805545354388542,0.04403843799730689
2,54,0.088737911617089,-0.08039539723344351,0.04366507528461256
2,55,0.088737911617089,-0.08039539723344351,0.04366507528461256
2,56,0.0889215326233321,-0.08065246664218387,0.04364059248378015
2,57,0.08868894601542417,-0.0807136736442649,0.043303953972334434
2,58,0.08868894601542417,-0.0807136736442649,0.043303953972334434
2,59,0.08874403231729709,-0.08067694944301627,0.043303953972334434
2,60,0.0885910148120945,-0.08034643163177868,0.04403843799730689
2,61,0.0885910148120945,-0.08034643163177868,0.04403843799730689
2,62,0.08862773901334313,-0.0807014322438487,0.04267964255110785
2,63,0.08879299791896192,-0.08051169053739747,0.043756885787734116
2,64,0.08879299791896192,-0.08051169053739747,0.043756885787734116
2,65,0.08867058391479984,-0.08049332843677318,0.04332231607295874
2,66,0.0885910148120945,-0.08079936344717835,0.042661280450483535
2,67,0.08882360142000245,-0.08067082874280818,0.043885420492104296
2,68,0.08882360142000245,-0.08067082874280818,0.043885420492104296
2,69,0.08879299791896192,-0.08027910392948953,0.04198188272738401
2,70,0.08898273962541314,-0.08057901823968662,0.044173093401885175
2,71,0.08898273962541314,-0.08057901823968662,0.044173093401885175
2,72,0.0889092912229159,-0.08046884563594076,0.04226343493695679
2,73,0.08892765332354022,-0.08067694944301627,0.043897661892520506
2,74,0.08892765332354022,-0.08067694944301627,0.043897661892520506
2,75,0.08876851511812951,-0.08063410454155956,0.04364059248378015
2,76,0.08881748071979434,-0.08015668992532746,0.04254498714652956
2,77,0.08881748071979434,-0.08015668992532746,0.04254498714652956
2,78,0.08877463581833762,-0.08027910392948953,0.04378136858856653
2,79,0.088737911617089,-0.0805545354388542,0.044301628106255354
2,80,0.088737911617089,-0.0805545354388542,0.0430836087648427
2,81,0.08887256702166728,-0.08045048353531645,0.0430836087648427
2,82,0.08893377402374832,-0.08084832904884319,0.042404211041743176
2,83,0.08887868772187538,-0.08059125964010283,0.0440506793977231
2,84,0.08887868772187538,-0.08059125964010283,0.0440506793977231
2,85,0.0887501530175052,-0.08053005263802179,0.04387317909168809
2,86,0.08843799730689192,-0.08062186314114335,0.04397723099522585
2,87,0.08843799730689192,-0.08062186314114335,0.04397723099522585
2,88,0.08882360142000245,-0.08026074182886522,0.04325498837066961
2,89,0.0887256702166728,-0.08045048353531645,0.043787489288774635
2,90,0.0887256702166728,-0.08045048353531645,0.043787489288774635
2,91,0.08862773901334313,-0.08048108703635695,0.04248378014444852
2,92,0.08863385971355123,-0.0803831558330273,0.041908434324886765
2,93,0.08863385971355123,-0.0803831558330273,0.041908434324886765
2,94,0.08868282531521607,-0.08051781123760558,0.04396498959480964
2,95,0.08882360142000245,-0.08065246664218387,0.04275309095360509
2,96,0.08883584282041865,-0.0806953115436406,0.04279593585506182
2,97,0.08883584282041865,-0.0806953115436406,0.04279593585506182
2,98,0.08882360142000245,-0.08074427714530542,0.04288162565797527
2,99,0.08876851511812951,-0.08030970743053005,0.0437262822866936
3,0,-0.08458195617578651,-0.058942343004039666,0.027469702533969888
3,1,-0.08442893867058392,-0.05895458440445587,0.027616599338964376
3,2,-0.08462480107724324,-0.05875260129758845,0.027347288529807813
3,3,-0.08462480107724324,-0.05875260129758845,0.027347288529807813
3,4,-0.08477169788223773,-0.05885053250091811,0.027561513037091444
3,5,-0.08440445586975151,-0.05891786020320725,0.02768392704125352
3,6,-0.08440445586975151,-0.05891786020320725,0.02768392704125352
3,7,-0.08448402497245686,-0.05874035989717223,0.027512547435426617
3,8,-0.08443505937079201,-0.05891786020320725,0.027322805728975396
3,9,-0.08443505937079201,-0.05891786020320725,0.027322805728975396
3,10,-0.08453299057412168,-0.058862773901334306,0.027377892030848328
3,11,-0.0847349736809891,-0.05883829110050189,0.02760435793854817
3,12,-0.0847349736809891,-0.05883829110050189,0.02760435793854817
3,13,-0.08435549026808667,-0.0589974293059126,0.027751254743542664
3,14,-0.08466764597869997,-0.05897906720528828,0.02762272003917248
3,15,-0.08461868037703514,-0.05913208471049088,0.02746358183376178
3,16,-0.08461868037703514,-0.05913208471049088,0.02746358183376178
3,17,-0.0847166115803648,-0.05871587709633982,0.027457461133553678
3,18,-0.08446566287183253,-0.05872199779654792,0.02746358183376178
3,19,-0.08446566287183253,-0.05872199779654792,0.02746358183376178
3,20,-0.0845941975762027,-0.05911372260986657,0.027653323540213
3,21,-0.08430040396621373,-0.05881380829966948,0.02764108213979679
3,22,-0.08430040396621373,-0.05881380829966948,0.02764108213979679
3,23,-0.08461868037703514,-0.0589974293059126,0.0274941853348023
3,24,-0.084728852980781,-0.058746480597380336,0.027377892030848328
3,25,-0.084728852980781,-0.058746480597380336,0.027377892030848328
3,26,-0.08463704247765944,-0.059046394907577425,0.027371771330640227
3,27,-0.08463704247765944,-0.05902191210674501,0.027206512425021423
3,28,-0.08466152527849186,-0.059389154119231236,0.027567633737299545
3,29,-0.08466152527849186,-0.059389154119231236,0.027567633737299545
3,30,-0.08483902558452687,-0.05899130860570449,0.02742685763251316
3,31,-0.084728852980781,-0.05901579140653691,0.027567633737299545
3,32,-0.084728852980781,-0.05901579140653691,0.027567633737299545
3,33,-0.08468600807932428,-0.058972946505080184,0.027506426735218508
3,34,-0.08455135267474599,-0.05891173950299914,0.027598237238340068
3,35,-0.08455135267474599,-0.05891173950299914,0.027598237238340068
3,36,-0.08447790427224874,-0.05921165381319623,0.02746358183376178
3,37,-0.08450238707308116,-0.058832170400293794,0.027567633737299545
3,38,-0.08450238707308116,-0.058832170400293794,0.027567633737299545
3,39,-0.08480842208348635,-0.05904027420736933,0.027488064634594196
3,40,-0.08463704247765944,-0.05913820541069899,0.027512547435426617
3,41,-0.08455747337495409,-0.05877708409842086,0.027402374831680742
3,42,-0.08455747337495409,-0.05877708409842086,0.027402374831680742
3,43,-0.08435549026808667,-0.058936222303831554,0.02768392704125352
3,44,-0.08449014567266495,-0.05879544619904518,0.027328926429183498
3,45,-0.08449014567266495,-0.05879544619904518,0.027328926429183498
3,46,-0.08489411188639981,-0.05885053250091811,0.027500306035010406
3,47,-0.08471049088015668,-0.05881992899987759,0.027561513037091444
3,48,-0.08471049088015668,-0.05881992899987759,0.027561513037091444
3,49,-0.08453299057412168,-0.058648549394050675,0.027573754437507654
3,50,-0.08439221446933529,-0.05881992899987759,0.027573754437507654
3,51,-0.08439221446933529,-0.05881992899987759,0.027573754437507654
3,52,-0.0843983351695434,-0.05888113600195862,0.02763496143958869
3,53,-0.0843983351695434,-0.059046394907577425,0.027751254743542664
3,54,-0.08460643897661893,-0.05889949810258294,0.027390133431264535
3,55,-0.08460643897661893,-0.05889949810258294,0.027390133431264535
3,56,-0.08453299057412168,-0.05896070510466397,0.027341167829599704
3,57,-0.08440445586975151,-0.058801566899253276,0.027402374831680742
3,58,-0.08440445586975151,-0.058801566899253276,0.027402374831680742
3,59,-0.08461868037703514,-0.05886889460154242,0.027702289141877827
3,60,-0.08465540457828376,-0.05880768759946138,0.027475823234177986
3,61,-0.08465540457828376,-0.05880768759946138,0.027475823234177986
3,62,-0.08450850777328926,-0.058832170400293794,0.027720651242502142
3,63,-0.08465540457828376,-0.05876484269800465,0.027457461133553678
3,64,-0.08465540457828376,-0.05876484269800465,0.027457461133553678
3,65,-0.08451462847349736,-0.05875872199779655,0.02740849553188885
3,66,-0.08447790427224874,-0.059076998408617944,0.027518668135634715
3,67,-0.08464928387807566,-0.05905251560778553,0.027512547435426617
3,68,-0.08464928387807566,-0.05905251560778553,0.027512547435426617
3,69,-0.08467988737911616,-0.058630187293426374,0.02731056432855919
3,70,-0.0845697147753703,-0.058905618802791035,0.02740849553188885
3,71,-0.0845697147753703,-0.058905618802791035,0.02740849553188885
3,72,-0.08477781858244583,-0.05892398090341535,0.02753703023625903
3,73,-0.08438609376912719,-0.05900967070632881,0.02722487452564573
3,74,-0.08438609376912719,-0.05900967070632881,0.02722487452564573
3,75,-0.08452686987391358,-0.05891786020320725,0.027567633737299545
3,76,-0.08460031827641082,-0.05859958379238585,0.02744521973313747
3,77,-0.08460031827641082,-0.05859958379238585,0.02744521973313747
3,78,-0.08467988737911616,-0.058832170400293794,0.027739013343126458
3,79,-0.08451462847349736,-0.05904027420736933,0.027469702533969888
3,80,-0.08480230138327824,-0.058972946505080184,0.02744521973313747
3,81,-0.08480230138327824,-0.058972946505080184,0.02744521973313747
3,82,-0.08460031827641082,-0.05902191210674501,0.027451340433345572
3,83,-0.0843983351695434,-0.05885665320112621,0.02735952993022402
3,84,-0.0843983351695434,-0.05885665320112621,0.02735952993022402
3,85,-0.08452686987391358,-0.058942343004039666,0.0274941853348023
3,86,-0.08463092177745134,-0.05876484269800465,0.027708409842085936
3,87,-0.08463092177745134,-0.05876484269800465,0.027708409842085936
3,88,-0.0845941975762027,-0.059187171012363815,0.02739625413147264
3,89,-0.08441057656995961,-0.05883829110050189,0.027561513037091444
3,90,-0.08441057656995961,-0.05883829110050189,0.027561513037091444
3,91,-0.08455747337495409,-0.058703635695923614,0.027500306035010406
3,92,-0.0847166115803648,-0.05886889460154242,0.027849185946872322
3,93,-0.08447178357204063,-0.05912596401028277,0.027335047129391603
3,94,-0.08447178357204063,-0.05912596401028277,0.027335047129391603
3,95,-0.08460031827641082,-0.05899130860570449,0.027579875137715752
3,96,-0.08468600807932428,-0.05883829110050189,0.02764108213979679
3,97,-0.08468600807932428,-0.05883829110050189,0.02764108213979679
3,98,-0.08467376667890807,-0.05871587709633982,0.02764108213979679
3,99,-0.0842391969641327,-0.05892398090341535,0.027653323540213
