values,,Magnetometer,Magnetometer,Magnetometer
axis,,x,y,z
Sensor,Sample,,,
0,0,0.04402619659689068,0.06674011506916391,0.01117639857999755
0,1,0.04412412780022035,0.06666666666666667,0.01090096707063288
0,2,0.04399559309585017,0.06685640837311788,0.010735708165014079
0,3,0.04399559309585017,0.06685640837311788,0.010735708165014079
0,4,0.04402007589668258,0.06655037336271269,0.011274329783327212
0,5,0.04408128289876362,0.06676459786999632,0.011121312278124618
0,6,0.04408128289876362,0.06676459786999632,0.011121312278124618
0,7,0.044399559309585016,0.06677683927041253,0.011170277879789447
0,8,0.04422817970375811,0.06680744277145305,0.01128657118374342
0,9,0.04422817970375811,0.06680744277145305,0.01128657118374342
0,10,0.04397723099522585,0.06677071857020443,0.011280450483535317
0,11,0.04422205900355001,0.0667217529685396,0.01036846615252785
0,12,0.04422205900355001,0.06646468355979925,0.011188639980413759
0,13,0.04410576569959603,0.06646468355979925,0.011188639980413759
0,14,0.044197576202717595,0.06697882237727995,0.011194760680621862
0,15,0.04403231729709879,0.06671563226833149,0.01080303586730322
0,16,0.04403231729709879,0.06671563226833149,0.01080303586730322
0,17,0.04434447300771208,0.06644020075896682,0.010925449871465296
0,18,0.04423430040396621,0.06659321826416942,0.01080303586730322
0,19,0.04423430040396621,0.06659321826416942,0.01080303586730322
0,20,0.04433835230750398,0.06693597747582324,0.01085200146896805
0,21,0.04403843799730689,0.06674623576937203,0.010509242257314238
0,22,0.04403843799730689,0.06674623576937203,0.010509242257314238
0,23,0.044154731301260866,0.06631778675480475,0.011194760680621862
0,24,0.0443689558085445,0.06637287305667769,0.011194760680621862
0,25,0.0443689558085445,0.06637287305667769,0.011194760680621862
0,26,0.04403231729709879,0.06668502876729097,0.010943811972089606
0,27,0.04424654180438242,0.06654425266250459,0.011384502387073081
0,28,0.04424654180438242,0.06654425266250459,0.011384502387073081
0,29,0.04417921410209328,0.06671563226833149,0.011213122781246174
0,30,0.04409352429917983,0.06665442526625046,0.010925449871465296
0,31,0.04409352429917983,0.06665442526625046,0.010925449871465296
0,32,0.044056800097931205,0.06661158036479373,0.010998898273962542
0,33,0.04440568000979312,0.06649528706083976,0.011084588076875995
0,34,0.04420369690292569,0.06666666666666667,0.01080303586730322
0,35,0.04420369690292569,0.06666666666666667,0.01080303586730322
0,36,0.04426490390500673,0.06669114946749907,0.01069286326355735
0,37,0.04386093769127188,0.0668992532745746,0.01106010527604358
0,38,0.04386093769127188,0.0668992532745746,0.01106010527604358
0,39,0.04402007589668258,0.06661770106500184,0.010858122169176154
0,40,0.04400783449626637,0.0667217529685396,0.011084588076875995
0,41,0.04400783449626637,0.0667217529685396,0.011084588076875995
0,42,0.044197576202717595,0.06649528706083976,0.011066225976251683
0,43,0.04433223160729587,0.06653201126208838,0.010839760068551842
0,44,0.04433223160729587,0.06653201126208838,0.010839760068551842
0,45,0.044424042110417436,0.06669727016770718,0.010943811972089606
0,46,0.044056800097931205,0.06658709756396132,0.011194760680621862
0,47,0.044056800097931205,0.06658709756396132,0.011194760680621862
0,48,0.044283266005631046,0.06664830456604236,0.011207002081038071
0,49,0.04402619659689068,0.06686252907332599,0.01110907087770841
0,50,0.04420369690292569,0.06662382176520995,0.011323295384992044
0,51,0.04403231729709879,0.06660545966458563,0.01106010527604358
0,52,0.04417921410209328,0.06666666666666667,0.010864242869384259
0,53,0.04424042110417432,0.06653201126208838,0.011243726282286693
0,54,0.04433835230750398,0.06644020075896682,0.011164157179581344
0,55,0.04409352429917983,0.06658097686375322,0.011372260986656873
0,56,0.043916023993144815,0.06650140776104786,0.010968294772922023
0,57,0.04406904149834741,0.06675235646958012,0.010907087770840984
0,58,0.04406904149834741,0.06675235646958012,0.01098053617333823
0,59,0.043885420492104296,0.06660545966458563,0.01098053617333823
0,60,0.04383645489043946,0.06662994246541805,0.011066225976251683
0,61,0.04403231729709879,0.06659321826416942,0.010796915167095116
0,62,0.0442098176031338,0.06663606316562615,0.010570449259395275
0,63,0.044001713796058266,0.06669727016770718,0.011225364181662383
0,64,0.04424654180438242,0.06664218386583425,0.011188639980413759
0,65,0.0443628351083364,0.06658709756396132,0.011390623087281185
0,66,0.04411188639980414,0.06662994246541805,0.011372260986656873
0,67,0.04408128289876362,0.06669727016770718,0.011194760680621862
0,68,0.04393438609376913,0.066568735463337,0.011084588076875995
0,69,0.04422205900355001,0.06641571795813442,0.010839760068551842
0,70,0.0442159383033419,0.06659321826416942,0.011035622475211164
0,71,0.0442159383033419,0.06659321826416942,0.010594932060227689
0,72,0.044087403598971724,0.06661770106500184,0.010594932060227689
0,73,0.04429550740604725,0.06661158036479373,0.01069286326355735
0,74,0.04406904149834741,0.0667095115681234,0.011213122781246174
0,75,0.04411188639980414,0.06663606316562615,0.010937691271881503
0,76,0.04398947239564206,0.06684416697270168,0.010717346064389765
0,77,0.044099644999387934,0.06660545966458563,0.010864242869384259
0,78,0.0442159383033419,0.06677071857020443,0.01069286326355735
0,79,0.0442159383033419,0.06664218386583425,0.011115191577916513
0,80,0.04412412780022035,0.06641571795813442,0.011127432978332722
0,81,0.04409352429917983,0.06654425266250459,0.01121924348145428
0,82,0.044301628106255354,0.06642183865834252,0.011225364181662383
0,83,0.04407516219855551,0.06669727016770718,0.01062553556126821
0,84,0.04435059370792019,0.06653201126208838,0.011262088382911005
0,85,0.044056800097931205,0.06651364916146407,0.010894846370424777
0,86,0.044056800097931205,0.06661770106500184,0.011096829477292203
0,87,0.0443750765087526,0.06661770106500184,0.011096829477292203
0,88,0.04408128289876362,0.06691761537519893,0.011017260374586852
0,89,0.04400783449626637,0.06669114946749907,0.011170277879789447
0,90,0.04414861060105276,0.0667095115681234,0.011243726282286693
0,91,0.04398947239564206,0.06659321826416942,0.011255967682702902
0,92,0.04408128289876362,0.06652589056188027,0.011207002081038071
0,93,0.04382421349002326,0.06659321826416942,0.011139674378748929
0,94,0.04416085200146897,0.06671563226833149,0.0109315705716734
0,95,0.04427714530542294,0.06666666666666667,0.011255967682702902
0,96,0.0442159383033419,0.06651976986167217,0.010747949565430286
0,97,0.04395274819439344,0.06662382176520995,0.011115191577916513
0,98,0.04419145550250948,0.06675235646958012,0.011102950177500306
0,99,0.04419145550250948,0.06675847716978822,0.010717346064389765
1,0,-0.05828742808177255,0.07721263312522952,0.027059615620026935
1,1,-0.0580548414738646,0.07720039172481333,0.026490390500673276
1,2,-0.05847716978822377,0.07705349491981883,0.027145305422940386
1,3,-0.05847716978822377,0.07705349491981883,0.027145305422940386
1,4,-0.058091565675113234,0.07707797772065125,0.0268453911127433
1,5,-0.05785897906720529,0.0773289264291835,0.027377892030848328
1,6,-0.059425878320479866,0.07715142612314849,0.02741461623209695
1,7,-0.05814053127677806,0.07715142612314849,0.02741461623209695
1,8,-0.058005875872199776,0.07712694332231608,0.02675358060962174
1,9,-0.058005875872199776,0.07726159872689435,0.026423062798384134
1,10,-0.058005875872199776,0.07726159872689435,0.026423062798384134
1,11,-0.058048720773656505,0.07680866691149467,0.027145305422940386
1,12,-0.058146651976986166,0.07728608152772677,0.027512547435426617
1,13,-0.058146651976986166,0.07728608152772677,0.027512547435426617
1,14,-0.05807320357448892,0.07745746113355367,0.02695556371648917
1,15,-0.058103807075529444,0.07723711592606194,0.02675358060962174
1,16,-0.058103807075529444,0.07723711592606194,0.02675358060962174
1,17,-0.057963030970743054,0.07730444362835108,0.0271759089239809
1,18,-0.05791406536907823,0.07721263312522952,0.02689435671440813
1,19,-0.05791406536907823,0.07721263312522952,0.026000734484024974
1,20,-0.05783449626637287,0.07721263312522952,0.026000734484024974
1,21,-0.058158893377402376,0.07721263312522952,0.0271697882237728
1,22,-0.05788958256824581,0.077182029624189,0.027230995225853837
1,23,-0.05788958256824581,0.077182029624189,0.027230995225853837
1,24,-0.058018117272615986,0.0774941853348023,0.02702289141877831
1,25,-0.05793854816991064,0.07726771942710246,0.027065736320235033
1,26,-0.05793854816991064,0.07726771942710246,0.027065736320235033
1,27,-0.0580548414738646,0.07707797772065125,0.026857632513159507
1,28,-0.05789570326845391,0.07728608152772677,0.026827029012118985
1,29,-0.05789570326845391,0.07728608152772677,0.026827029012118985
1,30,-0.05813441057656996,0.0771697882237728,0.02688211531399192
1,31,-0.057877341167829596,0.07720651242502143,0.02691271881503244
1,32,-0.057877341167829596,0.07744521973313748,0.02670461500795691
1,33,-0.05795691027053494,0.07744521973313748,0.02670461500795691
1,34,-0.05789570326845391,0.07751254743542661,0.02670461500795691
1,35,-0.0580364793732403,0.07712082262210797,0.02704125351940262
1,36,-0.0580364793732403,0.07712082262210797,0.02704125351940262
1,37,-0.057846737666789085,0.07759211653813196,0.02694944301628106
1,38,-0.05799975517199167,0.07719427102460522,0.027096339821275555
1,39,-0.05799975517199167,0.07719427102460522,0.027096339821275555
1,40,-0.05810992777573755,0.07760435793854817,0.02679642551107847
1,41,-0.05781613416574856,0.07728608152772677,0.0268453911127433
1,42,-0.05781613416574856,0.07728608152772677,0.0268453911127433
1,43,-0.05797527237115926,0.07739625413147264,0.026631166605459666
1,44,-0.058018117272615986,0.07740237483168075,0.02689435671440813
1,45,-0.05809768637532133,0.07752478883584282,0.02693108091565675
1,46,-0.05809768637532133,0.07752478883584282,0.02693108091565675
1,47,-0.05798139307136736,0.07728608152772677,0.02704125351940262
1,48,-0.058165014077610475,0.07709021912106745,0.026943322316072958
1,49,-0.058165014077610475,0.07709021912106745,0.026943322316072958
1,50,-0.05810992777573755,0.07739625413147264,0.026839270412535192
1,51,-0.05799363447178357,0.07736565063043213,0.026741339209205534
1,52,-0.05812828987636186,0.07721875382543762,0.026827029012118985
1,53,-0.05822622107969152,0.07735952993022402,0.02699840861794589
1,54,-0.05793242746970253,0.077182029624189,0.027096339821275555
1,55,-0.05807320357448892,0.077182029624189,0.02741461623209695
1,56,-0.057963030970743054,0.07690047741461623,0.02713918472273228
1,57,-0.0578834618680377,0.07725547802668625,0.02675358060962174
1,58,-0.057987513771575475,0.07703513281919452,0.026839270412535192
1,59,-0.05808544497490513,0.07720651242502143,0.02686375321336761
1,60,-0.05815277267719428,0.07694944301628107,0.026600563104419144
1,61,-0.058165014077610475,0.07719427102460522,0.026741339209205534
1,62,-0.058091565675113234,0.07722487452564573,0.02666789080670829
1,63,-0.05788958256824581,0.0770106500183621,0.02644142489900845
1,64,-0.0580364793732403,0.07711470192189987,0.027286081527726776
1,65,-0.057920186069286325,0.07703513281919452,0.02704125351940262
1,66,-0.058146651976986166,0.07723711592606194,0.02731668502876729
1,67,-0.05808544497490513,0.07731668502876729,0.02672297710858122
1,68,-0.057963030970743054,0.07720651242502143,0.026967805116905375
1,69,-0.05799363447178357,0.0774941853348023,0.027102460521483657
1,70,-0.05799363447178357,0.0774941853348023,0.02633125229526258
1,71,-0.05791406536907823,0.0773350471293916,0.02633125229526258
1,72,-0.057877341167829596,0.07728608152772677,0.027114701921899863
1,73,-0.058060962174072715,0.07726771942710246,0.027200391724813318
1,74,-0.05795691027053494,0.07740849553188885,0.02691271881503244
1,75,-0.058018117272615986,0.0769984086179459,0.02675358060962174
1,76,-0.0580364793732403,0.0769984086179459,0.02709021912106745
1,77,-0.05803035867303219,0.07704737421961072,0.02689435671440813
1,78,-0.057944668870118746,0.07729832292814298,0.026710735708165012
1,79,-0.0578712204676215,0.0769984086179459,0.027163667523564694
1,80,-0.057950789570326844,0.07712082262210797,0.026288407393805852
1,81,-0.05792630676949443,0.07729220222793488,0.02712694332231607
1,82,-0.05809768637532133,0.07706573632023503,0.027114701921899863
1,83,-0.05812828987636186,0.07737789203084833,0.027273840127310565
1,84,-0.05785285836699718,0.07729832292814298,0.027286081527726776
1,85,-0.05788958256824581,0.07708409842085935,0.02695556371648917
1,86,-0.058165014077610475,0.07723711592606194,0.02615987268943567
1,87,-0.05797527237115926,0.07737789203084833,0.027004529318153996
1,88,-0.05790182396866202,0.07735340923001591,0.026906598114824338
1,89,-0.05807320357448892,0.0770228914187783,0.027114701921899863
1,90,-0.05817113477781858,0.0771881503243971,0.02617211408985188
1,91,-0.05817113477781858,0.07723711592606194,0.026967805116905375
1,92,-0.05813441057656996,0.07744521973313748,0.027194271024605216
1,93,-0.058048720773656505,0.07744521973313748,0.027194271024605216
1,94,-0.057877341167829596,0.07705961562002693,0.02699840861794589
1,95,-0.05808544497490513,0.07730444362835108,0.027114701921899863
1,96,-0.05793854816991064,0.07700452931815399,0.026306769494430164
1,97,-0.05785285836699718,0.07729220222793488,0.026410821397967927
1,98,-0.05828742808177255,0.07726771942710246,0.02675358060962174
1,99,-0.058060962174072715,0.07721263312522952,0.02634961439588689
2,0,0.087146529562982,-0.06883951524054352,0.053960093034643164
2,1,0.087146529562982,-0.06883951524054352,0.053960093034643164
2,2,0.08704247765944424,-0.06913942955074061,0.05504957767168565
2,3,0.08735463337005753,-0.06941486106010528,0.054517076753580605
2,4,0.08735463337005753,-0.06941486106010528,0.054517076753580605
2,5,0.08705471905986045,-0.06888236014200025,0.05551475088750153
2,6,0.08712204676214959,-0.06946382666177012,0.055441302485004285
2,7,0.08712204676214959,-0.06946382666177012,0.055441302485004285
2,8,0.08720773656506305,-0.06923124005386216,0.05510466397355858
2,9,0.08719549516464684,-0.06893744644387317,0.05535561268209083
2,10,0.08719549516464684,-0.06893744644387317,0.05535561268209083
2,11,0.0871281674623577,-0.06907210184845146,0.055055698371893745
2,12,0.0872995470681846,-0.06928020565552699,0.05523319867792875
2,13,0.08686497735340923,-0.06918839515240544,0.0554596645856286
2,14,0.08686497735340923,-0.06918839515240544,0.0554596645856286
2,15,0.0872811849675603,-0.06931080915656751,0.05486595666544253
2,16,0.08716489166360632,-0.0692740849553189,0.05560656139062309
2,17,0.08716489166360632,-0.0692740849553189,0.05560656139062309
2,18,0.0871281674623577,-0.06923124005386216,0.05399681723589178
2,19,0.08725058146651977,-0.06936589545844044,0.054982249969396504
2,20,0.08725058146651977,-0.06936589545844044,0.054982249969396504
2,21,0.0872934263679765,-0.06906598114824336,0.05422328314359163
2,22,0.08718937446443872,-0.06923124005386216,0.05520259517688823
2,23,0.08718937446443872,-0.06923124005386216,0.05520259517688823
2,24,0.08716489166360632,-0.06911494674990819,0.055337250581466525
2,25,0.0872934263679765,-0.06899253274574611,0.05549026808666911
2,26,0.0872934263679765,-0.06899253274574611,0.05570449259395275
2,27,0.0872934263679765,-0.06915779165136492,0.05570449259395275
2,28,0.08737911617088995,-0.06909658464928388,0.0554596645856286
2,29,0.08717101236381442,-0.06916391235157301,0.053960093034643164
2,30,0.08717101236381442,-0.06916391235157301,0.053960093034643164
2,31,0.0873117884686008,-0.06920063655282165,0.05552699228791774
2,32,0.08720161586485495,-0.06902925694699473,0.05538621618313135
2,33,0.08720161586485495,-0.06902925694699473,0.05538621618313135
2,34,0.08693842575590648,-0.06909046394907578,0.05552087158770963
2,35,0.08717101236381442,-0.06913330885053251,0.05556983718937446
2,36,0.08717101236381442,-0.06913330885053251,0.05556983718937446
2,37,0.08723834006610356,-0.06918839515240544,0.05393561023381075
2,38,0.08718325376423063,-0.06910270534949198,0.054957767168564084
2,39,0.08718325376423063,-0.06910270534949198,0.054957767168564084
2,40,0.08704247765944424,-0.06919451585261353,0.053960093034643164
2,41,0.0872811849675603,-0.0689619292447056,0.054027420736932306
2,42,0.08745868527359531,-0.06937813685885666,0.055429061084588074
2,43,0.08745868527359531,-0.06937813685885666,0.055429061084588074
2,44,0.0871281674623577,-0.06898641204553801,0.05532500918105031
2,45,0.08721997796547926,-0.06934753335781614,0.05512914677439099
2,46,0.08721997796547926,-0.06934753335781614,0.05512914677439099
2,47,0.08712204676214959,-0.06946382666177012,0.055159750275431504
2,48,0.0871281674623577,-0.06917615375198923,0.053813196229648676
2,49,0.08725670216672787,-0.06932305055698372,0.05571061329416085
2,50,0.08725670216672787,-0.06913330885053251,0.053672420124862286
2,51,0.08725058146651977,-0.06913330885053251,0.05549638878687722
2,52,0.08704859835965234,-0.06918227445219734,0.05549638878687722
2,53,0.08720161586485495,-0.06920675725302974,0.05558819928999877
2,54,0.0871526502631901,-0.06932917125719182,0.055453543885420495
2,55,0.08708532256090097,-0.06910882604970009,0.055404578283755654
2,56,0.08720161586485495,-0.06925572285469458,0.055545354388542044
2,57,0.08733015056922512,-0.06917003305178113,0.0549883706696046
2,58,0.08726282286693597,-0.06924960215448647,0.05464561145795079
2,59,0.0872934263679765,-0.06928632635573509,0.0554719059860448
2,60,0.08701187415840372,-0.06905373974782715,0.05553311298812584
2,61,0.0872995470681846,-0.06905986044803526,0.055643285591871705
2,62,0.08711592606194149,-0.06904761904761905,0.05549026808666911
2,63,0.08739135757130616,-0.06917615375198923,0.05520259517688823
2,64,0.08709756396131717,-0.0692740849553189,0.05561880279103929
2,65,0.08725058146651977,-0.0694515852613539,0.05365405802423797
2,66,0.08736075407026564,-0.06920063655282165,0.0548231117639858
2,67,0.08725058146651977,-0.06916391235157301,0.05535561268209083
2,68,0.08726894356714408,-0.06931692985677561,0.055257681478761166
2,69,0.0872995470681846,-0.06917615375198923,0.05397233443505937
2,70,0.08707308116048476,-0.06916391235157301,0.05544742318521238
2,71,0.08707308116048476,-0.06916391235157301,0.05544742318521238
2,72,0.08734851266984943,-0.06891908434324887,0.05549638878687722
2,73,0.08717101236381442,-0.06929856775615131,0.05460888725670217
2,74,0.08692006365528217,-0.06934753335781614,0.05541681968417187
2,75,0.0873117884686008,-0.06935977475823234,0.054131472640470066
2,76,0.08723221936589545,-0.06934753335781614,0.05430897294650509
2,77,0.08725058146651977,-0.06901089484637044,0.05413759334067817
2,78,0.08699963275798751,-0.06899865344595421,0.05414371404088628
2,79,0.08708532256090097,-0.06919451585261353,0.05337862651487331
2,80,0.08728730566776839,-0.06907822254865956,0.053458195617578655
2,81,0.08736075407026564,-0.06935977475823234,0.054596645856285965
2,82,0.08724446076631168,-0.0691455502509487,0.055227077977720654
2,83,0.08742808177255477,-0.06926796425511078,0.05437017994858612
2,84,0.08718325376423063,-0.06912106745011629,0.05570449259395275
2,85,0.08715877096339822,-0.06901701554657853,0.055410698983963766
2,86,0.08706083976006855,-0.06935365405802424,0.05572897539478516
2,87,0.08732402986901702,-0.06911494674990819,0.055337250581466525
2,88,0.08725670216672787,-0.0692924470559432,0.054186558942343
2,89,0.0872934263679765,-0.06894968784428938,0.0545048353531644
2,90,0.0872934263679765,-0.06904761904761905,0.05459052515607785
2,91,0.0872995470681846,-0.06904761904761905,0.054596645856285965
2,92,0.0871342881625658,-0.06902925694699473,0.05616354510956053
2,93,0.08707308116048476,-0.06918227445219734,0.0556310441914555
2,94,0.08720773656506305,-0.06887011874158404,0.055624923491247404
2,95,0.0871342881625658,-0.06926184355490268,0.05528216427959358
2,96,0.08711592606194149,-0.06904761904761905,0.055337250581466525
2,97,0.08723221936589545,-0.06917615375198923,0.05559431999020688
2,98,0.08726282286693597,-0.06900477414616232,0.05364181662382177
2,99,0.0873117884686008,-0.06920063655282165,0.05587587219977965
3,0,-0.08315583302729831,-0.049755171991675846,0.03662627004529318
3,1,-0.08321091932917127,-0.04972456849063533,0.03660790794466887
3,2,-0.08345574733749542,-0.049785775492716365,0.036650752846125595
3,3,-0.08345574733749542,-0.049785775492716365,0.036650752846125595
3,4,-0.08346186803770352,-0.04945525768147876,0.03625290733259885
3,5,-0.08346186803770352,-0.0496756028889705,0.03650997674133921
3,6,-0.08352307503978455,-0.04972456849063533,0.036632390745501286
3,7,-0.08352307503978455,-0.04972456849063533,0.036632390745501286
3,8,-0.08339454033541437,-0.04976741339209206,0.03659566654425266
3,9,-0.08337617823479006,-0.04981637899375689,0.036534459542171625
3,10,-0.08337617823479006,-0.04981637899375689,0.036534459542171625
3,11,-0.08337617823479006,-0.04960215448647325,0.03644264903905007
3,12,-0.083608764842698,-0.04977965479250827,0.03660178724446077
3,13,-0.083608764842698,-0.04977965479250827,0.03660178724446077
3,14,-0.08346798873791161,-0.04959603378626515,0.03660790794466887
3,15,-0.08335169543395764,-0.049559309585016524,0.03650385604113111
3,16,-0.08335169543395764,-0.049559309585016524,0.03650385604113111
3,17,-0.08363324764353042,-0.04982249969396499,0.036632390745501286
3,18,-0.08355367854082507,-0.04960827518668136,0.03671808054841474
3,19,-0.08339454033541437,-0.04958991308605705,0.036638511445709385
3,20,-0.08339454033541437,-0.04958991308605705,0.036638511445709385
3,21,-0.08354143714040886,-0.04958379238584894,0.03644264903905007
3,22,-0.08352919573999265,-0.04976129269188395,0.03632635573509609
3,23,-0.08352919573999265,-0.04976129269188395,0.03632635573509609
3,24,-0.08329660913208471,-0.0498347410943812,0.03652833884196352
3,25,-0.08333945403354144,-0.049669482188762396,0.03643040763863386
3,26,-0.08333945403354144,-0.049669482188762396,0.03643040763863386
3,27,-0.08336393683437385,-0.04949810258293549,0.03651609744154731
3,28,-0.08355367854082507,-0.04938180927898152,0.03644264903905007
3,29,-0.08355367854082507,-0.04938180927898152,0.03644264903905007
3,30,-0.08324764353041988,-0.04974905129146774,0.0366446321459175
3,31,-0.08332721263312523,-0.049914310197086545,0.03669971844779042
3,32,-0.08373117884686007,-0.049755171991675846,0.0366568735463337
3,33,-0.08373117884686007,-0.049755171991675846,0.0366568735463337
3,34,-0.08351695433957644,-0.04959603378626515,0.03657118374342025
3,35,-0.08338229893499817,-0.04957767168564084,0.03655894234300404
3,36,-0.08338229893499817,-0.04957767168564084,0.03655894234300404
3,37,-0.08325376423062798,-0.0498469824947974,0.03666911494674991
3,38,-0.08324152283021177,-0.04966336148855429,0.036497735340923
3,39,-0.08324152283021177,-0.04966336148855429,0.036497735340923
3,40,-0.08353531644020076,-0.04971844779042722,0.03657730444362835
3,41,-0.08315583302729831,-0.04933896437752479,0.03666911494674991
3,42,-0.08315583302729831,-0.04933896437752479,0.03666911494674991
3,43,-0.08346186803770352,-0.04944913698127066,0.036638511445709385
3,44,-0.0834373852368711,-0.04961439588688946,0.03638756273717713
3,45,-0.08351695433957644,-0.049914310197086545,0.03652221814175542
3,46,-0.08351695433957644,-0.049914310197086545,0.03652221814175542
3,47,-0.08362100624311422,-0.04958379238584894,0.03658954584404456
3,48,-0.08333945403354144,-0.04985310319500551,0.03671808054841474
3,49,-0.08352307503978455,-0.049400171379605826,0.036662994246541805
3,50,-0.08352307503978455,-0.04954706818460032,0.036534459542171625
3,51,-0.08333333333333334,-0.04954706818460032,0.03657118374342025
3,52,-0.08319255722854695,-0.04947361978210307,0.03645489043946627
3,53,-0.08362100624311422,-0.04958991308605705,0.03645489043946627
3,54,-0.08353531644020076,-0.04946749908189497,0.03658954584404456
3,55,-0.08329660913208471,-0.04954706818460032,0.03659566654425266
3,56,-0.08365160974415473,-0.0496817235891786,0.03676704615007957
3,57,-0.08329660913208471,-0.04965112008813809,0.0366446321459175
3,58,-0.08340066103562246,-0.04948586118251928,0.03659566654425266
3,59,-0.08354143714040886,-0.049424654180438246,0.036632390745501286
3,60,-0.08353531644020076,-0.04958991308605705,0.036393683437385235
3,61,-0.08355979924103317,-0.049400171379605826,0.0368160117517444
3,62,-0.08329660913208471,-0.049657240788346185,0.036632390745501286
3,63,-0.08335169543395764,-0.049540947484392216,0.03655894234300404
3,64,-0.08341290243603869,-0.04962663728730567,0.03638144203696903
3,65,-0.08347410943811973,-0.049559309585016524,0.03646101113967438
3,66,-0.08327824703146039,-0.049700085689802914,0.03657118374342025
3,67,-0.08362100624311422,-0.04946749908189497,0.03660790794466887
3,68,-0.08329048843187661,-0.04971844779042722,0.036412045538009544
3,69,-0.08323540213000367,-0.04977353409230016,0.036424286938425754
3,70,-0.08352919573999265,-0.049914310197086545,0.036497735340923
3,71,-0.08352919573999265,-0.04988982739625413,0.03677316685028768
3,72,-0.08305790182396866,-0.04988982739625413,0.03677316685028768
3,73,-0.0834251438364549,-0.04960215448647325,0.036705839147998534
3,74,-0.08332109193291712,-0.04999387929979189,0.0366446321459175
3,75,-0.08346798873791161,-0.04960215448647325,0.03671808054841474
3,76,-0.083608764842698,-0.04990206879667034,0.0366568735463337
3,77,-0.08346186803770352,-0.0495103439833517,0.036491614640714896
3,78,-0.08340066103562246,-0.04960827518668136,0.03671195984820663
3,79,-0.08330272983229281,-0.04960215448647325,0.036638511445709385
3,80,-0.083431264536663,-0.04973068919084343,0.03668747704737422
3,81,-0.08337617823479006,-0.04982249969396499,0.03655894234300404
3,82,-0.08349247153874403,-0.04962051658709756,0.036497735340923
3,83,-0.08354143714040886,-0.0495225853837679,0.036632390745501286
3,84,-0.08332721263312523,-0.04944913698127066,0.03655894234300404
3,85,-0.08371281674623578,-0.04982249969396499,0.03673032194883095
3,86,-0.08370057534581957,-0.04972456849063533,0.036491614640714896
3,87,-0.08335169543395764,-0.04973680989105154,0.036638511445709385
3,88,-0.08336393683437385,-0.049516464683559795,0.03650385604113111
3,89,-0.08336393683437385,-0.04970620639001101,0.03655894234300404
3,90,-0.08354143714040886,-0.049798016893132575,0.036791528950911985
3,91,-0.08334557473374954,-0.049540947484392216,0.03647937324029869
3,92,-0.08352919573999265,-0.05011629330395397,0.036632390745501286
3,93,-0.08337617823479006,-0.04987758599583793,0.03635695923613662
3,94,-0.08337617823479006,-0.04987758599583793,0.03635695923613662
3,95,-0.08340678173583058,-0.04954706818460032,0.03655894234300404
3,96,-0.08338229893499817,-0.04966336148855429,0.03674868404945526
3,97,-0.0835965234422818,-0.049700085689802914,0.03672420124862284
3,98,-0.08362712694332232,-0.04947974048231117,0.03676704615007957
3,99,-0.08331497123270902,-0.04990818949687844,0.036565063043212144
