values,,Magnetometer,Magnetometer,Magnetometer
axis,,x,y,z
Sensor,Sample,,,
0,0,0.031705227077977724,0.05953605092422574,0.0028583669971844776
0,1,0.031821520381931694,0.059603378626514866,0.0030052638021789693
0,2,0.031821520381931694,0.059603378626514866,0.0030052638021789693
0,3,0.03172970987881014,0.059585016525890565,0.002503366385114457
0,4,0.03196841718692618,0.059327947117150205,0.002944056800097931
0,5,0.03196841718692618,0.059327947117150205,0.002944056800097931
0,6,0.03196841718692618,0.059401395519647446,0.0022952625780389277
0,7,0.031748071979434446,0.05954829232464194,0.003011384502387073
0,8,0.031748071979434446,0.05947484392214469,0.002772677194271025
0,9,0.031833761782347904,0.05947484392214469,0.002772677194271025
0,10,0.031692985677561514,0.05952380952380952,0.002919573999265516
0,11,0.03172358917860203,0.059370792018606934,0.0027665564940629207
0,12,0.03172358917860203,0.059370792018606934,0.0027665564940629207
0,13,0.03185212388297221,0.05954829232464194,0.002852246296976374
0,14,0.031650140776104785,0.05965846492838781,0.003035867303219488
0,15,0.031650140776104785,0.05965846492838781,0.003035867303219488
0,16,0.031839882482556,0.05939527481943935,0.0029930224017627616
0,17,0.031760313379850656,0.059542171624433836,0.0027053494919818824
0,18,0.031760313379850656,0.059542171624433836,0.0027053494919818824
0,19,0.03181539968172359,0.059646223527971595,0.003035867303219488
0,20,0.031919451585261355,0.05954829232464194,0.0028400048965601665
0,21,0.031919451585261355,0.05954829232464194,0.0028400048965601665
0,22,0.03188272738401273,0.05938303341902314,0.0030052638021789693
0,23,0.03181539968172359,0.0593340678173583,0.0028338841963520627
0,24,0.03181539968172359,0.0593340678173583,0.0028338841963520627
0,25,0.031705227077977724,0.059297343616109686,0.002558452686987391
0,26,0.03153996817235892,0.059487085322560904,0.002980781001346554
0,27,0.03153996817235892,0.059487085322560904,0.002980781001346554
0,28,0.03176643408005876,0.059823723834006616,0.003035867303219488
0,29,0.03180315828130738,0.05952380952380952,0.0025217284857387686
0,30,0.03176643408005876,0.05962174072713918,0.002601297588444118
0,31,0.03176643408005876,0.05962174072713918,0.002601297588444118
0,32,0.031833761782347904,0.05946260252172848,0.002546211286571184
0,33,0.03169910637776961,0.05926061941486106,0.0020687966703390867
0,34,0.03169910637776961,0.05926061941486106,0.0020687966703390867
0,35,0.03171746847839393,0.0596339821275554,0.0031460399069653568
0,36,0.031692985677561514,0.05953605092422574,0.00228302117762272
0,37,0.031692985677561514,0.05953605092422574,0.00228302117762272
0,38,0.031748071979434446,0.059603378626514866,0.0023258660790794468
0,39,0.03212143469212878,0.059786999632757985,0.0027175908923980905
0,40,0.03212143469212878,0.059786999632757985,0.0028767290978087895
0,41,0.03189496878442894,0.059431999020687964,0.0028767290978087895
0,42,0.03157057167339944,0.059585016525890565,0.0029012118986412047
0,43,0.031760313379850656,0.05939527481943935,0.0029501775003060353
0,44,0.031760313379850656,0.05939527481943935,0.0029501775003060353
0,45,0.03174195127922634,0.059585016525890565,0.002393193781368589
0,46,0.03193781368588566,0.05945648182152038,0.00266862529073326
0,47,0.03193781368588566,0.05945648182152038,0.00266862529073326
0,48,0.03180315828130738,0.05940751621985555,0.0029624189007222425
0,49,0.03157057167339944,0.0596523442281797,0.0027175908923980905
0,50,0.03157057167339944,0.059542171624433836,0.0030052638021789693
0,51,0.031833761782347904,0.059542171624433836,0.002852246296976374
0,52,0.03172358917860203,0.0593218264169421,0.002852246296976374
0,53,0.03139919206757253,0.05973191333088505,0.0029562982005141387
0,54,0.03196229648671808,0.05959725792630677,0.0028338841963520627
0,55,0.03172970987881014,0.05977475823234178,0.002625780389276533
0,56,0.031705227077977724,0.05956053372505815,0.003048108703635696
0,57,0.03171134777818582,0.05966458562859591,0.0028094013955196474
0,58,0.03184600318276411,0.059615620026931083,0.002601297588444118
0,59,0.031662382176520995,0.05960949932672298,0.002442159383033419
0,60,0.03172970987881014,0.05955441302485004,0.0026441424899008447
0,61,0.03180315828130738,0.05940751621985555,0.002895091198433101
0,62,0.031692985677561514,0.05949932672297711,0.0024237972824091075
0,63,0.031748071979434446,0.05959725792630677,0.0026196596890684294
0,64,0.032017382788591016,0.059603378626514866,0.0028032806953115436
0,65,0.031748071979434446,0.059487085322560904,0.0026135389888603255
0,66,0.031833761782347904,0.059529930224017626,0.0025951768882360145
0,67,0.03192557228546945,0.05962786142734729,0.0031154364059248377
0,68,0.03161341657485616,0.05959113722609867,0.0031154364059248377
0,69,0.03161341657485616,0.05959113722609867,0.0031154364059248377
0,70,0.03155833027298323,0.05954829232464194,0.0029685396009303464
0,71,0.031839882482556,0.05966458562859591,0.0026747459909413638
0,72,0.031772554780266866,0.0593218264169421,0.002742073693230506
0,73,0.031833761782347904,0.0596523442281797,0.002601297588444118
0,74,0.031760313379850656,0.05930346431631779,0.0031460399069653568
0,75,0.03176643408005876,0.05949320602276901,0.002821642795935855
0,76,0.031760313379850656,0.059291222915901574,0.002791039294895336
0,77,0.03172970987881014,0.05960949932672298,0.0025829354878198064
0,78,0.03180927898151549,0.059725792630676955,0.002852246296976374
0,79,0.03180315828130738,0.05956665442526625,0.002503366385114457
0,80,0.03190108948463704,0.05947484392214469,0.0026747459909413638
0,81,0.03198677928755049,0.05949320602276901,0.0028338841963520627
0,82,0.0316746235769372,0.0597992410331742,0.002864487697392582
0,83,0.03169910637776961,0.05924837801444486,0.00292569469947362
0,84,0.03157057167339944,0.059529930224017626,0.0027114701921899867
0,85,0.03157057167339944,0.05960949932672298,0.0029012118986412047
0,86,0.031760313379850656,0.05960949932672298,0.0029012118986412047
0,87,0.03174195127922634,0.059230015913820544,0.0027359529930224015
0,88,0.031790916880891175,0.05959725792630677,0.002772677194271025
0,89,0.03172358917860203,0.05962174072713918,0.0030236259028032808
0,90,0.031705227077977724,0.05950544742318521,0.003109315705716734
0,91,0.03160117517443996,0.059511568123393324,0.0024115558819929
0,92,0.03185824458318032,0.059756396131717474,0.0026869873913575714
0,93,0.03185824458318032,0.05956665442526625,0.002472762884073938
0,94,0.03178479618068307,0.059297343616109686,0.0027359529930224015
0,95,0.031760313379850656,0.05946260252172848,0.002791039294895336
0,96,0.031790916880891175,0.05945648182152038,0.0030052638021789693
0,97,0.03199902068796671,0.05936467131839882,0.002888970498224997
0,98,0.03171746847839393,0.05939527481943935,0.0029991431019708655
0,99,0.03171746847839393,0.05939527481943935,0.0023075039784551353
1,0,-0.04703758109927776,0.07167952013710369,0.020394173093401885
1,1,-0.046933529195739995,0.07130615742440935,0.020577794099645
1,2,-0.046933529195739995,0.07130615742440935,0.020577794099645
1,3,-0.04725180560656139,0.0713796058269066,0.02004529318153997
1,4,-0.04692740849553189,0.07143469212877954,0.021024605214836577
1,5,-0.04692740849553189,0.07143469212877954,0.021024605214836577
1,6,-0.04719671930468845,0.07163667523564696,0.020008568980291346
1,7,-0.04686008079324275,0.07153262333210919,0.02075529440568001
1,8,-0.046964132696780514,0.07144081282898763,0.020577794099645
1,9,-0.046964132696780514,0.07144081282898763,0.020577794099645
1,10,-0.04698249479740482,0.07162443383523075,0.020504345697147756
1,11,-0.0469457705961562,0.07142245072836333,0.020339086791528953
1,12,-0.0469457705961562,0.07142245072836333,0.020339086791528953
1,13,-0.04688456359407516,0.0716917615375199,0.020326845391112743
1,14,-0.046933529195739995,0.07145305422940385,0.01997184477904272
1,15,-0.046933529195739995,0.07145305422940385,0.01997184477904272
1,16,-0.047049822499693965,0.07133676092544987,0.020767535806096218
1,17,-0.046792753090953605,0.07147141633002815,0.020700208103807075
1,18,-0.046792753090953605,0.07147141633002815,0.020700208103807075
1,19,-0.04714163300281552,0.07149589913086057,0.020596156200269312
1,20,-0.04704370179948586,0.071697882237728,0.02038805239319378
1,21,-0.04680499449136981,0.07164891663606317,0.020265638389031705
1,22,-0.04680499449136981,0.07164891663606317,0.020265638389031705
1,23,-0.047006977598237236,0.07139796792753092,0.020510466397355858
1,24,-0.04712939160239931,0.07161219243481455,0.020590035500061207
1,25,-0.04712939160239931,0.07161219243481455,0.020590035500061207
1,26,-0.04707430530052638,0.07161831313502265,0.020767535806096218
1,27,-0.04712939160239931,0.07157546823356592,0.020222793487574976
1,28,-0.04712939160239931,0.07157546823356592,0.020222793487574976
1,29,-0.046933529195739995,0.07153262333210919,0.02017994858611825
1,30,-0.04692740849553189,0.07144693352919575,0.019598482066348392
1,31,-0.046921287795323785,0.07145305422940385,0.020847104908801567
1,32,-0.046921287795323785,0.07145305422940385,0.020847104908801567
1,33,-0.047190598604480355,0.07143469212877954,0.020779777206512424
1,34,-0.04708654670094259,0.07128779532378504,0.020394173093401885
1,35,-0.04708654670094259,0.07128779532378504,0.020394173093401885
1,36,-0.047019218998653446,0.07145305422940385,0.02086546700942588
1,37,-0.047202840004896565,0.071520381931693,0.02064512180193414
1,38,-0.047202840004896565,0.071520381931693,0.02064512180193414
1,39,-0.04698249479740482,0.07112253641816624,0.02048598359652344
1,40,-0.04698861549761293,0.07127555392336883,0.02080426000734484
1,41,-0.04711715020198311,0.071226588321704,0.020681846003182763
1,42,-0.04711715020198311,0.071226588321704,0.020681846003182763
1,43,-0.04699473619782103,0.07130003672420124,0.02017382788591015
1,44,-0.047049822499693965,0.07134900232586608,0.020449259395274817
1,45,-0.047049822499693965,0.07134900232586608,0.020449259395274817
1,46,-0.04697025339698861,0.07144693352919575,0.020571673399436895
1,47,-0.04712327090219121,0.07133676092544987,0.02101236381442037
1,48,-0.04712327090219121,0.07133676092544987,0.02101236381442037
1,49,-0.04706818460031827,0.07136124372628229,0.020583914799853102
1,50,-0.047159995103439836,0.07147753703023627,0.020308483290488434
1,51,-0.04691516709511568,0.07126331252295262,0.02052882849798017
1,52,-0.0469396498959481,0.07119598482066349,0.020082017382788593
1,53,-0.0469457705961562,0.07118374342024728,0.02022891418778308
1,54,-0.04685396009303464,0.07133064022524177,0.020516587097563963
1,55,-0.04704370179948586,0.07144081282898763,0.02035744889215326
1,56,-0.047202840004896565,0.0715448647325254,0.02043701799485861
1,57,-0.046951891296364304,0.07158770963398213,0.020963398212755537
1,58,-0.04679887379116171,0.07153262333210919,0.02036969029256947
1,59,-0.04708654670094259,0.07116538131962297,0.0207369323050557
1,60,-0.046921287795323785,0.07134288162565797,0.020075896682580488
1,61,-0.04695801199657241,0.07142245072836333,0.02060839760068552
1,62,-0.0471049088015669,0.07139184722732281,0.020375810992777573
1,63,-0.04712939160239931,0.07130615742440935,0.020241155588199288
1,64,-0.04712939160239931,0.07119598482066349,0.020057534581956176
1,65,-0.047147753703023626,0.07119598482066349,0.01998408617945893
1,66,-0.046909046394907575,0.07145305422940385,0.01998408617945893
1,67,-0.047153874403231724,0.07124495042232831,0.020118741584037213
1,68,-0.04687232219365896,0.07133064022524177,0.019794344473007715
1,69,-0.047049822499693965,0.07140408862773902,0.01991675847716979
1,70,-0.047080426000734484,0.07114089851879055,0.020253396988615495
1,71,-0.046866201493450846,0.07125107112253641,0.020651242502142245
1,72,-0.04697025339698861,0.07110417431754193,0.02032072469090464
1,73,-0.046933529195739995,0.07140408862773902,0.020718570204431387
1,74,-0.047006977598237236,0.0715509854327335,0.0204186558942343
1,75,-0.047006977598237236,0.07133676092544987,0.020620639001101726
1,76,-0.04688456359407516,0.07144693352919575,0.019824947974048233
1,77,-0.0469457705961562,0.07153262333210919,0.019824947974048233
1,78,-0.046976374097196724,0.07109193291712572,0.020167707185702044
1,79,-0.046976374097196724,0.07144081282898763,0.019947361978210308
1,80,-0.04685396009303464,0.07147141633002815,0.019586240665932182
1,81,-0.047006977598237236,0.07139796792753092,0.019708654670094257
1,82,-0.047049822499693965,0.07127555392336883,0.02013098298445342
1,83,-0.04698861549761293,0.07131839882482556,0.02021055208715877
1,84,-0.04711715020198311,0.07145305422940385,0.020479862896315336
1,85,-0.046976374097196724,0.07107357081650141,0.020020810380707552
1,86,-0.04725180560656139,0.07111029501775004,0.019880034275921166
1,87,-0.04725180560656139,0.07123882972212021,0.020167707185702044
1,88,-0.04712939160239931,0.07123882972212021,0.019684171869261843
1,89,-0.04703758109927776,0.07144693352919575,0.019684171869261843
1,90,-0.04707430530052638,0.07139796792753092,0.020118741584037213
1,91,-0.04672542538866446,0.07115313991920676,0.019843310074672542
1,92,-0.04703146039906965,0.07153874403231729,0.020051413881748074
1,93,-0.046964132696780514,0.07158158893377402,0.019812706573632023
1,94,-0.04679887379116171,0.07133676092544987,0.020345207491737054
1,95,-0.04712939160239931,0.07123270902191212,0.019800465173215816
1,96,-0.047111029501775,0.07128779532378504,0.019990206879667034
1,97,-0.04701309829844534,0.07160607173460644,0.020314603990696536
1,98,-0.04700085689802914,0.07164279593585507,0.020332966091320848
1,99,-0.047062063900110175,0.07114089851879055,0.019855551475088752
2,0,0.09135757130615743,-0.06176398579997552,0.06823356591994124
2,1,0.09092300159138206,-0.06130493328436774,0.06800097931203329
2,2,0.09140041620761416,-0.06132941608520015,0.06694209817603133
2,3,0.09143714040886278,-0.06124372628228669,0.06627494185334802
2,4,0.09143714040886278,-0.06124372628228669,0.06627494185334802
2,5,0.09146162320969518,-0.06150079569102705,0.06737666789080671
2,6,0.09118619170033052,-0.06148855429061084,0.0672114089851879
2,7,0.09118619170033052,-0.06148855429061084,0.0672114089851879
2,8,0.09112498469824948,-0.061298812584159625,0.06836822132451953
2,9,0.09133920920553311,-0.06144570938915413,0.067040029379361
2,10,0.09133920920553311,-0.06144570938915413,0.067040029379361
2,11,0.09128412290366018,-0.06148855429061084,0.06675235646958012
2,12,0.09122903660178724,-0.06161708899498103,0.06740727139184723
2,13,0.09122903660178724,-0.06161708899498103,0.06740727139184723
2,14,0.09133308850532501,-0.06172114089851879,0.06821520381931692
2,15,0.09121067450116294,-0.06122536418166238,0.06810503121557107
2,16,0.09108213979679275,-0.061408985187905496,0.06685640837311788
2,17,0.09108213979679275,-0.061408985187905496,0.06685640837311788
2,18,0.09120455380095482,-0.06178234790059983,0.06683804627249358
2,19,0.09124739870241155,-0.06136614028644877,0.06801934141265761
2,20,0.09124739870241155,-0.06136614028644877,0.06801934141265761
2,21,0.09106377769616844,-0.061353898886032564,0.06797037581099277
2,22,0.09138205410698984,-0.061794589301016035,0.0681539968172359
2,23,0.09138205410698984,-0.061794589301016035,0.0681539968172359
2,24,0.09129024360386828,-0.061513037091443255,0.06825192802056555
2,25,0.09122903660178724,-0.06136614028644877,0.06809278981515485
2,26,0.09122903660178724,-0.06136614028644877,0.06809278981515485
2,27,0.09124127800220345,-0.06148855429061084,0.06749908189496878
2,28,0.09152283021177623,-0.061592606194148615,0.06762149589913086
2,29,0.09152283021177623,-0.061592606194148615,0.06762149589913086
2,30,0.09116782959970621,-0.06178234790059983,0.06729097808789325
2,31,0.09111274329783328,-0.06134777818582445,0.06806218631411434
2,32,0.09138817480719794,-0.061268209083119106,0.06828253152160607
2,33,0.09138817480719794,-0.061268209083119106,0.06828253152160607
2,34,0.09149222671073572,-0.06151915779165137,0.06732158158893378
2,35,0.09141877830823845,-0.06162933039539723,0.06803158281307382
2,36,0.09141877830823845,-0.06162933039539723,0.06803158281307382
2,37,0.09118619170033052,-0.061635451095605344,0.06803770351328192
2,38,0.0913147264047007,-0.06168441669727017,0.06683804627249358
2,39,0.09122903660178724,-0.061494674990818954,0.06811727261598727
2,40,0.09122903660178724,-0.061494674990818954,0.06811727261598727
2,41,0.09143101970865466,-0.06150691639123516,0.06630554535438854
2,42,0.09127800220345209,-0.06172114089851879,0.06814787611702779
2,43,0.09127800220345209,-0.06172114089851879,0.06814787611702779
2,44,0.09136369200636553,-0.06139062308728118,0.06809278981515485
2,45,0.09149834741094381,-0.0615864854939405,0.06702778797894479
2,46,0.09149834741094381,-0.0615864854939405,0.06702778797894479
2,47,0.09144326110907088,-0.0615864854939405,0.06685028767290978
2,48,0.09138817480719794,-0.06121924348145428,0.06649528706083976
2,49,0.09138817480719794,-0.061513037091443255,0.06825192802056555
2,50,0.09125351940261966,-0.061513037091443255,0.0683314971232709
2,51,0.09123515730199536,-0.06137838168686498,0.0683314971232709
2,52,0.09122903660178724,-0.06139674378748929,0.06713183988248256
2,53,0.09146162320969518,-0.06143346798873791,0.06812339331619537
2,54,0.09126576080303586,-0.06172726159872689,0.06746235769372017
2,55,0.09133920920553311,-0.06133553678540825,0.06830089362223038
2,56,0.09111274329783328,-0.06129269188395152,0.06828253152160607
2,57,0.09151670951156812,-0.06151915779165137,0.0670522707797772
2,58,0.09143101970865466,-0.06126208838291101,0.06600563104419147
2,59,0.09095360509242258,-0.06132941608520015,0.06661158036479373
2,60,0.09140653690782226,-0.06139062308728118,0.06823968662014934
2,61,0.0911494674990819,-0.061353898886032564,0.06671563226833149
2,62,0.09138205410698984,-0.061298812584159625,0.06771330640225241
2,63,0.09122291590157913,-0.061451830089362225,0.06821520381931692
2,64,0.09135757130615743,-0.06162320969518913,0.06572407883461868
2,65,0.09150446811115191,-0.0615864854939405,0.06825192802056555
2,66,0.09146774390990328,-0.061610968294772916,0.06825192802056555
2,67,0.09138817480719794,-0.061170277879789445,0.06831313502264659
2,68,0.09133308850532501,-0.06147019218998654,0.06814175541681969
2,69,0.09138817480719794,-0.06120088138082996,0.06748684049455259
2,70,0.09138817480719794,-0.06120088138082996,0.06839882482556005
2,71,0.09119231240053863,-0.06120088138082996,0.06839882482556005
2,72,0.09126576080303586,-0.06153751989227567,0.06655037336271269
2,73,0.0911800710001224,-0.06117639857999755,0.06756028889704982
2,74,0.09144938180927899,-0.0615681233933162,0.06729097808789325
2,75,0.09150446811115191,-0.06161708899498103,0.06817235891786019
2,76,0.09138205410698984,-0.06128045048353532,0.068160117517444
2,77,0.09129636430407638,-0.06136001958624067,0.06809278981515485
2,78,0.09129636430407638,-0.06165993389643776,0.06677071857020443
2,79,0.0913147264047007,-0.06144570938915413,0.06806830701432244
2,80,0.09135757130615743,-0.061237605582078594,0.06741951279226344
2,81,0.09113110539845758,-0.06132329538499204,0.06809278981515485
2,82,0.0914738646101114,-0.06131717468478394,0.06759701309829844
2,83,0.09144938180927899,-0.06137838168686498,0.06642795935855061
2,84,0.09110662259762517,-0.06142734728852981,0.06694209817603133
2,85,0.09116782959970621,-0.061353898886032564,0.068160117517444
2,86,0.09130860570449259,-0.06154364059248378,0.06824580732035744
2,87,0.09149834741094381,-0.06136001958624067,0.06685640837311788
2,88,0.09116782959970621,-0.06136001958624067,0.06830701432243849
2,89,0.09130860570449259,-0.06136614028644877,0.06664830456604236
2,90,0.09126576080303586,-0.06147019218998654,0.06802546211286571
2,91,0.09134532990574121,-0.061372260986656865,0.0681784796180683
2,92,0.09134532990574121,-0.061372260986656865,0.0681784796180683
2,93,0.09125351940261966,-0.06146407148977843,0.06778063410454156
2,94,0.09123515730199536,-0.06138450238707308,0.06669727016770718
2,95,0.09144938180927899,-0.06112131227812462,0.06552209572775125
2,96,0.09105153629575223,-0.0615864854939405,0.06682580487207737
2,97,0.09115558819929,-0.06123148488187049,0.06666666666666667
2,98,0.09135757130615743,-0.06147019218998654,0.06738890929122292
2,99,0.0914799853103195,-0.0615803647937324,0.06809891051536296
3,0,-0.08645489043946628,-0.04190231362467866,0.04446076631166605
3,1,-0.08652221814175541,-0.04190231362467866,0.04425266250459052
3,2,-0.08638144203696903,-0.04181662382176521,0.04416697270167707
3,3,-0.08638144203696903,-0.04181662382176521,0.04416697270167707
3,4,-0.08642428693842576,-0.042220590035500064,0.0440506793977231
3,5,-0.08656506304321214,-0.04177377892030849,0.04423430040396621
3,6,-0.08656506304321214,-0.04177377892030849,0.04423430040396621
3,7,-0.08653445954217162,-0.04182886522218142,0.04396498959480964
3,8,-0.08642428693842576,-0.041565675113232954,0.044142489900844656
3,9,-0.08642428693842576,-0.041565675113232954,0.044142489900844656
3,10,-0.08663851144570939,-0.04181662382176521,0.0442159383033419
3,11,-0.0866691149467499,-0.041761537519892276,0.04430774880646346
3,12,-0.0866691149467499,-0.041761537519892276,0.04430774880646346
3,13,-0.08661402864487697,-0.04178602032072469,0.044154731301260866
3,14,-0.08642428693842576,-0.0419573999265516,0.0443689558085445
3,15,-0.08636920063655282,-0.041951279226343494,0.04419145550250948
3,16,-0.08636920063655282,-0.041951279226343494,0.04419145550250948
3,17,-0.08635695923613661,-0.04188395152405435,0.04430774880646346
3,18,-0.08671195984820664,-0.042159383033419026,0.04457705961562003
3,19,-0.08671195984820664,-0.042159383033419026,0.04457705961562003
3,20,-0.08628963153384747,-0.04181662382176521,0.044056800097931205
3,21,-0.08638756273717714,-0.04205533112988126,0.04430774880646346
3,22,-0.08638756273717714,-0.04205533112988126,0.04430774880646346
3,23,-0.08664463214591749,-0.04184722732280573,0.04423430040396621
3,24,-0.08654058024237973,-0.041822744521973314,0.04429550740604725
3,25,-0.08654058024237973,-0.041822744521973314,0.04429550740604725
3,26,-0.08625902803280695,-0.04209205533112988,0.04439343860937691
3,27,-0.08660178724446077,-0.041951279226343494,0.04429550740604725
3,28,-0.08657118374342024,-0.04191455502509487,0.04409352429917983
3,29,-0.08657118374342024,-0.04191455502509487,0.04409352429917983
3,30,-0.08633859713551231,-0.04160852001468968,0.04402007589668258
3,31,-0.0863324764353042,-0.04199412412780022,0.04449749051291468
3,32,-0.0863324764353042,-0.04199412412780022,0.04449749051291468
3,33,-0.08654670094258783,-0.041975762027175914,0.04413636920063656
3,34,-0.08646101113967439,-0.041865589423430036,0.04423430040396621
3,35,-0.08649161464071489,-0.041975762027175914,0.044044558697514995
3,36,-0.08649161464071489,-0.041975762027175914,0.044044558697514995
3,37,-0.08652833884196352,-0.04198188272738401,0.04419145550250948
3,38,-0.08654670094258783,-0.04184722732280573,0.044424042110417436
3,39,-0.08654670094258783,-0.04184722732280573,0.044424042110417436
3,40,-0.08652833884196352,-0.041975762027175914,0.04426490390500673
3,41,-0.08646713183988249,-0.042006365528216426,0.04423430040396621
3,42,-0.08646713183988249,-0.042006365528216426,0.04423430040396621
3,43,-0.08656506304321214,-0.0417982617211409,0.044044558697514995
3,44,-0.08655894234300404,-0.04181662382176521,0.0440506793977231
3,45,-0.08655894234300404,-0.04181662382176521,0.0440506793977231
3,46,-0.08632023503488799,-0.041877830823846246,0.04440568000979312
3,47,-0.0866507528461256,-0.04175541681968417,0.04402619659689068
3,48,-0.08635695923613661,-0.04181662382176521,0.04438119720896071
3,49,-0.08635695923613661,-0.04181662382176521,0.04438119720896071
3,50,-0.08641204553800955,-0.041865589423430036,0.044417921410209324
3,51,-0.08657118374342024,-0.041822744521973314,0.04412412780022035
3,52,-0.08636920063655282,-0.04185946872322194,0.04433223160729587
3,53,-0.08662627004529319,-0.041706451218019344,0.04440568000979312
3,54,-0.08631411433467989,-0.041761537519892276,0.044271024605214836
3,55,-0.08664463214591749,-0.04202472762884074,0.044044558697514995
3,56,-0.08685885665320112,-0.04185946872322194,0.044044558697514995
3,57,-0.0864854939405068,-0.04175541681968417,0.04419145550250948
3,58,-0.08635083853592851,-0.04192679642551107,0.04425266250459052
3,59,-0.08657118374342024,-0.041706451218019344,0.0442098176031338
3,60,-0.08668135634716612,-0.04223283143591627,0.04433835230750398
3,61,-0.08650997674133921,-0.04181050312155711,0.04397723099522585
3,62,-0.08663851144570939,-0.04176765822010038,0.0442098176031338
3,63,-0.08643040763863385,-0.04174929611947607,0.044326110907087775
3,64,-0.08660178724446077,-0.04207369323050557,0.04409352429917983
3,65,-0.08636307993634472,-0.041877830823846246,0.044326110907087775
3,66,-0.08635695923613661,-0.04173093401885176,0.0443628351083364
3,67,-0.08660790794466887,-0.04199412412780022,0.044197576202717595
3,68,-0.08637532133676093,-0.04198800342759212,0.044099644999387934
3,69,-0.08637532133676093,-0.04198800342759212,0.04402619659689068
3,70,-0.08632023503488799,-0.04203084832904884,0.04402619659689068
3,71,-0.08652833884196352,-0.041908434324886765,0.04402007589668258
3,72,-0.0864854939405068,-0.041975762027175914,0.04420369690292569
3,73,-0.08647325254009058,-0.041694209817603134,0.044197576202717595
3,74,-0.08668135634716612,-0.04181050312155711,0.04446076631166605
3,75,-0.08647325254009058,-0.04198800342759212,0.044197576202717595
3,76,-0.086497735340923,-0.0417982617211409,0.04430774880646346
3,77,-0.08659566654425266,-0.041920675725302975,0.04440568000979312
3,78,-0.08647325254009058,-0.04189619292447056,0.04433835230750398
3,79,-0.08647937324029868,-0.04189619292447056,0.04426490390500673
3,80,-0.08639368343738524,-0.04174317541926796,0.044289386705839144
3,81,-0.08658954584404456,-0.041663606316562615,0.04403843799730689
3,82,-0.08640592483780143,-0.042006365528216426,0.04423430040396621
3,83,-0.08646101113967439,-0.041681968417186924,0.04423430040396621
3,84,-0.08653445954217162,-0.041890072224262456,0.04425878320479863
3,85,-0.08637532133676093,-0.041890072224262456,0.04449749051291468
3,86,-0.08646713183988249,-0.042006365528216426,0.0442098176031338
3,87,-0.08644876973925816,-0.042159383033419026,0.04414861060105276
3,88,-0.08632023503488799,-0.04174929611947607,0.04413636920063656
3,89,-0.08626514873301507,-0.04199412412780022,0.044289386705839144
3,90,-0.08640592483780143,-0.042177745134043335,0.0443689558085445
3,91,-0.0863324764353042,-0.04203084832904884,0.04407516219855551
3,92,-0.0863324764353042,-0.04203084832904884,0.04407516219855551
3,93,-0.08657730444362835,-0.04168808911739503,0.04427714530542294
3,94,-0.08669971844779042,-0.04187171012363815,0.04454645611457951
3,95,-0.08643040763863385,-0.04164524421593831,0.04427714530542294
3,96,-0.08636920063655282,-0.042061451830089365,0.044130248500428446
3,97,-0.08660178724446077,-0.04200024482800833,0.04425878320479863
3,98,-0.08656506304321214,-0.0419573999265516,0.04424654180438242
3,99,-0.08658342514383646,-0.04231240053862162,0.04411188639980414
