values,,Magnetometer,Magnetometer,Magnetometer
axis,,x,y,z
Sensor,Sample,,,
0,0,0.03040151793365161,0.06200269310809157,-0.0013098298445342147
0,1,0.03040151793365161,0.06200269310809157,-0.0013098298445342147
0,2,0.030377035132819197,0.06228424531766434,-0.0007895703268453911
0,3,0.030542294038437993,0.062382176520994,-0.0007161219243481455
0,4,0.030542294038437993,0.062382176520994,-0.0007161219243481455
0,5,0.030389276533235404,0.06231484881870486,-0.001236381442036969
0,6,0.030462724935732648,0.06213734851266985,-0.0015485371526502633
0,7,0.030462724935732648,0.06213734851266985,-0.0015485371526502633
0,8,0.03060962174072714,0.06232096951891296,-0.0005631044191455502
0,9,0.030536173338229895,0.06216183131350227,-0.0012792263434936956
0,10,0.030536173338229895,0.06216183131350227,-0.0012792263434936956
0,11,0.030346431631778675,0.06200269310809157,-0.0011629330395397234
0,12,0.03046884563594075,0.06202717590892398,-0.0008018117272615987
0,13,0.03046884563594075,0.06202717590892398,-0.0008018117272615987
0,14,0.03035867303219488,0.06238829722120211,-0.0010527604357938548
0,15,0.030438242134900234,0.061978210307259154,-0.0007712082262210796
0,16,0.030438242134900234,0.061978210307259154,-0.0007712082262210796
0,17,0.030615742440935245,0.06227812461745623,-0.0010282776349614395
0,18,0.03045048353531644,0.062008813808299666,-0.0010405190353776472
0,19,0.03045048353531644,0.062008813808299666,-0.0010405190353776472
0,20,0.03056677683927041,0.062094503611213124,-0.0008507773289264291
0,21,0.030438242134900234,0.06230260741828865,-0.0008018117272615987
0,22,0.03043212143469213,0.062296486718080545,-0.0004957767168564084
0,23,0.03043212143469213,0.062296486718080545,-0.0004957767168564084
0,24,0.030444362835108336,0.062223038315583304,-0.0010588811360019586
0,25,0.030297466030113844,0.062088382911005026,-0.0005937079201860692
0,26,0.030297466030113844,0.062088382911005026,-0.0005937079201860692
0,27,0.030444362835108336,0.062149589913086056,-0.0009119843310074673
0,28,0.030444362835108336,0.062253641816623816,-0.0006181907210184845
0,29,0.030444362835108336,0.062253641816623816,-0.0006181907210184845
0,30,0.030426000734484027,0.06196596890684294,-0.0007895703268453911
0,31,0.030774880646345943,0.06213734851266985,-0.0007161219243481455
0,32,0.030774880646345943,0.06213734851266985,-0.0007161219243481455
0,33,0.030542294038437993,0.062290366017872446,-0.001199657240788346
0,34,0.030377035132819197,0.06235157301995349,-0.0005263802178969274
0,35,0.030377035132819197,0.06235157301995349,-0.0005263802178969274
0,36,0.03035867303219488,0.06202105520871588,-0.0006426735218508998
0,37,0.030481087036356956,0.06224752111641572,-0.0009242257314236748
0,38,0.030481087036356956,0.061935365405802426,-0.0005937079201860692
0,39,0.030493328436773166,0.061935365405802426,-0.0005937079201860692
0,40,0.030340310931570573,0.06183131350226466,-0.0009793120332966092
0,41,0.030438242134900234,0.06217407271391847,-0.0005875872199779654
0,42,0.030438242134900234,0.06217407271391847,-0.0005875872199779654
0,43,0.030536173338229895,0.062333210919329175,-0.0010894846370424777
0,44,0.03062798384135145,0.06195984820663484,-0.0011568123393316196
0,45,0.03062798384135145,0.06195984820663484,-0.0011568123393316196
0,46,0.030542294038437993,0.0620577794099645,-0.0011200881380829968
0,47,0.030530052638021787,0.06219855551475088,-0.0006549149222671073
0,48,0.030530052638021787,0.06219855551475088,-0.0006549149222671073
0,49,0.03049944913698127,0.0620577794099645,-0.0011812951401640349
0,50,0.03043212143469213,0.06228424531766434,-0.0007895703268453911
0,51,0.03043212143469213,0.06228424531766434,-0.0007895703268453911
0,52,0.030548414738646102,0.0620455380095483,-0.0007467254253886645
0,53,0.03046884563594075,0.06202105520871588,-0.000856898029134533
0,54,0.03046884563594075,0.06202105520871588,-0.000856898029134533
0,55,0.030579018239686624,0.06224140041620761,-0.0008630187293426368
0,56,0.03035867303219488,0.0622169176153752,-0.000985432733504713
0,57,0.03035867303219488,0.0622169176153752,-0.000985432733504713
0,58,0.03041988003427592,0.06212510711225364,-0.0010650018362100624
0,59,0.03056065613906231,0.06207002081038071,-0.0008079324274697026
0,60,0.03056065613906231,0.062290366017872446,-0.0010956053372505816
0,61,0.03043212143469213,0.062290366017872446,-0.0010956053372505816
0,62,0.030505569837189373,0.06217407271391847,-0.001016036234545232
0,63,0.03059125964010283,0.06183131350226466,-0.0011323295384992043
0,64,0.03059125964010283,0.06183131350226466,-0.0011323295384992043
0,65,0.030554535438854204,0.062051658709756395,-0.0010588811360019586
0,66,0.030523931937813685,0.06232096951891296,-0.0005508630187293426
0,67,0.030523931937813685,0.06232096951891296,-0.0005508630187293426
0,68,0.03032194883094626,0.062155710613294154,-0.000856898029134533
0,69,0.03060962174072714,0.06201493450850777,-0.0008813808299669483
0,70,0.03060962174072714,0.06201493450850777,-0.0008813808299669483
0,71,0.030523931937813685,0.06210674501162933,-0.0011017260374586852
0,72,0.030346431631778675,0.062235279715999514,-0.0012180193414126576
0,73,0.030346431631778675,0.062235279715999514,-0.0012180193414126576
0,74,0.030474966336148858,0.06210674501162933,-0.001138450238707308
0,75,0.030487207736565065,0.06200269310809157,-0.0004957767168564084
0,76,0.030487207736565065,0.06200269310809157,-0.0004957767168564084
0,77,0.03043212143469213,0.06225976251683193,-0.0009364671318398824
0,78,0.030389276533235404,0.06228424531766434,-0.0008997429305912597
0,79,0.030389276533235404,0.06228424531766434,-0.0008997429305912597
0,80,0.03059125964010283,0.06212510711225364,-0.0011262088382911005
0,81,0.030548414738646102,0.06212510711225364,-0.0010588811360019586
0,82,0.030548414738646102,0.062235279715999514,-0.001371036846615253
0,83,0.030542294038437993,0.062235279715999514,-0.001371036846615253
0,84,0.03049944913698127,0.06220467621495899,-0.0006732770228914188
0,85,0.03049944913698127,0.06228424531766434,-0.0008446566287183254
0,86,0.03049944913698127,0.06228424531766434,-0.0008446566287183254
0,87,0.030462724935732648,0.062253641816623816,-0.000599828620394173
0,88,0.030548414738646102,0.062051658709756395,-0.0006426735218508998
0,89,0.030548414738646102,0.062051658709756395,-0.0006426735218508998
0,90,0.030346431631778675,0.061837434202472764,-0.0007528461255967683
0,91,0.03045048353531644,0.06216795201371037,-0.0010405190353776472
0,92,0.03045048353531644,0.06216795201371037,-0.0010405190353776472
0,93,0.030579018239686624,0.06202717590892398,-0.00046517321581588934
0,94,0.030309707430530054,0.062223038315583304,-0.0014689680499449136
0,95,0.030309707430530054,0.062223038315583304,-0.0014689680499449136
0,96,0.030554535438854204,0.06226588321704003,-0.000667156322683315
0,97,0.03051781123760558,0.062333210919329175,-0.0006610356224752112
0,98,0.03051781123760558,0.062333210919329175,-0.0006610356224752112
0,99,0.030481087036356956,0.06232709021912107,-0.000887501530175052
1,0,-0.04580119965724079,0.07162443383523075,0.015509854327335046
1,1,-0.045813441057656994,0.07174072713918472,0.015650630432121435
1,2,-0.04585016525890562,0.07162443383523075,0.015840372138572652
1,3,-0.04585016525890562,0.07162443383523075,0.016017872444607666
1,4,-0.045697147753703024,0.07163055453543885,0.016017872444607666
1,5,-0.04583180315828131,0.0716856408373118,0.01629942465418044
1,6,-0.045813441057656994,0.07146529562982004,0.01610968294772922
1,7,-0.045813441057656994,0.07146529562982004,0.01610968294772922
1,8,-0.04571550985432733,0.0718692618435549,0.016213734851266984
1,9,-0.04575835475578406,0.07174072713918472,0.01557718202962419
1,10,-0.04575835475578406,0.07174072713918472,0.01557718202962419
1,11,-0.045678785653078716,0.07192434814542784,0.01629942465418044
1,12,-0.04586852735952993,0.07190598604480353,0.015473130126086424
1,13,-0.04586852735952993,0.07190598604480353,0.015473130126086424
1,14,-0.04596033786265148,0.07201615864854939,0.015705716733994367
1,15,-0.045911372260986655,0.07170400293793609,0.015387440323172972
1,16,-0.045911372260986655,0.07170400293793609,0.016954339576447548
1,17,-0.045684906353286814,0.07193046884563595,0.01590157914065369
1,18,-0.045911372260986655,0.0718570204431387,0.015668992532745746
1,19,-0.04557473374954095,0.07188762394417922,0.016330028155220958
1,20,-0.04557473374954095,0.07188762394417922,0.016330028155220958
1,21,-0.04585628595911372,0.07188762394417922,0.016005631044191455
1,22,-0.04569102705349492,0.07157546823356592,0.016189252050434567
1,23,-0.04569102705349492,0.07157546823356592,0.016189252050434567
1,24,-0.0458195617578651,0.07157546823356592,0.016232096951891296
1,25,-0.04576447545599217,0.07159995103439834,0.015558819928999879
1,26,-0.04576447545599217,0.07159995103439834,0.01712571918227445
1,27,-0.04596033786265148,0.07148977843065246,0.01642795935855062
1,28,-0.04580119965724079,0.07178357204064145,0.016507528461255968
1,29,-0.045923613661402865,0.07183253764230628,0.016219855551475086
1,30,-0.045923613661402865,0.07183253764230628,0.016219855551475086
1,31,-0.046033786265148736,0.07166115803647938,0.015999510343983354
1,32,-0.045672664952870604,0.071520381931693,0.016287183253764232
1,33,-0.045672664952870604,0.071520381931693,0.016287183253764232
1,34,-0.04578895825682458,0.07184477904272249,0.01665442526625046
1,35,-0.045525768147876115,0.0717162443383523,0.01642795935855062
1,36,-0.045525768147876115,0.0717162443383523,0.01642795935855062
1,37,-0.045825682458073204,0.07177133064022524,0.01617088994981026
1,38,-0.04572775125474354,0.07177745134043334,0.016452442159383032
1,39,-0.04572775125474354,0.07177745134043334,0.016452442159383032
1,40,-0.04607051046639736,0.07180805484147387,0.01629942465418044
1,41,-0.04564818215203819,0.0717162443383523,0.01568735463337006
1,42,-0.045899130860570445,0.0717101236381442,0.016219855551475086
1,43,-0.045899130860570445,0.0717101236381442,0.016219855551475086
1,44,-0.045684906353286814,0.07198555514750887,0.016287183253764232
1,45,-0.04572775125474354,0.07191822744521972,0.016103562247521117
1,46,-0.04572775125474354,0.07191822744521972,0.016103562247521117
1,47,-0.0458195617578651,0.07177745134043334,0.016305545354388544
1,48,-0.04585016525890562,0.07170400293793609,0.016532011262088385
1,49,-0.04585016525890562,0.07170400293793609,0.016532011262088385
1,50,-0.04583792385848941,0.0713796058269066,0.0164034765577182
1,51,-0.04583180315828131,0.07178357204064145,0.01557718202962419
1,52,-0.04583180315828131,0.07178357204064145,0.01557718202962419
1,53,-0.04585016525890562,0.07209572775125475,0.01626882115313992
1,54,-0.045911372260986655,0.07213245195250337,0.01641571795813441
1,55,-0.04578895825682458,0.07172848573876851,0.01586485493940507
1,56,-0.04578895825682458,0.07172848573876851,0.01586485493940507
1,57,-0.045941975762027173,0.07157546823356592,0.016336148855429063
1,58,-0.0459786999632758,0.07177133064022524,0.01604235524544008
1,59,-0.0459786999632758,0.07177133064022524,0.01604235524544008
1,60,-0.04578283755661648,0.07183253764230628,0.016036234545231974
1,61,-0.04575835475578406,0.07163055453543885,0.01612804504835353
1,62,-0.04575835475578406,0.07163055453543885,0.01612804504835353
1,63,-0.04611335536785408,0.07172848573876851,0.01617088994981026
1,64,-0.04586852735952993,0.07177745134043334,0.01612192434814543
1,65,-0.04586852735952993,0.07177745134043334,0.01612192434814543
1,66,-0.04585016525890562,0.07199779654792508,0.016244338352307507
1,67,-0.04608887256702167,0.07173460643897663,0.016330028155220958
1,68,-0.04553188884808422,0.07159383033419023,0.015271147019218997
1,69,-0.04553188884808422,0.07159383033419023,0.015271147019218997
1,70,-0.046094993267229774,0.07181417554168197,0.016360631656261476
1,71,-0.04561757865099768,0.07156322683314971,0.016281062553556127
1,72,-0.04561757865099768,0.07156322683314971,0.016281062553556127
1,73,-0.04602766556494063,0.07139796792753092,0.016048475945648184
1,74,-0.046039906965356835,0.0718508997429306,0.015962786142734726
1,75,-0.046039906965356835,0.0718508997429306,0.015962786142734726
1,76,-0.04569102705349492,0.07173460643897663,0.01595054474231852
1,77,-0.04585016525890562,0.07181417554168197,0.016072958746480598
1,78,-0.04585016525890562,0.07181417554168197,0.016072958746480598
1,79,-0.045807320357448895,0.07196107234667645,0.015858734239196964
1,80,-0.04574611335536786,0.07183253764230628,0.015975027543150937
1,81,-0.045899130860570445,0.07167339943689557,0.016287183253764232
1,82,-0.045899130860570445,0.07167339943689557,0.016287183253764232
1,83,-0.045752234055575956,0.07183865834251438,0.01564450973191333
1,84,-0.04583792385848941,0.0717162443383523,0.01629942465418044
1,85,-0.04583792385848941,0.0717162443383523,0.01629942465418044
1,86,-0.045954217162443384,0.07180193414126576,0.016219855551475086
1,87,-0.04585016525890562,0.07172236503856042,0.016323907455012852
1,88,-0.04585016525890562,0.07172236503856042,0.016323907455012852
1,89,-0.0458195617578651,0.07172848573876851,0.01629942465418044
1,90,-0.04577671685640837,0.07184477904272249,0.01590157914065369
1,91,-0.04577671685640837,0.07184477904272249,0.01590157914065369
1,92,-0.04590525156077856,0.07192434814542784,0.016079079446688703
1,93,-0.0458195617578651,0.07183253764230628,0.015534337128167463
1,94,-0.04572163055453544,0.07191822744521972,0.016195372750642673
1,95,-0.04572163055453544,0.07191822744521972,0.016195372750642673
1,96,-0.04571550985432733,0.07175908923980903,0.016372873056677683
1,97,-0.045911372260986655,0.07157546823356592,0.01604235524544008
1,98,-0.045911372260986655,0.07157546823356592,0.01604235524544008
1,99,-0.04588688946015424,0.0717162443383523,0.01578528583669972
2,0,0.10159138205410698,-0.06590157914065368,0.07809401395519647
2,1,0.10159138205410698,-0.06590157914065368,0.07966091320847105
2,2,0.10150569225119355,-0.06573632023503488,0.07857142857142857
2,3,0.10156077855306647,-0.06563226833149713,0.0786081527726772
2,4,0.10164034765577182,-0.06596278614273474,0.07871832537642307
2,5,0.10164034765577182,-0.06596278614273474,0.07871832537642307
2,6,0.10142000244828009,-0.06604235524544008,0.07866323907455013
2,7,0.10153629575223407,-0.06589545844044559,0.07815522095727752
2,8,0.10153629575223407,-0.06589545844044559,0.07815522095727752
2,9,0.10130982984453421,-0.0657546823356592,0.07847961806830701
2,10,0.10164646835597993,-0.0659260619414861,0.0782715142612315
2,11,0.10164646835597993,-0.0659260619414861,0.0782715142612315
2,12,0.10161586485493941,-0.06583425143836455,0.07858366997184478
2,13,0.1014444852491125,-0.06581588933774024,0.07893867058391481
2,14,0.1014444852491125,-0.06581588933774024,0.07893867058391481
2,15,0.10165258905618804,-0.06625045905251561,0.07860203207246909
2,16,0.1016036234545232,-0.0659260619414861,0.07898151548537152
2,17,0.10151793365160974,-0.06585873423919696,0.07848573876851513
2,18,0.10151793365160974,-0.06585873423919696,0.07848573876851513
2,19,0.10164034765577182,-0.0659076998408618,0.0786203941730934
2,20,0.1014628473497368,-0.0660790794466887,0.0789570326845391
2,21,0.1014628473497368,-0.0660790794466887,0.0789570326845391
2,22,0.10154241645244215,-0.06580976863753213,0.07736565063043213
2,23,0.10142000244828009,-0.06585261353898886,0.07776961684416697
2,24,0.10142000244828009,-0.06585261353898886,0.07776961684416697
2,25,0.10136491614640715,-0.06581588933774024,0.0774941853348023
2,26,0.10165870975639613,-0.06580364793732403,0.07736565063043213
2,27,0.10165870975639613,-0.06580364793732403,0.0789325498837067
2,28,0.10140164034765578,-0.06588933774023749,0.07857754927163667
2,29,0.10167707185702043,-0.06604235524544008,0.07864487697392582
2,30,0.10135879544619904,-0.06577304443628351,0.07854082507038805
2,31,0.10135879544619904,-0.06577304443628351,0.07854082507038805
2,32,0.1016036234545232,-0.06573019953482678,0.07843065246664219
2,33,0.10151181295140163,-0.06598114824335904,0.07765944424042111
2,34,0.10151181295140163,-0.06598114824335904,0.07765944424042111
2,35,0.10149345085077732,-0.06585873423919696,0.07840004896560167
2,36,0.10164034765577182,-0.06571183743420247,0.07678418411066226
2,37,0.10164034765577182,-0.06571183743420247,0.07678418411066226
2,38,0.10138939894723957,-0.06608520014689681,0.07721263312522952
2,39,0.10155465785285837,-0.06606071734606439,0.07789815154853716
2,40,0.10155465785285837,-0.06606071734606439,0.07789815154853716
2,41,0.10124862284245317,-0.06579140653690782,0.0784428938670584
2,42,0.10166483045660424,-0.06605459664585629,0.07616599338964378
2,43,0.10145060594932061,-0.06615252784918595,0.07871832537642307
2,44,0.10145060594932061,-0.06615252784918595,0.07871832537642307
2,45,0.1017505202595177,-0.06598726894356714,0.07655771820296242
2,46,0.10165870975639613,-0.06580976863753213,0.07864487697392582
2,47,0.10165870975639613,-0.06580976863753213,0.07864487697392582
2,48,0.10153629575223407,-0.0662443383523075,0.0787795323785041
2,49,0.10149957155098543,-0.06578528583669971,0.0786142734728853
2,50,0.10149957155098543,-0.06578528583669971,0.0786142734728853
2,51,0.10136491614640715,-0.06606683804627249,0.0773350471293916
2,52,0.10145672664952872,-0.06601175174439956,0.07734116782959971
2,53,0.10145672664952872,-0.06601175174439956,0.07734116782959971
2,54,0.10123026074182886,-0.06588321704002939,0.07855918717101237
2,55,0.1014628473497368,-0.06594442404211041,0.07637409719671931
2,56,0.1014628473497368,-0.06594442404211041,0.07637409719671931
2,57,0.10126698494307748,-0.06601175174439956,0.07717590892398091
2,58,0.10145672664952872,-0.06603623454523197,0.07739625413147264
2,59,0.10137103684661526,-0.06584037213857266,0.07814297955686131
2,60,0.10137103684661526,-0.06584037213857266,0.07814297955686131
2,61,0.10148120945036113,-0.06598726894356714,0.07680866691149467
2,62,0.1016219855551475,-0.06606683804627249,0.07803280695311544
2,63,0.1016219855551475,-0.06606683804627249,0.07803280695311544
2,64,0.10162810625535561,-0.06601787244460766,0.07881625657975272
2,65,0.10158526135389889,-0.06600563104419147,0.07786754804749664
2,66,0.10158526135389889,-0.06600563104419147,0.07786754804749664
2,67,0.10167095115681235,-0.0657546823356592,0.07888358428204187
2,68,0.1016036234545232,-0.06580364793732403,0.07874892887746358
2,69,0.1016036234545232,-0.06580364793732403,0.07874892887746358
2,70,0.10137715754682335,-0.0657546823356592,0.07692496021544865
2,71,0.10164034765577182,-0.06568735463337005,0.07863875627371772
2,72,0.10164034765577182,-0.06607295874648059,0.07868772187538255
2,73,0.10145672664952872,-0.06607295874648059,0.07868772187538255
2,74,0.1014628473497368,-0.06591994124127801,0.07840616966580977
2,75,0.10166483045660424,-0.06600563104419147,0.07850410086913942
2,76,0.10166483045660424,-0.06600563104419147,0.07850410086913942
2,77,0.10141388174807198,-0.06591994124127801,0.07836332476435304
2,78,0.10164034765577182,-0.06603011384502387,0.07835108336393684
2,79,0.10164034765577182,-0.06603011384502387,0.07835108336393684
2,80,0.1016036234545232,-0.06612192434814543,0.07729220222793488
2,81,0.10140776104786386,-0.06620149345085077,0.078773411678296
2,82,0.10140776104786386,-0.06620149345085077,0.078773411678296
2,83,0.10142000244828009,-0.06585261353898886,0.07869996327579876
2,84,0.10167095115681235,-0.06598726894356714,0.0784673766678908
2,85,0.10167095115681235,-0.06598726894356714,0.0784673766678908
2,86,0.10142612314848817,-0.06578528583669971,0.0784551352674746
2,87,0.10149345085077732,-0.06611580364793732,0.07786754804749664
2,88,0.10138327824703146,-0.06608520014689681,0.07798996205165871
2,89,0.10138327824703146,-0.06608520014689681,0.07798996205165871
2,90,0.10171379605826907,-0.065742440935243,0.07864487697392582
2,91,0.10168319255722855,-0.06566899253274575,0.07692496021544865
2,92,0.10168319255722855,-0.06566899253274575,0.07692496021544865
2,93,0.10181784796180685,-0.06603011384502387,0.07802668625290733
2,94,0.10145672664952872,-0.06604235524544008,0.07858366997184478
2,95,0.10145672664952872,-0.06604235524544008,0.07858366997184478
2,96,0.10136491614640715,-0.06565675113232954,0.0786265148733015
2,97,0.10161586485493941,-0.06594442404211041,0.07726159872689435
2,98,0.10161586485493941,-0.06594442404211041,0.07726159872689435
2,99,0.10131595054474232,-0.0657608030358673,0.07876729097808789
3,0,-0.0942281797037581,-0.041932917125719185,0.046419390378259276
3,1,-0.09423430040396621,-0.04181050312155711,0.046125596768270286
3,2,-0.09423430040396621,-0.04181050312155711,0.046125596768270286
3,3,-0.09463214591749296,-0.04138817480719794,0.04632757987513771
3,4,-0.09442404211041742,-0.04154119231240054,0.046535683682213246
3,5,-0.09442404211041742,-0.04154119231240054,0.046535683682213246
3,6,-0.09435059370792018,-0.04175541681968417,0.046278614273472886
3,7,-0.09449136981270657,-0.041639123515730195,0.04636430407638634
3,8,-0.09449136981270657,-0.041639123515730195,0.04636430407638634
3,9,-0.09407516219855552,-0.041877830823846246,0.046425511078467374
3,10,-0.09460766311666055,-0.041565675113232954,0.04640102827763496
3,11,-0.09460766311666055,-0.041565675113232954,0.04640102827763496
3,12,-0.09425878320479862,-0.041418778308238466,0.04643163177867548
3,13,-0.0943934386093769,-0.04181050312155711,0.04674990818949688
3,14,-0.0943934386093769,-0.04168808911739503,0.046413269678051164
3,15,-0.09427102460521483,-0.04168808911739503,0.046413269678051164
3,16,-0.09408740359897172,-0.04150446811115192,0.04636430407638634
3,17,-0.09431999020687967,-0.04148610601052761,0.04663361488554291
3,18,-0.09431999020687967,-0.04148610601052761,0.04663361488554291
3,19,-0.09413024850042845,-0.041535071612192435,0.04660913208471049
3,20,-0.09432611090708777,-0.041877830823846246,0.04652956298200514
3,21,-0.09432611090708777,-0.041877830823846246,0.04652956298200514
3,22,-0.09424042110417433,-0.04192679642551107,0.04633370057534582
3,23,-0.09432611090708777,-0.041908434324886765,0.0466274941853348
3,24,-0.09432611090708777,-0.04185946872322194,0.04637042477659444
3,25,-0.09409964499938793,-0.04185946872322194,0.04637042477659444
3,26,-0.0940629207981393,-0.04194515852613539,0.046407148977843066
3,27,-0.09435059370792018,-0.041804382421349,0.04661525278491859
3,28,-0.09435059370792018,-0.041804382421349,0.04661525278491859
3,29,-0.0942098176031338,-0.041651364916146405,0.046266372873056676
3,30,-0.09401395519647447,-0.04178602032072469,0.046762149589913087
3,31,-0.09401395519647447,-0.04178602032072469,0.046762149589913087
3,32,-0.09441180071000123,-0.041639123515730195,0.04667645978699963
3,33,-0.09431386950667156,-0.0419573999265516,0.046449993879299795
3,34,-0.09431386950667156,-0.0419573999265516,0.046449993879299795
3,35,-0.0942281797037581,-0.04172481331864365,0.04621740727139185
3,36,-0.09408740359897172,-0.04175541681968417,0.046566287183253764
3,37,-0.09408740359897172,-0.04175541681968417,0.046419390378259276
3,38,-0.09443628351083364,-0.04150446811115192,0.046419390378259276
3,39,-0.09425878320479862,-0.04177377892030849,0.04634594197576203
3,40,-0.09433835230750398,-0.04136981270657363,0.046449993879299795
3,41,-0.09433835230750398,-0.04136981270657363,0.046449993879299795
3,42,-0.09427714530542294,-0.041694209817603134,0.04648059738034031
3,43,-0.09438119720896071,-0.0419573999265516,0.04631533847472151
3,44,-0.09438119720896071,-0.0419573999265516,0.04631533847472151
3,45,-0.0942036969029257,-0.04160239931448158,0.04647447668013221
3,46,-0.09425266250459052,-0.04171257191822745,0.04633982127555392
3,47,-0.09425266250459052,-0.04171257191822745,0.04633982127555392
3,48,-0.0943689558085445,-0.04151058881136002,0.04657852858366997
3,49,-0.09424042110417433,-0.04172481331864365,0.04643163177867548
3,50,-0.09424042110417433,-0.04172481331864365,0.04643163177867548
3,51,-0.09442404211041742,-0.04166972701677072,0.046425511078467374
3,52,-0.09439955930958502,-0.04157791651364916,0.046413269678051164
3,53,-0.09439955930958502,-0.04165748561635451,0.046278614273472886
3,54,-0.09439955930958502,-0.04165748561635451,0.046278614273472886
3,55,-0.09461990451707676,-0.041492226710735707,0.04638266617701065
3,56,-0.09431999020687967,-0.04143101970865467,0.04652344228179704
3,57,-0.09431999020687967,-0.04143101970865467,0.04652344228179704
3,58,-0.09417309340188518,-0.04157791651364916,0.04638266617701065
3,59,-0.09433835230750398,-0.04161464071489778,0.046419390378259276
3,60,-0.09433835230750398,-0.04161464071489778,0.046419390378259276
3,61,-0.09432611090708777,-0.041681968417186924,0.046352062675970127
3,62,-0.09419145550250949,-0.04172481331864365,0.04644387317909169
3,63,-0.09419145550250949,-0.04172481331864365,0.04644387317909169
3,64,-0.09416085200146897,-0.04149834741094381,0.04645611457950789
3,65,-0.09416085200146897,-0.041706451218019344,0.046535683682213246
3,66,-0.0942098176031338,-0.04165748561635451,0.04624189007222426
3,67,-0.0942098176031338,-0.04165748561635451,0.04624189007222426
3,68,-0.0942159383033419,-0.0414799853103195,0.04649895948096462
3,69,-0.09427102460521483,-0.041822744521973314,0.04657240788346187
3,70,-0.09427102460521483,-0.041822744521973314,0.04657240788346187
3,71,-0.09433223160729588,-0.04155955441302485,0.04650508018117273
3,72,-0.09441180071000123,-0.04182886522218142,0.046425511078467374
3,73,-0.09441180071000123,-0.04182886522218142,0.046425511078467374
3,74,-0.09444240421104175,-0.04182886522218142,0.04649283878075652
3,75,-0.09423430040396621,-0.04171869261843555,0.046707063288040154
3,76,-0.09423430040396621,-0.04171869261843555,0.046707063288040154
3,77,-0.09439955930958502,-0.041639123515730195,0.046278614273472886
3,78,-0.09417309340188518,-0.041804382421349,0.04652344228179704
3,79,-0.09430162810625535,-0.04159627861427347,0.04649283878075652
3,80,-0.09430162810625535,-0.04159627861427347,0.04649283878075652
3,81,-0.09433223160729588,-0.041804382421349,0.04647447668013221
3,82,-0.09409964499938793,-0.04152895091198433,0.04643163177867548
3,83,-0.09409964499938793,-0.04152895091198433,0.04643163177867548
3,84,-0.09427714530542294,-0.04171869261843555,0.04654180438242135
3,85,-0.09423430040396621,-0.04177377892030849,0.04637654547680255
3,86,-0.09423430040396621,-0.04177377892030849,0.04637654547680255
3,87,-0.09439955930958502,-0.04154119231240054,0.04657240788346187
3,88,-0.09427102460521483,-0.041694209817603134,0.046449993879299795
3,89,-0.09427102460521483,-0.041694209817603134,0.046449993879299795
3,90,-0.09413024850042845,-0.04165748561635451,0.046694821887623944
3,91,-0.0942098176031338,-0.041547313012608646,0.046413269678051164
3,92,-0.09433223160729588,-0.04136981270657363,0.046419390378259276
3,93,-0.09433223160729588,-0.04136981270657363,0.046419390378259276
3,94,-0.09439955930958502,-0.041535071612192435,0.04649895948096462
3,95,-0.09430774880646345,-0.04181050312155711,0.04636430407638634
3,96,-0.09430774880646345,-0.04181050312155711,0.04636430407638634
3,97,-0.0941975762027176,-0.04168808911739503,0.046419390378259276
3,98,-0.09444240421104175,-0.04159015791406537,0.04634594197576203
3,99,-0.09444240421104175,-0.04159015791406537,0.04634594197576203
