values,,Magnetometer,Magnetometer,Magnetometer
axis,,x,y,z
Sensor,Sample,,,
0,0,0.039398947239564205,0.07674133920920553,-0.007320357448892154
0,1,0.03949075774268576,0.07663728730566777,-0.006891908434324886
0,2,0.0393805851389399,0.07671073570816501,-0.007093891541192313
0,3,0.0393805851389399,0.07652711470192189,-0.007032684539111274
0,4,0.039558085444974904,0.07652711470192189,-0.007032684539111274
0,5,0.03982127555392337,0.07665564940629208,-0.007124495042232832
0,6,0.03945403354143714,0.07663116660545967,-0.007063288040151794
0,7,0.03934998163789938,0.07674133920920553,-0.0069714775370302365
0,8,0.03934386093769127,0.07672909780878932,-0.00705716733994369
0,9,0.039398947239564205,0.07660668380462725,-0.006946994736197821
0,10,0.0397172236503856,0.07664340800587587,-0.0069898396376545475
0,11,0.03972334435059371,0.0768576325131595,-0.007559064757008202
0,12,0.03958868894601543,0.07690659811482434,-0.008152772677194272
0,13,0.039288774635818334,0.07691883951524055,-0.0070449259395274815
0,14,0.039288774635818334,0.07691883951524055,-0.0070449259395274815
0,15,0.03945403354143714,0.07675970130982984,-0.0069714775370302365
0,16,0.03940506793977231,0.07657608030358673,-0.007020443138695066
0,17,0.03946015424164524,0.07692496021544865,-0.007387685151181295
0,18,0.03946015424164524,0.07662504590525157,-0.0067266495287060845
0,19,0.039784551352674745,0.07703513281919452,-0.007510099155343371
0,20,0.03950911984331008,0.07658832170400294,-0.007595788958256825
0,21,0.03949075774268576,0.0766862529073326,-0.007118374342024727
0,22,0.03969274084955319,0.07686375321336761,-0.007503978455135267
0,23,0.039386705839148,0.07689435671440813,-0.0076875994613783815
0,24,0.039417309340188514,0.07669237360754069,-0.007148977843065246
0,25,0.03956420614518301,0.0766862529073326,-0.007161219243481454
0,26,0.03944791284122904,0.07675358060962174,-0.007559064757008202
0,27,0.03950299914310197,0.07638021789692741,-0.006806218631411433
0,28,0.03944791284122904,0.07675970130982984,-0.007075529440568001
0,29,0.03944791284122904,0.07675970130982984,-0.007075529440568001
0,30,0.03957644754559922,0.07677194271024605,-0.006934753335781614
0,31,0.039301016036234544,0.07674133920920553,-0.00728363324764353
0,32,0.0393928265393561,0.07649039050067327,-0.007240788346186804
0,33,0.03961317174684784,0.07692496021544865,-0.007559064757008202
0,34,0.039441792141020934,0.07662504590525157,-0.007081650140776105
0,35,0.039570326845391114,0.07681478761170278,-0.006732770228914188
0,36,0.03958256824580732,0.0768392704125352,-0.007601909658464928
0,37,0.0395519647447668,0.07656383890317052,-0.0070449259395274815
0,38,0.039423430040396626,0.07694332231607295,-0.007100012241400416
0,39,0.03952136124372628,0.07643530419880035,-0.006910270534949197
0,40,0.03931325743665075,0.07677806341045415,-0.007301995348267842
0,41,0.03959480964622353,0.07657608030358673,-0.007485616354510956
0,42,0.03958868894601543,0.07671685640837311,-0.007455012853470437
0,43,0.03958868894601543,0.07671685640837311,-0.00710613294160852
0,44,0.03947851634226955,0.07671685640837311,-0.00710613294160852
0,45,0.039417309340188514,0.0768392704125352,-0.007075529440568001
0,46,0.03947851634226955,0.07682090831191088,-0.006867425633492472
0,47,0.03946015424164524,0.07670461500795692,-0.007124495042232832
0,48,0.03947851634226955,0.07694332231607295,-0.006959236136614029
0,49,0.03930713673644265,0.0766984943077488,-0.007222426245562493
0,50,0.03952136124372628,0.07672909780878932,-0.007038805239319377
0,51,0.039527481943934385,0.07671685640837311,-0.006995960337862652
0,52,0.03944791284122904,0.07661280450483535,-0.007436650752846126
0,53,0.03947851634226955,0.07694332231607295,-0.007393805851389398
0,54,0.039527481943934385,0.07663116660545967,-0.007087770840984209
0,55,0.03953972334435059,0.0766740115069164,-0.007130615742440935
0,56,0.039423430040396626,0.07676582201003794,-0.0074978577549271634
0,57,0.03960093034643163,0.07686375321336761,-0.007626392459297343
0,58,0.03961317174684784,0.07673521850899742,-0.006751132329538499
0,59,0.03961317174684784,0.07673521850899742,-0.0069898396376545475
0,60,0.0397172236503856,0.07692496021544865,-0.0069898396376545475
0,61,0.039570326845391114,0.0766740115069164,-0.007081650140776105
0,62,0.039711102950177504,0.07655771820296242,-0.007381564450973191
0,63,0.0395458440445587,0.07714530542294037,-0.00718570204431387
0,64,0.03950911984331008,0.0766801322071245,-0.007338719549516465
0,65,0.03949075774268576,0.0768392704125352,-0.007675358060962175
0,66,0.03960093034643163,0.07670461500795692,-0.007363202350348879
0,67,0.039423430040396626,0.07660668380462725,-0.007320357448892154
0,68,0.03943567144081283,0.07672909780878932,-0.007485616354510956
0,69,0.03961929244705594,0.07665564940629208,-0.007289753947851635
0,70,0.03933161953727506,0.07651487330150569,-0.007259150446811115
0,71,0.0395519647447668,0.07682090831191088,-0.007253029746603011
0,72,0.03946015424164524,0.0768515118129514,-0.007675358060962175
0,73,0.03953972334435059,0.0768453911127433,-0.007112253641816624
0,74,0.03953972334435059,0.0768453911127433,-0.00710613294160852
0,75,0.039398947239564205,0.07681478761170278,-0.00710613294160852
0,76,0.03944791284122904,0.07633737299547069,-0.006910270534949197
0,77,0.03930713673644265,0.07690659811482434,-0.006873546333700575
0,78,0.03948463704247766,0.07680866691149467,-0.0070082017382788585
0,79,0.03953360264414249,0.07689435671440813,-0.007479495654302852
0,80,0.039570326845391114,0.07672297710858123,-0.007436650752846126
0,81,0.039288774635818334,0.07686987391357572,-0.007418288652221815
0,82,0.03949075774268576,0.07669237360754069,-0.007253029746603011
0,83,0.03946015424164524,0.07682702901211899,-0.006940874035989718
0,84,0.039386705839148,0.07664952870608398,-0.007338719549516465
0,85,0.03958256824580732,0.07677806341045415,-0.007656995960337863
0,86,0.03958868894601543,0.07689435671440813,-0.007571306157424409
0,87,0.0395458440445587,0.07672909780878932,-0.007620271759089239
0,88,0.039441792141020934,0.07673521850899742,-0.007222426245562493
0,89,0.039441792141020934,0.07673521850899742,-0.007222426245562493
0,90,0.03933774023748317,0.07671073570816501,-0.00782837556616477
0,91,0.039398947239564205,0.0768515118129514,-0.007100012241400416
0,92,0.0395458440445587,0.0766984943077488,-0.006922511935365405
0,93,0.03960093034643163,0.07658220100379484,-0.007350960949932673
0,94,0.03952136124372628,0.07642918349859223,-0.007002081038070755
0,95,0.0395519647447668,0.07679642551107847,-0.007350960949932673
0,96,0.03949687844289387,0.0766984943077488,-0.007002081038070755
0,97,0.039515240543518175,0.07666177010650019,-0.006604235524544008
0,98,0.03958868894601543,0.07664952870608398,-0.007063288040151794
0,99,0.03968049944913698,0.07691883951524055,-0.007436650752846126
1,0,-0.052674745990941366,0.08057901823968662,0.008599583792385849
1,1,-0.052760435793854824,0.08003427592116538,0.008709756396131718
1,2,-0.052833884196352064,0.08053005263802179,0.008348635083853593
1,3,-0.05274207369323051,0.08052393193781368,0.008366997184477904
1,4,-0.05274207369323051,0.08052393193781368,0.008366997184477904
1,5,-0.05270534949198188,0.08048720773656506,0.008471049088015669
1,6,-0.052533969886154976,0.08060350104051903,0.008832170400293795
1,7,-0.05263190108948464,0.08026686252907332,0.008544497490512915
1,8,-0.05276655649406292,0.08045660423552455,0.008734239196964134
1,9,-0.05270534949198188,0.0802056555269923,0.009578895825682459
1,10,-0.05275431509364671,0.08026074182886522,0.009272860815277267
1,11,-0.05276655649406292,0.08028522462969764,0.009511568123393316
1,12,-0.052895091198433095,0.08049332843677318,0.009370792018606928
1,13,-0.05255233198677929,0.08059738034031093,0.00918105031215571
1,14,-0.05261353898886033,0.08028522462969764,0.00954829232464194
1,15,-0.05284612559676827,0.08047496633614885,0.009376912718815033
1,16,-0.05286448769739258,0.08039539723344351,0.009187171012363816
1,17,-0.05286448769739258,0.0804015179336516,0.009101481209450361
1,18,-0.05281552209572775,0.08033419023136247,0.008905618802791039
1,19,-0.05295629820051414,0.08033419023136247,0.008624066593218264
1,20,-0.052693108091565674,0.08041375933406782,0.008624066593218264
1,21,-0.05281552209572775,0.08044436283510834,0.008599583792385849
1,22,-0.05279715999510344,0.0803709144326111,0.00861794589301016
1,23,-0.05280328069531154,0.08041375933406782,0.008893377402374832
1,24,-0.05301138450238707,0.08046884563594076,0.008660790794466886
1,25,-0.05286448769739258,0.08062186314114335,0.008807687599461378
1,26,-0.05284000489656017,0.0805484147386461,0.008917860203207246
1,27,-0.05281552209572775,0.08053617333822989,0.00839147998531032
1,28,-0.05270534949198188,0.08048720773656506,0.008948463704247766
1,29,-0.05272983229281429,0.08030970743053005,0.008483290488431878
1,30,-0.052833884196352064,0.0803770351328192,0.008923980903415351
1,31,-0.052791039294895335,0.0802301383278247,0.009076998408617946
1,32,-0.05265638389031705,0.08032806953115437,0.008783204798628963
1,33,-0.05264414248990085,0.08018729342636798,0.009101481209450361
1,34,-0.05277267719427102,0.0803770351328192,0.008685273595299301
1,35,-0.05284612559676827,0.08029134532990574,0.008905618802791039
1,36,-0.05287672909780879,0.0804015179336516,0.008489411188639981
1,37,-0.052650263190108945,0.08056677683927041,0.00869751499571551
1,38,-0.052748194393438606,0.0803831558330273,0.00934018851756641
1,39,-0.05290121189864121,0.08041988003427593,0.009254498714652956
1,40,-0.05290121189864121,0.08041988003427593,0.009254498714652956
1,41,-0.052717590892398095,0.0803709144326111,0.009799241033174196
1,42,-0.052888970498224996,0.08042600073448403,0.009254498714652956
1,43,-0.05278491859468724,0.08050556983718937,0.009640102827763496
1,44,-0.05275431509364671,0.08052393193781368,0.009199412412780023
1,45,-0.05274207369323051,0.08025462112865712,0.009346309217774514
1,46,-0.0528828497980169,0.0802117762272004,0.009315705716733996
1,47,-0.052693108091565674,0.08016893132574367,0.00918105031215571
1,48,-0.05287060839760068,0.08028522462969764,0.009028032806953116
1,49,-0.052888970498224996,0.0803709144326111,0.009554413024850043
1,50,-0.05299914310197087,0.08060962174072714,0.009291222915901579
1,51,-0.05279715999510344,0.08043824213490022,0.00918105031215571
1,52,-0.052686987391357576,0.08042600073448403,0.008985187905496388
1,53,-0.052680866691149464,0.08036479373240299,0.008887256702166727
1,54,-0.05285224629697638,0.08029746603011384,0.00826294528094014
1,55,-0.0527359529930224,0.0803831558330273,0.008997429305912597
1,56,-0.0525829354878198,0.08053005263802179,0.00861794589301016
1,57,-0.05256457338719549,0.08064022524176766,0.008495531888848084
1,58,-0.05256457338719549,0.0804015179336516,0.008501652589056188
1,59,-0.052931815399681725,0.0804015179336516,0.008501652589056188
1,60,-0.052674745990941366,0.08058513893989473,0.00858734239196964
1,61,-0.052791039294895335,0.0803709144326111,0.008550618190721018
1,62,-0.05287672909780879,0.08053617333822989,0.00856898029134533
1,63,-0.05277267719427102,0.08053617333822989,0.00858734239196964
1,64,-0.052962418900722244,0.08033419023136247,0.008936222303831558
1,65,-0.052833884196352064,0.08033419023136247,0.008483290488431878
1,66,-0.05280328069531154,0.08051781123760558,0.008770963398212756
1,67,-0.05276655649406292,0.08011996572407884,0.009028032806953116
1,68,-0.052674745990941366,0.08039539723344351,0.008966825804872078
1,69,-0.05287672909780879,0.08035867303219488,0.00858734239196964
1,70,-0.052760435793854824,0.08028522462969764,0.008434324886767045
1,71,-0.053029746603011386,0.08035867303219488,0.008385359285102216
1,72,-0.052650263190108945,0.08046884563594076,0.008832170400293795
1,73,-0.05299914310197087,0.0803709144326111,0.008709756396131718
1,74,-0.052760435793854824,0.08030358673032195,0.008715877096339822
1,75,-0.05252784918594687,0.0806953115436406,0.008636307993634473
1,76,-0.05252784918594687,0.080542294038438,0.009493206022769004
1,77,-0.05272983229281429,0.080542294038438,0.009493206022769004
1,78,-0.05275431509364671,0.08031582813073815,0.009487085322560901
1,79,-0.052888970498224996,0.08053617333822989,0.00919329171257192
1,80,-0.05272983229281429,0.08030970743053005,0.009076998408617946
1,81,-0.05272983229281429,0.08065858734239198,0.009376912718815033
1,82,-0.052974660301138454,0.0804015179336516,0.009523809523809523
1,83,-0.05271147019218999,0.08010160362345452,0.00906475700820174
1,84,-0.05301138450238707,0.08045048353531645,0.008795446199045171
1,85,-0.052674745990941366,0.08019341412657607,0.009536050924225731
1,86,-0.05248500428449014,0.0802362590280328,0.009450361121312279
1,87,-0.05260129758844412,0.08016281062553557,0.009015791406536907
1,88,-0.05299914310197087,0.08026686252907332,0.009425878320479864
1,89,-0.05266862529073326,0.08025462112865712,0.00941975762027176
1,90,-0.05271147019218999,0.08011384502387073,0.009303464316317787
1,91,-0.05290733259884931,0.08007712082262211,0.009633982127555393
1,92,-0.052919573999265515,0.08028522462969764,0.00951768882360142
1,93,-0.05282776349614395,0.08059125964010283,0.008936222303831558
1,94,-0.05298078100134655,0.08063410454155956,0.00869751499571551
1,95,-0.05282776349614395,0.08014444852491125,0.009462602521728486
1,96,-0.05284000489656017,0.08058513893989473,0.009297343616109682
1,97,-0.05284000489656017,0.08058513893989473,0.009462602521728486
1,98,-0.052919573999265515,0.08058513893989473,0.00919329171257192
1,99,-0.05271147019218999,0.08019341412657607,0.00919329171257192
2,0,0.1350410086913943,-0.09338352307503979,0.0903476557718203
2,1,0.13539600930346432,-0.09315093646713184,0.09121679520137103
2,2,0.1350654914922267,-0.09335904027420737,0.09166360631656262
2,3,0.13527971599951033,-0.09331007467254254,0.09174317541926796
2,4,0.13527971599951033,-0.09331007467254254,0.09174317541926796
2,5,0.1352429917982617,-0.09356102338107479,0.09086179458930102
2,6,0.1353654058024238,-0.09310197086546701,0.09234912473987024
2,7,0.13523687109805363,-0.09365283388419635,0.09071489778430653
2,8,0.13533480230138328,-0.09319990206879666,0.0911739502999143
2,9,0.13503488799118618,-0.0934202472762884,0.09209205533112988
2,10,0.1352062675970131,-0.09362223038315584,0.09135145060594932
2,11,0.1350777328926429,-0.09335904027420737,0.0924409352429918
2,12,0.13514506059493206,-0.09359162688211531,0.09118619170033052
2,13,0.13502876729097807,-0.0934080058758722,0.09176765822010038
2,14,0.13516954339576448,-0.09357938548169911,0.09156567511323296
2,15,0.1351879054963888,-0.09350593707920186,0.09123515730199536
2,16,0.1353715265026319,-0.09348757497857754,0.09110050189741706
2,17,0.13514506059493206,-0.09367731668502877,0.0914738646101114
2,18,0.13514506059493206,-0.09351817847961806,0.09043334557473375
2,19,0.13523075039784552,-0.09351817847961806,0.09163300281552209
2,20,0.13495531888848084,-0.09319378136858857,0.09163300281552209
2,21,0.13507161219243483,-0.09328559187171012,0.09146162320969518
2,22,0.1350654914922267,-0.09383645489043947,0.09262455624923491
2,23,0.1350410086913943,-0.09343248867670462,0.09076386338597135
2,24,0.13513281919451586,-0.09353041988003427,0.09123515730199536
2,25,0.13527359529930222,-0.09336516097441547,0.0916391235157302
2,26,0.13531644020075898,-0.09341412657608031,0.09199412412780023
2,27,0.13491859468723222,-0.09370179948586119,0.09178602032072469
2,28,0.1348818704859836,-0.09320602276900478,0.09053739747827153
2,29,0.1352429917982617,-0.09334067817358306,0.09160239931448158
2,30,0.13498592238952137,-0.09347533357816135,0.09154731301260864
2,31,0.13505325009181052,-0.09359162688211531,0.09205533112988126
2,32,0.13493083608764841,-0.09343860937691272,0.09187783082384625
2,33,0.13517566409597256,-0.09329783327212633,0.09029256946994736
2,34,0.13510221569347533,-0.09332231607295874,0.08959480964622353
2,35,0.13496756028889706,-0.0934080058758722,0.08969886154976128
2,36,0.1352062675970131,-0.09366507528461257,0.09145550250948709
2,37,0.1352062675970131,-0.0935487819806586,0.09204308972946505
2,38,0.13492471538744033,-0.0935487819806586,0.09189007222426246
2,39,0.13535928510221568,-0.09354266128045048,0.09189007222426246
2,40,0.13523075039784552,-0.09310197086546701,0.09122291590157913
2,41,0.1352062675970131,-0.09339576447545599,0.09170033051781123
2,42,0.13527359529930222,-0.09337740237483169,0.09214102093279472
2,43,0.13496143958868895,-0.09370179948586119,0.09160852001468968
2,44,0.13509609499326722,-0.09334067817358306,0.09164524421593831
2,45,0.13519402619659687,-0.09315705716733994,0.08968049944913699
2,46,0.13501652589056187,-0.09327947117150201,0.09197576202717592
2,47,0.13521850899742932,-0.09337128167462358,0.09152895091198433
2,48,0.13517566409597256,-0.09331007467254254,0.09095972579263067
2,49,0.13500428449014568,-0.09357938548169911,0.09182886522218142
2,50,0.13518178479618068,-0.09338352307503979,0.09184722732280573
2,51,0.13505325009181052,-0.09343860937691272,0.09122291590157913
2,52,0.13509609499326722,-0.09310809156567511,0.09149222671073572
2,53,0.13497980168931326,-0.0937201615864855,0.09141265760803036
2,54,0.1348757497857755,-0.09303464316317786,0.09146162320969518
2,55,0.13512669849430775,-0.09326722977108581,0.09173705471905987
2,56,0.13512669849430775,-0.09338352307503979,0.09137593340678174
2,57,0.13512669849430775,-0.09338352307503979,0.09137593340678174
2,58,0.1350410086913943,-0.09326722977108581,0.09009058636307994
2,59,0.13502876729097807,-0.09350593707920186,0.09128412290366018
2,60,0.13499816378993756,-0.09360386828253152,0.0922634349369568
2,61,0.13480230138327826,-0.09327335047129391,0.09080670828742808
2,62,0.13527359529930222,-0.09323050556983718,0.09181050312155711
2,63,0.1353898886032562,-0.09341412657608031,0.09021300036724202
2,64,0.13531644020075898,-0.09349369567878565,0.09041498347410944
2,65,0.13508385359285102,-0.09330395397233443,0.09135145060594932
2,66,0.13497980168931326,-0.09349369567878565,0.09174929611947606
2,67,0.13511445709389153,-0.09362223038315584,0.09144326110907088
2,68,0.13507161219243483,-0.09332231607295874,0.09184110662259762
2,69,0.13499204308972948,-0.09302240176276166,0.09012118986412046
2,70,0.13513893989472398,-0.0932549883706696,0.0914738646101114
2,71,0.13518178479618068,-0.09333455747337496,0.09122291590157913
2,72,0.13531644020075898,-0.09359162688211531,0.0892275676337373
2,73,0.13531644020075898,-0.09324274697025339,0.09257559064757008
2,74,0.13510221569347533,-0.09324274697025339,0.09257559064757008
2,75,0.1350777328926429,-0.09330395397233443,0.09158403721385726
2,76,0.13511445709389153,-0.09336516097441547,0.08976618925205043
2,77,0.13505325009181052,-0.09335904027420737,0.09097808789325498
2,78,0.13528583669971844,-0.09343248867670462,0.09110662259762517
2,79,0.13529807810013467,-0.09332843677316685,0.09118619170033052
2,80,0.13523075039784552,-0.09350593707920186,0.09102705349491982
2,81,0.1352429917982617,-0.09335291957399926,0.09069653568368222
2,82,0.1349002325866079,-0.09329783327212633,0.09174317541926796
2,83,0.13489411188639983,-0.09327947117150201,0.092453176643408
2,84,0.13517566409597256,-0.09344473007712081,0.0922879177377892
2,85,0.1355306647080426,-0.09331007467254254,0.0911800710001224
2,86,0.13526747459909413,-0.09319378136858857,0.09000489656016648
2,87,0.13542661280450483,-0.09345085077732893,0.09152895091198433
2,88,0.13482678418411068,-0.09331007467254254,0.09171869261843554
2,89,0.13520014689680498,-0.09362223038315584,0.09132696780511691
2,90,0.13520014689680498,-0.09339576447545599,0.09170033051781123
2,91,0.13531644020075898,-0.09339576447545599,0.09170033051781123
2,92,0.13515730199534828,-0.09329783327212633,0.09151670951156812
2,93,0.13509609499326722,-0.09357938548169911,0.09000489656016648
2,94,0.1350471293916024,-0.09329171257191823,0.09248378014444852
2,95,0.13501652589056187,-0.09331619537275064,0.09264291834985923
2,96,0.13519402619659687,-0.0934202472762884,0.09191455502509487
2,97,0.1352123882972212,-0.09352429917982617,0.09141265760803036
2,98,0.1350777328926429,-0.09326110907087772,0.09138817480719794
2,99,0.13509609499326722,-0.09351817847961806,0.09006610356224752
3,0,-0.11827641082139798,-0.054186558942343,0.04660913208471049
3,1,-0.11811727261598728,-0.05422940384379973,0.046707063288040154
3,2,-0.11811727261598728,-0.05426612804504836,0.04638878687721875
3,3,-0.11775615130370913,-0.05405190353776472,0.046235769372016164
3,4,-0.11775615130370913,-0.05405190353776472,0.046235769372016164
3,5,-0.11787856530787122,-0.05463949075774268,0.046266372873056676
3,6,-0.11789692740849553,-0.054162076141510584,0.04640102827763496
3,7,-0.1181723589178602,-0.05411311053984576,0.04656016648304566
3,8,-0.11797649651120087,-0.05426612804504836,0.046419390378259276
3,9,-0.11819072101848452,-0.05432121434692129,0.04664585628595912
3,10,-0.11827029012118986,-0.05432733504712939,0.04647447668013221
3,11,-0.11801934141265762,-0.054400783449626636,0.046449993879299795
3,12,-0.11779287550495776,-0.05452931815399682,0.04627249357326478
3,13,-0.11826416942098177,-0.05473130126086424,0.046554045782837554
3,14,-0.11821520381931694,-0.05457828375566165,0.04638266617701065
3,15,-0.11814175541681968,-0.054155955441302486,0.04659689068429428
3,16,-0.11820908311910883,-0.05442526625045905,0.04658464928387808
3,17,-0.11820908311910883,-0.054345697147753703,0.04621740727139185
3,18,-0.11800710001224139,-0.054345697147753703,0.046352062675970127
3,19,-0.11788468600807933,-0.05428449014567267,0.04649895948096462
3,20,-0.11810503121557106,-0.0543395764475456,0.04649895948096462
3,21,-0.11830089362223037,-0.05439466274941853,0.046413269678051164
3,22,-0.11808666911494674,-0.054559921655037334,0.04651732158158893
3,23,-0.11798873791161708,-0.05448035255233199,0.04629085567388909
3,24,-0.11805606561390622,-0.054357938548169914,0.04652344228179704
3,25,-0.11807442771453054,-0.05478026686252907,0.04628473497368099
3,26,-0.11787244460766311,-0.05430897294650509,0.04657240788346187
3,27,-0.11808666911494674,-0.05459052515607785,0.046449993879299795
3,28,-0.11821520381931694,-0.05452319745378872,0.04648671808054842
3,29,-0.118160117517444,-0.05414371404088628,0.046547925082629456
3,30,-0.11815399681723589,-0.054755784061696657,0.04663361488554291
3,31,-0.1179948586118252,-0.054596645856285965,0.046664218386583425
3,32,-0.11785408250703881,-0.05444974905129146,0.046449993879299795
3,33,-0.11814175541681968,-0.054455869751499575,0.046309217774513405
3,34,-0.11819072101848452,-0.05437017994858612,0.046437752478883584
3,35,-0.11806830701432244,-0.054443628351083365,0.0463030970743053
3,36,-0.1181723589178602,-0.05443750765087526,0.04636430407638634
3,37,-0.11820908311910883,-0.05443750765087526,0.046352062675970127
3,38,-0.11808666911494674,-0.054260007344840246,0.046547925082629456
3,39,-0.11808666911494674,-0.054260007344840246,0.046547925082629456
3,40,-0.11798261721140899,-0.05414983474109438,0.04636430407638634
3,41,-0.1179948586118252,-0.05425388664463214,0.046425511078467374
3,42,-0.1180132207124495,-0.05460276655649406,0.04647447668013221
3,43,-0.11829477292202228,-0.05457828375566165,0.0462969763740972
3,44,-0.11803158281307383,-0.054186558942343,0.04635818337617824
3,45,-0.11828865222181417,-0.05437017994858612,0.04625413147264047
3,46,-0.11809891051536296,-0.0543395764475456,0.04651732158158893
3,47,-0.11808054841473865,-0.05453543885420492,0.046462235279716005
3,48,-0.11808666911494674,-0.05432121434692129,0.046413269678051164
3,49,-0.118160117517444,-0.054315093646713185,0.04636430407638634
3,50,-0.11813563471661157,-0.05438242134900233,0.0462969763740972
3,51,-0.11820908311910883,-0.05464561145795079,0.04660913208471049
3,52,-0.11805606561390622,-0.054553800954829236,0.04673766678908067
3,53,-0.11819072101848452,-0.05462112865711838,0.04657852858366997
3,54,-0.11795813441057657,-0.05430897294650509,0.0464683559799241
3,55,-0.11814787611702779,-0.0543395764475456,0.04651120088138083
3,56,-0.11809891051536296,-0.05432733504712939,0.04656016648304566
3,57,-0.11809891051536296,-0.05456604235524544,0.04632757987513771
3,58,-0.11787244460766311,-0.05456604235524544,0.04632757987513771
3,59,-0.11795813441057657,-0.054400783449626636,0.04645611457950789
3,60,-0.11808666911494674,-0.05438854204921043,0.04660301138450239
3,61,-0.11816623821765211,-0.054302852246296975,0.04648059738034031
3,62,-0.11792753090953605,-0.054413024850042846,0.046535683682213246
3,63,-0.11802546211286571,-0.054419145550250944,0.046352062675970127
3,64,-0.11806218631411433,-0.054419145550250944,0.046621373485126696
3,65,-0.11820296241890071,-0.054443628351083365,0.04664585628595912
3,66,-0.11800097931203331,-0.05440690414983475,0.04632757987513771
3,67,-0.1178357204064145,-0.054217162443383524,0.04648059738034031
3,68,-0.11825804872077365,-0.054376300648794215,0.04625413147264047
3,69,-0.11811115191577917,-0.05436405924837802,0.04667033908679153
3,70,-0.118160117517444,-0.054131472640470066,0.04652344228179704
3,71,-0.11811115191577917,-0.054217162443383524,0.04631533847472151
3,72,-0.11803770351328191,-0.05449871465295629,0.046547925082629456
3,73,-0.11811727261598728,-0.05444974905129146,0.04628473497368099
3,74,-0.11838658342514383,-0.05430897294650509,0.04650508018117273
3,75,-0.11838658342514383,-0.05430897294650509,0.04649895948096462
3,76,-0.11812339331619537,-0.054443628351083365,0.04649895948096462
3,77,-0.11787244460766311,-0.054162076141510584,0.04624189007222426
3,78,-0.11775615130370913,-0.054315093646713185,0.046309217774513405
3,79,-0.11788468600807933,-0.054241645244215944,0.046407148977843066
3,80,-0.11800710001224139,-0.05463949075774268,0.046535683682213246
3,81,-0.11798261721140899,-0.054419145550250944,0.04633982127555392
3,82,-0.11815399681723589,-0.05449259395274819,0.04610111396743787
3,83,-0.11807442771453054,-0.054272248745256456,0.04640102827763496
3,84,-0.11814787611702779,-0.05444974905129146,0.04629085567388909
3,85,-0.11804994491369813,-0.05449259395274819,0.046437752478883584
3,86,-0.11800710001224139,-0.054443628351083365,0.04626025217284858
3,87,-0.1179948586118252,-0.054131472640470066,0.0464683559799241
3,88,-0.11812339331619537,-0.0546517321581589,0.04616232096951891
3,89,-0.11795201371036848,-0.05439466274941853,0.04649283878075652
3,90,-0.11806830701432244,-0.05452319745378872,0.04652344228179704
3,91,-0.11833149712327092,-0.05448035255233199,0.046235769372016164
3,92,-0.1180132207124495,-0.05426612804504836,0.04663361488554291
3,93,-0.1180132207124495,-0.05438242134900233,0.04652344228179704
3,94,-0.11812951401640348,-0.05438242134900233,0.04624801077243237
3,95,-0.11825192802056554,-0.05443750765087526,0.04624801077243237
3,96,-0.11800097931203331,-0.05467621495899131,0.04659076998408618
3,97,-0.1181723589178602,-0.054357938548169914,0.046694821887623944
3,98,-0.11807442771453054,-0.054376300648794215,0.04652344228179704
3,99,-0.11808666911494674,-0.05448035255233199,0.04644387317909169
