values,,Magnetometer,Magnetometer,Magnetometer
axis,,x,y,z
Sensor,Sample,,,
0,0,0.030285224629697637,0.06664218386583425,-0.009162688211531399
0,1,0.030162810625535563,0.06633002815522096,-0.008936222303831558
0,2,0.030162810625535563,0.06633002815522096,-0.008936222303831558
0,3,0.03004651732158159,0.06678295997062064,-0.009223895213612438
0,4,0.029813930713673643,0.06644020075896682,-0.009223895213612438
0,5,0.029813930713673643,0.06644020075896682,-0.009223895213612438
0,6,0.030113845023870732,0.06654425266250459,-0.009493206022769004
0,7,0.030071000122414003,0.06653813196229649,-0.009107601909658465
0,8,0.03008936222303831,0.06679520137103685,-0.009554413024850043
0,9,0.03008936222303831,0.06679520137103685,-0.009554413024850043
0,10,0.029875137715754684,0.06666666666666667,-0.009285102215693475
0,11,0.030113845023870732,0.06671563226833149,-0.009658464928387808
0,12,0.030113845023870732,0.06671563226833149,-0.009658464928387808
0,13,0.0298996205165871,0.06666666666666667,-0.009021912106745012
0,14,0.02991798261721141,0.06658097686375322,-0.009364671318398824
0,15,0.02991798261721141,0.06658097686375322,-0.009364671318398824
0,16,0.029832292814297955,0.06664830456604236,-0.009040274207369322
0,17,0.03005263802178969,0.0667217529685396,-0.009487085322560901
0,18,0.03005263802178969,0.0667217529685396,-0.009487085322560901
0,19,0.03004651732158159,0.06666666666666667,-0.009278981515485372
0,20,0.029893499816378993,0.06647692496021544,-0.00908311910882605
0,21,0.029893499816378993,0.06647692496021544,-0.00908311910882605
0,22,0.03005263802178969,0.06667890806708288,-0.009811482433590403
0,23,0.029881258415962786,0.06663606316562615,-0.009480964622352797
0,24,0.029881258415962786,0.06663606316562615,-0.009480964622352797
0,25,0.03000367242012486,0.06664830456604236,-0.009346309217774514
0,26,0.02999755171991676,0.06678908067082874,-0.009223895213612438
0,27,0.030199534826784186,0.06685640837311788,-0.008991308605704493
0,28,0.030199534826784186,0.06685640837311788,-0.008991308605704493
0,29,0.030071000122414003,0.06684416697270168,-0.009223895213612438
0,30,0.030217896927408495,0.06659321826416942,-0.009456481821520382
0,31,0.030217896927408495,0.06659321826416942,-0.009456481821520382
0,32,0.03017505202595177,0.06674011506916391,-0.009621740727139184
0,33,0.02982617211408985,0.06671563226833149,-0.009242257314236748
0,34,0.02982617211408985,0.06671563226833149,-0.009242257314236748
0,35,0.030199534826784186,0.066568735463337,-0.00954829232464194
0,36,0.03017505202595177,0.06675847716978822,-0.009358550618190721
0,37,0.03017505202595177,0.06675847716978822,-0.009358550618190721
0,38,0.030015913820541067,0.06675235646958012,-0.0096462235279716
0,39,0.030077120822622105,0.06685028767290978,-0.009799241033174196
0,40,0.030077120822622105,0.06685028767290978,-0.009799241033174196
0,41,0.029991431019708654,0.06662382176520995,-0.008819928999877585
0,42,0.029966948218876237,0.06653813196229649,-0.009144326110907087
0,43,0.029966948218876237,0.06653813196229649,-0.009144326110907087
0,44,0.03013220712449504,0.06681356347166115,-0.009076998408617946
0,45,0.03017505202595177,0.06671563226833149,-0.009327947117150202
0,46,0.03017505202595177,0.06671563226833149,-0.009327947117150202
0,47,0.03009548292324642,0.06675847716978822,-0.00887501530175052
0,48,0.029801689313257433,0.06692985677561512,-0.008917860203207246
0,49,0.030113845023870732,0.06679520137103685,-0.009358550618190721
0,50,0.030113845023870732,0.06679520137103685,-0.009358550618190721
0,51,0.030156689925327457,0.06675847716978822,-0.00954829232464194
0,52,0.030034275921165383,0.0667217529685396,-0.00921165381319623
0,53,0.030034275921165383,0.0667217529685396,-0.00921165381319623
0,54,0.030101603623454525,0.06662382176520995,-0.009891051536295752
0,55,0.030058758721997796,0.06674623576937203,-0.009431999020687967
0,56,0.030058758721997796,0.06674623576937203,-0.009431999020687967
0,57,0.0298996205165871,0.06651364916146407,-0.009376912718815033
0,58,0.03004651732158159,0.06676459786999632,-0.009254498714652956
0,59,0.03004651732158159,0.06676459786999632,-0.009254498714652956
0,60,0.030015913820541067,0.06665442526625046,-0.009370792018606928
0,61,0.02993634471783572,0.06676459786999632,-0.009529930224017626
0,62,0.02993634471783572,0.06676459786999632,-0.009529930224017626
0,63,0.030058758721997796,0.06661770106500184,-0.009150446811115192
0,64,0.029985310319500552,0.06637287305667769,-0.009230015913820541
0,65,0.029985310319500552,0.06637287305667769,-0.009230015913820541
0,66,0.029893499816378993,0.06678908067082874,-0.009603378626514874
0,67,0.02991798261721141,0.0667339943689558,-0.009217774513404334
0,68,0.02991798261721141,0.0667339943689558,-0.009217774513404334
0,69,0.02996082751866814,0.06667278736687478,-0.009474843922144694
0,70,0.030083241522830213,0.06652589056188027,-0.009334067817358306
0,71,0.030119965724078834,0.06667890806708288,-0.009089239809034155
0,72,0.030119965724078834,0.06667890806708288,-0.009089239809034155
0,73,0.029838413514506057,0.06669114946749907,-0.009395274819439343
0,74,0.03005263802178969,0.0667095115681234,-0.009058636307993634
0,75,0.03005263802178969,0.0667095115681234,-0.009058636307993634
0,76,0.029979189619292447,0.06664218386583425,-0.00918105031215571
0,77,0.029881258415962786,0.06658709756396132,-0.009144326110907087
0,78,0.029881258415962786,0.06658709756396132,-0.009144326110907087
0,79,0.030260741828865224,0.06677683927041253,-0.009364671318398824
0,80,0.030199534826784186,0.06665442526625046,-0.009621740727139184
0,81,0.030199534826784186,0.06665442526625046,-0.009621740727139184
0,82,0.02999755171991676,0.06669727016770718,-0.009205533112988126
0,83,0.029991431019708654,0.06682580487207737,-0.009278981515485372
0,84,0.029991431019708654,0.06682580487207737,-0.009278981515485372
0,85,0.03005263802178969,0.0668747704737422,-0.009236136614028645
0,86,0.030040396621373484,0.06671563226833149,-0.009138205410698983
0,87,0.030040396621373484,0.06671563226833149,-0.009138205410698983
0,88,0.02988737911617089,0.06660545966458563,-0.00943811972089607
0,89,0.02999755171991676,0.06655037336271269,-0.00954829232464194
0,90,0.02999755171991676,0.06655037336271269,-0.00954829232464194
0,91,0.029973068919084345,0.0665626147631289,-0.008936222303831558
0,92,0.02986901701554658,0.06674623576937203,-0.009187171012363816
0,93,0.030199534826784186,0.06674623576937203,-0.009407516219855552
0,94,0.030199534826784186,0.06674623576937203,-0.009407516219855552
0,95,0.030126086424286942,0.06650752846125597,-0.009162688211531399
0,96,0.029893499816378993,0.06669114946749907,-0.008936222303831558
0,97,0.029893499816378993,0.06669114946749907,-0.008936222303831558
0,98,0.030009793120332966,0.06666054596645857,-0.009456481821520382
0,99,0.030028155220957274,0.06653813196229649,-0.009089239809034155
1,0,-0.04496266372873057,0.07409719671930469,0.008177255478026686
1,1,-0.04463214591749296,0.07415228302117763,0.008556738890929122
1,2,-0.04463214591749296,0.0741400416207614,0.0090035500061207
1,3,-0.04463214591749296,0.0741400416207614,0.0090035500061207
1,4,-0.04473007712082262,0.0739441792141021,0.009150446811115192
1,5,-0.0447055943199902,0.07392581711347777,0.008801566899253275
1,6,-0.044925939527481945,0.07409107601909658,0.008795446199045171
1,7,-0.044925939527481945,0.07409107601909658,0.008795446199045171
1,8,-0.0448524911249847,0.07424409352429918,0.008562859591137225
1,9,-0.04465050801811728,0.07412167952013711,0.008324152283021177
1,10,-0.04465050801811728,0.07412167952013711,0.008324152283021177
1,11,-0.04482188762394418,0.07415840372138573,0.008752601297588444
1,12,-0.04473007712082262,0.07381564450973191,0.009156567511323295
1,13,-0.04473007712082262,0.07381564450973191,0.009156567511323295
1,14,-0.04488921532623332,0.07420124862284246,0.008764842698004652
1,15,-0.04466274941853348,0.0739564206145183,0.008850532500918105
1,16,-0.04466274941853348,0.0739564206145183,0.008850532500918105
1,17,-0.0448586118251928,0.07422573142367486,0.008960705104663975
1,18,-0.04472395642061452,0.07384012731056433,0.00887501530175052
1,19,-0.04472395642061452,0.07403598971722365,0.009150446811115192
1,20,-0.04472395642061452,0.07403598971722365,0.009150446811115192
1,21,-0.044742318521238826,0.07415840372138573,0.008691394295507405
1,22,-0.04473619782103073,0.07412167952013711,0.008556738890929122
1,23,-0.04473619782103073,0.07412167952013711,0.008556738890929122
1,24,-0.04484637042477659,0.07434814542783694,0.008538376790304811
1,25,-0.04487697392581712,0.07386461011139675,0.008207858979067204
1,26,-0.04487697392581712,0.07386461011139675,0.008207858979067204
1,27,-0.04473619782103073,0.07401762761659933,0.008336393683437384
1,28,-0.044693352919574,0.07399926551597504,0.008373117884686008
1,29,-0.044785163422695555,0.07437874892887746,0.007999755171991677
1,30,-0.044785163422695555,0.07437874892887746,0.007999755171991677
1,31,-0.04479128412290366,0.07435426612804505,0.008397600685518423
1,32,-0.04477292202227935,0.0741094381197209,0.00805484147386461
1,33,-0.04477292202227935,0.0741094381197209,0.00805484147386461
1,34,-0.04479128412290366,0.07410331741951279,0.008060962174072714
1,35,-0.0447055943199902,0.07425633492471538,0.00834251438364549
1,36,-0.0447055943199902,0.07425633492471538,0.00834251438364549
1,37,-0.04490757742685763,0.07428693842575591,0.008318031582813074
1,38,-0.044693352919574,0.07438486962908557,0.008244583180315828
1,39,-0.044693352919574,0.07438486962908557,0.008244583180315828
1,40,-0.044883094626025216,0.07420124862284246,0.008409842085934632
1,41,-0.04480964622352797,0.07419512792263436,0.008507773289264293
1,42,-0.044895336026441426,0.07425633492471538,0.008385359285102216
1,43,-0.044895336026441426,0.07425633492471538,0.008385359285102216
1,44,-0.04461378381686865,0.07423185212388297,0.00826294528094014
1,45,-0.04480964622352797,0.07417064512180194,0.008140531276778063
1,46,-0.04480964622352797,0.07417064512180194,0.008140531276778063
1,47,-0.04484637042477659,0.07405435181784796,0.008042600073448402
1,48,-0.04491981882727384,0.07408495531888848,0.00808544497490513
1,49,-0.04491981882727384,0.07408495531888848,0.00808544497490513
1,50,-0.04480964622352797,0.07415840372138573,0.00808544497490513
1,51,-0.044785163422695555,0.07431754192679643,0.00826294528094014
1,52,-0.044785163422695555,0.07431754192679643,0.00826294528094014
1,53,-0.04461990451707675,0.07426245562492349,0.008220100379483413
1,54,-0.04468111151915779,0.0739441792141021,0.00845880768759946
1,55,-0.04490145672664953,0.07410331741951279,0.008415962786142735
1,56,-0.04490145672664953,0.07410331741951279,0.008415962786142735
1,57,-0.04467499081894969,0.0741094381197209,0.008434324886767045
1,58,-0.044711715020198314,0.07401762761659933,0.008152772677194272
1,59,-0.044711715020198314,0.07401762761659933,0.008152772677194272
1,60,-0.04476068062186314,0.07423185212388297,0.008030358673032196
1,61,-0.044693352919574,0.07405435181784796,0.008122169176153753
1,62,-0.044693352919574,0.07405435181784796,0.008122169176153753
1,63,-0.04460766311666055,0.07421349002325867,0.008018117272615987
1,64,-0.044840249724568494,0.07398702411555882,0.008042600073448402
1,65,-0.044840249724568494,0.07398702411555882,0.008042600073448402
1,66,-0.04488921532623332,0.07416452442159382,0.008097686375321336
1,67,-0.044870853225609006,0.07423185212388297,0.008146651976986167
1,68,-0.04502999143101971,0.0739625413147264,0.008146651976986167
1,69,-0.04502999143101971,0.0739625413147264,0.008146651976986167
1,70,-0.04461990451707675,0.0739564206145183,0.008379238584894113
1,71,-0.044828008324152284,0.07401762761659933,0.00818337617823479
1,72,-0.044828008324152284,0.07401762761659933,0.00818337617823479
1,73,-0.04486473252540091,0.07432366262700453,0.007981393071367363
1,74,-0.04488921532623332,0.0741094381197209,0.00818337617823479
1,75,-0.04488921532623332,0.0741094381197209,0.00818337617823479
1,76,-0.044797404823111765,0.0741094381197209,0.008409842085934632
1,77,-0.04474843922144693,0.0739686620149345,0.00818337617823479
1,78,-0.04474843922144693,0.0739686620149345,0.00818337617823479
1,79,-0.04461990451707675,0.07417064512180194,0.008287428081772555
1,80,-0.04479128412290366,0.07404823111763986,0.008220100379483413
1,81,-0.04471783572040641,0.07440935242991799,0.00805484147386461
1,82,-0.04471783572040641,0.07440935242991799,0.00805484147386461
1,83,-0.04474843922144693,0.07412167952013711,0.00795691027053495
1,84,-0.04496878442893867,0.0741400416207614,0.008507773289264293
1,85,-0.04496878442893867,0.0741400416207614,0.008507773289264293
1,86,-0.04476680132207124,0.07432366262700453,0.008195617578650997
1,87,-0.04499938792997919,0.07418288652221813,0.00813441057656996
1,88,-0.04499938792997919,0.07418288652221813,0.00813441057656996
1,89,-0.044840249724568494,0.0739625413147264,0.008152772677194272
1,90,-0.04491981882727384,0.07418900722242625,0.007993634471783572
1,91,-0.04491981882727384,0.07418900722242625,0.007993634471783572
1,92,-0.04477904272248745,0.07426245562492349,0.008128289876361857
1,93,-0.04480964622352797,0.07405435181784796,0.008348635083853593
1,94,-0.04460766311666055,0.07415228302117763,0.00808544497490513
1,95,-0.04460766311666055,0.07415228302117763,0.00808544497490513
1,96,-0.04476068062186314,0.07409719671930469,0.008171134777818582
1,97,-0.04486473252540091,0.07406659321826417,0.007969151670951156
1,98,-0.04486473252540091,0.07406659321826417,0.007969151670951156
1,99,-0.0448524911249847,0.07398090341535071,0.007950789570326845
2,0,0.12896315338474723,-0.07724323662627004,0.09610111396743788
2,1,0.12912229159015792,-0.07695556371648916,0.0983902558452687
2,2,0.12912229159015792,-0.07695556371648916,0.0983902558452687
2,3,0.12874280817725547,-0.07693720161586486,0.09772309952258539
2,4,0.12915289509119843,-0.07689435671440813,0.0982249969396499
2,5,0.12915289509119843,-0.07689435671440813,0.0982249969396499
2,6,0.12893867058391478,-0.07713306402252418,0.09764353041988003
2,7,0.12886522218141755,-0.07691883951524055,0.09760680621863141
2,8,0.12886522218141755,-0.07691883951524055,0.09760680621863141
2,9,0.1289447912841229,-0.07670461500795692,0.09593585506181908
2,10,0.1289325498837067,-0.07665564940629208,0.09717223650385605
2,11,0.1289325498837067,-0.07665564940629208,0.09403843799730689
2,12,0.12882849798016893,-0.07736565063043213,0.09552576814787613
2,13,0.1289264291834986,-0.07708409842085935,0.09692128779532379
2,14,0.1290978087893255,-0.077182029624189,0.09652344228179703
2,15,0.1290978087893255,-0.077182029624189,0.09652344228179703
2,16,0.12893867058391478,-0.0769922879177378,0.09763128901946383
2,17,0.12900599828620393,-0.07688211531399192,0.0972456849063533
2,18,0.12900599828620393,-0.07688211531399192,0.0972456849063533
2,19,0.1289325498837067,-0.07688823601420003,0.09690904639490758
2,20,0.12881013587954462,-0.07663116660545967,0.0974109438119721
2,21,0.12881013587954462,-0.07663116660545967,0.0974109438119721
2,22,0.12899987758599585,-0.07704737421961072,0.09601542416452442
2,23,0.12901211898641204,-0.07669237360754069,0.09714163300281552
2,24,0.12901211898641204,-0.07669237360754069,0.09714163300281552
2,25,0.1290794466887012,-0.07691271881503245,0.09577671685640837
2,26,0.12890806708287428,-0.07677806341045415,0.09766189252050435
2,27,0.12906108458807689,-0.07710246052148366,0.09686620149345085
2,28,0.12906108458807689,-0.07710246052148366,0.09686620149345085
2,29,0.12902436038682824,-0.07691883951524055,0.09625413147264048
2,30,0.12912229159015792,-0.07682702901211899,0.09703758109927776
2,31,0.12912229159015792,-0.07682702901211899,0.09703758109927776
2,32,0.12884686008079324,-0.07674133920920553,0.09753335781613418
2,33,0.12929367119598484,-0.07686987391357572,0.09749051291467745
2,34,0.12929367119598484,-0.07686987391357572,0.09749051291467745
2,35,0.12912841229036603,-0.07705349491981883,0.09740482311176399
2,36,0.12893867058391478,-0.07698616721752968,0.09744766801322072
2,37,0.12893867058391478,-0.07698616721752968,0.09744766801322072
2,38,0.12882237727996082,-0.0766801322071245,0.09669482188762395
2,39,0.12915289509119843,-0.07702901211898641,0.09648671808054841
2,40,0.12915289509119843,-0.07693108091565674,0.09687844289386706
2,41,0.12902436038682824,-0.07693108091565674,0.09687844289386706
2,42,0.12897539478516343,-0.07670461500795692,0.09748439221446933
2,43,0.12898763618557962,-0.07672297710858123,0.09554413024850042
2,44,0.12898763618557962,-0.07672297710858123,0.09554413024850042
2,45,0.12896927408495532,-0.07681478761170278,0.09771697882237727
2,46,0.12885298078100133,-0.0770167707185702,0.09828008324152283
2,47,0.12885298078100133,-0.0770167707185702,0.09828008324152283
2,48,0.12895703268453912,-0.0768515118129514,0.09760680621863141
2,49,0.12917125719182274,-0.07712694332231608,0.0974170645121802
2,50,0.12917125719182274,-0.07712694332231608,0.0974170645121802
2,51,0.12877341167829598,-0.07672297710858123,0.09600318276410821
2,52,0.12905496388786877,-0.0768392704125352,0.09714163300281552
2,53,0.12905496388786877,-0.0768392704125352,0.09714163300281552
2,54,0.12896315338474723,-0.07661280450483535,0.09603378626514873
2,55,0.1290488431876607,-0.07660056310441915,0.09674378748928877
2,56,0.12904272248745258,-0.07708409842085935,0.09617456236993513
2,57,0.12904272248745258,-0.07708409842085935,0.09617456236993513
2,58,0.12896315338474723,-0.07652099400171379,0.09744766801322072
2,59,0.1290978087893255,-0.07711470192189987,0.09778430652466642
2,60,0.1290978087893255,-0.07711470192189987,0.09778430652466642
2,61,0.12904272248745258,-0.07705961562002693,0.09600930346431633
2,62,0.12906720528828497,-0.0768576325131595,0.09771085812216918
2,63,0.12906720528828497,-0.0768576325131595,0.09771085812216918
2,64,0.12889582568245808,-0.07742685763251315,0.09723344350593707
2,65,0.12904272248745258,-0.07705961562002693,0.09778430652466642
2,66,0.12904272248745258,-0.07705961562002693,0.09778430652466642
2,67,0.12902436038682824,-0.07690659811482434,0.09745990941363693
2,68,0.1289264291834986,-0.07707185702044314,0.09738646101113967
2,69,0.1289264291834986,-0.07672909780878932,0.09531766434080059
2,70,0.12888970498224997,-0.07672909780878932,0.09531766434080059
2,71,0.12869996327579875,-0.07659444240421104,0.09770473742196108
2,72,0.12892030848329047,-0.07694944301628107,0.09682335659199412
2,73,0.12892030848329047,-0.07694944301628107,0.09682335659199412
2,74,0.12901211898641204,-0.07651487330150569,0.09826784184110662
2,75,0.1290916880891174,-0.0770106500183621,0.09573999265515976
2,76,0.1290916880891174,-0.0770106500183621,0.09573999265515976
2,77,0.12915289509119843,-0.07675970130982984,0.09766801322071245
2,78,0.12879789447912843,-0.07717590892398091,0.09740482311176399
2,79,0.12879789447912843,-0.07717590892398091,0.09740482311176399
2,80,0.12902436038682824,-0.07676582201003794,0.09730689190843432
2,81,0.12930591259640103,-0.07711470192189987,0.09697637409719671
2,82,0.12930591259640103,-0.07711470192189987,0.09697637409719671
2,83,0.12893867058391478,-0.07698616721752968,0.0977353409230016
2,84,0.1291100501897417,-0.07744521973313748,0.09562982005141388
2,85,0.12918349859223893,-0.07678418411066226,0.0959848206634839
2,86,0.12918349859223893,-0.07678418411066226,0.0959848206634839
2,87,0.12886522218141755,-0.07698004651732157,0.09665809768637532
2,88,0.12890806708287428,-0.07717590892398091,0.09584404455869752
2,89,0.12890806708287428,-0.07717590892398091,0.09584404455869752
2,90,0.12877341167829598,-0.07708409842085935,0.09736197821030726
2,91,0.12913453299057412,-0.07698616721752968,0.09764965112008814
2,92,0.12913453299057412,-0.07698616721752968,0.09764965112008814
2,93,0.12887746358183377,-0.07693720161586486,0.0974415473130126
2,94,0.1290794466887012,-0.0769922879177378,0.09618068307014323
2,95,0.1290794466887012,-0.0769922879177378,0.09618068307014323
2,96,0.12899987758599585,-0.07665564940629208,0.09558697514995715
2,97,0.12887746358183377,-0.07679642551107847,0.0974170645121802
2,98,0.12887746358183377,-0.07679642551107847,0.09779042722487452
2,99,0.12871220467621497,-0.0768453911127433,0.09779042722487452
3,0,-0.11404088627739013,-0.044693352919574,0.0525829354878198
3,1,-0.11404088627739013,-0.044693352919574,0.0525829354878198
3,2,-0.1138266617701065,-0.04477292202227935,0.0522462969763741
3,3,-0.11393683437385235,-0.04467499081894969,0.052295262578038924
3,4,-0.11393683437385235,-0.04467499081894969,0.052295262578038924
3,5,-0.11393683437385235,-0.04452197331374709,0.052429917982617216
3,6,-0.11381442036969029,-0.044570938915411924,0.05258905618802791
3,7,-0.11381442036969029,-0.044570938915411924,0.05258905618802791
3,8,-0.1139674378748929,-0.04448524911249847,0.05236259028032807
3,9,-0.11375933406781735,-0.044430162810625534,0.05236871098053617
3,10,-0.11375933406781735,-0.044430162810625534,0.05236871098053617
3,11,-0.11364916146407149,-0.044797404823111765,0.05259517688823602
3,12,-0.11394295507406046,-0.04463826661770107,0.05246052148365773
3,13,-0.11381442036969029,-0.04425266250459052,0.052393193781368586
3,14,-0.11381442036969029,-0.04425266250459052,0.052393193781368586
3,15,-0.11395519647447667,-0.0445342147141633,0.05233810747949565
3,16,-0.11383278247031461,-0.04450361121312278,0.052540090586363074
3,17,-0.11383278247031461,-0.04450361121312278,0.052540090586363074
3,18,-0.1138389031705227,-0.04472395642061452,0.05246052148365773
3,19,-0.11386950667156323,-0.04450973191333089,0.0522462969763741
3,20,-0.11386950667156323,-0.04450973191333089,0.0522462969763741
3,21,-0.11394295507406046,-0.04461378381686865,0.05238095238095238
3,22,-0.11397355857510098,-0.04435671440812829,0.05247888358428204
3,23,-0.11397355857510098,-0.04435671440812829,0.05247888358428204
3,24,-0.11363692006365529,-0.044411800710001226,0.05231362467866324
3,25,-0.11408985187905496,-0.0445403354143714,0.05251560778553066
3,26,-0.11425511078467376,-0.044711715020198314,0.05263190108948464
3,27,-0.11425511078467376,-0.044711715020198314,0.05263190108948464
3,28,-0.11409597257926307,-0.044699473619782104,0.05264414248990085
3,29,-0.1138205410698984,-0.044399559309585016,0.0524115558819929
3,30,-0.1138205410698984,-0.044399559309585016,0.0524115558819929
3,31,-0.1139919206757253,-0.04456481821520382,0.05252172848573877
3,32,-0.11373485126698495,-0.04456481821520382,0.05236259028032807
3,33,-0.11373485126698495,-0.04456481821520382,0.05236259028032807
3,34,-0.11391847227322807,-0.04454645611457951,0.052393193781368586
3,35,-0.1136920063655282,-0.04460766311666055,0.05261965968906843
3,36,-0.1136920063655282,-0.04460766311666055,0.05261965968906843
3,37,-0.11386338597135512,-0.04433223160729587,0.05250948708532256
3,38,-0.1138021789692741,-0.04450361121312278,0.05266862529073326
3,39,-0.1138266617701065,-0.04461990451707675,0.052331986779287555
3,40,-0.1138266617701065,-0.04461990451707675,0.052331986779287555
3,41,-0.11381442036969029,-0.044399559309585016,0.05251560778553066
3,42,-0.11391235157301996,-0.04443628351083364,0.05231974537887134
3,43,-0.11391235157301996,-0.04443628351083364,0.05231974537887134
3,44,-0.11379605826906598,-0.04472395642061452,0.05255845268698739
3,45,-0.1138205410698984,-0.04466274941853348,0.05252172848573877
3,46,-0.1138205410698984,-0.04466274941853348,0.05252172848573877
3,47,-0.11393683437385235,-0.04487697392581712,0.05255845268698739
3,48,-0.11379605826906598,-0.04460766311666055,0.05216672787366875
3,49,-0.11379605826906598,-0.04460766311666055,0.05216672787366875
3,50,-0.11386338597135512,-0.044570938915411924,0.05256457338719549
3,51,-0.11394295507406046,-0.04459542171624434,0.05233810747949565
3,52,-0.1139796792753091,-0.04450973191333089,0.0525829354878198
3,53,-0.1139796792753091,-0.04450973191333089,0.0525829354878198
3,54,-0.11399804137593342,-0.04473619782103073,0.052393193781368586
3,55,-0.1139674378748929,-0.044656628718325375,0.05255845268698739
3,56,-0.1139674378748929,-0.044656628718325375,0.05255845268698739
3,57,-0.1139674378748929,-0.04468111151915779,0.05251560778553066
3,58,-0.11415717958134411,-0.044570938915411924,0.05242379728240911
3,59,-0.11415717958134411,-0.044570938915411924,0.05242379728240911
3,60,-0.11402252417676581,-0.044515852613538985,0.05262578038927653
3,61,-0.11411433467988738,-0.04465050801811728,0.05217284857387685
3,62,-0.11411433467988738,-0.04465050801811728,0.05217284857387685
3,63,-0.11401640347655773,-0.04444852491124985,0.052680866691149464
3,64,-0.1139674378748929,-0.04439343860937691,0.05248500428449014
3,65,-0.11388786877218753,-0.04483412902436039,0.05272983229281429
3,66,-0.11388786877218753,-0.04483412902436039,0.05272983229281429
3,67,-0.1139796792753091,-0.04447300771208226,0.05264414248990085
3,68,-0.11402864487697392,-0.04449136981270657,0.05236259028032807
3,69,-0.11402864487697392,-0.04449136981270657,0.05236259028032807
3,70,-0.11389398947239564,-0.044442404211041744,0.05249112498469825
3,71,-0.11379605826906598,-0.0445403354143714,0.05238095238095238
3,72,-0.11379605826906598,-0.0445403354143714,0.05238095238095238
3,73,-0.1136614028644877,-0.04477292202227935,0.05246052148365773
3,74,-0.11387562737177133,-0.04459542171624434,0.052448280083241525
3,75,-0.11387562737177133,-0.04459542171624434,0.052448280083241525
3,76,-0.11395519647447667,-0.04481576692373608,0.05244215938303341
3,77,-0.11380829966948218,-0.044417921410209324,0.052448280083241525
3,78,-0.11397355857510098,-0.04435059370792019,0.05236871098053617
3,79,-0.11397355857510098,-0.04435059370792019,0.05236871098053617
3,80,-0.11401028277634961,-0.04430774880646346,0.05266250459052516
3,81,-0.113857265271147,-0.044699473619782104,0.052417676582201
3,82,-0.113857265271147,-0.044699473619782104,0.052417676582201
3,83,-0.11399804137593342,-0.04463214591749296,0.05234422817970376
3,84,-0.11378993756885787,-0.04467499081894969,0.05246664218386583
3,85,-0.11378993756885787,-0.04467499081894969,0.05246664218386583
3,86,-0.11398579997551721,-0.04465050801811728,0.05262578038927653
3,87,-0.11387562737177133,-0.04461990451707675,0.05245440078344963
3,88,-0.11387562737177133,-0.04461990451707675,0.05245440078344963
3,89,-0.11374097196719304,-0.04456481821520382,0.052576814787611705
3,90,-0.11385114457093892,-0.04448524911249847,0.052540090586363074
3,91,-0.11385114457093892,-0.04458318031582813,0.0522462969763741
3,92,-0.11378993756885787,-0.04458318031582813,0.0522462969763741
3,93,-0.11377769616844166,-0.04466274941853348,0.05255845268698739
3,94,-0.11388174807197944,-0.0443750765087526,0.05250336638511446
3,95,-0.11388174807197944,-0.0443750765087526,0.05250336638511446
3,96,-0.11388786877218753,-0.044699473619782104,0.05252784918594687
3,97,-0.1136552821642796,-0.0445342147141633,0.05230750397845514
3,98,-0.1136552821642796,-0.0445342147141633,0.05230750397845514
3,99,-0.11406536907822255,-0.04461990451707675,0.05236871098053617
