values,,Magnetometer,Magnetometer,Magnetometer
axis,,x,y,z
Sensor,Sample,,,
0,0,0.051768882360142,0.07797159995103439,0.01310441914555025
0,1,0.051768882360142,0.07797159995103439,0.01310441914555025
0,2,0.05156689925327458,0.07808177255478027,0.012773901334312646
0,3,0.051695433957644754,0.07792263434936957,0.013288040151793365
0,4,0.051695433957644754,0.07792263434936957,0.013288040151793365
0,5,0.05157301995348268,0.07788591014812093,0.013337005753458194
0,6,0.05156077855306647,0.0779777206512425,0.013049332843677316
0,7,0.05163422695556371,0.07799608275186681,0.012951401640347656
0,8,0.05163422695556371,0.07799608275186681,0.012951401640347656
0,9,0.05174439955930958,0.07775125474354266,0.012982005141388175
0,10,0.0514567266495287,0.07790427224874526,0.012724935732647815
0,11,0.0514567266495287,0.07790427224874526,0.012724935732647815
0,12,0.05167095115681234,0.07780022034520749,0.013171746847839394
0,13,0.051493450850777334,0.07794099644999389,0.013061574244093524
0,14,0.051493450850777334,0.07794099644999389,0.013061574244093524
0,15,0.05170155465785285,0.07798384135145062,0.013116660545966458
0,16,0.051511812951401635,0.07786142734728853,0.013030970743053006
0,17,0.051511812951401635,0.07786142734728853,0.013030970743053006
0,18,0.051548537152650266,0.0778124617456237,0.01252295262578039
0,19,0.05148120945036112,0.07803892765332354,0.013116660545966458
0,20,0.05148120945036112,0.07803892765332354,0.013116660545966458
0,21,0.05149957155098543,0.07791651364916147,0.013251315950544743
0,22,0.051695433957644754,0.07767780634104542,0.012865711837434202
0,23,0.051695433957644754,0.07767780634104542,0.012865711837434202
0,24,0.05164646835597993,0.07783082384624801,0.012945280940139553
0,25,0.05158526135389888,0.07786754804749664,0.013049332843677316
0,26,0.05158526135389888,0.07786754804749664,0.013049332843677316
0,27,0.05146284734973681,0.07802056555269923,0.01289631533847472
0,28,0.05159750275431509,0.07798996205165871,0.012731056432855919
0,29,0.051621985555147507,0.07804504835353164,0.013049332843677316
0,30,0.051621985555147507,0.07804504835353164,0.013049332843677316
0,31,0.05158526135389888,0.07800832415228302,0.012620883829110049
0,32,0.051652589056188025,0.07787366874770474,0.013073815644509731
0,33,0.051652589056188025,0.07787366874770474,0.013073815644509731
0,34,0.051493450850777334,0.07775737544375076,0.012975884441180072
0,35,0.0516036234545232,0.07791039294895336,0.01289631533847472
0,36,0.0516036234545232,0.07791039294895336,0.01289631533847472
0,37,0.051371036846615245,0.0779654792508263,0.013000367242012487
0,38,0.05157301995348268,0.0779654792508263,0.013208471049088016
0,39,0.05157301995348268,0.0779654792508263,0.013208471049088016
0,40,0.05143224384869629,0.07795323785041008,0.013226833149712328
0,41,0.051493450850777334,0.07791039294895336,0.013220712449504225
0,42,0.051493450850777334,0.07791039294895336,0.013220712449504225
0,43,0.051511812951401635,0.07778185824458318,0.01244338352307504
0,44,0.051732158158893385,0.07792263434936957,0.01278002203452075
0,45,0.051732158158893385,0.07792263434936957,0.01278002203452075
0,46,0.05148120945036112,0.0778124617456237,0.012773901334312646
0,47,0.051591382054106995,0.07806341045415596,0.012620883829110049
0,48,0.051591382054106995,0.07794099644999389,0.01291467743909903
0,49,0.051591382054106995,0.07794099644999389,0.01291467743909903
0,50,0.051609744154731296,0.07807565185457216,0.01291467743909903
0,51,0.05159750275431509,0.07809401395519647,0.01278002203452075
0,52,0.05159750275431509,0.07809401395519647,0.01278002203452075
0,53,0.05147508875015302,0.07782470314603991,0.012431142122658832
0,54,0.051438364548904394,0.07791039294895336,0.012608642428693842
0,55,0.051438364548904394,0.07791039294895336,0.012608642428693842
0,56,0.05144448524911251,0.07792875504957766,0.013037091443261109
0,57,0.05151793365160975,0.07787978944791284,0.012627004529318153
0,58,0.05151793365160975,0.07787978944791284,0.012627004529318153
0,59,0.05152405435181785,0.07805728975394785,0.01300648794222059
0,60,0.051591382054106995,0.07797159995103439,0.012810625535561268
0,61,0.051591382054106995,0.07797159995103439,0.012810625535561268
0,62,0.05157914065369078,0.07806953115436406,0.012761659933896437
0,63,0.05150569225119354,0.07761047863875628,0.012994246541804384
0,64,0.05150569225119354,0.07761047863875628,0.012994246541804384
0,65,0.051695433957644754,0.0776716856408373,0.012296486718080549
0,66,0.05167095115681234,0.07810013465540458,0.012737177133064024
0,67,0.05167095115681234,0.07810013465540458,0.012737177133064024
0,68,0.05126086424286939,0.07817358305790181,0.012804504835353165
0,69,0.05156077855306647,0.07805728975394785,0.01284734973680989
0,70,0.05156077855306647,0.07795323785041008,0.012320969518912964
0,71,0.05158526135389888,0.07795323785041008,0.012320969518912964
0,72,0.05153629575223405,0.07779409964499939,0.01268209083119109
0,73,0.05157301995348268,0.07792263434936957,0.01246174562369935
0,74,0.05157301995348268,0.07792263434936957,0.01246174562369935
0,75,0.05165870975639612,0.07806953115436406,0.012369935120577793
0,76,0.0517627616599339,0.07768392704125351,0.01278002203452075
0,77,0.0517627616599339,0.07768392704125351,0.01278002203452075
0,78,0.05151793365160975,0.07802056555269923,0.012988125841596278
0,79,0.05158526135389888,0.07773901334312645,0.012761659933896437
0,80,0.05158526135389888,0.07773901334312645,0.012761659933896437
0,81,0.05184845146284735,0.07799608275186681,0.01266984943077488
0,82,0.05178724446076631,0.07791651364916147,0.013037091443261109
0,83,0.05178724446076631,0.07791651364916147,0.013037091443261109
0,84,0.051548537152650266,0.07783694454645611,0.012473987024115559
0,85,0.051554657852858364,0.07803892765332354,0.012975884441180072
0,86,0.051554657852858364,0.07803892765332354,0.012975884441180072
0,87,0.05156689925327458,0.07792875504957766,0.012902436038682824
0,88,0.051652589056188025,0.07803892765332354,0.013018729342636797
0,89,0.051652589056188025,0.07803892765332354,0.013018729342636797
0,90,0.0512914677439099,0.07792263434936957,0.012473987024115559
0,91,0.05154241645244216,0.07789815154853716,0.013024850042844902
0,92,0.05122414004162076,0.07784306524666422,0.01282898763618558
0,93,0.05122414004162076,0.07784306524666422,0.01282898763618558
0,94,0.05167707185702044,0.07765332354021301,0.012553556126820908
0,95,0.05174439955930958,0.07790427224874526,0.013257436650752847
0,96,0.05174439955930958,0.07790427224874526,0.013257436650752847
0,97,0.05148733015056922,0.07781858244583181,0.012908556738890927
0,98,0.05133431264536663,0.07797159995103439,0.013116660545966458
0,99,0.05133431264536663,0.07797159995103439,0.013116660545966458
1,0,-0.06374709266740115,0.08059125964010283,0.023901334312645368
1,1,-0.06366752356469581,0.08043824213490022,0.024158403721385727
1,2,-0.06366752356469581,0.08043824213490022,0.024158403721385727
1,3,-0.06372873056677683,0.08057901823968662,0.023479005998286204
1,4,-0.06386950667156323,0.08066470804260008,0.023754437507650876
1,5,-0.06364304076386339,0.08057289753947852,0.02387685151181295
1,6,-0.06364304076386339,0.08057289753947852,0.02387685151181295
1,7,-0.0636858856653201,0.0806953115436406,0.023503488799118618
1,8,-0.0636614028644877,0.08085444974905129,0.0233137470926674
1,9,-0.0636614028644877,0.08085444974905129,0.0233137470926674
1,10,-0.06364916146407149,0.08073203574488921,0.023858489411188642
1,11,-0.06377769616844167,0.08089729465050802,0.02384012731056433
1,12,-0.06377769616844167,0.08089729465050802,0.02384012731056433
1,13,-0.06380829966948219,0.08034031093157057,0.02305667768392704
1,14,-0.0634900232586608,0.0808850532500918,0.023791161708899496
1,15,-0.0634900232586608,0.0808850532500918,0.023791161708899496
1,16,-0.0636552821642796,0.08075651854572163,0.023644264903905008
1,17,-0.0636736442649039,0.08042600073448403,0.024017627616599337
1,18,-0.06363692006365528,0.0803770351328192,0.023901334312645368
1,19,-0.06363692006365528,0.0803770351328192,0.023901334312645368
1,20,-0.06370424776594442,0.08063410454155956,0.02365038560411311
1,21,-0.06393683437385236,0.08059125964010283,0.02410331741951279
1,22,-0.06393683437385236,0.08059125964010283,0.02410331741951279
1,23,-0.06363079936344718,0.0803709144326111,0.023717713306402252
1,24,-0.06376545476802546,0.08053005263802179,0.023993144815766924
1,25,-0.06376545476802546,0.08053005263802179,0.023993144815766924
1,26,-0.06372260986656873,0.08084832904884319,0.023846248010772432
1,27,-0.06352062675970131,0.08079936344717835,0.02392581711347778
1,28,-0.06352062675970131,0.08079936344717835,0.02392581711347778
1,29,-0.06356347166115803,0.0803831558330273,0.023674868404945527
1,30,-0.06373485126698494,0.08081160484759456,0.023999265515975025
1,31,-0.06369812706573633,0.08057289753947852,0.02339331619537275
1,32,-0.06369812706573633,0.08057289753947852,0.02339331619537275
1,33,-0.06362467866323908,0.08050556983718937,0.02300771208226221
1,34,-0.06353286816011752,0.08045048353531645,0.023607540702656384
1,35,-0.06353286816011752,0.08045048353531645,0.023607540702656384
1,36,-0.0636552821642796,0.08040763863385972,0.02400538621618313
1,37,-0.06363079936344718,0.08046272493573264,0.023968662014934507
1,38,-0.06363079936344718,0.08046272493573264,0.023968662014934507
1,39,-0.06386950667156323,0.08073815644509733,0.02412780022034521
1,40,-0.0635145060594932,0.08046272493573264,0.023527971599951035
1,41,-0.0635145060594932,0.08046272493573264,0.023527971599951035
1,42,-0.06372260986656873,0.08048720773656506,0.023717713306402252
1,43,-0.06361855796303098,0.08041988003427593,0.02357081650140776
1,44,-0.06371648916636063,0.08057901823968662,0.02295874648059738
1,45,-0.06371648916636063,0.08057901823968662,0.02295874648059738
1,46,-0.06373485126698494,0.080542294038438,0.02372995470681846
1,47,-0.06374709266740115,0.0803831558330273,0.02369935120577794
1,48,-0.06374709266740115,0.0803831558330273,0.02369935120577794
1,49,-0.06364304076386339,0.08056677683927041,0.02337495409474844
1,50,-0.06360019586240666,0.0807259150446811,0.023766678908067083
1,51,-0.06360019586240666,0.0807259150446811,0.023766678908067083
1,52,-0.06361855796303098,0.08081772554780267,0.023534092300159137
1,53,-0.06360631656261476,0.08059125964010283,0.02410331741951279
1,54,-0.06360631656261476,0.08059125964010283,0.02410331741951279
1,55,-0.06399804137593341,0.08063410454155956,0.02369323050556984
1,56,-0.06369200636552821,0.08068307014322439,0.024207369323050558
1,57,-0.06341045415595545,0.08059125964010283,0.02387073081160485
1,58,-0.06341045415595545,0.08059125964010283,0.02387073081160485
1,59,-0.06374709266740115,0.08064022524176766,0.023625902803280696
1,60,-0.0636736442649039,0.08077488064634594,0.022885298078100136
1,61,-0.0636736442649039,0.08077488064634594,0.022885298078100136
1,62,-0.0636736442649039,0.0807136736442649,0.023013832782470316
1,63,-0.06399804137593341,0.0803709144326111,0.02335659199412413
1,64,-0.06399804137593341,0.0803709144326111,0.02335659199412413
1,65,-0.06360631656261476,0.08046272493573264,0.02329538499204309
1,66,-0.06364916146407149,0.08051781123760558,0.02324641939037826
1,67,-0.06364916146407149,0.08051781123760558,0.02344228179703758
1,68,-0.06372873056677683,0.08066470804260008,0.02344228179703758
1,69,-0.06373485126698494,0.0805545354388542,0.02324641939037826
1,70,-0.06366752356469581,0.08073203574488921,0.023381074794956543
1,71,-0.06366752356469581,0.08073203574488921,0.023381074794956543
1,72,-0.0636552821642796,0.08059738034031093,0.023895213612437263
1,73,-0.0636552821642796,0.0803770351328192,0.023289264291834984
1,74,-0.0636552821642796,0.0803770351328192,0.023289264291834984
1,75,-0.06384502387073081,0.080542294038438,0.023687109805361733
1,76,-0.06366752356469581,0.08063410454155956,0.02368098910515363
1,77,-0.06366752356469581,0.08063410454155956,0.02368098910515363
1,78,-0.06366752356469581,0.0807259150446811,0.023999265515975025
1,79,-0.06374097196719306,0.08048108703635695,0.024219610723466765
1,80,-0.06374097196719306,0.08048108703635695,0.024219610723466765
1,81,-0.06389398947239563,0.08030358673032195,0.023638144203696903
1,82,-0.0635083853592851,0.08035867303219488,0.023895213612437263
1,83,-0.06353898886032562,0.08068919084343248,0.023834006610356225
1,84,-0.06353898886032562,0.08068919084343248,0.023834006610356225
1,85,-0.06369200636552821,0.0804015179336516,0.023736075407026564
1,86,-0.06358183376178235,0.08045048353531645,0.02409719671930469
1,87,-0.06358183376178235,0.08045048353531645,0.02409719671930469
1,88,-0.06339209205533113,0.08065246664218387,0.02417676582201004
1,89,-0.06355735096094993,0.0803831558330273,0.023503488799118618
1,90,-0.06355735096094993,0.0803831558330273,0.023503488799118618
1,91,-0.06381442036969029,0.08034031093157057,0.023595299302240177
1,92,-0.06354510956053373,0.0807136736442649,0.023417798996205167
1,93,-0.06354510956053373,0.08049944913698127,0.0234728852980781
1,94,-0.06377157546823356,0.08049944913698127,0.0234728852980781
1,95,-0.06361855796303098,0.08053005263802179,0.02324641939037826
1,96,-0.06361855796303098,0.08029746603011384,0.02412780022034521
1,97,-0.06361855796303098,0.08029746603011384,0.02412780022034521
1,98,-0.0638205410698984,0.0807136736442649,0.02403598971722365
1,99,-0.06371036846615252,0.08030970743053005,0.02352185089974293
2,0,0.09603990696535683,-0.08303953972334435,0.05962786142734729
2,1,0.09589301016036235,-0.08308850532500918,0.05959113722609867
2,2,0.09588076875994614,-0.08319255722854695,0.05892398090341535
2,3,0.09578895825682458,-0.0831191088260497,0.06008691394295508
2,4,0.09578895825682458,-0.0831191088260497,0.06008691394295508
2,5,0.09587464805973803,-0.08291712571918228,0.05984820663483903
2,6,0.095990941363692,-0.08305790182396866,0.059915534337128165
2,7,0.095990941363692,-0.08305790182396866,0.059915534337128165
2,8,0.09610723466764598,-0.08321704002937937,0.05995225853837679
2,9,0.0961623209695189,-0.0829477292202228,0.060074672542538864
2,10,0.0961623209695189,-0.0829477292202228,0.060074672542538864
2,11,0.09592361366140287,-0.08282531521606071,0.05987268943567144
2,12,0.09597869996327581,-0.08285591871710124,0.05977475823234178
2,13,0.09597869996327581,-0.08285591871710124,0.05977475823234178
2,14,0.09616844166972702,-0.08309462602521729,0.059217774513404334
2,15,0.09606438976618925,-0.08284367731668503,0.05911984331007467
2,16,0.09606438976618925,-0.08299669482188762,0.05998286203941731
2,17,0.0959664585628596,-0.08299669482188762,0.05998286203941731
2,18,0.09624801077243236,-0.08289264291834986,0.05984820663483903
2,19,0.09593585506181908,-0.08321704002937937,0.05992165503733628
2,20,0.09593585506181908,-0.08321704002937937,0.05992165503733628
2,21,0.09580732035744889,-0.08319867792875504,0.05976863753213367
2,22,0.09604602766556494,-0.08298445342147141,0.059676827029012114
2,23,0.09604602766556494,-0.08298445342147141,0.059676827029012114
2,24,0.09596033786265148,-0.08287428081772555,0.05976251683192557
2,25,0.09597869996327581,-0.08283755661647693,0.0596523442281797
2,26,0.09597869996327581,-0.08283755661647693,0.0596523442281797
2,27,0.0958256824580732,-0.08300281552209574,0.05910760190965847
2,28,0.09589913086057045,-0.08284979801689313,0.05941363692006365
2,29,0.09589913086057045,-0.08284979801689313,0.05941363692006365
2,30,0.09584404455869752,-0.08304566042355246,0.058158893377402376
2,31,0.09577059615620027,-0.083137470926674,0.05847104908801567
2,32,0.09609499326722977,-0.08290488431876607,0.05859958379238585
2,33,0.09609499326722977,-0.08290488431876607,0.05859958379238585
2,34,0.09607663116660546,-0.08312522952625781,0.059744154731301256
2,35,0.09589301016036235,-0.08298445342147141,0.0593218264169421
2,36,0.09589301016036235,-0.08298445342147141,0.0593218264169421
2,37,0.09609499326722977,-0.08308238462480108,0.059829844534214714
2,38,0.095813441057657,-0.08294160852001468,0.05983596523442282
2,39,0.095813441057657,-0.08294160852001468,0.05983596523442282
2,40,0.09589913086057045,-0.08286816011751744,0.05955441302485004
2,41,0.09591137226098666,-0.08317419512792264,0.060025706940874037
2,42,0.09591137226098666,-0.08317419512792264,0.060025706940874037
2,43,0.09583792385848941,-0.0829477292202228,0.06001958624066593
2,44,0.09570938915411922,-0.083137470926674,0.05845880768759946
2,45,0.0958195617578651,-0.08275186681356347,0.059689068429428324
2,46,0.0958195617578651,-0.08275186681356347,0.059689068429428324
2,47,0.09591137226098666,-0.08286816011751744,0.059786999632757985
2,48,0.09584404455869752,-0.08308238462480108,0.057381564450973185
2,49,0.09584404455869752,-0.08308238462480108,0.057381564450973185
2,50,0.0958256824580732,-0.08323540213000367,0.059187171012363815
2,51,0.095813441057657,-0.08334557473374954,0.05905251560778553
2,52,0.095813441057657,-0.08334557473374954,0.05905251560778553
2,53,0.09572775125474355,-0.08330885053250092,0.05990329293671196
2,54,0.09615620026931081,-0.08312522952625781,0.059756396131717474
2,55,0.09615620026931081,-0.08312522952625781,0.059756396131717474
2,56,0.0958256824580732,-0.08302729832292814,0.05986044803525523
2,57,0.09602154486473252,-0.08297221202105522,0.05975027543150937
2,58,0.09602154486473252,-0.08297221202105522,0.05975027543150937
2,59,0.0961317174684784,-0.08272126331252296,0.05999510343983352
2,60,0.09604602766556494,-0.08292324641939038,0.059713551230260745
2,61,0.09608275186681356,-0.08303341902313624,0.05986656873546333
2,62,0.09608275186681356,-0.08303341902313624,0.05986656873546333
2,63,0.09588688946015425,-0.08302117762272004,0.05970743053005264
2,64,0.09558085444974905,-0.08321091932917127,0.05913820541069899
2,65,0.09558085444974905,-0.08321091932917127,0.05913820541069899
2,66,0.09570326845391113,-0.08277634961439588,0.05919329171257191
2,67,0.0958256824580732,-0.08297833272126331,0.05990941363692006
2,68,0.0958256824580732,-0.08297833272126331,0.05990941363692006
2,69,0.09591137226098666,-0.08308238462480108,0.05990329293671196
2,70,0.09592973436161097,-0.08292324641939038,0.06000122414004162
2,71,0.09592973436161097,-0.08292324641939038,0.06000122414004162
2,72,0.09587464805973803,-0.08325376423062798,0.05969518912963643
2,73,0.09594197576202718,-0.08283143591626882,0.058746480597380336
2,74,0.09607663116660546,-0.08320479862896316,0.06011751744399559
2,75,0.09607663116660546,-0.08320479862896316,0.06011751744399559
2,76,0.0959725792630677,-0.08322316072958746,0.05847104908801567
2,77,0.09617456236993513,-0.08313135022646591,0.05817113477781858
2,78,0.09617456236993513,-0.08313135022646591,0.05817113477781858
2,79,0.09600318276410821,-0.08270902191210674,0.05846492838780757
2,80,0.09606438976618925,-0.08308238462480108,0.059713551230260745
2,81,0.09606438976618925,-0.08308238462480108,0.059713551230260745
2,82,0.09560533725058147,-0.08302729832292814,0.05998286203941731
2,83,0.0959848206634839,-0.08288040151793366,0.05979312033296609
2,84,0.0959848206634839,-0.08288040151793366,0.05979312033296609
2,85,0.09589301016036235,-0.08305178112376056,0.05905251560778553
2,86,0.09610111396743788,-0.08297833272126331,0.05861794589301016
2,87,0.09610111396743788,-0.08297833272126331,0.05861794589301016
2,88,0.0956665442526625,-0.08293548781980659,0.05987881013587955
2,89,0.09594809646223527,-0.08291712571918228,0.05844044558697516
2,90,0.0959848206634839,-0.08277634961439588,0.05768147876117028
2,91,0.0959848206634839,-0.08277634961439588,0.05768147876117028
2,92,0.09608275186681356,-0.08297833272126331,0.06008691394295508
2,93,0.0956481821520382,-0.08255600440690415,0.058507773289264285
2,94,0.0956481821520382,-0.08255600440690415,0.058507773289264285
2,95,0.09603378626514873,-0.08281307381564451,0.059725792630676955
2,96,0.09591137226098666,-0.08341902313624679,0.059529930224017626
2,97,0.09591137226098666,-0.08341902313624679,0.059529930224017626
2,98,0.09587464805973803,-0.08283143591626882,0.05923613661402864
2,99,0.09607051046639735,-0.08294160852001468,0.058801566899253276
3,0,-0.08966825804872078,-0.053519402619659685,0.031637899375688575
3,1,-0.08953360264414248,-0.05360509242257314,0.03180315828130738
3,2,-0.0897172236503856,-0.053537764720284,0.03188272738401273
3,3,-0.0897172236503856,-0.053537764720284,0.03188272738401273
3,4,-0.08964989594809646,-0.05359285102215694,0.032158158893377406
3,5,-0.08969274084955318,-0.05337862651487331,0.03180927898151549
3,6,-0.08969274084955318,-0.05337862651487331,0.03180927898151549
3,7,-0.08974170645121801,-0.0536969029256947,0.03202350348879912
3,8,-0.08989472395642062,-0.05361733382298935,0.03179703758109928
3,9,-0.08989472395642062,-0.05361733382298935,0.03179703758109928
3,10,-0.08980291345329906,-0.05359897172236504,0.031821520381931694
3,11,-0.08967437874892888,-0.05344595421716244,0.03180315828130738
3,12,-0.08967437874892888,-0.05344595421716244,0.03180315828130738
3,13,-0.08967437874892888,-0.05343983351695434,0.03179703758109928
3,14,-0.08977230995225853,-0.053562247521116414,0.031778675480474965
3,15,-0.08966213734851267,-0.05334190231362468,0.031888848084220836
3,16,-0.08966213734851267,-0.05334190231362468,0.031888848084220836
3,17,-0.08960093034643163,-0.05335414371404089,0.031839882482556
3,18,-0.08998041375933406,-0.053813196229648676,0.031876606683804626
3,19,-0.08998041375933406,-0.053813196229648676,0.031876606683804626
3,20,-0.08937446443873179,-0.05382543763006488,0.03191333088505325
3,21,-0.08973558575100991,-0.0536969029256947,0.03192557228546945
3,22,-0.08973558575100991,-0.0536969029256947,0.03192557228546945
3,23,-0.0897233443505937,-0.05344595421716244,0.03195005508630187
3,24,-0.08965601664830457,-0.05372750642673522,0.031907210184845144
3,25,-0.08965601664830457,-0.05372750642673522,0.031907210184845144
3,26,-0.08976618925205043,-0.0533725058146652,0.03195005508630187
3,27,-0.08968662014934509,-0.053776472028400045,0.031772554780266866
3,28,-0.08975394785163424,-0.05347655771820296,0.031907210184845144
3,29,-0.08975394785163424,-0.05347655771820296,0.031907210184845144
3,30,-0.08952136124372628,-0.05391112743297834,0.031821520381931694
3,31,-0.08975394785163424,-0.053537764720284,0.03194393438609377
3,32,-0.08975394785163424,-0.053537764720284,0.03194393438609377
3,33,-0.08975394785163424,-0.05355612682090831,0.03180927898151549
3,34,-0.08980903415350716,-0.05335414371404089,0.03185824458318032
3,35,-0.08980903415350716,-0.05335414371404089,0.03185824458318032
3,36,-0.0897172236503856,-0.05380707552944057,0.031778675480474965
3,37,-0.08957032684539111,-0.05332354021300036,0.03195005508630187
3,38,-0.08957032684539111,-0.05332354021300036,0.03174195127922634
3,39,-0.08964377524788836,-0.053421471416330024,0.03174195127922634
3,40,-0.08956420614518301,-0.053568368221324526,0.03171134777818582
3,41,-0.08968662014934509,-0.053421471416330024,0.03175419267964255
3,42,-0.08968662014934509,-0.053421471416330024,0.03175419267964255
3,43,-0.08989472395642062,-0.05361121312278124,0.03160729587464806
3,44,-0.08986412045538009,-0.053568368221324526,0.03180927898151549
3,45,-0.08986412045538009,-0.053568368221324526,0.03180927898151549
3,46,-0.0897233443505937,-0.053421471416330024,0.03160117517443996
3,47,-0.08968049944913699,-0.053415350716121926,0.031839882482556
3,48,-0.08968049944913699,-0.053415350716121926,0.031839882482556
3,49,-0.08950299914310197,-0.05368466152527849,0.03172970987881014
3,50,-0.0898702411555882,-0.05366629942465419,0.03187048598359653
3,51,-0.0898702411555882,-0.05359897172236504,0.03191333088505325
3,52,-0.08968049944913699,-0.05359897172236504,0.03191333088505325
3,53,-0.09005998286203942,-0.053415350716121926,0.031637899375688575
3,54,-0.08976618925205043,-0.053715265026319015,0.031876606683804626
3,55,-0.08976618925205043,-0.053715265026319015,0.031876606683804626
3,56,-0.08972946505080182,-0.05355612682090831,0.03206634839025584
3,57,-0.08936834373852369,-0.05376423062798384,0.031821520381931694
3,58,-0.08936834373852369,-0.05376423062798384,0.031821520381931694
3,59,-0.08957032684539111,-0.0535255233198678,0.03184600318276411
3,60,-0.08996817235891787,-0.053703023625902804,0.03224384869629086
3,61,-0.08996817235891787,-0.053703023625902804,0.03224384869629086
3,62,-0.08977843065246664,-0.053519402619659685,0.03185212388297221
3,63,-0.08947851634226955,-0.05333578161341658,0.0318276410821398
3,64,-0.08947851634226955,-0.05333578161341658,0.031650140776104785
3,65,-0.08968662014934509,-0.05378871342881626,0.031650140776104785
3,66,-0.08985187905496389,-0.0537091443261109,0.031735830579018236
3,67,-0.08947851634226955,-0.053176643408005875,0.03185212388297221
3,68,-0.08947851634226955,-0.053176643408005875,0.03185212388297221
3,69,-0.08953972334435059,-0.053427592116538136,0.031864365283388416
3,70,-0.08958868894601543,-0.05355612682090831,0.03180927898151549
3,71,-0.08958868894601543,-0.05355612682090831,0.03180927898151549
3,72,-0.08985799975517199,-0.053433712816746234,0.03195617578650998
3,73,-0.08958256824580732,-0.05340310931570572,0.031919451585261355
3,74,-0.08958256824580732,-0.05340310931570572,0.031919451585261355
3,75,-0.08974170645121801,-0.05339698861549761,0.032005141388174806
3,76,-0.08980291345329906,-0.05334190231362468,0.031631778675480476
3,77,-0.08980291345329906,-0.05334190231362468,0.0319928999877586
3,78,-0.08960705104663974,-0.05343983351695434,0.0319928999877586
3,79,-0.08980291345329906,-0.05331129881258416,0.03193781368588566
3,80,-0.08971110295017751,-0.05348879911861917,0.031533847472150815
3,81,-0.08971110295017751,-0.05348879911861917,0.031533847472150815
3,82,-0.08963153384747216,-0.05334802301383278,0.03157057167339944
3,83,-0.08966213734851267,-0.053562247521116414,0.03209083119108826
3,84,-0.08966213734851267,-0.053562247521116414,0.03209083119108826
3,85,-0.08968662014934509,-0.05361121312278124,0.03188272738401273
3,86,-0.08964989594809646,-0.05349491981882727,0.031637899375688575
3,87,-0.08964989594809646,-0.05349491981882727,0.031637899375688575
3,88,-0.08974170645121801,-0.05359897172236504,0.03191333088505325
3,89,-0.08995593095850166,-0.05373974782715143,0.032017382788591016
3,90,-0.08995593095850166,-0.05373974782715143,0.03185212388297221
3,91,-0.08980903415350716,-0.05374586852735953,0.03185212388297221
3,92,-0.08959480964622353,-0.05374586852735953,0.03196841718692618
3,93,-0.0894111886399804,-0.0536969029256947,0.031735830579018236
3,94,-0.0894111886399804,-0.0536969029256947,0.031735830579018236
3,95,-0.0897049822499694,-0.05333578161341658,0.031833761782347904
3,96,-0.08983351695433958,-0.053433712816746234,0.031876606683804626
3,97,-0.08983351695433958,-0.053433712816746234,0.031876606683804626
3,98,-0.08950911984331007,-0.053574488921532624,0.03157057167339944
3,99,-0.0895580854449749,-0.05361733382298935,0.03188272738401273
