values,,Magnetometer,Magnetometer,Magnetometer
axis,,x,y,z
Sensor,Sample,,,
0,0,0.09210429673154609,0.0979250826294528,0.03709756396131718
0,1,0.09210429673154609,0.0979250826294528,0.03709756396131718
0,2,0.09196352062675969,0.09789447912841229,0.03701187415840372
0,3,0.09222059003550007,0.09754559921655037,0.03693842575590647
0,4,0.09222059003550007,0.09754559921655037,0.03693842575590647
0,5,0.09178602032072469,0.09761292691883952,0.03781368588566532
0,6,0.091804382421349,0.09795568613049332,0.03720161586485494
0,7,0.091804382421349,0.09795568613049332,0.037874892887746356
0,8,0.09193291712571919,0.09780266862529073,0.037874892887746356
0,9,0.09190231362467867,0.09794344473007713,0.03781368588566532
0,10,0.0922695556371649,0.09780266862529073,0.037293426367976494
0,11,0.0922695556371649,0.09780266862529073,0.037293426367976494
0,12,0.09206757253029747,0.09755171991675847,0.038034031093157054
0,13,0.09181662382176521,0.09780266862529073,0.037660668380462725
0,14,0.09181662382176521,0.09780266862529073,0.037660668380462725
0,15,0.09204921042967315,0.09786387562737177,0.037574978577549274
0,16,0.09225119353654057,0.0977353409230016,0.03733627126943322
0,17,0.09225119353654057,0.0977353409230016,0.03733627126943322
0,18,0.09205533112988126,0.09788835842820419,0.037275064267352186
0,19,0.0919512792263435,0.09795568613049332,0.03733015056922512
0,20,0.0919512792263435,0.09795568613049332,0.03733015056922512
0,21,0.09183498592238952,0.09777206512425021,0.03735463337005753
0,22,0.09191455502509487,0.09798628963153386,0.037630064879422206
0,23,0.09191455502509487,0.09798628963153386,0.037630064879422206
0,24,0.09198188272738402,0.09787611702778798,0.036877218753825436
0,25,0.09224507283633247,0.09800465173215815,0.036681356347166114
0,26,0.09224507283633247,0.09800465173215815,0.036681356347166114
0,27,0.09189619292447056,0.09763128901946383,0.037421961072346674
0,28,0.09209205533112988,0.09777206512425021,0.03677316685028768
0,29,0.09209205533112988,0.09777206512425021,0.03744032317297098
0,30,0.09198800342759211,0.0980781001346554,0.03744032317297098
0,31,0.09187171012363814,0.09801689313257436,0.03758721997796548
0,32,0.09182886522218142,0.09798016893132575,0.037177133064022524
0,33,0.09182886522218142,0.09798016893132575,0.037177133064022524
0,34,0.09185334802301384,0.09801689313257436,0.03749540947484392
0,35,0.09201860692863265,0.09799853103195005,0.03751377157546824
0,36,0.09201860692863265,0.09799853103195005,0.03751377157546824
0,37,0.09182886522218142,0.09796180683070144,0.03685885665320113
0,38,0.09188395152405435,0.09801077243236626,0.037899375688578776
0,39,0.09188395152405435,0.09801077243236626,0.037899375688578776
0,40,0.09178602032072469,0.09745990941363693,0.0376117027787979
0,41,0.09174317541926796,0.09801077243236626,0.03742808177255478
0,42,0.09174317541926796,0.09801077243236626,0.03742808177255478
0,43,0.09203084832904884,0.0977353409230016,0.037164891663606314
0,44,0.09204921042967315,0.09787611702778798,0.03674868404945526
0,45,0.09204921042967315,0.09787611702778798,0.03674868404945526
0,46,0.09170033051781123,0.0977659444240421,0.03712816746235769
0,47,0.09193291712571919,0.09795568613049332,0.037532133676092545
0,48,0.09193291712571919,0.09795568613049332,0.037532133676092545
0,49,0.09192679642551108,0.0977659444240421,0.037801444485249115
0,50,0.09210429673154609,0.09785775492716367,0.03728118496756029
0,51,0.09210429673154609,0.0977537030236259,0.03712204676214959
0,52,0.09200024482800832,0.0977537030236259,0.03712204676214959
0,53,0.09196352062675969,0.09793732402986902,0.03753825437630065
0,54,0.0921226588321704,0.09761292691883952,0.03759946137838169
0,55,0.0921226588321704,0.09761292691883952,0.03759946137838169
0,56,0.09175541681968417,0.0977537030236259,0.037648426980046515
0,57,0.09197576202717592,0.0976006855184233,0.037660668380462725
0,58,0.09197576202717592,0.0976006855184233,0.037660668380462725
0,59,0.09207369323050557,0.09768637532133675,0.03772187538254376
0,60,0.09210429673154609,0.09797404823111763,0.0374586852735953
0,61,0.09210429673154609,0.09797404823111763,0.0374586852735953
0,62,0.09204308972946505,0.09793732402986902,0.03739747827151426
0,63,0.09187171012363814,0.09770473742196108,0.03705471905986045
0,64,0.09187171012363814,0.09770473742196108,0.03705471905986045
0,65,0.09191455502509487,0.0979005998286204,0.03767903048108704
0,66,0.09192067572530296,0.09801077243236626,0.03783204798628963
0,67,0.09192067572530296,0.09801077243236626,0.03783204798628963
0,68,0.09204921042967315,0.09785163422695556,0.0376117027787979
0,69,0.09196352062675969,0.09793732402986902,0.03733015056922512
0,70,0.09196352062675969,0.09793732402986902,0.03733015056922512
0,71,0.0919573999265516,0.09799241033174196,0.03739747827151426
0,72,0.09196352062675969,0.0979250826294528,0.037158770963398216
0,73,0.09209817603133799,0.0977414616232097,0.037562737177133064
0,74,0.09209817603133799,0.0977414616232097,0.037562737177133064
0,75,0.09217162443383523,0.09786999632757988,0.03733627126943322
0,76,0.09207981393071367,0.09783327212633125,0.037574978577549274
0,77,0.09207981393071367,0.09783327212633125,0.037574978577549274
0,78,0.09184722732280573,0.0979005998286204,0.03740971967193047
0,79,0.0921226588321704,0.0977353409230016,0.03739747827151426
0,80,0.0921226588321704,0.0977353409230016,0.03739747827151426
0,81,0.09190231362467867,0.09786999632757988,0.0377830823846248
0,82,0.09214102093279472,0.09798016893132575,0.037874892887746356
0,83,0.09214102093279472,0.09798016893132575,0.037874892887746356
0,84,0.09193291712571919,0.09796792753090953,0.0377830823846248
0,85,0.09182886522218142,0.0977537030236259,0.037942220590035505
0,86,0.09182886522218142,0.0977537030236259,0.037942220590035505
0,87,0.09189007222426246,0.09777206512425021,0.03721997796547925
0,88,0.09185334802301384,0.09772309952258539,0.03769739258171135
0,89,0.09185334802301384,0.09772309952258539,0.03769739258171135
0,90,0.09170645121801935,0.09781491002570694,0.0374525645733872
0,91,0.09173705471905987,0.0977659444240421,0.03750153017505203
0,92,0.09173705471905987,0.0977659444240421,0.03750153017505203
0,93,0.09185334802301384,0.09791284122903661,0.03744032317297098
0,94,0.0921165381319623,0.09782715142612315,0.037391357571306155
0,95,0.09176765822010038,0.0977353409230016,0.03733015056922512
0,96,0.09176765822010038,0.0977353409230016,0.03733015056922512
0,97,0.09193291712571919,0.0977475823234178,0.03689558085444975
0,98,0.09198188272738402,0.0979250826294528,0.03765454768025462
0,99,0.09198188272738402,0.0979250826294528,0.03765454768025462
1,0,-0.09568490635328682,0.09088015668992533,0.03648549394050679
1,1,-0.09544007834496267,0.0910086913942955,0.03647937324029869
1,2,-0.09528094013955196,0.09062920798139307,0.03636920063655282
1,3,-0.09528094013955196,0.09062920798139307,0.03636920063655282
1,4,-0.09542783694454646,0.09072713918472272,0.036693597747582324
1,5,-0.09537275064267352,0.09062308728118497,0.03666911494674991
1,6,-0.0954829232464194,0.09031705227077977,0.03654058024237973
1,7,-0.0954829232464194,0.09031705227077977,0.03654058024237973
1,8,-0.09526869873913577,0.090684294283266,0.03616109682947729
1,9,-0.09527481943934386,0.0905251560778553,0.03690170155465785
1,10,-0.09527481943934386,0.0905251560778553,0.03690170155465785
1,11,-0.09536662994246542,0.09043946627494184,0.03638144203696903
1,12,-0.09510343983351696,0.09064144938180928,0.03639980413759334
1,13,-0.09510343983351696,0.09064144938180928,0.03639980413759334
1,14,-0.09544007834496267,0.09047006977598238,0.03677316685028768
1,15,-0.09519525033663852,0.0905190353776472,0.03699351205777941
1,16,-0.09519525033663852,0.0905190353776472,0.03699351205777941
1,17,-0.09525033663851144,0.09075774268576325,0.036662994246541805
1,18,-0.09513404333455747,0.09032929367119599,0.03682825315216061
1,19,-0.09551352674745991,0.09086179458930102,0.03707920186069286
1,20,-0.09551352674745991,0.09086179458930102,0.03707920186069286
1,21,-0.09498102582935489,0.09072713918472272,0.03666911494674991
1,22,-0.09537275064267352,0.09058636307993635,0.03703023625902803
1,23,-0.09537275064267352,0.09058636307993635,0.03703023625902803
1,24,-0.09507895703268454,0.09078834618680377,0.03594075162198555
1,25,-0.0953360264414249,0.0904945525768148,0.03662627004529318
1,26,-0.0953360264414249,0.0904945525768148,0.03662627004529318
1,27,-0.09553800954829232,0.09039050067327702,0.03668747704737422
1,28,-0.09538499204308973,0.0906598114824336,0.03652221814175542
1,29,-0.09538499204308973,0.0906598114824336,0.03652221814175542
1,30,-0.09530542294038438,0.09096584649283877,0.036705839147998534
1,31,-0.09524421593830334,0.09076998408617945,0.03689558085444975
1,32,-0.09544619904517077,0.09048231117639857,0.03699963275798752
1,33,-0.09544619904517077,0.09048231117639857,0.03699963275798752
1,34,-0.09536050924225732,0.09080058758721998,0.03643040763863386
1,35,-0.09525645733871954,0.09032929367119599,0.03701187415840372
1,36,-0.09525645733871954,0.09032929367119599,0.03701187415840372
1,37,-0.09544619904517077,0.09080670828742808,0.03689558085444975
1,38,-0.095342147141633,0.0908311910882605,0.03646101113967438
1,39,-0.095342147141633,0.0908311910882605,0.03646101113967438
1,40,-0.09542783694454646,0.09045170767535807,0.03674256334924715
1,41,-0.09536662994246542,0.09091076019096585,0.03657118374342025
1,42,-0.09536662994246542,0.09091076019096585,0.03657118374342025
1,43,-0.09537275064267352,0.09043334557473375,0.03671195984820663
1,44,-0.09540335414371404,0.0903537764720284,0.03602644142489901
1,45,-0.0956481821520382,0.09053127677806341,0.037177133064022524
1,46,-0.0956481821520382,0.09053127677806341,0.037177133064022524
1,47,-0.09545844044558698,0.0905190353776472,0.03643040763863386
1,48,-0.09530542294038438,0.09062308728118497,0.03680377035132819
1,49,-0.09530542294038438,0.09062308728118497,0.03680377035132819
1,50,-0.09537887134288162,0.09076998408617945,0.03608764842698005
1,51,-0.0953360264414249,0.09053739747827153,0.0371404088627739
1,52,-0.0953360264414249,0.09053739747827153,0.0371404088627739
1,53,-0.0951707675358061,0.09086791528950912,0.036491614640714896
1,54,-0.09530542294038438,0.09046394907577426,0.03719549516464683
1,55,-0.09530542294038438,0.09046394907577426,0.03719549516464683
1,56,-0.09541559554413025,0.09059248378014445,0.036864977353409226
1,57,-0.09541559554413025,0.09039050067327702,0.03574488921532623
1,58,-0.09545844044558698,0.0906598114824336,0.03610601052760436
1,59,-0.09545844044558698,0.0906598114824336,0.03610601052760436
1,60,-0.09531766434080059,0.09062920798139307,0.03608764842698005
1,61,-0.09542783694454646,0.0908311910882605,0.036681356347166114
1,62,-0.09542783694454646,0.0908311910882605,0.036681356347166114
1,63,-0.09518300893622231,0.09051291467743909,0.03673644264903905
1,64,-0.09530542294038438,0.09055575957889582,0.03707920186069286
1,65,-0.09530542294038438,0.09055575957889582,0.03707920186069286
1,66,-0.09532378504100869,0.09084955318888481,0.03725670216672787
1,67,-0.09542171624433834,0.09091688089117395,0.03592851022156935
1,68,-0.09542171624433834,0.09091688089117395,0.03592851022156935
1,69,-0.09555025094870853,0.09080058758721998,0.03710368466152528
1,70,-0.0953360264414249,0.09056800097931203,0.03666911494674991
1,71,-0.09542171624433834,0.09081282898763618,0.03627126943322316
1,72,-0.09542171624433834,0.09081282898763618,0.03627126943322316
1,73,-0.09527481943934386,0.090684294283266,0.03699351205777941
1,74,-0.09534826784184111,0.0905251560778553,0.03661402864487697
1,75,-0.09534826784184111,0.0905251560778553,0.03661402864487697
1,76,-0.09546456114579507,0.0905251560778553,0.036565063043212144
1,77,-0.09537275064267352,0.09087403598971723,0.0363385971355123
1,78,-0.09537275064267352,0.09087403598971723,0.0363385971355123
1,79,-0.0955012853470437,0.09089239809034153,0.036632390745501286
1,80,-0.09532990574121679,0.0908250703880524,0.036889460154241646
1,81,-0.09532990574121679,0.0908250703880524,0.036889460154241646
1,82,-0.09541559554413025,0.09071489778430653,0.037048598359652345
1,83,-0.09546456114579507,0.09062920798139307,0.03651609744154731
1,84,-0.09509119843310074,0.0908250703880524,0.036975149957155104
1,85,-0.09509119843310074,0.0908250703880524,0.036975149957155104
1,86,-0.09540947484392215,0.09086179458930102,0.036705839147998534
1,87,-0.09536050924225732,0.09078222548659567,0.03600195862406659
1,88,-0.09536050924225732,0.09078222548659567,0.03600195862406659
1,89,-0.09543395764475457,0.09088627739013343,0.03668747704737422
1,90,-0.09540947484392215,0.09076998408617945,0.03747092667401151
1,91,-0.09540947484392215,0.09076998408617945,0.03747092667401151
1,92,-0.09543395764475457,0.09037213857265272,0.03661402864487697
1,93,-0.09558085444974905,0.09061084588076876,0.03644264903905007
1,94,-0.09558085444974905,0.09061084588076876,0.03644264903905007
1,95,-0.09502387073081162,0.09078834618680377,0.03573876851511813
1,96,-0.09526869873913577,0.09078222548659567,0.036418166238217656
1,97,-0.0954829232464194,0.09092300159138206,0.03667523564695801
1,98,-0.0954829232464194,0.09092300159138206,0.03667523564695801
1,99,-0.09532990574121679,0.09081894968784429,0.03688333945403354
2,0,0.08224384869629085,-0.0895580854449749,0.028014444852491126
2,1,0.08220712449504222,-0.08986412045538009,0.028865222181417554
2,2,0.08217652099400172,-0.08984575835475579,0.028461255967682703
2,3,0.08217652099400172,-0.08984575835475579,0.028461255967682703
2,4,0.0819745378871343,-0.08967437874892888,0.026557718202962422
2,5,0.08206634839025585,-0.08967437874892888,0.028963153384747215
2,6,0.08206634839025585,-0.08967437874892888,0.028963153384747215
2,7,0.0821704002937936,-0.08977843065246664,0.029048843187660666
2,8,0.08212143469212878,-0.08990696535683682,0.028944791284122907
2,9,0.08234177989962052,-0.08947851634226955,0.028161341657485617
2,10,0.08234177989962052,-0.08947851634226955,0.028161341657485617
2,11,0.08224996939649895,-0.08952748194393438,0.02639245929734362
2,12,0.08205410698983964,-0.08973558575100991,0.027714530542294037
2,13,0.08205410698983964,-0.08973558575100991,0.027714530542294037
2,14,0.08210307259150447,-0.08975394785163424,0.027745134043334556
2,15,0.08218876239441793,-0.08959480964622353,0.028045048353531644
2,16,0.08218876239441793,-0.08959480964622353,0.028045048353531644
2,17,0.08210307259150447,-0.08973558575100991,0.027549271636675237
2,18,0.0818337617823479,-0.08980903415350716,0.02888970498224997
2,19,0.0818337617823479,-0.08980903415350716,0.02888970498224997
2,20,0.08202962418900722,-0.0897172236503856,0.028467376667890808
2,21,0.08228057289753948,-0.08950299914310197,0.027096339821275555
2,22,0.08228057289753948,-0.08950299914310197,0.027096339821275555
2,23,0.08196229648671807,-0.08998041375933406,0.029110050189741703
2,24,0.08224384869629085,-0.0895580854449749,0.029097808789325497
2,25,0.08161953727506427,-0.08976618925205043,0.02805116905373975
2,26,0.08161953727506427,-0.08976618925205043,0.02805116905373975
2,27,0.08220712449504222,-0.08995593095850166,0.02892030848329049
2,28,0.0821642795935855,-0.08961317174684784,0.028944791284122907
2,29,0.0821642795935855,-0.08961317174684784,0.028944791284122907
2,30,0.0823172970987881,-0.08991308605704493,0.029005998286203944
2,31,0.0823050556983719,-0.09001101726037458,0.027377892030848328
2,32,0.0823050556983719,-0.09001101726037458,0.027377892030848328
2,33,0.08229281429795568,-0.08982127555392337,0.028981515485371527
2,34,0.08218264169420982,-0.08965601664830457,0.028014444852491126
2,35,0.08218264169420982,-0.08965601664830457,0.028014444852491126
2,36,0.08237850410086914,-0.08928265393561023,0.02884073938058514
2,37,0.08229893499816379,-0.08968662014934509,0.02903660178724446
2,38,0.08254376300648794,-0.08995593095850166,0.029073325988493083
2,39,0.08254376300648794,-0.08995593095850166,0.029073325988493083
2,40,0.08196841718692618,-0.08982127555392337,0.028589790672052882
2,41,0.08223160729587466,-0.08999265515975027,0.029005998286203944
2,42,0.08223160729587466,-0.08999265515975027,0.029005998286203944
2,43,0.08236014200024483,-0.08960093034643163,0.02885910148120945
2,44,0.08212755539233688,-0.0897172236503856,0.029005998286203944
2,45,0.08212755539233688,-0.0897172236503856,0.029005998286203944
2,46,0.08224996939649895,-0.08959480964622353,0.0289325498837067
2,47,0.08185212388297222,-0.0897172236503856,0.02856530787122047
2,48,0.08185212388297222,-0.0897172236503856,0.02856530787122047
2,49,0.08206634839025585,-0.0895519647447668,0.028865222181417554
2,50,0.08236014200024483,-0.08946015424164525,0.02879177377892031
2,51,0.08236014200024483,-0.08946015424164525,0.02879177377892031
2,52,0.08221936589545845,-0.08968662014934509,0.028259272860815275
2,53,0.08234790059982862,-0.0900171379605827,0.02892030848329049
2,54,0.08220100379483412,-0.08998041375933406,0.02884073938058514
2,55,0.08220100379483412,-0.08998041375933406,0.02884073938058514
2,56,0.08229893499816379,-0.08967437874892888,0.028871342881625656
2,57,0.08209695189129637,-0.08973558575100991,0.02755539233688334
2,58,0.08209695189129637,-0.08973558575100991,0.02755539233688334
2,59,0.08222548659566654,-0.08989472395642062,0.027953237850410085
2,60,0.08236626270045293,-0.08965601664830457,0.02800832415228302
2,61,0.08236626270045293,-0.08965601664830457,0.02800832415228302
2,62,0.08207858979067205,-0.08978455135267474,0.02895091198433101
2,63,0.08222548659566654,-0.08966213734851267,0.028069531154364058
2,64,0.08222548659566654,-0.08966213734851267,0.028069531154364058
2,65,0.08202350348879912,-0.08976618925205043,0.028412290366017872
2,66,0.08220712449504222,-0.08971110295017751,0.02869384257559065
2,67,0.0821397967927531,-0.08993144815766924,0.02782470314603991
2,68,0.0821397967927531,-0.08993144815766924,0.02782470314603991
2,69,0.08242134900232587,-0.08991308605704493,0.028779532378504103
2,70,0.08227445219733137,-0.08959480964622353,0.028075651854572163
2,71,0.08227445219733137,-0.08959480964622353,0.028075651854572163
2,72,0.08224996939649895,-0.08952136124372628,0.02791651364916146
2,73,0.08219488309462603,-0.08948463704247765,0.02870608397600686
2,74,0.08219488309462603,-0.08948463704247765,0.02870608397600686
2,75,0.08203574488921532,-0.08974170645121801,0.02890806708287428
2,76,0.0821704002937936,-0.08976618925205043,0.028804015179336517
2,77,0.0821704002937936,-0.08976618925205043,0.028804015179336517
2,78,0.08207858979067205,-0.08950299914310197,0.027592116538131962
2,79,0.08235402130003673,-0.08964377524788836,0.027885910148120946
2,80,0.08235402130003673,-0.08964377524788836,0.029452809401395517
2,81,0.0821397967927531,-0.0895580854449749,0.028730566776839273
2,82,0.08223160729587466,-0.08950911984331007,0.02887746358183376
2,83,0.08220100379483412,-0.08983351695433958,0.028975394785163422
2,84,0.08220100379483412,-0.08983351695433958,0.028975394785163422
2,85,0.08210919329171257,-0.08968049944913699,0.027794099644999386
2,86,0.08228669359774758,-0.08972946505080182,0.027561513037091444
2,87,0.08228669359774758,-0.08972946505080182,0.027561513037091444
2,88,0.08228669359774758,-0.08949687844289386,0.028975394785163422
2,89,0.0819990206879667,-0.08991920675725304,0.02791651364916146
2,90,0.0819990206879667,-0.08991920675725304,0.02791651364916146
2,91,0.0819928999877586,-0.08971110295017751,0.028779532378504103
2,92,0.08232953849920431,-0.08968662014934509,0.027420736932305057
2,93,0.08232953849920431,-0.08968662014934509,0.027420736932305057
2,94,0.08196841718692618,-0.08980903415350716,0.02866323907455013
2,95,0.08185824458318032,-0.08980903415350716,0.02815522095727751
2,96,0.08225609009670706,-0.08962541314726405,0.02879789447912841
2,97,0.08225609009670706,-0.08962541314726405,0.02879789447912841
2,98,0.08235402130003673,-0.08953972334435059,0.028191945158526133
2,99,0.08169910637776961,-0.08964377524788836,0.028265393561023384
3,0,-0.07885298078100135,-0.06040519035377647,0.010974415473130127
3,1,-0.0787611702778798,-0.06047863875627372,0.01104786387562737
3,2,-0.07843065246664219,-0.060705104663973566,0.010864242869384259
3,3,-0.07843065246664219,-0.060705104663973566,0.010864242869384259
3,4,-0.07858979067205288,-0.060809156567511326,0.010784673766678908
3,5,-0.07870608397600685,-0.06047251805606561,0.010705104663973558
3,6,-0.07870608397600685,-0.06047251805606561,0.012272003917248133
3,7,-0.07883461868037703,-0.060882604970008566,0.01117639857999755
3,8,-0.07874892887746358,-0.06058881136001959,0.010864242869384259
3,9,-0.07835108336393684,-0.06074182886522218,0.010992777573754439
3,10,-0.07835108336393684,-0.06074182886522218,0.010992777573754439
3,11,-0.07841841106622598,-0.06048475945648182,0.010686742563349247
3,12,-0.07869384257559064,-0.06068674256334925,0.010760190965846492
3,13,-0.07869384257559064,-0.06068674256334925,0.010760190965846492
3,14,-0.07853470437017995,-0.06055208715877096,0.011053984575835476
3,15,-0.07838168686497735,-0.06062553556126821,0.01090096707063288
3,16,-0.07838168686497735,-0.06062553556126821,0.01090096707063288
3,17,-0.07866935977475822,-0.060558207858979064,0.011023381074794957
3,18,-0.07870608397600685,-0.06062553556126821,0.010845880768759947
3,19,-0.07870608397600685,-0.06062553556126821,0.010845880768759947
3,20,-0.07871832537642307,-0.06036234545231974,0.010790794466887011
3,21,-0.07863263557350961,-0.060497000856898034,0.01072346676459787
3,22,-0.07852246296976374,-0.060356224752111644,0.010815277267719426
3,23,-0.07852246296976374,-0.060356224752111644,0.010815277267719426
3,24,-0.07857754927163667,-0.06062553556126821,0.010937691271881503
3,25,-0.07843065246664219,-0.06080303586730322,0.011096829477292203
3,26,-0.07843065246664219,-0.06080303586730322,0.011096829477292203
3,27,-0.07869384257559064,-0.06065001836210062,0.01098053617333823
3,28,-0.07851022156934753,-0.060527604357938546,0.01090096707063288
3,29,-0.07851022156934753,-0.060527604357938546,0.01090096707063288
3,30,-0.0784428938670584,-0.060656139062308725,0.011139674378748929
3,31,-0.07855918717101237,-0.06053984575835476,0.01085200146896805
3,32,-0.07855918717101237,-0.06053984575835476,0.01085200146896805
3,33,-0.07858366997184478,-0.06059493206022769,0.01085200146896805
3,34,-0.07858979067205288,-0.060698983963765454,0.010870363569592362
3,35,-0.0787795323785041,-0.060282776349614396,0.010790794466887011
3,36,-0.0787795323785041,-0.060282776349614396,0.010790794466887011
3,37,-0.0786081527726772,-0.06037458685273596,0.010888725670216672
3,38,-0.0787856530787122,-0.06053984575835476,0.010766311666054598
3,39,-0.0787856530787122,-0.06053984575835476,0.010766311666054598
3,40,-0.0787856530787122,-0.0609193291712572,0.011170277879789447
3,41,-0.07874280817725547,-0.060423552454400786,0.010662259762516831
3,42,-0.07874280817725547,-0.060423552454400786,0.010662259762516831
3,43,-0.07872444607663118,-0.06060717346064389,0.010839760068551842
3,44,-0.07876729097808789,-0.060656139062308725,0.011084588076875995
3,45,-0.07876729097808789,-0.060656139062308725,0.011084588076875995
3,46,-0.07863875627371772,-0.060386828253152156,0.010527604357938548
3,47,-0.07851634226955564,-0.06076019096584649,0.0110907087770841
3,48,-0.0787917737789203,-0.060429673154608884,0.010998898273962542
3,49,-0.0787917737789203,-0.060429673154608884,0.010998898273962542
3,50,-0.07873668747704737,-0.06073570816501408,0.01094993267229771
3,51,-0.07855918717101237,-0.06072958746480598,0.011115191577916513
3,52,-0.07855918717101237,-0.06072958746480598,0.011115191577916513
3,53,-0.07855306647080426,-0.06082139796792753,0.010882604970008569
3,54,-0.07882849798016893,-0.060913208471049085,0.010778553066470804
3,55,-0.07882849798016893,-0.060913208471049085,0.010778553066470804
3,56,-0.0786265148733015,-0.060668380462724936,0.010784673766678908
3,57,-0.0786081527726772,-0.060454155955441305,0.010845880768759947
3,58,-0.0786081527726772,-0.060454155955441305,0.010845880768759947
3,59,-0.0786265148733015,-0.06060717346064389,0.010974415473130127
3,60,-0.0786203941730934,-0.06058269065981148,0.010968294772922023
3,61,-0.07855306647080426,-0.06061941486106011,0.011188639980413759
3,62,-0.07855306647080426,-0.06061941486106011,0.011188639980413759
3,63,-0.0789325498837067,-0.06043579385481699,0.010754070265638389
3,64,-0.07869384257559064,-0.060674501162933034,0.010943811972089606
3,65,-0.07869384257559064,-0.060674501162933034,0.010943811972089606
3,66,-0.078950911984331,-0.06040519035377647,0.010833639368343738
3,67,-0.07869996327579876,-0.06038070755294406,0.011017260374586852
3,68,-0.07869996327579876,-0.06038070755294406,0.011017260374586852
3,69,-0.07886522218141755,-0.06063777696168442,0.011053984575835476
3,70,-0.07870608397600685,-0.060613294160852,0.011274329783327212
3,71,-0.07870608397600685,-0.060613294160852,0.011274329783327212
3,72,-0.07859591137226099,-0.06062553556126821,0.010705104663973558
3,73,-0.07880401517933652,-0.060809156567511326,0.010870363569592362
3,74,-0.0784428938670584,-0.06057656995960338,0.010784673766678908
3,75,-0.0784428938670584,-0.06057656995960338,0.010784673766678908
3,76,-0.07873056677683928,-0.06076019096584649,0.011121312278124618
3,77,-0.07860203207246909,-0.06061941486106011,0.011249846982494798
3,78,-0.07860203207246909,-0.06061941486106011,0.011249846982494798
3,79,-0.07863875627371772,-0.06063777696168442,0.011084588076875995
3,80,-0.07852246296976374,-0.06053984575835476,0.010925449871465296
3,81,-0.07852246296976374,-0.06053984575835476,0.010925449871465296
3,82,-0.07870608397600685,-0.0604419145550251,0.010919329171257191
3,83,-0.07859591137226099,-0.060527604357938546,0.010968294772922023
3,84,-0.07859591137226099,-0.060527604357938546,0.010968294772922023
3,85,-0.07882237727996083,-0.060527604357938546,0.011066225976251683
3,86,-0.07863263557350961,-0.060386828253152156,0.010839760068551842
3,87,-0.07871220467621495,-0.06050924225731423,0.011041743175419267
3,88,-0.07871220467621495,-0.06050924225731423,0.011041743175419267
3,89,-0.07865711837434203,-0.06082751866813564,0.011078467376667891
3,90,-0.07881013587954462,-0.060570449259395275,0.01069286326355735
3,91,-0.07881013587954462,-0.060570449259395275,0.01069286326355735
3,92,-0.07858366997184478,-0.060705104663973566,0.01096217407271392
3,93,-0.0787611702778798,-0.06058269065981148,0.011005018974170645
3,94,-0.0787611702778798,-0.06058269065981148,0.011005018974170645
3,95,-0.07868160117517445,-0.06065001836210062,0.011066225976251683
3,96,-0.07863263557350961,-0.06063777696168442,0.0109315705716734
3,97,-0.07863263557350961,-0.06063777696168442,0.0109315705716734
3,98,-0.07824703146039907,-0.06050924225731423,0.010876484269800465
3,99,-0.07883461868037703,-0.06074182886522218,0.010796915167095116
