values,,Magnetometer,Magnetometer,Magnetometer
axis,,x,y,z
Sensor,Sample,,,
0,0,0.026288407393805852,0.06171502019831069,-0.007656995960337863
0,1,0.026514873301505693,0.06172114089851879,-0.0078038927653323546
0,2,0.02644142489900845,0.06177010650018362,-0.007656995960337863
0,3,0.02644142489900845,0.06177010650018362,-0.007656995960337863
0,4,0.026306769494430164,0.06172726159872689,-0.007773289264291836
0,5,0.026374097196719303,0.061806830701432246,-0.008030358673032196
0,6,0.026374097196719303,0.061806830701432246,-0.008030358673032196
0,7,0.026196596890684293,0.06170277879789447,-0.007993634471783572
0,8,0.026557718202962422,0.061910882604970005,-0.008097686375321336
0,9,0.026557718202962422,0.061910882604970005,-0.008097686375321336
0,10,0.02643530419880034,0.061666054596645856,-0.008336393683437384
0,11,0.026508752601297585,0.06197208960705105,-0.007920186069286326
0,12,0.026508752601297585,0.06197208960705105,-0.007920186069286326
0,13,0.026355735096094995,0.06182519280205655,-0.008140531276778063
0,14,0.026214958991308608,0.06188639980413759,-0.007565185457216306
0,15,0.026214958991308608,0.06188639980413759,-0.007565185457216306
0,16,0.026594442404211042,0.0618925205043457,-0.007914065369078222
0,17,0.026245562492349123,0.06177622720039172,-0.007822254865956665
0,18,0.026245562492349123,0.061849675602888975,-0.008018117272615987
0,19,0.026227200391724815,0.061849675602888975,-0.008018117272615987
0,20,0.02638633859713551,0.061868037703513276,-0.00839147998531032
0,21,0.026361855796303096,0.0617395029991431,-0.007877341167829599
0,22,0.026361855796303096,0.0617395029991431,-0.007877341167829599
0,23,0.02615375198922757,0.06192312400538622,-0.00758966825804872
0,24,0.02633125229526258,0.06162933039539723,-0.007620271759089239
0,25,0.02633125229526258,0.06162933039539723,-0.007620271759089239
0,26,0.026459786999632758,0.06182519280205655,-0.007877341167829599
0,27,0.026557718202962422,0.06192312400538622,-0.0077182029624189
0,28,0.026557718202962422,0.06192312400538622,-0.0077182029624189
0,29,0.02666177010650018,0.061696658097686374,-0.007712082262210797
0,30,0.02666789080670829,0.06170277879789447,-0.007969151670951156
0,31,0.02666789080670829,0.06170277879789447,-0.007969151670951156
0,32,0.026343493695678788,0.06188027910392949,-0.007810013465540458
0,33,0.026245562492349123,0.06172726159872689,-0.0078038927653323546
0,34,0.026245562492349123,0.06172726159872689,-0.0078038927653323546
0,35,0.02630064879422206,0.061800710001224134,-0.007626392459297343
0,36,0.02647814910025707,0.06190476190476191,-0.0076875994613783815
0,37,0.02647814910025707,0.06190476190476191,-0.0076875994613783815
0,38,0.02642918349859224,0.06184355490268086,-0.007865099767413392
0,39,0.026343493695678788,0.06191700330517811,-0.007785530664708043
0,40,0.02638633859713551,0.06189864120455381,-0.00797527237115926
0,41,0.02638633859713551,0.06189864120455381,-0.00797527237115926
0,42,0.026649528706083975,0.0615742440935243,-0.007767168564083732
0,43,0.02623944179214102,0.0618925205043457,-0.008152772677194272
0,44,0.02623944179214102,0.0618925205043457,-0.008152772677194272
0,45,0.02617211408985188,0.06199657240788346,-0.007559064757008202
0,46,0.026459786999632758,0.06147019218998654,-0.007877341167829599
0,47,0.026459786999632758,0.06147019218998654,-0.007877341167829599
0,48,0.026325131595054473,0.06176398579997552,-0.007852858366997183
0,49,0.026557718202962422,0.06175786509976742,-0.008158893377402375
0,50,0.026557718202962422,0.06175786509976742,-0.008158893377402375
0,51,0.026423062798384134,0.061806830701432246,-0.008434324886767045
0,52,0.026508752601297585,0.061794589301016035,-0.007999755171991677
0,53,0.026508752601297585,0.061794589301016035,-0.007999755171991677
0,54,0.02648426980046517,0.06182519280205655,-0.007455012853470437
0,55,0.02612314848818705,0.06195984820663484,-0.007932427469702534
0,56,0.02612314848818705,0.06195984820663484,-0.007932427469702534
0,57,0.02638633859713551,0.06184355490268086,-0.007644754559921656
0,58,0.0265271147019219,0.06186191700330518,-0.007675358060962175
0,59,0.0265271147019219,0.06186191700330518,-0.007730444362835108
0,60,0.026453666299424656,0.06188027910392949,-0.007730444362835108
0,61,0.026472028400048964,0.06196596890684294,-0.00797527237115926
0,62,0.02638633859713551,0.0615864854939405,-0.008067082874280818
0,63,0.02638633859713551,0.0615864854939405,-0.008067082874280818
0,64,0.026380217896927412,0.06177010650018362,-0.0076875994613783815
0,65,0.026282286693597744,0.06144570938915413,-0.007895703268453912
0,66,0.026282286693597744,0.06144570938915413,-0.007895703268453912
0,67,0.026221079691516706,0.06162320969518913,-0.00813441057656996
0,68,0.026337372995470683,0.0617395029991431,-0.0077426857632513155
0,69,0.026337372995470683,0.0617395029991431,-0.0077426857632513155
0,70,0.026404700697759825,0.06178234790059983,-0.007950789570326845
0,71,0.026416942098176032,0.06176398579997552,-0.007852858366997183
0,72,0.026416942098176032,0.06176398579997552,-0.007852858366997183
0,73,0.026490390500673276,0.06196596890684294,-0.00833027298322928
0,74,0.026270045293181537,0.06192312400538622,-0.007730444362835108
0,75,0.026270045293181537,0.06192312400538622,-0.007730444362835108
0,76,0.026325131595054473,0.0617456236993512,-0.007528461255967683
0,77,0.026319010894846374,0.061953727506426734,-0.00782837556616477
0,78,0.026319010894846374,0.061953727506426734,-0.00782837556616477
0,79,0.0263679764965112,0.06199045170767535,-0.007614151058881136
0,80,0.026496511200881378,0.061935365405802426,-0.00795691027053495
0,81,0.026496511200881378,0.061935365405802426,-0.007632513159505447
0,82,0.026404700697759825,0.06164769249602155,-0.007632513159505447
0,83,0.0262088382911005,0.061947606806218636,-0.008305790182396865
0,84,0.02643530419880034,0.06192924470559432,-0.008067082874280818
0,85,0.02643530419880034,0.06192924470559432,-0.008067082874280818
0,86,0.026355735096094995,0.061635451095605344,-0.007754927163667523
0,87,0.0263679764965112,0.061666054596645856,-0.007987513771575468
0,88,0.0263679764965112,0.061666054596645856,-0.007987513771575468
0,89,0.026423062798384134,0.061849675602888975,-0.00808544497490513
0,90,0.026202717590892398,0.0617395029991431,-0.008036479373240299
0,91,0.026202717590892398,0.0617395029991431,-0.008036479373240299
0,92,0.026306769494430164,0.06172114089851879,-0.007773289264291836
0,93,0.02623944179214102,0.06191700330517811,-0.008122169176153753
0,94,0.02623944179214102,0.06191700330517811,-0.008122169176153753
0,95,0.02625168319255723,0.06175786509976742,-0.008011996572407884
0,96,0.0263679764965112,0.06192924470559432,-0.007914065369078222
0,97,0.0263679764965112,0.06192924470559432,-0.007914065369078222
0,98,0.02639245929734362,0.06172114089851879,-0.007571306157424409
0,99,0.02625780389276533,0.06175786509976742,-0.007583547557840617
1,0,-0.04174317541926796,0.07103684661525278,0.01036846615252785
1,1,-0.041761537519892276,0.07088382911005019,0.010325621251071122
1,2,-0.041761537519892276,0.07088382911005019,0.010325621251071122
1,3,-0.04184722732280573,0.07100012241400416,0.010478638756273717
1,4,-0.04193903782592728,0.07076141510588811,0.009988982739625413
1,5,-0.04193903782592728,0.07076141510588811,0.009988982739625413
1,6,-0.04198188272738401,0.07076141510588811,0.010319500550863019
1,7,-0.04198188272738401,0.07069408740359898,0.010509242257314238
1,8,-0.04185334802301383,0.07094503611213124,0.010552087158770963
1,9,-0.04185334802301383,0.07094503611213124,0.010552087158770963
1,10,-0.04203084832904884,0.07096339821275553,0.010190965846492839
1,11,-0.04184722732280573,0.07080426000734484,0.010105276043579385
1,12,-0.04184722732280573,0.07080426000734484,0.010105276043579385
1,13,-0.041822744521973314,0.07092055331129882,0.009670706328804016
1,14,-0.041822744521973314,0.07095115681233934,0.009670706328804016
1,15,-0.041822744521973314,0.07095115681233934,0.009670706328804016
1,16,-0.04194515852613539,0.07118374342024728,0.010258293548781982
1,17,-0.041951279226343494,0.07092055331129882,0.009842085934630922
1,18,-0.041951279226343494,0.07092055331129882,0.009842085934630922
1,19,-0.041877830823846246,0.07071857020443138,0.00974415473130126
1,20,-0.041951279226343494,0.07093279471171501,0.010613294160852002
1,21,-0.04202472762884074,0.07095727751254743,0.010086913942955075
1,22,-0.04202472762884074,0.07095727751254743,0.010086913942955075
1,23,-0.04174929611947607,0.0707308116048476,0.01043579385481699
1,24,-0.04198800342759212,0.07070020810380707,0.010423552454400783
1,25,-0.04198800342759212,0.07070020810380707,0.010423552454400783
1,26,-0.04200024482800833,0.07068184600318277,0.010319500550863019
1,27,-0.04164524421593831,0.07067572530297465,0.010374586852735953
1,28,-0.04164524421593831,0.07067572530297465,0.010374586852735953
1,29,-0.04187171012363815,0.0707491737054719,0.010350104051903538
1,30,-0.04184110662259762,0.07071857020443138,0.010515362957522341
1,31,-0.04184110662259762,0.0708960705104664,0.010399069653568368
1,32,-0.04192679642551107,0.0708960705104664,0.010399069653568368
1,33,-0.042165503733627124,0.07082874280817726,0.010503121557106133
1,34,-0.04173093401885176,0.07067572530297465,0.010454155955441302
1,35,-0.04173093401885176,0.07067572530297465,0.010454155955441302
1,36,-0.04176765822010038,0.07062063900110173,0.010478638756273717
1,37,-0.041804382421349,0.07076753580609621,0.010533725058146651
1,38,-0.041804382421349,0.07076753580609621,0.010533725058146651
1,39,-0.04182886522218142,0.07097563961317174,0.010374586852735953
1,40,-0.04166972701677072,0.07068796670339086,0.010503121557106133
1,41,-0.04166972701677072,0.07068796670339086,0.010503121557106133
1,42,-0.041877830823846246,0.07085322560900967,0.010337862651487329
1,43,-0.04173093401885176,0.07059003550006121,0.010637776961684418
1,44,-0.041877830823846246,0.0707491737054719,0.010533725058146651
1,45,-0.041877830823846246,0.0707491737054719,0.010533725058146651
1,46,-0.04185334802301383,0.07044313869506671,0.010441914555025095
1,47,-0.04185946872322194,0.07062675970130983,0.010086913942955075
1,48,-0.04185946872322194,0.07062675970130983,0.010086913942955075
1,49,-0.041963520626759704,0.0707430530052638,0.010582690659811482
1,50,-0.041651364916146405,0.07081650140776105,0.00956665442526625
1,51,-0.041651364916146405,0.07081650140776105,0.00956665442526625
1,52,-0.04225119353654058,0.07070020810380707,0.010319500550863019
1,53,-0.04176765822010038,0.07070020810380707,0.010607173460643899
1,54,-0.04176765822010038,0.07070020810380707,0.010607173460643899
1,55,-0.042153262333210914,0.07081038070755294,0.01036846615252785
1,56,-0.041890072224262456,0.07076753580609621,0.010552087158770963
1,57,-0.041963520626759704,0.07066348390255846,0.010570449259395275
1,58,-0.041963520626759704,0.07066348390255846,0.010570449259395275
1,59,-0.041963520626759704,0.07063288040151794,0.010331741951279226
1,60,-0.041932917125719185,0.07068796670339086,0.010074672542538866
1,61,-0.041932917125719185,0.07068796670339086,0.010074672542538866
1,62,-0.041877830823846246,0.07064512180193414,0.010013465540457829
1,63,-0.04175541681968417,0.07071857020443138,0.010190965846492839
1,64,-0.04175541681968417,0.07071857020443138,0.010190965846492839
1,65,-0.04184110662259762,0.0707491737054719,0.01048475945648182
1,66,-0.041932917125719185,0.07072469090463948,0.010527604357938548
1,67,-0.041932917125719185,0.07072469090463948,0.010527604357938548
1,68,-0.04203084832904884,0.07092055331129882,0.010392948953360265
1,69,-0.042147141633002816,0.07092055331129882,0.009762516831925572
1,70,-0.04204308972946505,0.07076141510588811,0.00987268943567144
1,71,-0.04204308972946505,0.07076141510588811,0.00987268943567144
1,72,-0.04182886522218142,0.07088382911005019,0.01030725915044681
1,73,-0.041834985922389524,0.07122046762149589,0.010576569959603379
1,74,-0.041834985922389524,0.07122046762149589,0.010576569959603379
1,75,-0.04200024482800833,0.07084098420859346,0.010478638756273717
1,76,-0.042177745134043335,0.07095115681233934,0.010276655649406292
1,77,-0.042177745134043335,0.07095115681233934,0.010276655649406292
1,78,-0.04185946872322194,0.07066960460276656,0.010264414248990085
1,79,-0.04188395152405435,0.07117150201983106,0.010392948953360265
1,80,-0.04188395152405435,0.07117150201983106,0.010392948953360265
1,81,-0.04207981393071367,0.07051046639735585,0.010142000244828009
1,82,-0.041792141020932795,0.07084098420859346,0.010221569347533358
1,83,-0.041890072224262456,0.07102460521483658,0.010454155955441302
1,84,-0.041890072224262456,0.07102460521483658,0.010454155955441302
1,85,-0.041804382421349,0.07088994981025828,0.010729587464805974
1,86,-0.04174317541926796,0.07077977720651243,0.010509242257314238
1,87,-0.04174317541926796,0.07077977720651243,0.010509242257314238
1,88,-0.042049210429673155,0.07095727751254743,0.010441914555025095
1,89,-0.041920675725302975,0.07066348390255846,0.010405190353776472
1,90,-0.041920675725302975,0.07066348390255846,0.010405190353776472
1,91,-0.04209817603133799,0.07094503611213124,0.010448035255233199
1,92,-0.041890072224262456,0.0707369323050557,0.009786999632757988
1,93,-0.041890072224262456,0.0707369323050557,0.009786999632757988
1,94,-0.04181050312155711,0.07070020810380707,0.010686742563349247
1,95,-0.04182886522218142,0.07096339821275553,0.009670706328804016
1,96,-0.041890072224262456,0.07065124250214225,0.010613294160852002
1,97,-0.041890072224262456,0.07065124250214225,0.010613294160852002
1,98,-0.04207981393071367,0.07103072591504468,0.009940017137960583
1,99,-0.0419573999265516,0.07052882849798017,0.010215448647325254
2,0,0.11754804749663361,-0.06691149467499083,0.09383033419023136
2,1,0.11754804749663361,-0.06691149467499083,0.09383033419023136
2,2,0.1173644264903905,-0.06697882237727995,0.09206145183008936
2,3,0.11730321948830946,-0.06710123638144204,0.0922634349369568
2,4,0.11730321948830946,-0.06710123638144204,0.0922634349369568
2,5,0.11758477169788224,-0.06710735708165014,0.09192679642551108
2,6,0.11768882360142001,-0.06691149467499083,0.09394662749418534
2,7,0.11768882360142001,-0.06691149467499083,0.09394662749418534
2,8,0.11743787489288775,-0.06693597747582324,0.09411800710001225
2,9,0.11764597869996327,-0.06713183988248256,0.09383033419023136
2,10,0.11764597869996327,-0.06713183988248256,0.09383033419023136
2,11,0.11773166850287672,-0.06729097808789325,0.09356102338107479
2,12,0.11767658220100378,-0.06719916758477171,0.09455869751499571
2,13,0.11767658220100378,-0.0672052882849798,0.0940506793977231
2,14,0.11781123760558207,-0.0672052882849798,0.0940506793977231
2,15,0.11754804749663361,-0.0670461500795691,0.09458930101603623
2,16,0.11756028889704981,-0.06728485738768515,0.09457093891541193
2,17,0.11756028889704981,-0.06728485738768515,0.09457093891541193
2,18,0.11726037458685275,-0.06664830456604236,0.09406904149834741
2,19,0.11732770228914188,-0.06711347778185825,0.0946872322193659
2,20,0.11732770228914188,-0.06711347778185825,0.0946872322193659
2,21,0.11765209940017138,-0.06712571918227446,0.09370792018606929
2,22,0.11743175419267964,-0.06726037458685273,0.0937201615864855
2,23,0.11743175419267964,-0.06726037458685273,0.0937201615864855
2,24,0.11737666789080672,-0.06714408128289875,0.09374464438731792
2,25,0.11773166850287672,-0.06710735708165014,0.09375076508752601
2,26,0.11773166850287672,-0.06710735708165014,0.09375076508752601
2,27,0.11718080548414737,-0.06710123638144204,0.09498714652956299
2,28,0.11749908189496878,-0.06728485738768515,0.09318153996817236
2,29,0.11767658220100378,-0.06709511568123393,0.09385481699106378
2,30,0.11767658220100378,-0.06709511568123393,0.09385481699106378
2,31,0.11751132329538498,-0.06706451218019341,0.09464438731790917
2,32,0.11724813318643652,-0.06723589178602032,0.09231852123882972
2,33,0.11724813318643652,-0.06723589178602032,0.09231852123882972
2,34,0.11748071979434446,-0.06729097808789325,0.09463826661770106
2,35,0.11770106500183622,-0.06731546088872567,0.09338964377524789
2,36,0.11770106500183622,-0.06731546088872567,0.09338964377524789
2,37,0.11767658220100378,-0.06707675358060963,0.0927714530542294
2,38,0.11748071979434446,-0.0672052882849798,0.09398335169543395
2,39,0.11748071979434446,-0.0672052882849798,0.09398335169543395
2,40,0.11730934018851757,-0.06722365038560411,0.0947055943199902
2,41,0.1175174439955931,-0.0671930468845636,0.09359162688211531
2,42,0.11763373729954707,-0.06726649528706083,0.0943628351083364
2,43,0.11763373729954707,-0.06726649528706083,0.0943628351083364
2,44,0.11774390990329293,-0.06700942587832048,0.09400783449626637
2,45,0.11754804749663361,-0.06707675358060963,0.09201860692863265
2,46,0.11754804749663361,-0.06707675358060963,0.09201860692863265
2,47,0.11746847839392827,-0.06694209817603133,0.0945403354143714
2,48,0.11741951279226344,-0.06706451218019341,0.09386705839147999
2,49,0.11741951279226344,-0.06706451218019341,0.09386705839147999
2,50,0.11761537519892276,-0.06709511568123393,0.09383645489043947
2,51,0.1173399436895581,-0.06708899498102583,0.09376912718815032
2,52,0.1173399436895581,-0.06708899498102583,0.09376912718815032
2,53,0.11759701309829844,-0.06726037458685273,0.09394050679397722
2,54,0.11760925449871465,-0.06696658097686375,0.09376300648794222
2,55,0.11760925449871465,-0.06696658097686375,0.09248378014444852
2,56,0.1175235646958012,-0.06692985677561512,0.09248378014444852
2,57,0.11760925449871465,-0.06725425388664463,0.0926123148488187
2,58,0.11747459909413638,-0.06729709878810136,0.09384869629085567
2,59,0.11747459909413638,-0.06729709878810136,0.09384869629085567
2,60,0.11726649528706083,-0.06715020198310687,0.09392214469335292
2,61,0.11756640959725792,-0.06710123638144204,0.09461378381686865
2,62,0.11756640959725792,-0.06710123638144204,0.09461378381686865
2,63,0.1175052025951769,-0.06685028767290978,0.09390378259272861
2,64,0.11754192679642553,-0.067217529685396,0.09428938670583915
2,65,0.11754192679642553,-0.067217529685396,0.09428938670583915
2,66,0.11762149589913087,-0.06717468478393929,0.09463826661770106
2,67,0.11748071979434446,-0.06710735708165014,0.09370179948586119
2,68,0.11748071979434446,-0.06710735708165014,0.09370179948586119
2,69,0.11742563349247155,-0.06701554657852858,0.09384869629085567
2,70,0.11754804749663361,-0.06684416697270168,0.09383645489043947
2,71,0.11763373729954707,-0.06746847839392826,0.09378136858856653
2,72,0.11763373729954707,-0.06746847839392826,0.09378136858856653
2,73,0.11760313379850655,-0.06699106377769617,0.09462602521728486
2,74,0.11754192679642553,-0.06727261598726894,0.09390990329293672
2,75,0.11754192679642553,-0.06727261598726894,0.09390990329293672
2,76,0.11743787489288775,-0.06715632268331498,0.09358550618190721
2,77,0.11782959970620639,-0.0668808911739503,0.09395274819439345
2,78,0.11782959970620639,-0.0668808911739503,0.09395274819439345
2,79,0.11738278859101481,-0.06700330517811237,0.09305300526380218
2,80,0.11760313379850655,-0.06724813318643653,0.0919512792263435
2,81,0.11760313379850655,-0.06724813318643653,0.0919512792263435
2,82,0.11782959970620639,-0.06685640837311788,0.0938976618925205
2,83,0.11762149589913087,-0.06730321948830946,0.09394662749418534
2,84,0.11762149589913087,-0.06730321948830946,0.09466274941853348
2,85,0.11765209940017138,-0.06716856408373117,0.09466274941853348
2,86,0.1178479618068307,-0.06718692618435548,0.09413636920063655
2,87,0.11737666789080672,-0.06699718447790427,0.09398335169543395
2,88,0.11737666789080672,-0.06699718447790427,0.09398335169543395
2,89,0.11798261721140899,-0.06713796058269066,0.09448524911249848
2,90,0.11745011629330396,-0.06693597747582324,0.09326110907087772
2,91,0.11745011629330396,-0.06693597747582324,0.09326110907087772
2,92,0.11775615130370913,-0.06702778797894479,0.09410576569959603
2,93,0.11781123760558207,-0.06680744277145305,0.0938915411923124
2,94,0.11781123760558207,-0.06680744277145305,0.0938915411923124
2,95,0.1176704615007957,-0.06693597747582324,0.09254498714652956
2,96,0.11746235769372015,-0.06733994368955809,0.09390378259272861
2,97,0.11746235769372015,-0.06733994368955809,0.09390378259272861
2,98,0.11748684049455257,-0.0668686497735341,0.09246541804382422
2,99,0.11723589178602031,-0.0670339086791529,0.09463826661770106
3,0,-0.10589423430040397,-0.03916023993144816,0.0523993144815767
3,1,-0.10589423430040397,-0.03916023993144816,0.0523993144815767
3,2,-0.10607173460643897,-0.03937446443873179,0.05245440078344963
3,3,-0.10574733749540947,-0.03948463704247766,0.05218508997429307
3,4,-0.10570449259395276,-0.039270412535194026,0.05221569347533358
3,5,-0.10570449259395276,-0.039270412535194026,0.05221569347533358
3,6,-0.10583302729832293,-0.03936222303831559,0.052393193781368586
3,7,-0.10569225119353653,-0.039398947239564205,0.052448280083241525
3,8,-0.10569225119353653,-0.039398947239564205,0.052448280083241525
3,9,-0.10597992410331743,-0.03950299914310197,0.05233810747949565
3,10,-0.10599216550373362,-0.03934998163789938,0.052405435181784796
3,11,-0.10599216550373362,-0.03934998163789938,0.052405435181784796
3,12,-0.10611457950789571,-0.03933774023748317,0.05231362467866324
3,13,-0.10609009670706329,-0.039625413147264046,0.05266862529073326
3,14,-0.10609009670706329,-0.039625413147264046,0.05266862529073326
3,15,-0.10610233810747949,-0.03913575713061575,0.05220957277512548
3,16,-0.10559431999020688,-0.0390745501285347,0.05256457338719549
3,17,-0.1057840616966581,-0.039411188639980416,0.05246664218386583
3,18,-0.1057840616966581,-0.039411188639980416,0.05246664218386583
3,19,-0.1056555269922879,-0.03940506793977231,0.05238095238095238
3,20,-0.10579018239686619,-0.03953972334435059,0.05208715877096339
3,21,-0.10579018239686619,-0.03953972334435059,0.05208715877096339
3,22,-0.10580242379728241,-0.03914799853103195,0.05230138327824703
3,23,-0.10569225119353653,-0.0393928265393561,0.05246664218386583
3,24,-0.10569225119353653,-0.0393928265393561,0.05246664218386583
3,25,-0.10579018239686619,-0.03920308483290488,0.05255845268698739
3,26,-0.10582078589790671,-0.03979067205288285,0.05216672787366875
3,27,-0.10582078589790671,-0.03979067205288285,0.05216672787366875
3,28,-0.10602276900477414,-0.03936222303831559,0.052607418288652216
3,29,-0.10598604480352551,-0.03934998163789938,0.05217284857387685
3,30,-0.10601052760435795,-0.039429550740604724,0.05266250459052516
3,31,-0.10601052760435795,-0.039429550740604724,0.05266250459052516
3,32,-0.10572285469457705,-0.03917860203207247,0.052472762884073945
3,33,-0.10560044069041499,-0.03961929244705594,0.05235646958011997
3,34,-0.10560044069041499,-0.03961929244705594,0.05235646958011997
3,35,-0.10577794099644999,-0.03917860203207247,0.05249724568490636
3,36,-0.10592483780144449,-0.039270412535194026,0.05248500428449014
3,37,-0.10592483780144449,-0.039270412535194026,0.05248500428449014
3,38,-0.10577182029624188,-0.0392275676337373,0.052540090586363074
3,39,-0.10587587219977965,-0.03960093034643163,0.05224017627616599
3,40,-0.10587587219977965,-0.03960093034643163,0.05224017627616599
3,41,-0.10582078589790671,-0.03931325743665075,0.05255233198677929
3,42,-0.10577794099644999,-0.03947239564206145,0.05250948708532256
3,43,-0.10613906230872812,-0.039558085444974904,0.052429917982617216
3,44,-0.10613906230872812,-0.039558085444974904,0.052429917982617216
3,45,-0.10588811360019586,-0.03923980903415351,0.052331986779287555
3,46,-0.10585138939894725,-0.039515240543518175,0.05247888358428204
3,47,-0.10585138939894725,-0.039515240543518175,0.05247888358428204
3,48,-0.1057963030970743,-0.039398947239564205,0.0524115558819929
3,49,-0.10574733749540947,-0.03923980903415351,0.052417676582201
3,50,-0.10574733749540947,-0.03923980903415351,0.052417676582201
3,51,-0.10590647570082017,-0.039288774635818334,0.052472762884073945
3,52,-0.10599216550373362,-0.03912351573019954,0.05238095238095238
3,53,-0.10599216550373362,-0.03912351573019954,0.05238095238095238
3,54,-0.1059309585016526,-0.0393805851389399,0.05233810747949565
3,55,-0.1057963030970743,-0.039398947239564205,0.05249112498469825
3,56,-0.10586975149957153,-0.03917860203207247,0.052546211286571186
3,57,-0.10586975149957153,-0.03917860203207247,0.052546211286571186
3,58,-0.10582078589790671,-0.03921532623332109,0.0523993144815767
3,59,-0.10582078589790671,-0.03933161953727506,0.05206879667033909
3,60,-0.10582078589790671,-0.03933161953727506,0.05206879667033909
3,61,-0.10600440690414983,-0.039282653935610236,0.05198922756763373
3,62,-0.10586363079936345,-0.03958868894601543,0.05261353898886033
3,63,-0.10586363079936345,-0.03958868894601543,0.05261353898886033
3,64,-0.10568613049332845,-0.03925817113477782,0.0525829354878198
3,65,-0.10591871710123638,-0.03950299914310197,0.05227690047741461
3,66,-0.10591871710123638,-0.03950299914310197,0.05227690047741461
3,67,-0.10604725180560656,-0.03936222303831559,0.052436038682825314
3,68,-0.10572285469457705,-0.03908679152895091,0.05246052148365773
3,69,-0.10564940629207982,-0.039411188639980416,0.0523993144815767
3,70,-0.10564940629207982,-0.039411188639980416,0.0523993144815767
3,71,-0.1059309585016526,-0.03909903292936712,0.0525829354878198
3,72,-0.10570449259395276,-0.03929489533602644,0.05246664218386583
3,73,-0.10570449259395276,-0.03929489533602644,0.05246664218386583
3,74,-0.10616354510956054,-0.03934386093769127,0.0524115558819929
3,75,-0.10585138939894725,-0.039515240543518175,0.05252784918594687
3,76,-0.10585138939894725,-0.039515240543518175,0.05252784918594687
3,77,-0.10610233810747949,-0.03967437874892888,0.05255233198677929
3,78,-0.10572285469457705,-0.039184722732280575,0.05255233198677929
3,79,-0.10572285469457705,-0.039184722732280575,0.05255233198677929
3,80,-0.10579018239686619,-0.039356102338107476,0.05233810747949565
3,81,-0.10593707920186068,-0.039417309340188514,0.052295262578038924
3,82,-0.10607173460643897,-0.03934998163789938,0.05242379728240911
3,83,-0.10607173460643897,-0.03934998163789938,0.05242379728240911
3,84,-0.10584526869873914,-0.03960093034643163,0.052393193781368586
3,85,-0.10595544130248499,-0.03950911984331008,0.0524115558819929
3,86,-0.10595544130248499,-0.03950911984331008,0.0524115558819929
3,87,-0.10609009670706329,-0.03926429183498592,0.05231362467866324
3,88,-0.10585751009915534,-0.03908067082874281,0.05225853837679031
3,89,-0.10585751009915534,-0.03908067082874281,0.05225853837679031
3,90,-0.10566776839270413,-0.039668258048720775,0.05259517688823602
3,91,-0.10602888970498225,-0.03923980903415351,0.05261965968906843
3,92,-0.10602888970498225,-0.03923980903415351,0.05261965968906843
3,93,-0.10591871710123638,-0.03925817113477782,0.052540090586363074
3,94,-0.10610233810747949,-0.03936834373852369,0.05224017627616599
3,95,-0.10598604480352551,-0.039184722732280575,0.05247888358428204
3,96,-0.10598604480352551,-0.039184722732280575,0.05247888358428204
3,97,-0.10602888970498225,-0.039386705839148,0.052417676582201
3,98,-0.10591871710123638,-0.0393805851389399,0.0524115558819929
3,99,-0.10591871710123638,-0.0393805851389399,0.0524115558819929
