values,,Magnetometer,Magnetometer,Magnetometer
axis,,x,y,z
Sensor,Sample,,,
0,0,0.058293548781980654,0.0866507528461256,0.015301750520259519
0,1,0.05837311788468601,0.08684049455257682,0.015393561023381075
0,2,0.058207858979067204,0.08676704615007957,0.01541804382421349
0,3,0.058207858979067204,0.08676704615007957,0.01541804382421349
0,4,0.058415962786142736,0.08690782225486596,0.015503733627126943
0,5,0.05813441057656996,0.08692006365528217,0.015766923736075408
0,6,0.05813441057656996,0.08692006365528217,0.015766923736075408
0,7,0.058299669482188766,0.08674868404945527,0.01562614763128902
0,8,0.05839147998531032,0.08708532256090097,0.015442526625045905
0,9,0.05839147998531032,0.08708532256090097,0.015442526625045905
0,10,0.05849553188884808,0.08683437385236871,0.015620026931080916
0,11,0.05833639368343738,0.08685273595299302,0.015430285224629697
0,12,0.05833639368343738,0.08685273595299302,0.015430285224629697
0,13,0.058293548781980654,0.08707308116048476,0.015497612926918838
0,14,0.05847104908801567,0.086791528950912,0.01588321704002938
0,15,0.05847104908801567,0.086791528950912,0.01588321704002938
0,16,0.058262945280940136,0.08689558085444975,0.01620761415105888
0,17,0.058305790182396865,0.08688946015424165,0.015809768637532133
0,18,0.058305790182396865,0.08688946015424165,0.015809768637532133
0,19,0.058415962786142736,0.08697514995715509,0.01590157914065369
0,20,0.0583608764842698,0.08721385726527114,0.015711837434202472
0,21,0.05822010037948341,0.0868221324519525,0.015142612314848819
0,22,0.05822010037948341,0.0868221324519525,0.015142612314848819
0,23,0.05826906598114824,0.08686497735340923,0.01586485493940507
0,24,0.058232341779899624,0.08703023625902803,0.015748561635451096
0,25,0.058232341779899624,0.08703023625902803,0.015748561635451096
0,26,0.05825070388052393,0.08695066715632269,0.01583425143836455
0,27,0.058201738278859105,0.08672420124862285,0.015460888725670216
0,28,0.058201738278859105,0.08672420124862285,0.015460888725670216
0,29,0.058293548781980654,0.08697514995715509,0.015522095727751256
0,30,0.058434324886767045,0.0871526502631901,0.01551597502754315
0,31,0.058434324886767045,0.0871526502631901,0.01551597502754315
0,32,0.057950789570326844,0.08723221936589545,0.016005631044191455
0,33,0.058207858979067204,0.0868160117517444,0.015632268331497123
0,34,0.058207858979067204,0.0868160117517444,0.015632268331497123
0,35,0.058293548781980654,0.08673032194883094,0.015289509119843312
0,36,0.05833639368343738,0.08692618435549027,0.015430285224629697
0,37,0.05833639368343738,0.08692618435549027,0.015430285224629697
0,38,0.05824458318031582,0.08684049455257682,0.015620026931080916
0,39,0.058403721385726526,0.08680989105153629,0.015717958134410577
0,40,0.058403721385726526,0.08680989105153629,0.015717958134410577
0,41,0.058158893377402376,0.08694454645611457,0.01568735463337006
0,42,0.05838535928510221,0.08687721875382544,0.015442526625045905
0,43,0.058207858979067204,0.08690782225486596,0.01568735463337006
0,44,0.058207858979067204,0.08690782225486596,0.01568735463337006
0,45,0.05836699718447791,0.08682825315216061,0.015938303341902313
0,46,0.058403721385726526,0.08693842575590648,0.01583425143836455
0,47,0.058403721385726526,0.08693842575590648,0.01583425143836455
0,48,0.0583608764842698,0.08701187415840372,0.015142612314848819
0,49,0.058544497490512916,0.08688333945403354,0.015711837434202472
0,50,0.058544497490512916,0.08688333945403354,0.015711837434202472
0,51,0.05803035867303219,0.08692618435549027,0.01587097563961317
0,52,0.05817113477781858,0.08687109805361734,0.015411923124005387
0,53,0.05817113477781858,0.08687109805361734,0.015411923124005387
0,54,0.05825682458073204,0.08675480474966336,0.015381319622964868
0,55,0.05826906598114824,0.08685885665320112,0.015497612926918838
0,56,0.05826906598114824,0.08685885665320112,0.015497612926918838
0,57,0.0583547557840617,0.0869629085567389,0.015332354021300038
0,58,0.05815277267719428,0.08706083976006855,0.015889337740237482
0,59,0.05815277267719428,0.08706083976006855,0.015889337740237482
0,60,0.05833027298322928,0.0869629085567389,0.015613906230872813
0,61,0.05819561757865099,0.086791528950912,0.015540457828375567
0,62,0.05819561757865099,0.086791528950912,0.015540457828375567
0,63,0.058403721385726526,0.08695678785653078,0.015381319622964868
0,64,0.05814053127677806,0.08693842575590648,0.015736320235034885
0,65,0.058299669482188766,0.08699351205777942,0.015717958134410577
0,66,0.058299669482188766,0.08699351205777942,0.015717958134410577
0,67,0.05824458318031582,0.086969029256947,0.0155955441302485
0,68,0.05831803158281308,0.08691394295507407,0.01565675113232954
0,69,0.05831803158281308,0.08691394295507407,0.01565675113232954
0,70,0.05819561757865099,0.08666299424654181,0.01565675113232954
0,71,0.058293548781980654,0.08699963275798751,0.015240543518178478
0,72,0.058293548781980654,0.08699963275798751,0.015240543518178478
0,73,0.05822010037948341,0.08693842575590648,0.015454768025462112
0,74,0.05809768637532133,0.08684049455257682,0.015509854327335046
0,75,0.05809768637532133,0.08684049455257682,0.015509854327335046
0,76,0.05838535928510221,0.08697514995715509,0.015822010037948343
0,77,0.05848329048843187,0.08680989105153629,0.015711837434202472
0,78,0.05848329048843187,0.08680989105153629,0.015711837434202472
0,79,0.058201738278859105,0.08684049455257682,0.015393561023381075
0,80,0.058299669482188766,0.08706696046027665,0.015503733627126943
0,81,0.058299669482188766,0.08706696046027665,0.015503733627126943
0,82,0.05845880768759946,0.08688946015424165,0.015375198922756763
0,83,0.058342514383645495,0.08676704615007957,0.015552699228791775
0,84,0.058342514383645495,0.08676704615007957,0.015552699228791775
0,85,0.05838535928510221,0.08654670094258783,0.015558819928999879
0,86,0.058122169176153746,0.0868221324519525,0.01551597502754315
0,87,0.058348635083853594,0.08701187415840372,0.015534337128167463
0,88,0.058348635083853594,0.08701187415840372,0.015534337128167463
0,89,0.0583547557840617,0.08680377035132819,0.015338474721508141
0,90,0.057987513771575475,0.08672420124862285,0.015650630432121435
0,91,0.057987513771575475,0.08672420124862285,0.015650630432121435
0,92,0.05811604847594565,0.08693230505569836,0.01562614763128902
0,93,0.05859346309217774,0.08691394295507407,0.01519157791651365
0,94,0.05859346309217774,0.08691394295507407,0.01519157791651365
0,95,0.05819561757865099,0.08679764965112009,0.015454768025462112
0,96,0.05846492838780757,0.08673032194883094,0.015265026319010893
0,97,0.05846492838780757,0.08673032194883094,0.015265026319010893
0,98,0.05833027298322928,0.08697514995715509,0.01557718202962419
0,99,0.058262945280940136,0.08695066715632269,0.015791406536907825
1,0,-0.0685028767290978,0.08249479740482311,0.022022279348757497
1,1,-0.0683253764230628,0.082959970620639,0.022230383155833026
1,2,-0.0683253764230628,0.082959970620639,0.022230383155833026
1,3,-0.06845391112743297,0.08241522830211775,0.02223650385604113
1,4,-0.06825804872077365,0.08240910760190966,0.0218631411433468
1,5,-0.06825804872077365,0.08240910760190966,0.0218631411433468
1,6,-0.06837434202472763,0.0826600563104419,0.022212021055208718
1,7,-0.06839882482556005,0.08269065981148244,0.02178357204064145
1,8,-0.06839882482556005,0.08269065981148244,0.02178357204064145
1,9,-0.06858244583180316,0.08250091810503121,0.0218631411433468
1,10,-0.06844166972701678,0.08288652221814176,0.022022279348757497
1,11,-0.06834373852368711,0.08237238340066103,0.021789692740849555
1,12,-0.06834373852368711,0.08237238340066103,0.021789692740849555
1,13,-0.06872322193658956,0.08273350471293917,0.02175296853960093
1,14,-0.06840494552576815,0.08268453911127432,0.021857020443138694
1,15,-0.06840494552576815,0.08268453911127432,0.021857020443138694
1,16,-0.06853348023013833,0.08261109070877708,0.02212633125229526
1,17,-0.06878442893867058,0.0827947117150202,0.022071244950422328
1,18,-0.06878442893867058,0.0827947117150202,0.022071244950422328
1,19,-0.06830701432243849,0.08261109070877708,0.02125107112253642
1,20,-0.06846003182764107,0.08269065981148244,0.021844779042722487
1,21,-0.06846003182764107,0.08269065981148244,0.021844779042722487
1,22,-0.06846615252784918,0.08273350471293917,0.02199167584771698
1,23,-0.06854572163055453,0.08288652221814176,0.022150814053127677
1,24,-0.06823356591994124,0.0824764353041988,0.021410209327947117
1,25,-0.06823356591994124,0.0824764353041988,0.021410209327947117
1,26,-0.06841718692618436,0.0829538499204309,0.022034520749173704
1,27,-0.06826416942098176,0.0824825560044069,0.02131839882482556
1,28,-0.06826416942098176,0.0824825560044069,0.02131839882482556
1,29,-0.0683314971232709,0.08232953849920431,0.021648916636063165
1,30,-0.0683192557228547,0.08268453911127432,0.021997796547925084
1,31,-0.0683192557228547,0.08268453911127432,0.021997796547925084
1,32,-0.06806218631411434,0.0826355735096095,0.0218692618435549
1,33,-0.06819684171869261,0.08271514261231486,0.022224262455624925
1,34,-0.06819684171869261,0.08271514261231486,0.022224262455624925
1,35,-0.06860692863263558,0.08236014200024483,0.021697882237728
1,36,-0.06836210062431142,0.08260497000856898,0.022462969763740973
1,37,-0.06846615252784918,0.08269678051169053,0.021716244338352307
1,38,-0.06846615252784918,0.08269678051169053,0.021716244338352307
1,39,-0.06840494552576815,0.08261721140898519,0.022052882849798016
1,40,-0.06802546211286571,0.08235402130003673,0.02213857265271147
1,41,-0.06802546211286571,0.08235402130003673,0.02213857265271147
1,42,-0.06841718692618436,0.08253764230627983,0.022199779654792508
1,43,-0.06873546333700575,0.0824825560044069,0.02221814175541682
1,44,-0.06873546333700575,0.0824825560044069,0.02221814175541682
1,45,-0.0685028767290978,0.08261721140898519,0.021024605214836577
1,46,-0.06828865222181417,0.08257436650752846,0.022199779654792508
1,47,-0.06828865222181417,0.08290488431876607,0.021226588321704005
1,48,-0.06838658342514384,0.08290488431876607,0.021226588321704005
1,49,-0.06850899742930591,0.08236014200024483,0.022046762149589914
1,50,-0.0681662382176521,0.08268453911127432,0.021502019831068676
1,51,-0.0681662382176521,0.08268453911127432,0.021502019831068676
1,52,-0.06844166972701678,0.08252540090586363,0.021740727139184724
1,53,-0.0684722732280573,0.08275798751377159,0.0218631411433468
1,54,-0.0684722732280573,0.08275798751377159,0.0218631411433468
1,55,-0.0684722732280573,0.08261109070877708,0.021795813441057656
1,56,-0.06842330762639245,0.08286203941730934,0.022481331864365284
1,57,-0.06842330762639245,0.08286203941730934,0.022481331864365284
1,58,-0.06836210062431142,0.08259272860815278,0.02205900355000612
1,59,-0.06852735952993022,0.08243971110295018,0.021544864732525402
1,60,-0.06852735952993022,0.08276410821397968,0.021342881625657974
1,61,-0.06859468723221937,0.08276410821397968,0.021342881625657974
1,62,-0.0684783939282654,0.08243971110295018,0.021306157424409354
1,63,-0.06842330762639245,0.0826600563104419,0.021214346921287798
1,64,-0.06842330762639245,0.0826600563104419,0.021214346921287798
1,65,-0.06827641082139797,0.08240298690170156,0.021391847227322805
1,66,-0.06844779042722487,0.08259272860815278,0.021648916636063165
1,67,-0.06844779042722487,0.08259272860815278,0.021648916636063165
1,68,-0.06842942832660057,0.0826294528094014,0.02114089851879055
1,69,-0.06857020443138695,0.08247031460399071,0.022254865956665443
1,70,-0.06857020443138695,0.08247031460399071,0.022254865956665443
1,71,-0.06860080793242747,0.08267229771085813,0.02210796915167095
1,72,-0.06861917003305178,0.08267841841106623,0.021887623944179212
1,73,-0.06861917003305178,0.0829477292202228,0.021391847227322805
1,74,-0.06837434202472763,0.0829477292202228,0.021391847227322805
1,75,-0.06857632513159505,0.08268453911127432,0.021618313135022646
1,76,-0.0686497735340923,0.08245195250336639,0.0218631411433468
1,77,-0.0686497735340923,0.08245195250336639,0.0218631411433468
1,78,-0.06839270412535195,0.08272738401273105,0.021189864120455378
1,79,-0.06852123882972212,0.0826355735096095,0.02193046884563594
1,80,-0.06852123882972212,0.0826355735096095,0.02193046884563594
1,81,-0.06830089362223038,0.08277634961439588,0.022071244950422328
1,82,-0.06824580732035744,0.082488676704615,0.021514261231484883
1,83,-0.06824580732035744,0.082488676704615,0.021514261231484883
1,84,-0.06877218753825438,0.08240910760190966,0.021844779042722487
1,85,-0.06874158403721385,0.08280695311543641,0.021973313747092667
1,86,-0.06846003182764107,0.0824825560044069,0.02243848696290856
1,87,-0.06846003182764107,0.0824825560044069,0.02243848696290856
1,88,-0.06841106622597624,0.08247031460399071,0.021440812828987636
1,89,-0.06844166972701678,0.08268453911127432,0.021795813441057656
1,90,-0.06844166972701678,0.08268453911127432,0.021795813441057656
1,91,-0.0683253764230628,0.08267841841106623,0.02243848696290856
1,92,-0.0684967560288897,0.08237238340066103,0.02213857265271147
1,93,-0.0684967560288897,0.08237238340066103,0.02213857265271147
1,94,-0.0685028767290978,0.08266617701065002,0.022462969763740973
1,95,-0.06851511812951402,0.08256212510711225,0.022077365650630433
1,96,-0.06851511812951402,0.08256212510711225,0.022077365650630433
1,97,-0.06868037703513283,0.08268453911127432,0.021857020443138694
1,98,-0.06846615252784918,0.08251315950544742,0.02221814175541682
1,99,-0.06825804872077365,0.08261109070877708,0.021948830946260253
2,0,0.10013465540457829,-0.09294895336026442,0.060386828253152156
2,1,0.10013465540457829,-0.09294895336026442,0.060386828253152156
2,2,0.10011017260374586,-0.09286326355735096,0.06060105276043579
2,3,0.09990818949687844,-0.09279593585506182,0.06047863875627372
2,4,0.09990818949687844,-0.09279593585506182,0.06047863875627372
2,5,0.10006732770228914,-0.09283878075651855,0.060068551842330765
2,6,0.1001591382054107,-0.09282653935610233,0.05906475700820174
2,7,0.1001591382054107,-0.09282653935610233,0.05906475700820174
2,8,0.09997551719916759,-0.09268576325131596,0.06090708777084099
2,9,0.09997551719916759,-0.09279593585506182,0.059083119108826056
2,10,0.10021422450728364,-0.09316317786754805,0.06083976006855184
2,11,0.10021422450728364,-0.09316317786754805,0.06083976006855184
2,12,0.10003672420124862,-0.0927653323540213,0.059076998408617944
2,13,0.10000612070020812,-0.0929183498592239,0.060698983963765454
2,14,0.10000612070020812,-0.0929183498592239,0.060698983963765454
2,15,0.09987758599583793,-0.09283878075651855,0.05956665442526625
2,16,0.10020198310686743,-0.09274084955318888,0.05900967070632881
2,17,0.10020198310686743,-0.09274084955318888,0.05900967070632881
2,18,0.10025706940874035,-0.09269188395152406,0.060698983963765454
2,19,0.10003060350104051,-0.0930836087648427,0.06083363936834374
2,20,0.10003060350104051,-0.0930836087648427,0.06083363936834374
2,21,0.09998163789937568,-0.09272248745256458,0.059217774513404334
2,22,0.09975517199167586,-0.09307748806463459,0.05985432733504713
2,23,0.09975517199167586,-0.09307748806463459,0.05985432733504713
2,24,0.10020198310686743,-0.09287550495776717,0.06086424286938426
2,25,0.10011629330395397,-0.09267352185089975,0.06009303464316318
2,26,0.1001897417064512,-0.09309585016525891,0.0602950177500306
2,27,0.1001897417064512,-0.09309585016525891,0.0602950177500306
2,28,0.10012853470437018,-0.09285714285714286,0.060631656261476305
2,29,0.09990206879667034,-0.09269188395152406,0.06060105276043579
2,30,0.09990206879667034,-0.09269188395152406,0.06060105276043579
2,31,0.09993267229771086,-0.09264291834985923,0.06074182886522218
2,32,0.0999938792997919,-0.0929183498592239,0.05919941241278002
2,33,0.0999938792997919,-0.0929183498592239,0.05919941241278002
2,34,0.10012241400416208,-0.09261843554902681,0.058942343004039666
2,35,0.10007956910270535,-0.09285714285714286,0.06060105276043579
2,36,0.10007956910270535,-0.09285714285714286,0.06060105276043579
2,37,0.1000122414004162,-0.09269800465173215,0.06054596645856286
2,38,0.10001836210062431,-0.09266740115069164,0.059823723834006616
2,39,0.09996939649895949,-0.09298567756151303,0.06083976006855184
2,40,0.09996939649895949,-0.09298567756151303,0.06083976006855184
2,41,0.09987758599583793,-0.09281429795568613,0.06022156934753335
2,42,0.10026931080915658,-0.0926061941486106,0.060698983963765454
2,43,0.10026931080915658,-0.0926061941486106,0.060698983963765454
2,44,0.1,-0.09299791896192924,0.06071734606438976
2,45,0.10009181050312155,-0.09282041865589423,0.060754070265638394
2,46,0.10009181050312155,-0.09282041865589423,0.060754070265638394
2,47,0.10036112131227812,-0.09270412535194025,0.06060717346064389
2,48,0.10021422450728364,-0.09289998775859959,0.06059493206022769
2,49,0.10021422450728364,-0.09289998775859959,0.06059493206022769
2,50,0.10016525890561881,-0.09296731546088872,0.06037458685273596
2,51,0.10006732770228914,-0.09295507406047251,0.06048475945648182
2,52,0.10006732770228914,-0.09295507406047251,0.060227690047741464
2,53,0.10018362100624312,-0.09263679764965112,0.060227690047741464
2,54,0.09995103439833516,-0.09282041865589423,0.06019708654670094
2,55,0.1,-0.09281429795568613,0.05994613783816869
2,56,0.1,-0.09281429795568613,0.05994613783816869
2,57,0.10021422450728364,-0.09292447055943201,0.06073570816501408
2,58,0.10023870730811606,-0.09251438364548904,0.06083363936834374
2,59,0.10023870730811606,-0.09251438364548904,0.06083363936834374
2,60,0.10012853470437018,-0.09288774635818338,0.05926061941486106
2,61,0.10010405190353777,-0.09284490145672665,0.06055208715877096
2,62,0.10010405190353777,-0.09284490145672665,0.06055208715877096
2,63,0.09990206879667034,-0.09256946994736198,0.06015424164524421
2,64,0.09977965479250826,-0.0929367119598482,0.06057656995960338
2,65,0.09977965479250826,-0.0929367119598482,0.06057656995960338
2,66,0.10004284490145672,-0.09272248745256458,0.06074182886522218
2,67,0.10022034520749175,-0.0927775737544375,0.05918105031215572
2,68,0.10009793120332966,-0.09299179826172113,0.06031950055086301
2,69,0.10009793120332966,-0.09299179826172113,0.06031950055086301
2,70,0.10020810380707552,-0.09301016036234545,0.06023381074794957
2,71,0.10016525890561881,-0.09293059125964011,0.06087648426980047
2,72,0.10016525890561881,-0.09293059125964011,0.06087648426980047
2,73,0.10022034520749175,-0.0927592116538132,0.06006243114212266
2,74,0.09980413759334068,-0.09284490145672665,0.06077855306647081
2,75,0.09980413759334068,-0.09284490145672665,0.06077855306647081
2,76,0.10007956910270535,-0.09272248745256458,0.06104174317541927
2,77,0.10019586240665931,-0.09265515975027543,0.060852001468968055
2,78,0.10019586240665931,-0.09265515975027543,0.060852001468968055
2,79,0.10009793120332966,-0.09318153996817236,0.06062553556126821
2,80,0.09995103439833516,-0.09292447055943201,0.06076019096584649
2,81,0.09995103439833516,-0.09292447055943201,0.06076019096584649
2,82,0.10010405190353777,-0.09300403966213736,0.06065001836210062
2,83,0.10022034520749175,-0.09291222915901579,0.060417431754192674
2,84,0.1001591382054107,-0.09282041865589423,0.06073570816501408
2,85,0.1001591382054107,-0.09282041865589423,0.06073570816501408
2,86,0.1001530175052026,-0.09272860815277267,0.06058881136001959
2,87,0.09996327579875137,-0.09258171134777818,0.060754070265638394
2,88,0.09996327579875137,-0.09258171134777818,0.060754070265638394
2,89,0.09987146529562982,-0.09278981515485371,0.058942343004039666
2,90,0.09992655159750276,-0.0927592116538132,0.06003794834129025
2,91,0.09992655159750276,-0.0927592116538132,0.06003794834129025
2,92,0.1001530175052026,-0.09286938425755906,0.06072346676459787
2,93,0.1001591382054107,-0.09279593585506182,0.060882604970008566
2,94,0.1001591382054107,-0.09279593585506182,0.060882604970008566
2,95,0.10006732770228914,-0.09285714285714286,0.060656139062308725
2,96,0.10033663851144572,-0.0927714530542294,0.06080303586730322
2,97,0.10012853470437018,-0.09281429795568613,0.06063777696168442
2,98,0.10012853470437018,-0.09281429795568613,0.06063777696168442
2,99,0.10006732770228914,-0.0926061941486106,0.060172603745868525
3,0,-0.09203084832904884,-0.0554719059860448,0.02689435671440813
3,1,-0.09173705471905987,-0.05563716489166361,0.02672297710858122
3,2,-0.09173705471905987,-0.05563716489166361,0.02672297710858122
3,3,-0.09179214102093279,-0.05536173338229894,0.026765822010037948
3,4,-0.09203084832904884,-0.05560044069041499,0.02689435671440813
3,5,-0.09203084832904884,-0.05560044069041499,0.02689435671440813
3,6,-0.09197576202717592,-0.055692251193536546,0.0268453911127433
3,7,-0.0919696413269678,-0.05542294038437997,0.026729097808789327
3,8,-0.0919696413269678,-0.05542294038437997,0.026729097808789327
3,9,-0.09190843432488677,-0.055484147386461014,0.026784184110662263
3,10,-0.09214102093279472,-0.05536173338229894,0.026582201003794836
3,11,-0.09214102093279472,-0.0556310441914555,0.02667401150691639
3,12,-0.0919696413269678,-0.0556310441914555,0.02667401150691639
3,13,-0.09204308972946505,-0.055698371893744644,0.026851511812951402
3,14,-0.09178602032072469,-0.055539233688333946,0.027035132819194518
3,15,-0.09178602032072469,-0.055539233688333946,0.027035132819194518
3,16,-0.09179826172114089,-0.05544742318521238,0.02709021912106745
3,17,-0.09200636552821642,-0.055698371893744644,0.026784184110662263
3,18,-0.09200636552821642,-0.055698371893744644,0.026784184110662263
3,19,-0.09175541681968417,-0.05575957889582568,0.026716856408373117
3,20,-0.09198188272738402,-0.055398457583547556,0.026924960215448646
3,21,-0.09198188272738402,-0.055398457583547556,0.026924960215448646
3,22,-0.09200024482800832,-0.05544742318521238,0.02677194271024605
3,23,-0.09204921042967315,-0.055545354388542044,0.026741339209205534
3,24,-0.09204921042967315,-0.055294405680009796,0.026729097808789327
3,25,-0.09184110662259762,-0.055294405680009796,0.026729097808789327
3,26,-0.09191455502509487,-0.05553311298812584,0.026820908311910883
3,27,-0.09203084832904884,-0.055306647080426,0.0266862529073326
3,28,-0.09203084832904884,-0.055306647080426,0.0266862529073326
3,29,-0.09193291712571919,-0.05582078589790672,0.026729097808789327
3,30,-0.09192067572530296,-0.05549638878687722,0.026765822010037948
3,31,-0.09192067572530296,-0.05549638878687722,0.026765822010037948
3,32,-0.09204308972946505,-0.055410698983963766,0.027016770718570206
3,33,-0.09198188272738402,-0.055545354388542044,0.026729097808789327
3,34,-0.09198188272738402,-0.055545354388542044,0.026729097808789327
3,35,-0.09231240053862162,-0.05549638878687722,0.026839270412535192
3,36,-0.09210429673154609,-0.055300526380217895,0.026729097808789327
3,37,-0.09210429673154609,-0.055300526380217895,0.026961684416697267
3,38,-0.09198800342759211,-0.055612682090831186,0.026961684416697267
3,39,-0.09220834863508386,-0.05544742318521238,0.026820908311910883
3,40,-0.0917798996205166,-0.055900355000612065,0.02657608030358673
3,41,-0.0917798996205166,-0.055900355000612065,0.02657608030358673
3,42,-0.09223283143591628,-0.0556310441914555,0.026784184110662263
3,43,-0.09224507283633247,-0.05542294038437997,0.026692373607540704
3,44,-0.09224507283633247,-0.05542294038437997,0.026692373607540704
3,45,-0.09200636552821642,-0.05556371648916636,0.026765822010037948
3,46,-0.09206757253029747,-0.0554657852858367,0.02666177010650018
3,47,-0.09206757253029747,-0.0554657852858367,0.02666177010650018
3,48,-0.09189619292447056,-0.05571673399436896,0.02666789080670829
3,49,-0.09179826172114089,-0.05556371648916636,0.026857632513159507
3,50,-0.09179826172114089,-0.05556371648916636,0.026857632513159507
3,51,-0.09184110662259762,-0.055655526992287915,0.026857632513159507
3,52,-0.0919696413269678,-0.05551475088750153,0.02672297710858122
3,53,-0.09175541681968417,-0.05556371648916636,0.026680132207124497
3,54,-0.09175541681968417,-0.05556371648916636,0.026680132207124497
3,55,-0.09193291712571919,-0.05553311298812584,0.026875994613783816
3,56,-0.09206145183008936,-0.055294405680009796,0.02702289141877831
3,57,-0.09206145183008936,-0.055294405680009796,0.02702289141877831
3,58,-0.09207369323050557,-0.05542294038437997,0.02681478761170278
3,59,-0.09218386583425145,-0.05538009548292324,0.026765822010037948
3,60,-0.09218386583425145,-0.05538009548292324,0.026765822010037948
3,61,-0.09219610723466765,-0.05552699228791774,0.026765822010037948
3,62,-0.09193291712571919,-0.055539233688333946,0.026943322316072958
3,63,-0.09193291712571919,-0.055539233688333946,0.026943322316072958
3,64,-0.09202472762884074,-0.05556983718937446,0.02666177010650018
3,65,-0.09197576202717592,-0.05571061329416085,0.027010650018362097
3,66,-0.09201860692863265,-0.05528828497980169,0.026643408005875873
3,67,-0.09201860692863265,-0.05528828497980169,0.026643408005875873
3,68,-0.09198800342759211,-0.055765699596033794,0.026692373607540704
3,69,-0.09222059003550007,-0.055484147386461014,0.026637287305667768
3,70,-0.09222059003550007,-0.055484147386461014,0.026637287305667768
3,71,-0.09173093401885177,-0.055441302485004285,0.02691271881503244
3,72,-0.0919696413269678,-0.055429061084588074,0.027010650018362097
3,73,-0.0919696413269678,-0.055429061084588074,0.027010650018362097
3,74,-0.09203084832904884,-0.05536173338229894,0.02656995960337863
3,75,-0.09209817603133799,-0.05550863018729343,0.026869873913575714
3,76,-0.09209817603133799,-0.05550863018729343,0.026869873913575714
3,77,-0.09201248622842453,-0.05544742318521238,0.026869873913575714
3,78,-0.09188395152405435,-0.05557595788958257,0.02699228791773779
3,79,-0.09221446933529195,-0.05552087158770963,0.026943322316072958
3,80,-0.09221446933529195,-0.05552087158770963,0.026943322316072958
3,81,-0.09207981393071367,-0.05538009548292324,0.02686375321336761
3,82,-0.09192679642551108,-0.055429061084588074,0.026747459909413636
3,83,-0.09192679642551108,-0.055429061084588074,0.026747459909413636
3,84,-0.09207981393071367,-0.05538621618313135,0.026710735708165012
3,85,-0.09206145183008936,-0.055453543885420495,0.026698494307748805
3,86,-0.09206145183008936,-0.055453543885420495,0.026698494307748805
3,87,-0.09185946872322194,-0.055484147386461014,0.026875994613783816
3,88,-0.09207981393071367,-0.05536173338229894,0.026735218508997426
3,89,-0.09207981393071367,-0.05536173338229894,0.026735218508997426
3,90,-0.09204921042967315,-0.055680009793120336,0.02731668502876729
3,91,-0.09191455502509487,-0.05550250948708533,0.026698494307748805
3,92,-0.09182886522218142,-0.055429061084588074,0.026808666911494677
3,93,-0.09182886522218142,-0.055429061084588074,0.026808666911494677
3,94,-0.09210429673154609,-0.055545354388542044,0.026827029012118985
3,95,-0.09207369323050557,-0.05549026808666911,0.026741339209205534
3,96,-0.09207369323050557,-0.05549026808666911,0.026741339209205534
3,97,-0.0919573999265516,-0.05551475088750153,0.026851511812951402
3,98,-0.09203084832904884,-0.05579018239686621,0.026790304810870365
3,99,-0.09203084832904884,-0.05579018239686621,0.026790304810870365
