values,,Magnetometer,Magnetometer,Magnetometer
axis,,x,y,z
Sensor,Sample,,,
0,0,0.029471171502019833,0.06210062431142123,0.0051413881748071984
0,1,0.029336516097441544,0.06201493450850777,0.004786387562737178
0,2,0.029428326600563104,0.0617395029991431,0.004970008568980291
0,3,0.029428326600563104,0.0617395029991431,0.004970008568980291
0,4,0.02948953360264414,0.061733382298935005,0.005171991675847717
0,5,0.029642551107846738,0.06191700330517811,0.004865956665442527
0,6,0.029642551107846738,0.06191700330517811,0.004865956665442527
0,7,0.02970987881013588,0.06211286571183744,0.005539233688333946
0,8,0.029654792508262945,0.061868037703513276,0.005276043579385482
0,9,0.029654792508262945,0.061868037703513276,0.005276043579385482
0,10,0.029636430407638636,0.0620455380095483,0.0053494919818827275
0,11,0.029495654302852246,0.06198433100746725,0.005282164279593585
0,12,0.029495654302852246,0.06198433100746725,0.005282164279593585
0,13,0.029771085812216918,0.061806830701432246,0.005067939772309953
0,14,0.02953237850410087,0.06207002081038071,0.0052331986779287545
0,15,0.02953237850410087,0.06207002081038071,0.0052331986779287545
0,16,0.029514016403476555,0.061733382298935005,0.005012853470437019
0,17,0.029538499204308972,0.06198433100746725,0.004547680254621129
0,18,0.029538499204308972,0.06198433100746725,0.004547680254621129
0,19,0.029636430407638636,0.06201493450850777,0.005380095482923246
0,20,0.02935487819806586,0.062094503611213124,0.005655526992287918
0,21,0.02935487819806586,0.062094503611213124,0.005655526992287918
0,22,0.029422205900355002,0.06190476190476191,0.005251560778553066
0,23,0.029416085200146897,0.06178846860080793,0.004572163055453543
0,24,0.029416085200146897,0.06213734851266985,0.005300526380217897
0,25,0.02953237850410087,0.06213734851266985,0.005300526380217897
0,26,0.029367119598482067,0.061935365405802426,0.0051230260741828865
0,27,0.029514016403476555,0.06195984820663484,0.004945525768147876
0,28,0.029514016403476555,0.06195984820663484,0.004945525768147876
0,29,0.029526257803892765,0.06196596890684294,0.005239319378136859
0,30,0.02939160239931448,0.062223038315583304,0.005318888480842209
0,31,0.02939160239931448,0.062223038315583304,0.005318888480842209
0,32,0.02962418900722243,0.061849675602888975,0.005269922879177378
0,33,0.029477292202227934,0.06177010650018362,0.00533725058146652
0,34,0.029477292202227934,0.06177010650018362,0.00533725058146652
0,35,0.029703758109927775,0.061935365405802426,0.0055943199902068795
0,36,0.02943444730077121,0.06178846860080793,0.005202595176888236
0,37,0.02943444730077121,0.06178846860080793,0.005202595176888236
0,38,0.029526257803892765,0.06196596890684294,0.005380095482923246
0,39,0.02953237850410087,0.06199657240788346,0.0054596645856285955
0,40,0.02953237850410087,0.06199657240788346,0.0054596645856285955
0,41,0.02948953360264414,0.06201493450850777,0.005453543885420492
0,42,0.02962418900722243,0.06183131350226466,0.005012853470437019
0,43,0.02962418900722243,0.06183131350226466,0.005012853470437019
0,44,0.02953237850410087,0.062008813808299666,0.005135267474599094
0,45,0.029330395397233443,0.06181907210184845,0.005318888480842209
0,46,0.029330395397233443,0.06181907210184845,0.005343371281674623
0,47,0.029520137103684663,0.061910882604970005,0.005343371281674623
0,48,0.029544619904517077,0.06200269310809157,0.005043456971477537
0,49,0.02962418900722243,0.061806830701432246,0.005190353776472029
0,50,0.02962418900722243,0.061806830701432246,0.005190353776472029
0,51,0.029514016403476555,0.06177622720039172,0.004645611457950789
0,52,0.029611947606806216,0.061837434202472764,0.004798628963153384
0,53,0.029611947606806216,0.061837434202472764,0.004798628963153384
0,54,0.029207981393071368,0.06197208960705105,0.004908801566899253
0,55,0.029416085200146897,0.06170277879789447,0.005171991675847717
0,56,0.029416085200146897,0.06170277879789447,0.005171991675847717
0,57,0.029593585506181908,0.0620577794099645,0.005165870975639613
0,58,0.02940384379973069,0.06207614151058881,0.005447423185212389
0,59,0.02940384379973069,0.06207614151058881,0.005447423185212389
0,60,0.02948953360264414,0.0620639001101726,0.005318888480842209
0,61,0.02931203329660913,0.061794589301016035,0.005074060472518056
0,62,0.02931203329660913,0.061794589301016035,0.005074060472518056
0,63,0.029654792508262945,0.061800710001224134,0.005435181784796181
0,64,0.029342636797649653,0.06198433100746725,0.00487207736565063
0,65,0.02944668870118742,0.0620455380095483,0.005202595176888236
0,66,0.02944668870118742,0.0620455380095483,0.005202595176888236
0,67,0.029293671195984822,0.062039417309340185,0.004921042967315461
0,68,0.029495654302852246,0.06203329660913208,0.005043456971477537
0,69,0.029495654302852246,0.06203329660913208,0.005043456971477537
0,70,0.029740482311176396,0.06178234790059983,0.004884318766066838
0,71,0.029587464805973802,0.061953727506426734,0.005037336271269433
0,72,0.029587464805973802,0.061953727506426734,0.005037336271269433
0,73,0.02953237850410087,0.06189864120455381,0.00520871587709634
0,74,0.02939772309952259,0.06202105520871588,0.005245440078344963
0,75,0.02939772309952259,0.06202105520871588,0.005245440078344963
0,76,0.029715999510343982,0.06170277879789447,0.00520871587709634
0,77,0.029318153996817236,0.06175174439955931,0.0048965601664830456
0,78,0.029318153996817236,0.06175174439955931,0.0048965601664830456
0,79,0.029471171502019833,0.06202717590892398,0.005153629575223405
0,80,0.029495654302852246,0.061910882604970005,0.004994491369812707
0,81,0.029495654302852246,0.061910882604970005,0.004994491369812707
0,82,0.029526257803892765,0.06186191700330518,0.005074060472518056
0,83,0.029477292202227934,0.06203329660913208,0.0054657852858367
0,84,0.029477292202227934,0.06203329660913208,0.0054657852858367
0,85,0.02967927530909536,0.06172726159872689,0.005171991675847717
0,86,0.029569102705349494,0.06196596890684294,0.005276043579385482
0,87,0.029648671808054843,0.061800710001224134,0.0051413881748071984
0,88,0.029648671808054843,0.061800710001224134,0.0051413881748071984
0,89,0.02935487819806586,0.061806830701432246,0.005086301872934264
0,90,0.02944056800097931,0.06198433100746725,0.004982249969396499
0,91,0.02944056800097931,0.06198433100746725,0.004982249969396499
0,92,0.02939160239931448,0.0620639001101726,0.005429061084588077
0,93,0.029458930101603626,0.06197208960705105,0.004945525768147876
0,94,0.029458930101603626,0.06197208960705105,0.004945525768147876
0,95,0.029605826906598114,0.0620639001101726,0.005110784673766679
0,96,0.029501775003060348,0.06195984820663484,0.005392336883339454
0,97,0.029501775003060348,0.06195984820663484,0.005392336883339454
0,98,0.029740482311176396,0.06191700330517811,0.005104663973558575
0,99,0.029654792508262945,0.061978210307259154,0.0054596645856285955
1,0,-0.045452319745378875,0.06724813318643653,0.017615375198922756
1,1,-0.045825682458073204,0.0668808911739503,0.017456236993512057
1,2,-0.045825682458073204,0.0668808911739503,0.017456236993512057
1,3,-0.045813441057656994,0.06707063288040152,0.017499081894968786
1,4,-0.04564818215203819,0.06733382298934998,0.018111151915779163
1,5,-0.04564818215203819,0.06733382298934998,0.018111151915779163
1,6,-0.04564818215203819,0.06753580609621741,0.01726649528706084
1,7,-0.04555637164891664,0.06708287428081773,0.01673399436895581
1,8,-0.04555637164891664,0.06708287428081773,0.01673399436895581
1,9,-0.045684906353286814,0.067040029379361,0.017254253886644633
1,10,-0.04551352674745991,0.06723589178602032,0.017388909291222915
1,11,-0.04578895825682458,0.06729097808789325,0.01699106377769617
1,12,-0.04578895825682458,0.06729097808789325,0.01699106377769617
1,13,-0.04578283755661648,0.06709511568123393,0.016844166972701677
1,14,-0.045354388542049213,0.0673583057901824,0.01738278859101481
1,15,-0.045354388542049213,0.0673583057901824,0.01738278859101481
1,16,-0.04570326845391113,0.06728485738768515,0.017064512180193413
1,17,-0.045580854449749054,0.06738890929122292,0.017242012486228427
1,18,-0.045580854449749054,0.06738890929122292,0.017242012486228427
1,19,-0.04560533725058147,0.06717468478393929,0.016935977475823233
1,20,-0.04564818215203819,0.06731546088872567,0.01731546088872567
1,21,-0.04564818215203819,0.06731546088872567,0.01731546088872567
1,22,-0.04611335536785408,0.0670522707797772,0.017260374586852735
1,23,-0.04548904394662749,0.06737666789080671,0.017260374586852735
1,24,-0.045482923246419386,0.06723589178602032,0.016905373974782714
1,25,-0.045482923246419386,0.06723589178602032,0.016905373974782714
1,26,-0.04562982005141388,0.06732158158893378,0.017033908679152894
1,27,-0.045807320357448895,0.06699718447790427,0.017162443383523074
1,28,-0.045807320357448895,0.06699718447790427,0.017162443383523074
1,29,-0.04554413024850043,0.06692985677561512,0.01705839147998531
1,30,-0.04572775125474354,0.06748684049455259,0.01715632268331497
1,31,-0.04572775125474354,0.06748684049455259,0.01715632268331497
1,32,-0.045795078957032685,0.06729709878810136,0.017040029379361
1,33,-0.04573387195495164,0.06729709878810136,0.01795813441057657
1,34,-0.04573387195495164,0.06729709878810136,0.01795813441057657
1,35,-0.04564818215203819,0.06722977108581221,0.017725547802668627
1,36,-0.0456604235524544,0.06738890929122292,0.017645978699963275
1,37,-0.04551352674745991,0.06728485738768515,0.01765209940017138
1,38,-0.04551352674745991,0.06728485738768515,0.01765209940017138
1,39,-0.045538009548292326,0.06690537397478272,0.017456236993512057
1,40,-0.0456604235524544,0.06727261598726894,0.01741339209205533
1,41,-0.0456604235524544,0.06727261598726894,0.01741339209205533
1,42,-0.045678785653078716,0.06730321948830946,0.017584771697882237
1,43,-0.04558697514995715,0.06718080548414739,0.017805116905373973
1,44,-0.04558697514995715,0.06718080548414739,0.017805116905373973
1,45,-0.045482923246419386,0.06715632268331498,0.017970375810992777
1,46,-0.0455012853470437,0.06702778797894479,0.01755416819684172
1,47,-0.0455012853470437,0.06702778797894479,0.01755416819684172
1,48,-0.045666544252662505,0.06760313379850655,0.01767046150079569
1,49,-0.04576447545599217,0.06730934018851756,0.017419512792263437
1,50,-0.0456604235524544,0.06729709878810136,0.017511323295384993
1,51,-0.0456604235524544,0.06729709878810136,0.017511323295384993
1,52,-0.04591749296119476,0.0668808911739503,0.017805116905373973
1,53,-0.04545844044558697,0.06724813318643653,0.01786020320724691
1,54,-0.04545844044558697,0.06724813318643653,0.01786020320724691
1,55,-0.04583180315828131,0.06728485738768515,0.01790916880891174
1,56,-0.045752234055575956,0.06718692618435548,0.017205288284979803
1,57,-0.045752234055575956,0.06718692618435548,0.017205288284979803
1,58,-0.04583180315828131,0.06748071979434447,0.017040029379361
1,59,-0.045623699351205776,0.0668931325743665,0.017254253886644633
1,60,-0.045623699351205776,0.0668931325743665,0.017254253886644633
1,61,-0.04583180315828131,0.0673827885910148,0.017021667278736687
1,62,-0.04553188884808422,0.0668931325743665,0.017407271391847227
1,63,-0.04574611335536786,0.06698494307748806,0.017505202595176888
1,64,-0.04574611335536786,0.06698494307748806,0.017505202595176888
1,65,-0.04574611335536786,0.06730934018851756,0.01710735708165014
1,66,-0.0454951646468356,0.06722365038560411,0.017529685396009305
1,67,-0.0454951646468356,0.06722365038560411,0.017529685396009305
1,68,-0.045525768147876115,0.06726649528706083,0.017645978699963275
1,69,-0.04570326845391113,0.06726649528706083,0.017762272003917248
1,70,-0.04570326845391113,0.06726649528706083,0.017762272003917248
1,71,-0.04585628595911372,0.06729097808789325,0.01762149589913086
1,72,-0.0455012853470437,0.06734606438976619,0.01749296119476068
1,73,-0.045795078957032685,0.06697882237727995,0.017370547190598603
1,74,-0.045795078957032685,0.06697882237727995,0.017370547190598603
1,75,-0.04583792385848941,0.06727261598726894,0.017768392704125353
1,76,-0.045697147753703024,0.06745623699351205,0.01775003060350104
1,77,-0.045697147753703024,0.06745623699351205,0.01775003060350104
1,78,-0.04573999265515975,0.06726649528706083,0.01783572040641449
1,79,-0.04572775125474354,0.06710123638144204,0.017456236993512057
1,80,-0.04572775125474354,0.06710123638144204,0.017456236993512057
1,81,-0.04548904394662749,0.06697882237727995,0.0173644264903905
1,82,-0.04585628595911372,0.06705839147998531,0.017719427102460522
1,83,-0.04585628595911372,0.06705839147998531,0.017719427102460522
1,84,-0.04573387195495164,0.06735218508997429,0.017456236993512057
1,85,-0.04564206145183009,0.06725425388664463,0.017162443383523074
1,86,-0.04556249234912474,0.06700330517811237,0.017633737299547068
1,87,-0.04556249234912474,0.06700330517811237,0.017633737299547068
1,88,-0.04583792385848941,0.067217529685396,0.016905373974782714
1,89,-0.04575835475578406,0.06691149467499083,0.01743787489288775
1,90,-0.04575835475578406,0.06691149467499083,0.01743787489288775
1,91,-0.04584404455869752,0.06743175419267963,0.017462357693720162
1,92,-0.045568613049332844,0.06741951279226344,0.017590892398090342
1,93,-0.045568613049332844,0.06741951279226344,0.017590892398090342
1,94,-0.04583180315828131,0.06748684049455259,0.017419512792263437
1,95,-0.045623699351205776,0.06730321948830946,0.017309340188517566
1,96,-0.045623699351205776,0.06730321948830946,0.017309340188517566
1,97,-0.04583180315828131,0.0670461500795691,0.016587097563961317
1,98,-0.045752234055575956,0.06707675358060963,0.01699106377769617
1,99,-0.045893010160362346,0.0668992532745746,0.017229771085812216
2,0,0.0892336883339454,-0.06432855918717101,0.07649039050067327
2,1,0.08931325743665075,-0.06464071489778431,0.07521728485738768
2,2,0.0895458440445587,-0.06470192189986534,0.07497857754927165
2,3,0.0895458440445587,-0.06470192189986534,0.07497857754927165
2,4,0.08952748194393438,-0.0646345941975762,0.07655771820296242
2,5,0.08960705104663974,-0.06470804260007344,0.075413147264047
2,6,0.08960705104663974,-0.06470804260007344,0.075413147264047
2,7,0.08957032684539111,-0.0647876117027788,0.07653323540213
2,8,0.08937446443873179,-0.06444485249112498,0.07578038927653323
2,9,0.08937446443873179,-0.06444485249112498,0.07578038927653323
2,10,0.08946627494185336,-0.0646284734973681,0.07639857999755172
2,11,0.08949687844289386,-0.06468355979924104,0.07538254376300649
2,12,0.08949687844289386,-0.06441424899008447,0.07635573509609499
2,13,0.08939282653935611,-0.06441424899008447,0.07635573509609499
2,14,0.08960705104663974,-0.06438364548904395,0.07530909536050924
2,15,0.089386705839148,-0.06432855918717101,0.07653935610233811
2,16,0.089386705839148,-0.06432855918717101,0.07653935610233811
2,17,0.08909903292936712,-0.06446933529195739,0.07493573264781492
2,18,0.08966213734851267,-0.06445097319133308,0.07407883461868038
2,19,0.08966213734851267,-0.06445097319133308,0.07407883461868038
2,20,0.08962541314726405,-0.06448157669237362,0.07657608030358673
2,21,0.08933774023748317,-0.06402252417676582,0.0741400416207614
2,22,0.08933774023748317,-0.06402252417676582,0.0741400416207614
2,23,0.08952136124372628,-0.06434080058758722,0.07630064879422206
2,24,0.08946015424164525,-0.06435304198800343,0.07419512792263436
2,25,0.08946015424164525,-0.06435304198800343,0.07419512792263436
2,26,0.08936222303831558,-0.06480597380340311,0.07521728485738768
2,27,0.08946627494185336,-0.06445097319133308,0.07624556249234912
2,28,0.08947851634226955,-0.06440200758966826,0.07630676949443016
2,29,0.08947851634226955,-0.06440200758966826,0.07630676949443016
2,30,0.08956420614518301,-0.06431631778675481,0.07479495654302852
2,31,0.08966825804872078,-0.06460399069653569,0.07606806218631411
2,32,0.08966825804872078,-0.06460399069653569,0.07606806218631411
2,33,0.08949687844289386,-0.0646345941975762,0.07464805973803404
2,34,0.08916636063165626,-0.06439588688946016,0.07496633614885542
2,35,0.08916636063165626,-0.06439588688946016,0.07496633614885542
2,36,0.08928265393561023,-0.06435916268821154,0.07645366629942466
2,37,0.08957032684539111,-0.0642857142857143,0.07503978455135267
2,38,0.08957032684539111,-0.0642857142857143,0.07503978455135267
2,39,0.0895519647447668,-0.06450605949320602,0.07631289019463827
2,40,0.08947851634226955,-0.06437752478883584,0.07635573509609499
2,41,0.08947851634226955,-0.06437752478883584,0.07652711470192189
2,42,0.08958868894601543,-0.06450605949320602,0.07652711470192189
2,43,0.08943567144081283,-0.06449381809278981,0.07624556249234912
2,44,0.0892275676337373,-0.06462235279716,0.07627616599338964
2,45,0.0892275676337373,-0.06462235279716,0.07627616599338964
2,46,0.08912351573019953,-0.06462235279716,0.07551719916758477
2,47,0.08953360264414248,-0.06453054229403844,0.07593952748194394
2,48,0.08953360264414248,-0.06453054229403844,0.07593952748194394
2,49,0.08928265393561023,-0.06453054229403844,0.07631901089484637
2,50,0.08942343004039663,-0.06462235279716,0.07578038927653323
2,51,0.08942343004039663,-0.06462235279716,0.07578038927653323
2,52,0.08933161953727506,-0.0647692496021545,0.07638021789692741
2,53,0.08947239564206146,-0.06444485249112498,0.07518668135634717
2,54,0.08947239564206146,-0.06444485249112498,0.07518668135634717
2,55,0.08956420614518301,-0.06442036969029256,0.07644142489900844
2,56,0.08942955074060473,-0.06453666299424654,0.07625780389276533
2,57,0.08945403354143713,-0.06434080058758722,0.07584771697882238
2,58,0.08945403354143713,-0.06434080058758722,0.07584771697882238
2,59,0.08939282653935611,-0.0644632145917493,0.07644754559921654
2,60,0.08920920553311298,-0.06445097319133308,0.07521728485738768
2,61,0.08920920553311298,-0.06445097319133308,0.07521728485738768
2,62,0.08951524054351818,-0.06437752478883584,0.07606194148610601
2,63,0.08930713673644265,-0.06448769739258171,0.07565185457216306
2,64,0.08930713673644265,-0.06448769739258171,0.07565185457216306
2,65,0.08945403354143713,-0.06471416330028155,0.0750826294528094
2,66,0.08933774023748317,-0.06468355979924104,0.07576814787611703
2,67,0.08949075774268576,-0.06419390378259274,0.07627004529318154
2,68,0.08949075774268576,-0.06419390378259274,0.07627004529318154
2,69,0.08963765454768026,-0.06457338719549517,0.07520504345697147
2,70,0.08942955074060473,-0.06454890439466275,0.07639245929734362
2,71,0.08942955074060473,-0.06454890439466275,0.07639245929734362
2,72,0.08936834373852369,-0.06464683559799242,0.0749296119476068
2,73,0.08958868894601543,-0.06429795568613049,0.07446443873179091
2,74,0.08958868894601543,-0.06429795568613049,0.07446443873179091
2,75,0.08961929244705594,-0.06432855918717101,0.07637409719671931
2,76,0.08957644754559921,-0.06424286938425756,0.07638633859713552
2,77,0.08957644754559921,-0.06424286938425756,0.07638633859713552
2,78,0.08963153384747216,-0.06451218019341412,0.07641694209817604
2,79,0.08931325743665075,-0.06449993879299792,0.07630676949443016
2,80,0.08931325743665075,-0.06449993879299792,0.07628840739380585
2,81,0.089386705839148,-0.06452442159383034,0.07628840739380585
2,82,0.08944791284122904,-0.06476312890194638,0.07611702778797894
2,83,0.08933774023748317,-0.06442036969029256,0.07650263190108948
2,84,0.08933774023748317,-0.06442036969029256,0.07650263190108948
2,85,0.08929489533602644,-0.0646284734973681,0.07638021789692741
2,86,0.08946627494185336,-0.06483045660423552,0.0765087526012976
2,87,0.08946627494185336,-0.06483045660423552,0.0765087526012976
2,88,0.08933161953727506,-0.06452442159383034,0.07613538988860326
2,89,0.08932549883706696,-0.06446933529195739,0.07547435426612804
2,90,0.08932549883706696,-0.06446933529195739,0.07547435426612804
2,91,0.08957644754559921,-0.06430407638633859,0.07402374831680744
2,92,0.08951524054351818,-0.06459786999632758,0.07487452564573387
2,93,0.08951524054351818,-0.06459786999632758,0.07487452564573387
2,94,0.08936834373852369,-0.06410821397967928,0.07638633859713552
2,95,0.08934998163789938,-0.06456114579507896,0.07622107969151672
2,96,0.0895519647447668,-0.06429795568613049,0.07666177010650019
2,97,0.0895519647447668,-0.06429795568613049,0.07666177010650019
2,98,0.08943567144081283,-0.06451218019341412,0.07579875137715755
2,99,0.08949075774268576,-0.06448157669237362,0.07630676949443016
3,0,-0.08414738646101114,-0.036779287550495775,0.03845023870730811
3,1,-0.08414738646101114,-0.036779287550495775,0.03845023870730811
3,2,-0.08428816256579753,-0.0366446321459175,0.03873791161708899
3,3,-0.08427592116538132,-0.03644264903905007,0.0384257559064757
3,4,-0.08429428326600563,-0.03671195984820663,0.03834006610356225
3,5,-0.08429428326600563,-0.03671195984820663,0.03834006610356225
3,6,-0.08428816256579753,-0.036779287550495775,0.03852368710980536
3,7,-0.08412290366017873,-0.03677316685028768,0.038303341902313624
3,8,-0.08412290366017873,-0.03677316685028768,0.038303341902313624
3,9,-0.08420247276288408,-0.03673032194883095,0.038346186803770346
3,10,-0.0842514383645489,-0.036760925449871466,0.03822377279960827
3,11,-0.0842514383645489,-0.036760925449871466,0.03822377279960827
3,12,-0.08412290366017873,-0.036822132451952504,0.03828497980168931
3,13,-0.08414738646101114,-0.03698739135757131,0.03860325621251071
3,14,-0.08414738646101114,-0.03698739135757131,0.03860325621251071
3,15,-0.08414126576080304,-0.03712204676214959,0.03836454890439466
3,16,-0.08426980046517321,-0.036650752846125595,0.03822377279960827
3,17,-0.08415962786142735,-0.03677316685028768,0.03849920430897295
3,18,-0.08415962786142735,-0.03677316685028768,0.03849920430897295
3,19,-0.08434324886767046,-0.0368098910515363,0.03820541069898396
3,20,-0.08419635206267598,-0.03691394295507406,0.03812584159627862
3,21,-0.08419635206267598,-0.03691394295507406,0.03812584159627862
3,22,-0.08436773166850288,-0.03669971844779042,0.03852368710980536
3,23,-0.08434324886767046,-0.03671195984820663,0.03839515240543519
3,24,-0.08434324886767046,-0.03671195984820663,0.03839515240543519
3,25,-0.08443505937079201,-0.03678540825070388,0.03849308360876484
3,26,-0.08433712816746236,-0.03671195984820663,0.038627739013343126
3,27,-0.08433712816746236,-0.03671195984820663,0.038627739013343126
3,28,-0.08447178357204063,-0.036779287550495775,0.038389031705227075
3,29,-0.08452074917370547,-0.037005753458195616,0.0384196352062676
3,30,-0.08449626637287305,-0.03652221814175542,0.03822377279960827
3,31,-0.08449626637287305,-0.03652221814175542,0.03822377279960827
3,32,-0.08428204186558942,-0.03677316685028768,0.03852368710980536
3,33,-0.08413514506059493,-0.03687109805361734,0.038315583302729835
3,34,-0.08413514506059493,-0.03687109805361734,0.038315583302729835
3,35,-0.08419023136246787,-0.03678540825070388,0.038389031705227075
3,36,-0.08430652466642183,-0.0366568735463337,0.03847472150814053
3,37,-0.08430652466642183,-0.0366568735463337,0.03847472150814053
3,38,-0.08457583547557841,-0.03647937324029869,0.038456359407516225
3,39,-0.08448402497245686,-0.03698739135757131,0.03821765209940017
3,40,-0.08448402497245686,-0.03698739135757131,0.03821765209940017
3,41,-0.08431876606683805,-0.0368160117517444,0.03850532500918105
3,42,-0.0842330762639246,-0.03684049455257681,0.03832782470314604
3,43,-0.0842330762639246,-0.03684049455257681,0.03840739380585139
3,44,-0.0842330762639246,-0.0366568735463337,0.03840739380585139
3,45,-0.08428816256579753,-0.03662627004529318,0.03835230750397846
3,46,-0.08420859346309217,-0.036822132451952504,0.03862161831313502
3,47,-0.08420859346309217,-0.036822132451952504,0.03862161831313502
3,48,-0.08422083486350838,-0.0368098910515363,0.038346186803770346
3,49,-0.08422695556371648,-0.036920063655282165,0.038272738401273106
3,50,-0.08422695556371648,-0.036920063655282165,0.038272738401273106
3,51,-0.08428816256579753,-0.03675480474966336,0.03829722120210552
3,52,-0.08403721385726527,-0.03669971844779042,0.038401273105643285
3,53,-0.08403721385726527,-0.03669971844779042,0.038401273105643285
3,54,-0.08418411066225975,-0.03650997674133921,0.03851756640959726
3,55,-0.08430652466642183,-0.03674256334924715,0.0385910148120945
3,56,-0.08437385236871098,-0.036932305055698375,0.038358428204186557
3,57,-0.08437385236871098,-0.036932305055698375,0.038358428204186557
3,58,-0.08403109315705717,-0.03696290855673889,0.03853592851022157
3,59,-0.08433712816746236,-0.036975149957155104,0.03819928999877586
3,60,-0.08433712816746236,-0.036975149957155104,0.03819928999877586
3,61,-0.08436773166850288,-0.036932305055698375,0.03837066960460277
3,62,-0.08446566287183253,-0.03660178724446077,0.038315583302729835
3,63,-0.08446566287183253,-0.03660178724446077,0.038315583302729835
3,64,-0.08419635206267598,-0.03718937446443873,0.03845023870730811
3,65,-0.084257559064757,-0.03690170155465785,0.03824213490023259
3,66,-0.08428204186558942,-0.03690170155465785,0.038456359407516225
3,67,-0.08428204186558942,-0.03690170155465785,0.038456359407516225
3,68,-0.08436161096829478,-0.03668747704737422,0.03840739380585139
3,69,-0.08436773166850288,-0.03690170155465785,0.038119720896070505
3,70,-0.08436773166850288,-0.03690170155465785,0.038119720896070505
3,71,-0.08426980046517321,-0.03710368466152528,0.03855429061084588
3,72,-0.08419635206267598,-0.03685885665320113,0.03847472150814053
3,73,-0.08419635206267598,-0.03685885665320113,0.03847472150814053
3,74,-0.08434324886767046,-0.03660790794466887,0.03821765209940017
3,75,-0.08431876606683805,-0.03685885665320113,0.0385910148120945
3,76,-0.08431876606683805,-0.03685885665320113,0.0385910148120945
3,77,-0.08417798996205166,-0.036877218753825436,0.038315583302729835
3,78,-0.08436161096829478,-0.0368098910515363,0.03851144570938915
3,79,-0.08433712816746236,-0.036779287550495775,0.038389031705227075
3,80,-0.08433712816746236,-0.036779287550495775,0.038389031705227075
3,81,-0.08402497245684906,-0.03685885665320113,0.038187048598359655
3,82,-0.08417798996205166,-0.03669971844779042,0.03836454890439466
3,83,-0.08417798996205166,-0.03669971844779042,0.03836454890439466
3,84,-0.08409842085934631,-0.036864977353409226,0.03860325621251071
3,85,-0.084257559064757,-0.03692618435549026,0.03824213490023259
3,86,-0.084257559064757,-0.03692618435549026,0.03824213490023259
3,87,-0.08434324886767046,-0.03701187415840372,0.038444118007100014
3,88,-0.08440445586975151,-0.03674868404945526,0.03843799730689191
3,89,-0.08440445586975151,-0.03674868404945526,0.03843799730689191
3,90,-0.08428816256579753,-0.03669971844779042,0.0384257559064757
3,91,-0.08420859346309217,-0.03691394295507406,0.038303341902313624
3,92,-0.08420859346309217,-0.03690170155465785,0.038346186803770346
3,93,-0.08431876606683805,-0.03690170155465785,0.038346186803770346
3,94,-0.08420247276288408,-0.03658954584404456,0.03851144570938915
3,95,-0.08419635206267598,-0.03685273595299302,0.038266617701065
3,96,-0.08419635206267598,-0.03685273595299302,0.038266617701065
3,97,-0.08430040396621373,-0.03658342514383646,0.038144203696902926
3,98,-0.08439221446933529,-0.0369812706573632,0.038486962908556736
3,99,-0.08439221446933529,-0.0369812706573632,0.038486962908556736
