values,,Magnetometer,Magnetometer,Magnetometer
axis,,x,y,z
Sensor,Sample,,,
0,0,0.048928877463581835,0.06457950789570327,0.03223160729587465
0,1,0.049088015668992534,0.06438364548904395,0.032360142000244826
0,2,0.04921042967315461,0.06438364548904395,0.032360142000244826
0,3,0.04907577426857633,0.06454278369445464,0.03175419267964255
0,4,0.04911249846982495,0.06422450728363324,0.032390745501285345
0,5,0.048916636063165625,0.06437140408862774,0.032647814910025705
0,6,0.04902680866691149,0.06450605949320602,0.03265393561023381
0,7,0.04894111886399804,0.0641571795813441,0.032274452197331376
0,8,0.04910637776961684,0.06432855918717101,0.03231117639858
0,9,0.04910637776961684,0.06432855918717101,0.03231117639858
0,10,0.049130860570449256,0.06442036969029256,0.03207858979067205
0,11,0.04899620516587098,0.06438976618925205,0.032060227690047745
0,12,0.04894111886399804,0.06478149100257069,0.032305055698371894
0,13,0.049100257069408744,0.06432855918717101,0.03232953849920431
0,14,0.049198188272738405,0.0644570938915412,0.03236626270045293
0,15,0.04895336026441425,0.06445097319133308,0.03205410698983964
0,16,0.04921042967315461,0.06435916268821154,0.03273962541314727
0,17,0.049045170767535805,0.06440812828987637,0.03223160729587465
0,18,0.049045170767535805,0.06440812828987637,0.032158158893377406
0,19,0.04895336026441425,0.0644570938915412,0.032158158893377406
0,20,0.04905129146774391,0.0644754559921655,0.03235402130003672
0,21,0.049002325866079076,0.06469580119965725,0.03236626270045293
0,22,0.04902680866691149,0.06433467988737912,0.03218264169420982
0,23,0.04902680866691149,0.06457338719549517,0.03236626270045293
0,24,0.04907577426857633,0.06459174929611947,0.03221936589545844
0,25,0.048959480964622354,0.06446933529195739,0.032378504100869135
0,26,0.048879911861917,0.06450605949320602,0.032060227690047745
0,27,0.04902068796670339,0.06453666299424654,0.032164279593585504
0,28,0.04902068796670339,0.06456114579507896,0.03242746970253397
0,29,0.04899008446566287,0.06438364548904395,0.032519280205655525
0,30,0.04909413636920064,0.06435916268821154,0.032647814910025705
0,31,0.049130860570449256,0.06436528338841964,0.032390745501285345
0,32,0.04893499816378994,0.06448157669237362,0.03221936589545844
0,33,0.04914922267107357,0.06464683559799242,0.031931692985677565
0,34,0.04906965356836822,0.06420002448280084,0.03269678051169054
0,35,0.04881258415962786,0.06451830089362223,0.03234177989962052
0,36,0.04922267107357082,0.06451830089362223,0.03222548659566654
0,37,0.04922267107357082,0.06451830089362223,0.03222548659566654
0,38,0.049002325866079076,0.0644570938915412,0.03235402130003672
0,39,0.04899008446566287,0.06425511078467376,0.03236626270045293
0,40,0.04925939527481944,0.06451830089362223,0.03250703880523932
0,41,0.04897784306524666,0.06440200758966826,0.03234177989962052
0,42,0.04902680866691149,0.06458562859591137,0.0323172970987881
0,43,0.049155343371281676,0.06443873179091689,0.032145917492961196
0,44,0.04902068796670339,0.0644570938915412,0.03194393438609377
0,45,0.04906353286816012,0.06446933529195739,0.03224996939649896
0,46,0.04928999877585996,0.06459786999632758,0.032017382788591016
0,47,0.04905129146774391,0.06455502509487085,0.03217040029379361
0,48,0.04905129146774391,0.06422450728363324,0.03240910760190966
0,49,0.049045170767535805,0.06422450728363324,0.03240910760190966
0,50,0.04873301505692251,0.06472640470069776,0.03233565919941241
0,51,0.049155343371281676,0.06442036969029256,0.03207858979067205
0,52,0.048971722365038564,0.06426735218508997,0.032690659811482434
0,53,0.04902680866691149,0.06438364548904395,0.03217040029379361
0,54,0.04889215326233321,0.06444485249112498,0.03220712449504223
0,55,0.04911249846982495,0.06446933529195739,0.03254376300648794
0,56,0.049130860570449256,0.06436528338841964,0.03226833149712327
0,57,0.0490329293671196,0.06469580119965725,0.03233565919941241
0,58,0.04907577426857633,0.06458562859591137,0.03171134777818582
0,59,0.04905129146774391,0.06460399069653569,0.032531521606071735
0,60,0.0490329293671196,0.06444485249112498,0.032604970008568976
0,61,0.04897784306524666,0.06435304198800343,0.03241522830211776
0,62,0.04897784306524666,0.06427959358550618,0.032702901211898644
0,63,0.04905129146774391,0.06427959358550618,0.032702901211898644
0,64,0.0488676704615008,0.06448157669237362,0.032158158893377406
0,65,0.04910637776961684,0.06443261109070877,0.03192557228546945
0,66,0.049045170767535805,0.06458562859591137,0.032286693597747586
0,67,0.048898273962541317,0.06445097319133308,0.032433590402742074
0,68,0.04911249846982495,0.06442036969029256,0.03180315828130738
0,69,0.04906965356836822,0.06446933529195739,0.032145917492961196
0,70,0.049088015668992534,0.06453666299424654,0.03223160729587465
0,71,0.048886032562125106,0.06449993879299792,0.03197453788713429
0,72,0.04899008446566287,0.06456114579507896,0.03229893499816379
0,73,0.048886032562125106,0.06407761047863876,0.03208471049088016
0,74,0.048886032562125106,0.06564450973191334,0.03219488309462602
0,75,0.04885542906108459,0.0642857142857143,0.03219488309462602
0,76,0.04907577426857633,0.06442036969029256,0.0323172970987881
0,77,0.04907577426857633,0.06440200758966826,0.03226833149712327
0,78,0.04917982617211409,0.06443261109070877,0.032164279593585504
0,79,0.04892275676337373,0.06445097319133308,0.032402986901701555
0,80,0.049057412167952015,0.06451830089362223,0.03225609009670706
0,81,0.048898273962541317,0.06441424899008447,0.03201126208838291
0,82,0.049002325866079076,0.06460399069653569,0.032286693597747586
0,83,0.04899620516587098,0.06453666299424654,0.03240910760190966
0,84,0.048898273962541317,0.06454278369445464,0.032274452197331376
0,85,0.049045170767535805,0.06453666299424654,0.032176520994001714
0,86,0.04906353286816012,0.06453666299424654,0.032433590402742074
0,87,0.04878198065858734,0.06454278369445464,0.03252540090586363
0,88,0.04906353286816012,0.06448769739258171,0.03223772799608275
0,89,0.04906353286816012,0.06459786999632758,0.03242746970253397
0,90,0.04912473987024116,0.06459786999632758,0.03242746970253397
0,91,0.04872689435671441,0.06453666299424654,0.03188272738401273
0,92,0.04905129146774391,0.06437140408862774,0.03239686620149345
0,93,0.049143101970865466,0.06454890439466275,0.03218264169420982
0,94,0.04886154976129269,0.06451830089362223,0.03231117639858
0,95,0.049100257069408744,0.06442036969029256,0.03252540090586363
0,96,0.048775859958379235,0.06433467988737912,0.03218264169420982
0,97,0.04906965356836822,0.06438364548904395,0.03235402130003672
0,98,0.04910637776961684,0.06440812828987637,0.032531521606071735
0,99,0.04907577426857633,0.06453666299424654,0.03248867670461501
1,0,-0.06274941853348023,0.06680744277145305,0.035041008691394294
1,1,-0.06311666054596646,0.06727873668747705,0.03467376667890807
1,2,-0.06276165993389644,0.06690537397478272,0.03510221569347534
1,3,-0.06292691883951525,0.06671563226833149,0.03480230138327824
1,4,-0.06304933284367732,0.06708287428081773,0.035163422695556376
1,5,-0.06310441914555025,0.067040029379361,0.03479005998286204
1,6,-0.06324519525033664,0.06677683927041253,0.0350471293916024
1,7,-0.06275553923368833,0.06694209817603133,0.03498592238952136
1,8,-0.06263312522952626,0.06677683927041253,0.034912473987024115
1,9,-0.06263312522952626,0.06677683927041253,0.034912473987024115
1,10,-0.06303709144326111,0.06669114946749907,0.03461868037703513
1,11,-0.06295752234055577,0.06682580487207737,0.03499204308972946
1,12,-0.06296976374097196,0.06714408128289875,0.035151181295140166
1,13,-0.06288407393805852,0.06709511568123393,0.03509609499326723
1,14,-0.06301260864242869,0.06686252907332599,0.03503488799118619
1,15,-0.0630064879422206,0.06717468478393929,0.03526135389888603
1,16,-0.06294528094013954,0.06691761537519893,0.034355490268086666
1,17,-0.06309829844534215,0.06692985677561512,0.03498592238952136
1,18,-0.06307381564450973,0.06679520137103685,0.03514506059493206
1,19,-0.06290855673889093,0.0668808911739503,0.03512669849430775
1,20,-0.06290855673889093,0.0668808911739503,0.03512669849430775
1,21,-0.063030970743053,0.06684416697270168,0.03473497368098911
1,22,-0.06305545354388542,0.06688701187415841,0.03437997306891909
1,23,-0.06270045293181539,0.06683804627249358,0.03429428326600563
1,24,-0.06306769494430163,0.06718692618435548,0.034839025584526874
1,25,-0.06271881503243971,0.06694209817603133,0.03511445709389154
1,26,-0.06282898763618558,0.06700942587832048,0.035224629697637413
1,27,-0.06295752234055577,0.06690537397478272,0.0350471293916024
1,28,-0.06282286693597747,0.06710123638144204,0.03498592238952136
1,29,-0.06296364304076386,0.06662994246541805,0.0352123882972212
1,30,-0.06296976374097196,0.0672052882849798,0.034912473987024115
1,31,-0.06278002203452074,0.06722365038560411,0.034839025584526874
1,32,-0.0630064879422206,0.06694209817603133,0.03445342147141633
1,33,-0.06298200514138817,0.0670461500795691,0.03425755906475701
1,34,-0.06287795323785042,0.06724201248622842,0.03434324886767046
1,35,-0.06284734973680989,0.06676459786999632,0.034881870485983596
1,36,-0.06295752234055577,0.0668747704737422,0.03485738768515118
1,37,-0.06284122903660179,0.06675847716978822,0.03458195617578651
1,38,-0.06305545354388542,0.06710735708165014,0.035010405190353776
1,39,-0.06278614273472885,0.06699718447790427,0.0350471293916024
1,40,-0.06303709144326111,0.06684416697270168,0.034936956787856535
1,41,-0.06295140164034765,0.06707063288040152,0.03477169788223773
1,42,-0.06295140164034765,0.06707063288040152,0.03494307748806463
1,43,-0.06289631533847471,0.06710123638144204,0.03494307748806463
1,44,-0.063030970743053,0.06677071857020443,0.03534092300159138
1,45,-0.06328804015179337,0.06682580487207737,0.034936956787856535
1,46,-0.0628595911372261,0.06692985677561512,0.035041008691394294
1,47,-0.06284122903660179,0.06694209817603133,0.03417798996205166
1,48,-0.06292079813930714,0.06678908067082874,0.03415962786142735
1,49,-0.06307993634471784,0.06717468478393929,0.03439221446933529
1,50,-0.06289631533847471,0.06718080548414739,0.034171869261843554
1,51,-0.06289019463826662,0.06713183988248256,0.03431876606683805
1,52,-0.06276778063410454,0.06694209817603133,0.034282041865589426
1,53,-0.06309829844534215,0.06691149467499083,0.03422695556371649
1,54,-0.06306769494430163,0.06664830456604236,0.03438609376912719
1,55,-0.06304933284367732,0.06706451218019341,0.034416697270167704
1,56,-0.06298200514138817,0.06666054596645857,0.03467988737911617
1,57,-0.06298200514138817,0.06666054596645857,0.0331129881258416
1,58,-0.06289631533847471,0.06679520137103685,0.034416697270167704
1,59,-0.06274941853348023,0.06678908067082874,0.03319867792875505
1,60,-0.06299424654180438,0.06699718447790427,0.03417798996205166
1,61,-0.06306769494430163,0.0667095115681234,0.03432488676704615
1,62,-0.06287183253764231,0.06698494307748806,0.03517566409597258
1,63,-0.063030970743053,0.06695433957644754,0.034441180071000124
1,64,-0.06295140164034765,0.06671563226833149,0.035298078100134654
1,65,-0.06290855673889093,0.06697270167707185,0.035169543395764474
1,66,-0.06284734973680989,0.06716244338352308,0.03490023258660791
1,67,-0.06299424654180438,0.06678295997062064,0.03519402619659689
1,68,-0.06289631533847471,0.06674011506916391,0.03463092177745134
1,69,-0.06292079813930714,0.06697270167707185,0.034869629085567386
1,70,-0.06314726404700698,0.06678908067082874,0.03508385359285102
1,71,-0.06298812584159627,0.06677683927041253,0.034710490880156694
1,72,-0.06284122903660179,0.06692985677561512,0.03479005998286204
1,73,-0.06284122903660179,0.06692985677561512,0.03520014689680499
1,74,-0.06295140164034765,0.06692985677561512,0.03520014689680499
1,75,-0.06304933284367732,0.06702166727873668,0.035041008691394294
1,76,-0.06290243603868283,0.06696046027665566,0.03430652466642184
1,77,-0.06315950544742319,0.06710123638144204,0.03513281919451585
1,78,-0.0630248500428449,0.06708899498102583,0.03497368098910515
1,79,-0.0628595911372261,0.06695433957644754,0.03494919818827274
1,80,-0.06293303953972335,0.06686252907332599,0.034753335781613416
1,81,-0.06295752234055577,0.06668502876729097,0.03506549149222671
1,82,-0.06289631533847471,0.06675235646958012,0.03520014689680499
1,83,-0.06309217774513405,0.06717468478393929,0.035010405190353776
1,84,-0.06307381564450973,0.06694821887623945,0.034924715387440325
1,85,-0.06297588444118007,0.06714408128289875,0.03529195739992655
1,86,-0.06289631533847471,0.06690537397478272,0.03461868037703513
1,87,-0.06308605704492594,0.06693597747582324,0.03513281919451585
1,88,-0.06276165993389644,0.06691761537519893,0.03523687109805362
1,89,-0.06310441914555025,0.06693597747582324,0.0348757497857755
1,90,-0.06299424654180438,0.0668747704737422,0.035022646590769986
1,91,-0.06279838413514506,0.06677683927041253,0.035310319500550864
1,92,-0.06279838413514506,0.06677683927041253,0.035310319500550864
1,93,-0.06309217774513405,0.06731546088872567,0.03482066348390256
1,94,-0.06299424654180438,0.06725425388664463,0.03484514628473497
1,95,-0.06284122903660179,0.06691149467499083,0.034912473987024115
1,96,-0.06295140164034765,0.06678295997062064,0.035310319500550864
1,97,-0.06294528094013954,0.06708899498102583,0.03475945648182152
1,98,-0.06291467743909904,0.06686252907332599,0.03533480230138328
1,99,-0.06262700452931816,0.06692985677561512,0.03432488676704615
2,0,0.06339821275553922,-0.06400416207614151,0.04122903660178724
2,1,0.06332476435304199,-0.0639919206757253,0.041167829599706204
2,2,0.06336148855429061,-0.06387562737177133,0.0413147264047007
2,3,0.06332476435304199,-0.06360631656261476,0.041124984698249475
2,4,0.06336760925449872,-0.06372260986656873,0.040225241767658224
2,5,0.0631839882482556,-0.06374709266740115,0.04144326110907088
2,6,0.06345329905741218,-0.06383890317052271,0.04087403598971722
2,7,0.06345329905741218,-0.06383890317052271,0.04087403598971722
2,8,0.06337985065491493,-0.06397967927530909,0.04121679520137104
2,9,0.06323295384992042,-0.0639919206757253,0.041192312400538625
2,10,0.06341045415595545,-0.06372873056677683,0.04160239931448158
2,11,0.06306157424409352,-0.06411433467988738,0.04047619047619048
2,12,0.06306157424409352,-0.06411433467988738,0.04047619047619048
2,13,0.06308605704492594,-0.06425511078467376,0.04155955441302485
2,14,0.06337985065491493,-0.06378381686864978,0.0411617088994981
2,15,0.06344717835720406,-0.06413269678051169,0.040151793365160976
2,16,0.06360631656261476,-0.06411433467988738,0.04050679397723099
2,17,0.06344105765699595,-0.06407148977843066,0.04134532990574122
2,18,0.06336148855429061,-0.06375321336760925,0.04130248500428449
2,19,0.06311053984575835,-0.06393071367364427,0.04070877708409842
2,20,0.06332476435304199,-0.06393071367364427,0.041351450605949316
2,21,0.06337985065491493,-0.06393683437385236,0.04127188150324397
2,22,0.06341657485616355,-0.06402864487697393,0.04133920920553311
2,23,0.0633492471538744,-0.06400416207614151,0.041406536907822256
2,24,0.06307381564450973,-0.06380217896927408,0.04129024360386828
2,25,0.06322683314971232,-0.06383278247031461,0.04078222548659567
2,26,0.063502264659077,-0.06399804137593341,0.040806708287428085
2,27,0.06344105765699595,-0.06410209327947117,0.041265760803035866
2,28,0.0635083853592851,-0.06394295507406048,0.04013343126453666
2,29,0.06344717835720406,-0.06384502387073081,0.04124127800220345
2,30,0.06345941975762028,-0.06395519647447669,0.04133308850532501
2,31,0.06352674745990941,-0.06395519647447669,0.0403537764720284
2,32,0.06326967805116905,-0.06406536907822255,0.041235157301995354
2,33,0.06343493695678785,-0.06395519647447669,0.040953605092422574
2,34,0.06347166115803647,-0.06389398947239563,0.04115558819929
2,35,0.06336760925449872,-0.06390623087281186,0.039925327457461135
2,36,0.06336760925449872,-0.06390623087281186,0.039925327457461135
2,37,0.06352674745990941,-0.06426123148488187,0.040292569469947366
2,38,0.06344105765699595,-0.06404700697759824,0.04053127677806341
2,39,0.06342881625657976,-0.06370424776594442,0.04064144938180928
2,40,0.06349614395886889,-0.06375933406781736,0.041308605704492594
2,41,0.06338597135512303,-0.06394907577426857,0.04144326110907088
2,42,0.06349614395886889,-0.06384502387073081,0.04119843310074672
2,43,0.06339209205533113,-0.06423062798384135,0.039925327457461135
2,44,0.0631717468478394,-0.06412657608030359,0.04150446811115192
2,45,0.06339821275553922,-0.06392459297343615,0.04086179458930102
2,46,0.06337985065491493,-0.06390011017260375,0.03958868894601543
2,47,0.06342881625657976,-0.06404088627739013,0.04064757008201738
2,48,0.06349614395886889,-0.06392459297343615,0.0409964499938793
2,49,0.06349614395886889,-0.06392459297343615,0.04152895091198433
2,50,0.06344717835720406,-0.06396743787489288,0.04152895091198433
2,51,0.06323907455012853,-0.06391847227322806,0.04148610601052761
2,52,0.06328804015179337,-0.06417554168196841,0.04124739870241156
2,53,0.06332476435304199,-0.06394295507406048,0.04133920920553311
2,54,0.06324519525033664,-0.0639857999755172,0.04137593340678174
2,55,0.06323295384992042,-0.06399804137593341,0.04121067450116293
2,56,0.0631717468478394,-0.06387562737177133,0.04033541437140409
2,57,0.06346554045782837,-0.06391235157301996,0.04032317297098788
2,58,0.0633431264536663,-0.06391235157301996,0.040225241767658224
2,59,0.06322071244950422,-0.06408373117884686,0.04124739870241156
2,60,0.06310441914555025,-0.0641571795813441,0.04184110662259762
2,61,0.06360631656261476,-0.063679764965112,0.04024972456849064
2,62,0.06361855796303098,-0.06407761047863876,0.03960705104663974
2,63,0.06337985065491493,-0.06417554168196841,0.041265760803035866
2,64,0.0631901089484637,-0.06417554168196841,0.04055575957889583
2,65,0.0631901089484637,-0.06417554168196841,0.041437140408862774
2,66,0.06341657485616355,-0.06389398947239563,0.041437140408862774
2,67,0.06353286816011752,-0.0635083853592851,0.041320847104908805
2,68,0.06344105765699595,-0.06404088627739013,0.040653690782225485
2,69,0.0631962296486718,-0.06393071367364427,0.0405190353776472
2,70,0.06339209205533113,-0.06390623087281186,0.04059248378014445
2,71,0.06369812706573633,-0.06383890317052271,0.03959480964622353
2,72,0.0636736442649039,-0.06406536907822255,0.039882482556004406
2,73,0.06358183376178235,-0.0639857999755172,0.04143101970865467
2,74,0.0633492471538744,-0.06396131717468478,0.0405129146774391
2,75,0.06347778185824458,-0.06378993756885788,0.041492226710735707
2,76,0.06331864365283388,-0.06391235157301996,0.041278002203452076
2,77,0.06339821275553922,-0.06394907577426857,0.04108826049700086
2,78,0.0635083853592851,-0.06430407638633859,0.041192312400538625
2,79,0.06342881625657976,-0.06362467866323908,0.0414738646101114
2,80,0.06343493695678785,-0.06404088627739013,0.04148610601052761
2,81,0.06343493695678785,-0.0636858856653201,0.04129636430407639
2,82,0.06324519525033664,-0.06409597257926307,0.04023748316807443
2,83,0.06335536785408251,-0.06409597257926307,0.04023748316807443
2,84,0.06341657485616355,-0.06371648916636063,0.040292569469947366
2,85,0.06332476435304199,-0.06396131717468478,0.04120455380095483
2,86,0.06352062675970131,-0.06386950667156323,0.041137226098665686
2,87,0.06345941975762028,-0.06371648916636063,0.041094381197208964
2,88,0.0633492471538744,-0.06386338597135513,0.03984575835475578
2,89,0.06343493695678785,-0.06372873056677683,0.04130248500428449
2,90,0.06348390255845268,-0.06388174807197944,0.04085567388909291
2,91,0.06344105765699595,-0.0641449381809279,0.04152283021177623
2,92,0.0631778675480475,-0.06394295507406048,0.04157179581344106
2,93,0.0633308850532501,-0.0638511445709389,0.040678173583057906
2,94,0.0633431264536663,-0.06375933406781736,0.04105765699596034
2,95,0.06335536785408251,-0.06410821397967928,0.04143101970865467
2,96,0.0635145060594932,-0.06378993756885788,0.04146162320969519
2,97,0.06326355735096095,-0.06378993756885788,0.04055575957889583
2,98,0.06343493695678785,-0.06389398947239563,0.04031705227077978
2,99,0.06343493695678785,-0.06386338597135513,0.04133308850532501
3,0,-0.06360631656261476,-0.04078222548659567,0.019506671563226833
3,1,-0.0636614028644877,-0.04063532868160118,0.019567878565307874
3,2,-0.0638205410698984,-0.04054351817847962,0.01962908556738891
3,3,-0.0636858856653201,-0.04054963887868772,0.019341412657608033
3,4,-0.06370424776594442,-0.04061696658097687,0.01943322316072959
3,5,-0.06381442036969029,-0.040892398090341536,0.019445464561145796
3,6,-0.06394907577426857,-0.040751621985555146,0.01943322316072959
3,7,-0.06394907577426857,-0.040751621985555146,0.01943322316072959
3,8,-0.06374097196719306,-0.04058636307993634,0.019733137470926674
3,9,-0.06380217896927408,-0.04047619047619048,0.019567878565307874
3,10,-0.06377769616844167,-0.04095972579263067,0.019237360754070267
3,11,-0.06383278247031461,-0.04087403598971722,0.019506671563226833
3,12,-0.06383278247031461,-0.04087403598971722,0.019506671563226833
3,13,-0.063679764965112,-0.04037825927286082,0.01931080915656751
3,14,-0.06369812706573633,-0.0408373117884686,0.019506671563226833
3,15,-0.06385726527114702,-0.04059248378014445,0.019298567756151304
3,16,-0.06386950667156323,-0.04055575957889583,0.019445464561145796
3,17,-0.06366752356469581,-0.04074550128534704,0.019427102460521484
3,18,-0.06387562737177133,-0.04084343248867671,0.019476068062186314
3,19,-0.063679764965112,-0.04072713918472273,0.019365895458440446
3,20,-0.06369812706573633,-0.04072101848451463,0.019506671563226833
3,21,-0.06383278247031461,-0.04064144938180928,0.01937201615864855
3,22,-0.06378993756885788,-0.04077610478638756,0.01942098176031338
3,23,-0.0636552821642796,-0.040678173583057906,0.019482188762394416
3,24,-0.06385726527114702,-0.040696535683682214,0.01954951646468356
3,25,-0.0639857999755172,-0.04078834618680377,0.01951891296364304
3,26,-0.06378993756885788,-0.040678173583057906,0.01926184355490268
3,27,-0.06377157546823356,-0.04088627739013343,0.019849430774880647
3,28,-0.06386338597135513,-0.0405190353776472,0.019200636552821643
3,29,-0.06372260986656873,-0.04074550128534704,0.019408740359897172
3,30,-0.06377157546823356,-0.04065981148243359,0.019463826661770108
3,31,-0.06361243726282287,-0.040610845880768756,0.019341412657608033
3,32,-0.06378993756885788,-0.040623087281184966,0.019653568368221325
3,33,-0.06369812706573633,-0.04048843187660668,0.019365895458440446
3,34,-0.06374709266740115,-0.04062920798139307,0.019567878565307874
3,35,-0.06391847227322806,-0.04062920798139307,0.01948830946260252
3,36,-0.06374709266740115,-0.040665932182641695,0.019237360754070267
3,37,-0.06374709266740115,-0.04072713918472273,0.019573999265515975
3,38,-0.06359407516219856,-0.04072713918472273,0.019573999265515975
3,39,-0.06380829966948219,-0.04064757008201738,0.019671930468845637
3,40,-0.0638266617701065,-0.040806708287428085,0.019463826661770108
3,41,-0.06383278247031461,-0.040482311176398576,0.019335291957399928
3,42,-0.06347166115803647,-0.040763863385971356,0.019506671563226833
3,43,-0.06378993756885788,-0.040910760190965845,0.019329171257191823
3,44,-0.06371648916636063,-0.040806708287428085,0.01943322316072959
3,45,-0.06397967927530909,-0.04072713918472273,0.01958011996572408
3,46,-0.06377157546823356,-0.04060472518056066,0.01935977475823234
3,47,-0.0638205410698984,-0.04073938058513894,0.019457705961562002
3,48,-0.06358183376178235,-0.04065981148243359,0.01951891296364304
3,49,-0.06371036846615252,-0.04070877708409842,0.019267964255110785
3,50,-0.0638205410698984,-0.040672052882849793,0.01940261965968907
3,51,-0.06392459297343615,-0.04065981148243359,0.019408740359897172
3,52,-0.06392459297343615,-0.04065981148243359,0.019408740359897172
3,53,-0.06397967927530909,-0.040684294283266004,0.019298567756151304
3,54,-0.06373485126698494,-0.04076998408617946,0.019445464561145796
3,55,-0.06369200636552821,-0.04072101848451463,0.019335291957399928
3,56,-0.06369200636552821,-0.04069041498347411,0.01942098176031338
3,57,-0.06386338597135513,-0.04064757008201738,0.019347533357816134
3,58,-0.06361855796303098,-0.04042110417431754,0.01958011996572408
3,59,-0.06376545476802546,-0.040439466274941854,0.019335291957399928
3,60,-0.06375933406781736,-0.04069041498347411,0.0196168441669727
3,61,-0.0638266617701065,-0.04054351817847962,0.019543395764475453
3,62,-0.06374709266740115,-0.040923001591382055,0.01943322316072959
3,63,-0.0638205410698984,-0.040812828987636184,0.019365895458440446
3,64,-0.0634900232586608,-0.04097196719304688,0.019457705961562002
3,65,-0.06366752356469581,-0.04053127677806341,0.019463826661770108
3,66,-0.06371648916636063,-0.04059248378014445,0.019671930468845637
3,67,-0.06395519647447669,-0.04072101848451463,0.019586240665932182
3,68,-0.06372260986656873,-0.04085567388909291,0.019476068062186314
3,69,-0.06372260986656873,-0.04085567388909291,0.019476068062186314
3,70,-0.06393071367364427,-0.040880156689925326,0.01965968906842943
3,71,-0.06401640347655771,-0.0410025706940874,0.019482188762394416
3,72,-0.06388786877218754,-0.04055575957889583,0.01935977475823234
3,73,-0.06356347166115803,-0.04080058758721998,0.019457705961562002
3,74,-0.06379605826906598,-0.04072713918472273,0.019316929856775616
3,75,-0.0638266617701065,-0.040825070388052394,0.019414861060105277
3,76,-0.06364916146407149,-0.04086791528950912,0.019622964867180806
3,77,-0.06370424776594442,-0.04084343248867671,0.01958011996572408
3,78,-0.06387562737177133,-0.040684294283266004,0.019494430162810626
3,79,-0.06377157546823356,-0.04059860448035255,0.019598482066348392
3,80,-0.06349614395886889,-0.04061696658097687,0.019494430162810626
3,81,-0.06387562737177133,-0.04086179458930102,0.019641326967805118
3,82,-0.06353286816011752,-0.04071489778430652,0.01964744766801322
3,83,-0.06380829966948219,-0.04053127677806341,0.019531154364059247
3,84,-0.06375321336760925,-0.04055575957889583,0.01954951646468356
3,85,-0.06387562737177133,-0.04054351817847962,0.01935977475823234
3,86,-0.06400416207614151,-0.040794466887011875,0.01956175786509977
3,87,-0.06400416207614151,-0.040794466887011875,0.01956175786509977
3,88,-0.06361855796303098,-0.04045782837556616,0.019482188762394416
3,89,-0.06380829966948219,-0.04059860448035255,0.01969641326967805
3,90,-0.06380829966948219,-0.040537397478271515,0.01969029256946995
3,91,-0.06388786877218754,-0.04078222548659567,0.019304688456359406
3,92,-0.06379605826906598,-0.04078222548659567,0.019543395764475453
3,93,-0.06369812706573633,-0.04074550128534704,0.019427102460521484
3,94,-0.06364304076386339,-0.040678173583057906,0.019476068062186314
3,95,-0.06374097196719306,-0.04048843187660668,0.019445464561145796
3,96,-0.06378993756885788,-0.04070877708409842,0.01940261965968907
3,97,-0.06364304076386339,-0.04059860448035255,0.019408740359897172
3,98,-0.06386950667156323,-0.040678173583057906,0.019347533357816134
3,99,-0.06379605826906598,-0.04078834618680377,0.019567878565307874
