values,,Magnetometer,Magnetometer,Magnetometer
axis,,x,y,z
Sensor,Sample,,,
0,0,0.05334802301383278,0.0684967560288897,0.035493940506793976
0,1,0.053678540825070384,0.06852735952993022,0.03604480352552332
0,2,0.053678540825070384,0.06852735952993022,0.03604480352552332
0,3,0.053635695923613655,0.06857020443138695,0.0356898029134533
0,4,0.05376423062798384,0.0684967560288897,0.03644876973925817
0,5,0.05376423062798384,0.0684967560288897,0.03644876973925817
0,6,0.05380095482923246,0.0686497735340923,0.03621618313135023
0,7,0.05355000612070021,0.0684967560288897,0.036424286938425754
0,8,0.05355000612070021,0.0684967560288897,0.036179458930101605
0,9,0.05345207491737055,0.068337617823479,0.036179458930101605
0,10,0.05364793732402987,0.06855796303097075,0.036008079324274696
0,11,0.053531644020075896,0.0683314971232709,0.036222303831558327
0,12,0.053531644020075896,0.0683314971232709,0.036222303831558327
0,13,0.053568368221324526,0.06860692863263558,0.035524544007834495
0,14,0.05358673032194883,0.06850899742930591,0.036020320724690906
0,15,0.05358673032194883,0.06850899742930591,0.036020320724690906
0,16,0.05375198922756763,0.0685028767290978,0.036032562125107116
0,17,0.05355612682090831,0.06846003182764107,0.03628963153384747
0,18,0.05355612682090831,0.06846003182764107,0.03628963153384747
0,19,0.05350716121924348,0.06830701432243849,0.036093769127188154
0,20,0.05362957522340556,0.06851511812951402,0.03624678663239074
0,21,0.05362957522340556,0.06851511812951402,0.03624678663239074
0,22,0.05355000612070021,0.06887011874158404,0.03630187293426368
0,23,0.053733627126943316,0.06839270412535195,0.03627126943322316
0,24,0.053733627126943316,0.06839270412535195,0.03627126943322316
0,25,0.05348879911861917,0.0684967560288897,0.03631411433467989
0,26,0.05377035132819195,0.06857632513159505,0.03564083731178847
0,27,0.05377035132819195,0.06857632513159505,0.03564083731178847
0,28,0.053286816011751746,0.0683253764230628,0.036032562125107116
0,29,0.05359897172236504,0.06857632513159505,0.035751009915534336
0,30,0.05359897172236504,0.06861917003305178,0.03597747582323418
0,31,0.05344595421716244,0.06861917003305178,0.03597747582323418
0,32,0.05366629942465419,0.06860692863263558,0.036412045538009544
0,33,0.05361121312278124,0.0684906353286816,0.03624066593218264
0,34,0.05361121312278124,0.0684906353286816,0.03624066593218264
0,35,0.05348879911861917,0.06845391112743297,0.035848941118864
0,36,0.053678540825070384,0.06850899742930591,0.03606928632635574
0,37,0.053678540825070384,0.06850899742930591,0.03606928632635574
0,38,0.053562247521116414,0.06844779042722487,0.036093769127188154
0,39,0.0536969029256947,0.0685028767290978,0.0356898029134533
0,40,0.0536969029256947,0.0685028767290978,0.0356898029134533
0,41,0.053660178724446075,0.06838046272493573,0.03602644142489901
0,42,0.053660178724446075,0.06836210062431142,0.03594687232219366
0,43,0.053660178724446075,0.06836210062431142,0.03594687232219366
0,44,0.0536969029256947,0.06853348023013833,0.03602644142489901
0,45,0.053672420124862286,0.06820908311910882,0.03644264903905007
0,46,0.053672420124862286,0.06820908311910882,0.03644264903905007
0,47,0.05384992043089729,0.06859468723221937,0.03581221691761537
0,48,0.053531644020075896,0.0683253764230628,0.0358428204186559
0,49,0.053531644020075896,0.0683253764230628,0.0358428204186559
0,50,0.05350716121924348,0.06820908311910882,0.03575713061574244
0,51,0.053421471416330024,0.06844166972701678,0.03567144081282898
0,52,0.053421471416330024,0.06861304933284368,0.03620394173093402
0,53,0.053703023625902804,0.06861304933284368,0.03620394173093402
0,54,0.05361121312278124,0.06844779042722487,0.03638144203696903
0,55,0.05340310931570572,0.06860692863263558,0.035793854816991065
0,56,0.05340310931570572,0.06860692863263558,0.035793854816991065
0,57,0.053531644020075896,0.06858244583180316,0.035995837923858486
0,58,0.053635695923613655,0.06828253152160607,0.03595911372260986
0,59,0.053635695923613655,0.06828253152160607,0.03595911372260986
0,60,0.05364181662382177,0.06843554902680866,0.03586730321948831
0,61,0.05388052393193782,0.06858856653201126,0.036191700330517815
0,62,0.05388052393193782,0.06858856653201126,0.036191700330517815
0,63,0.0536907822254866,0.0684967560288897,0.035891786020320726
0,64,0.05358673032194883,0.06835597992410332,0.03630187293426368
0,65,0.05358673032194883,0.06835597992410332,0.03630187293426368
0,66,0.05362345452319746,0.06846615252784918,0.036277390133431266
0,67,0.05374586852735953,0.06860692863263558,0.035995837923858486
0,68,0.05374586852735953,0.06860692863263558,0.035995837923858486
0,69,0.05372750642673522,0.06840494552576815,0.03609988982739625
0,70,0.05372138572652711,0.0684722732280573,0.035879544619904516
0,71,0.05372138572652711,0.0684722732280573,0.035879544619904516
0,72,0.0535438854204921,0.06853960093034643,0.0361855796303097
0,73,0.05361733382298935,0.06844779042722487,0.03621618313135023
0,74,0.05361733382298935,0.06844779042722487,0.035952993022401764
0,75,0.05361121312278124,0.06841718692618436,0.035952993022401764
0,76,0.05364793732402987,0.0684783939282654,0.03570816501407761
0,77,0.053421471416330024,0.06836210062431142,0.035952993022401764
0,78,0.053421471416330024,0.06836210062431142,0.035952993022401764
0,79,0.053703023625902804,0.06839882482556005,0.036032562125107116
0,80,0.05348879911861917,0.06857632513159505,0.03631411433467989
0,81,0.05348879911861917,0.06857632513159505,0.03631411433467989
0,82,0.053531644020075896,0.06826416942098176,0.035806096217407275
0,83,0.05365405802423797,0.06834373852368711,0.036424286938425754
0,84,0.05365405802423797,0.06834373852368711,0.036424286938425754
0,85,0.05364793732402987,0.06851511812951402,0.03579997551719917
0,86,0.05339698861549761,0.06839882482556005,0.035848941118864
0,87,0.05339698861549761,0.06839882482556005,0.035848941118864
0,88,0.053660178724446075,0.06871098053617333,0.035683682213245194
0,89,0.05372750642673522,0.0681784796180683,0.03610601052760436
0,90,0.05372750642673522,0.0681784796180683,0.03610601052760436
0,91,0.0536907822254866,0.06852735952993022,0.036179458930101605
0,92,0.053562247521116414,0.06837434202472763,0.03655894234300404
0,93,0.053562247521116414,0.06837434202472763,0.03655894234300404
0,94,0.05368466152527849,0.06876606683804627,0.0363324764353042
0,95,0.05361121312278124,0.06862529073325987,0.03559799241033174
0,96,0.05355612682090831,0.068337617823479,0.0363324764353042
0,97,0.05355612682090831,0.068337617823479,0.0363324764353042
0,98,0.05348879911861917,0.06862529073325987,0.036136614028644876
0,99,0.05361121312278124,0.06859468723221937,0.03615497612926919
1,0,-0.06651976986167217,0.06839270412535195,0.035451095605337254
1,1,-0.066391235157302,0.06828865222181417,0.035451095605337254
1,2,-0.06659933896437753,0.06822744521973315,0.035536785408250705
1,3,-0.06651976986167217,0.06827029012118987,0.03532256090096707
1,4,-0.06651976986167217,0.06827029012118987,0.03532256090096707
1,5,-0.066568735463337,0.06825804872077365,0.03559799241033174
1,6,-0.06648304566042355,0.06811115191577917,0.03506549149222671
1,7,-0.06648304566042355,0.06811115191577917,0.03506549149222671
1,8,-0.06664218386583425,0.06834985922389522,0.035610233810747946
1,9,-0.06667890806708288,0.06852735952993022,0.03497980168931326
1,10,-0.06637287305667769,0.06851511812951402,0.03524911249846983
1,11,-0.06637287305667769,0.06851511812951402,0.03524911249846983
1,12,-0.06616476924960216,0.06841718692618436,0.03548781980658587
1,13,-0.06658709756396132,0.06823968662014934,0.03501652589056188
1,14,-0.06658709756396132,0.06823968662014934,0.03501652589056188
1,15,-0.06637287305667769,0.0684783939282654,0.03507773289264292
1,16,-0.06669114946749907,0.06831313502264659,0.03436161096829478
1,17,-0.06669114946749907,0.06831313502264659,0.03436161096829478
1,18,-0.06688701187415841,0.06818460031827642,0.034894111886399806
1,19,-0.0663851144570939,0.06829477292202228,0.03434936956787856
1,20,-0.0663851144570939,0.06829477292202228,0.03434936956787856
1,21,-0.06647080426000734,0.0681662382176521,0.034428938670583914
1,22,-0.06643408005875873,0.0684783939282654,0.03480842208348635
1,23,-0.06651364916146407,0.06809891051536296,0.03466152527849186
1,24,-0.06651364916146407,0.06809891051536296,0.03466152527849186
1,25,-0.06658709756396132,0.06782959970620639,0.03560411311053985
1,26,-0.06658709756396132,0.06843554902680866,0.03518790549638879
1,27,-0.06658709756396132,0.06843554902680866,0.03518790549638879
1,28,-0.06667890806708288,0.06839882482556005,0.0352123882972212
1,29,-0.06662382176520995,0.06822744521973315,0.03528583669971845
1,30,-0.06662382176520995,0.06822744521973315,0.03528583669971845
1,31,-0.06667890806708288,0.06797649651120088,0.03562859591137226
1,32,-0.06644632145917492,0.06841106622597624,0.03531644020075897
1,33,-0.06644632145917492,0.06841106622597624,0.03531644020075897
1,34,-0.06631166605459664,0.06840494552576815,0.035634716611580367
1,35,-0.06653201126208838,0.0681662382176521,0.03543273350471294
1,36,-0.06662382176520995,0.06807442771453054,0.03567144081282898
1,37,-0.06662382176520995,0.06807442771453054,0.03567144081282898
1,38,-0.06648916636063165,0.06814175541681969,0.03503488799118619
1,39,-0.06644632145917492,0.06794589301016037,0.03547557840616967
1,40,-0.06644632145917492,0.06794589301016037,0.03547557840616967
1,41,-0.06654425266250459,0.06806830701432244,0.03577549271636675
1,42,-0.06628718325376423,0.06830701432243849,0.035028767290978084
1,43,-0.06628718325376423,0.06830701432243849,0.035028767290978084
1,44,-0.06645244215938304,0.06851511812951402,0.03506549149222671
1,45,-0.06647692496021544,0.06797649651120088,0.03535316440200759
1,46,-0.06647692496021544,0.06797649651120088,0.03535316440200759
1,47,-0.06655037336271269,0.068337617823479,0.0353654058024238
1,48,-0.0667033908679153,0.06811115191577917,0.035653078712204675
1,49,-0.06623821765209939,0.06797649651120088,0.03498592238952136
1,50,-0.06623821765209939,0.06797649651120088,0.03498592238952136
1,51,-0.0663973558575101,0.06820908311910882,0.03543273350471294
1,52,-0.06642183865834252,0.06819072101848452,0.035267474599094135
1,53,-0.06642183865834252,0.06819072101848452,0.035267474599094135
1,54,-0.06634226955563717,0.06828253152160607,0.03533480230138328
1,55,-0.06658709756396132,0.06820296241890073,0.03520014689680499
1,56,-0.06658709756396132,0.06820296241890073,0.03520014689680499
1,57,-0.06659933896437753,0.0681784796180683,0.03508997429305913
1,58,-0.06635451095605337,0.06803158281307382,0.03538988860325622
1,59,-0.06635451095605337,0.06803158281307382,0.03538988860325622
1,60,-0.06646468355979925,0.06822744521973315,0.035610233810747946
1,61,-0.0665626147631289,0.06814787611702779,0.03550006120700208
1,62,-0.06655037336271269,0.06830089362223038,0.03556126820908312
1,63,-0.06655037336271269,0.06830089362223038,0.03556126820908312
1,64,-0.06665442526625046,0.06828253152160607,0.03591626882115314
1,65,-0.06633002815522096,0.06811115191577917,0.03533480230138328
1,66,-0.06633002815522096,0.06811115191577917,0.03533480230138328
1,67,-0.066568735463337,0.06827641082139797,0.03545721630554535
1,68,-0.066568735463337,0.06828865222181417,0.03545721630554535
1,69,-0.066568735463337,0.06828865222181417,0.03545721630554535
1,70,-0.06623821765209939,0.06810503121557107,0.03544497490512914
1,71,-0.06667278736687478,0.06811727261598727,0.03506549149222671
1,72,-0.06667278736687478,0.06811727261598727,0.03506549149222671
1,73,-0.06633002815522096,0.06806830701432244,0.03564083731178847
1,74,-0.06636063165626148,0.06827641082139797,0.03540213000367242
1,75,-0.06646468355979925,0.06838658342514384,0.0352185089974293
1,76,-0.06646468355979925,0.06838658342514384,0.0352185089974293
1,77,-0.0663973558575101,0.06811115191577917,0.03551842330762639
1,78,-0.06659321826416942,0.06828865222181417,0.03572040641449382
1,79,-0.06659321826416942,0.06828865222181417,0.03572040641449382
1,80,-0.0662198555514751,0.06781735830579019,0.03507161219243481
1,81,-0.06651364916146407,0.06800710001224139,0.035438854204921044
1,82,-0.06651364916146407,0.06800710001224139,0.035438854204921044
1,83,-0.0663973558575101,0.06828865222181417,0.03557350960949933
1,84,-0.06633002815522096,0.06819684171869261,0.035579630309707434
1,85,-0.06633002815522096,0.06819684171869261,0.035579630309707434
1,86,-0.06649528706083976,0.068337617823479,0.03538988860325622
1,87,-0.0665626147631289,0.0678479618068307,0.035396009303464315
1,88,-0.06667890806708288,0.06810503121557107,0.03512669849430775
1,89,-0.06667890806708288,0.06810503121557107,0.03512669849430775
1,90,-0.06662994246541805,0.06825192802056555,0.03482066348390256
1,91,-0.066391235157302,0.06822132451952503,0.03514506059493206
1,92,-0.066391235157302,0.06822132451952503,0.03514506059493206
1,93,-0.06629330395397234,0.06818460031827642,0.034881870485983596
1,94,-0.06647080426000734,0.06814787611702779,0.03531644020075897
1,95,-0.06647080426000734,0.06814787611702779,0.03531644020075897
1,96,-0.0665564940629208,0.06826416942098176,0.03532256090096707
1,97,-0.06645856285959115,0.06800097931203329,0.03477781858244583
1,98,-0.06645856285959115,0.06800097931203329,0.03477781858244583
1,99,-0.06643408005875873,0.06795201371036846,0.035408250703880526
2,0,0.06413269678051169,-0.06735218508997429,0.04058636307993634
2,1,0.06401028277634961,-0.06724201248622842,0.03943567144081283
2,2,0.06397967927530909,-0.06751132329538499,0.0395519647447668
2,3,0.06397967927530909,-0.06751132329538499,0.0395519647447668
2,4,0.06402252417676582,-0.06730321948830946,0.04057412167952014
2,5,0.06431631778675481,-0.06736442649039051,0.03996205165870976
2,6,0.06396743787489288,-0.0668992532745746,0.0408373117884686
2,7,0.06396743787489288,-0.0668992532745746,0.0408373117884686
2,8,0.06416942098176032,-0.06733382298934998,0.040537397478271515
2,9,0.06409597257926307,-0.06725425388664463,0.04036601787244461
2,10,0.06409597257926307,-0.06725425388664463,0.04036601787244461
2,11,0.06409597257926307,-0.06731546088872567,0.04057412167952014
2,12,0.06402864487697393,-0.06723589178602032,0.040292569469947366
2,13,0.06402864487697393,-0.06723589178602032,0.040292569469947366
2,14,0.06437752478883584,-0.067040029379361,0.039711102950177504
2,15,0.0641449381809279,-0.0673827885910148,0.03960705104663974
2,16,0.0641449381809279,-0.06718692618435548,0.04059860448035255
2,17,0.06388786877218754,-0.06718692618435548,0.04059860448035255
2,18,0.06386950667156323,-0.06707675358060963,0.03934998163789938
2,19,0.06418778308238463,-0.0670522707797772,0.04030481087036357
2,20,0.06418778308238463,-0.0670522707797772,0.04030481087036357
2,21,0.06397355857510098,-0.06748071979434447,0.04048843187660668
2,22,0.0636858856653201,-0.06708287428081773,0.04047619047619048
2,23,0.0636858856653201,-0.06708287428081773,0.04047619047619048
2,24,0.06412045538009549,-0.06739502999143102,0.039411188639980416
2,25,0.06413269678051169,-0.06732158158893378,0.039643775247888355
2,26,0.06413269678051169,-0.06732158158893378,0.039643775247888355
2,27,0.06401028277634961,-0.06713796058269066,0.03948463704247766
2,28,0.06408985187905496,-0.06730321948830946,0.040439466274941854
2,29,0.06408985187905496,-0.06730321948830946,0.040439466274941854
2,30,0.06421838658342514,-0.06716244338352308,0.040623087281184966
2,31,0.0639919206757253,-0.06737666789080671,0.040384379973068915
2,32,0.06402864487697393,-0.06708899498102583,0.04041498347410944
2,33,0.06402864487697393,-0.06708899498102583,0.04041498347410944
2,34,0.06419390378259274,-0.06743175419267963,0.0403537764720284
2,35,0.06423062798384135,-0.06726649528706083,0.03963765454768026
2,36,0.06423062798384135,-0.06726649528706083,0.03963765454768026
2,37,0.06420002448280084,-0.06746235769372017,0.039741706451218016
2,38,0.0643101970865467,-0.06724813318643653,0.040225241767658224
2,39,0.0643101970865467,-0.06724813318643653,0.040225241767658224
2,40,0.06419390378259274,-0.06729709878810136,0.04047619047619048
2,41,0.06396743787489288,-0.0675235646958012,0.039711102950177504
2,42,0.06396743787489288,-0.0675235646958012,0.039711102950177504
2,43,0.06411433467988738,-0.06715020198310687,0.039527481943934385
2,44,0.06397967927530909,-0.06743787489288774,0.03963765454768026
2,45,0.06397967927530909,-0.06726037458685273,0.03958868894601543
2,46,0.06417554168196841,-0.06726037458685273,0.03958868894601543
2,47,0.0641449381809279,-0.06730321948830946,0.03958256824580732
2,48,0.06420614518300893,-0.06722365038560411,0.040011017260374586
2,49,0.06420614518300893,-0.06722365038560411,0.040011017260374586
2,50,0.06419390378259274,-0.06701554657852858,0.040610845880768756
2,51,0.06410821397967928,-0.06677071857020443,0.04032929367119599
2,52,0.06410821397967928,-0.06677071857020443,0.04032929367119599
2,53,0.0639919206757253,-0.06700330517811237,0.04036601787244461
2,54,0.06397355857510098,-0.06724201248622842,0.03930713673644265
2,55,0.06397355857510098,-0.06724201248622842,0.03930713673644265
2,56,0.06440812828987637,-0.06740727139184723,0.04046394907577427
2,57,0.06389398947239563,-0.06739502999143102,0.04057412167952014
2,58,0.06389398947239563,-0.06739502999143102,0.04057412167952014
2,59,0.06410821397967928,-0.0670461500795691,0.0405129146774391
2,60,0.06408985187905496,-0.06771330640225241,0.03916636063165626
2,61,0.06374097196719306,-0.06726037458685273,0.03988860325621251
2,62,0.06374097196719306,-0.06726037458685273,0.03988860325621251
2,63,0.06388786877218754,-0.06722365038560411,0.03985187905496389
2,64,0.06401028277634961,-0.06766434080058759,0.03933161953727506
2,65,0.06401028277634961,-0.06766434080058759,0.03933161953727506
2,66,0.0641449381809279,-0.06743175419267963,0.040451707675358065
2,67,0.06410821397967928,-0.06700942587832048,0.040084465662871833
2,68,0.06410821397967928,-0.06700942587832048,0.040084465662871833
2,69,0.06412657608030359,-0.06715020198310687,0.039741706451218016
2,70,0.06407148977843066,-0.06702778797894479,0.040298690170155464
2,71,0.06407148977843066,-0.06702778797894479,0.040298690170155464
2,72,0.06409597257926307,-0.06713183988248256,0.04047006977598237
2,73,0.06405924837801444,-0.06732770228914188,0.04024360386828253
2,74,0.06405924837801444,-0.06726649528706083,0.040653690782225485
2,75,0.0639857999755172,-0.06726649528706083,0.040653690782225485
2,76,0.06393683437385236,-0.06749908189496878,0.040623087281184966
2,77,0.06390623087281186,-0.06716244338352308,0.040066103562247525
2,78,0.06390623087281186,-0.06716244338352308,0.040066103562247525
2,79,0.06387562737177133,-0.06699718447790427,0.04027420736932305
2,80,0.06406536907822255,-0.06701554657852858,0.038884808422083486
2,81,0.06406536907822255,-0.06701554657852858,0.038884808422083486
2,82,0.06429183498592239,-0.06729709878810136,0.0403476557718203
2,83,0.06394907577426857,-0.06724813318643653,0.03937446443873179
2,84,0.06394907577426857,-0.06724813318643653,0.03937446443873179
2,85,0.06421838658342514,-0.06718080548414739,0.04046394907577427
2,86,0.06407148977843066,-0.06697270167707185,0.04031705227077978
2,87,0.06407148977843066,-0.06697270167707185,0.04061696658097687
2,88,0.06405924837801444,-0.06719916758477171,0.04061696658097687
2,89,0.06407761047863876,-0.06737054719059861,0.0405190353776472
2,90,0.06418778308238463,-0.06716244338352308,0.04084343248867671
2,91,0.06418778308238463,-0.06716244338352308,0.04084343248867671
2,92,0.06381442036969029,-0.06730321948830946,0.04024972456849064
2,93,0.06391235157301996,-0.06727873668747705,0.04045782837556616
2,94,0.06391235157301996,-0.06727873668747705,0.04045782837556616
2,95,0.06393683437385236,-0.06699106377769617,0.04026196596890684
2,96,0.06407148977843066,-0.06718692618435548,0.03946015424164524
2,97,0.06407148977843066,-0.06718692618435548,0.03946015424164524
2,98,0.06410209327947117,-0.067217529685396,0.040537397478271515
2,99,0.06412657608030359,-0.06722977108581221,0.038829722120210554
3,0,-0.06443261109070877,-0.041951279226343494,0.017333822989349983
3,1,-0.06438976618925205,-0.041865589423430036,0.017468478393928268
3,2,-0.06438976618925205,-0.041865589423430036,0.017468478393928268
3,3,-0.06451218019341412,-0.04173705471905986,0.017431754192679644
3,4,-0.06453054229403844,-0.04184110662259762,0.01726649528706084
3,5,-0.06453054229403844,-0.04184110662259762,0.01726649528706084
3,6,-0.06455502509487085,-0.04159627861427347,0.01743787489288775
3,7,-0.06434692128779532,-0.04185946872322194,0.017339943689558084
3,8,-0.06434692128779532,-0.041834985922389524,0.017284857387685152
3,9,-0.06411433467988738,-0.041834985922389524,0.017284857387685152
3,10,-0.06434692128779532,-0.04171869261843555,0.0173644264903905
3,11,-0.06448769739258171,-0.041706451218019344,0.01747459909413637
3,12,-0.06448769739258171,-0.041706451218019344,0.01747459909413637
3,13,-0.06439588688946016,-0.04185334802301383,0.017388909291222915
3,14,-0.06436528338841964,-0.04185946872322194,0.017480719794344474
3,15,-0.06436528338841964,-0.04185946872322194,0.017480719794344474
3,16,-0.06432855918717101,-0.0421165381319623,0.017303219488309464
3,17,-0.06435916268821154,-0.041804382421349,0.017505202595176888
3,18,-0.06435916268821154,-0.041804382421349,0.017505202595176888
3,19,-0.0644632145917493,-0.04193903782592728,0.017431754192679644
3,20,-0.06437752478883584,-0.04193903782592728,0.017370547190598603
3,21,-0.06437752478883584,-0.041639123515730195,0.01729709878810136
3,22,-0.0646284734973681,-0.041639123515730195,0.01729709878810136
3,23,-0.06445097319133308,-0.041865589423430036,0.017388909291222915
3,24,-0.06436528338841964,-0.04175541681968417,0.01735218508997429
3,25,-0.06436528338841964,-0.04175541681968417,0.01735218508997429
3,26,-0.0642857142857143,-0.0417982617211409,0.017303219488309464
3,27,-0.06440200758966826,-0.041865589423430036,0.01743787489288775
3,28,-0.06440200758966826,-0.041865589423430036,0.01743787489288775
3,29,-0.06436528338841964,-0.04170033051781123,0.017113477781858243
3,30,-0.06440200758966826,-0.042061451830089365,0.01713796058269066
3,31,-0.06440200758966826,-0.042061451830089365,0.01713796058269066
3,32,-0.06440812828987637,-0.04204308972946505,0.01718080548414739
3,33,-0.06435304198800343,-0.04172481331864365,0.01718080548414739
3,34,-0.06435304198800343,-0.04172481331864365,0.01767046150079569
3,35,-0.06462235279716,-0.04203696902925695,0.01767046150079569
3,36,-0.06431631778675481,-0.04173705471905986,0.01731546088872567
3,37,-0.06430407638633859,-0.042006365528216426,0.017376667890806708
3,38,-0.06430407638633859,-0.042006365528216426,0.017376667890806708
3,39,-0.06459174929611947,-0.04173093401885176,0.01754192679642551
3,40,-0.06449993879299792,-0.042018606928632636,0.017205288284979803
3,41,-0.06449993879299792,-0.042018606928632636,0.017205288284979803
3,42,-0.06408985187905496,-0.04175541681968417,0.017468478393928268
3,43,-0.06437752478883584,-0.04168808911739503,0.01741339209205533
3,44,-0.06437752478883584,-0.04168808911739503,0.01741339209205533
3,45,-0.06449381809278981,-0.04188395152405435,0.017462357693720162
3,46,-0.06436528338841964,-0.04173093401885176,0.017333822989349983
3,47,-0.06436528338841964,-0.04173093401885176,0.017303219488309464
3,48,-0.06453666299424654,-0.04194515852613539,0.017303219488309464
3,49,-0.06456114579507896,-0.04203696902925695,0.01731546088872567
3,50,-0.06455502509487085,-0.04174317541926796,0.017388909291222915
3,51,-0.06455502509487085,-0.04174317541926796,0.017388909291222915
3,52,-0.06443261109070877,-0.04201248622842453,0.017548047496633613
3,53,-0.06440200758966826,-0.04172481331864365,0.017431754192679644
3,54,-0.06440200758966826,-0.04172481331864365,0.017431754192679644
3,55,-0.06458562859591137,-0.04198800342759212,0.01763985799975517
3,56,-0.0644632145917493,-0.04188395152405435,0.01757253029746603
3,57,-0.0644632145917493,-0.04188395152405435,0.01757253029746603
3,58,-0.06434692128779532,-0.04181050312155711,0.017248133186436528
3,59,-0.06450605949320602,-0.04207981393071367,0.017290978087893254
3,60,-0.06450605949320602,-0.04207981393071367,0.017658220100379485
3,61,-0.06435916268821154,-0.04184110662259762,0.017658220100379485
3,62,-0.06429183498592239,-0.04211041743175419,0.017278736687477047
3,63,-0.06445097319133308,-0.0417982617211409,0.01747459909413637
3,64,-0.06445097319133308,-0.0417982617211409,0.01747459909413637
3,65,-0.06464683559799242,-0.04185946872322194,0.017272615987268945
3,66,-0.06445097319133308,-0.04194515852613539,0.01740115069163912
3,67,-0.06445097319133308,-0.04194515852613539,0.01740115069163912
3,68,-0.06438976618925205,-0.04182886522218142,0.017333822989349983
3,69,-0.0643101970865467,-0.041932917125719185,0.017468478393928268
3,70,-0.0643101970865467,-0.041932917125719185,0.017468478393928268
3,71,-0.06442649039050066,-0.04160852001468968,0.017529685396009305
3,72,-0.0643101970865467,-0.04205533112988126,0.017290978087893254
3,73,-0.0643101970865467,-0.04205533112988126,0.017290978087893254
3,74,-0.06440200758966826,-0.04206757253029746,0.017468478393928268
3,75,-0.06433467988737912,-0.04184722732280573,0.017407271391847227
3,76,-0.06434692128779532,-0.04188395152405435,0.0173644264903905
3,77,-0.06434692128779532,-0.04188395152405435,0.0173644264903905
3,78,-0.06450605949320602,-0.04200024482800833,0.017327702289141877
3,79,-0.06454278369445464,-0.04218386583425144,0.017278736687477047
3,80,-0.06454278369445464,-0.04218386583425144,0.017278736687477047
3,81,-0.06438364548904395,-0.041932917125719185,0.017468478393928268
3,82,-0.06442036969029256,-0.04171257191822745,0.017388909291222915
3,83,-0.06442036969029256,-0.04171257191822745,0.017388909291222915
3,84,-0.06442036969029256,-0.04181662382176521,0.017505202595176888
3,85,-0.06442036969029256,-0.041651364916146405,0.017333822989349983
3,86,-0.06442036969029256,-0.04188395152405435,0.017707185702044315
3,87,-0.06426123148488187,-0.04188395152405435,0.017707185702044315
3,88,-0.06432243848696291,-0.042006365528216426,0.017407271391847227
3,89,-0.06433467988737912,-0.0419696413269678,0.017370547190598603
3,90,-0.06433467988737912,-0.0419696413269678,0.017370547190598603
3,91,-0.06420614518300893,-0.041761537519892276,0.017101236381442037
3,92,-0.06436528338841964,-0.04184110662259762,0.01735218508997429
3,93,-0.06436528338841964,-0.04184110662259762,0.01735218508997429
3,94,-0.06446933529195739,-0.04210429673154609,0.01726649528706084
3,95,-0.06440200758966826,-0.04194515852613539,0.01740115069163912
3,96,-0.06440200758966826,-0.04194515852613539,0.01740115069163912
3,97,-0.06452442159383034,-0.041932917125719185,0.017548047496633613
3,98,-0.06464071489778431,-0.04174929611947607,0.01718080548414739
3,99,-0.06464071489778431,-0.04192679642551107,0.017113477781858243
