values,,Magnetometer,Magnetometer,Magnetometer
axis,,x,y,z
Sensor,Sample,,,
0,0,0.06827641082139797,0.0752295262578039,0.04751499571550986
0,1,0.06839882482556005,0.0752295262578039,0.04751499571550986
0,2,0.06828253152160607,0.07514383645489045,0.04739870241155588
0,3,0.06831313502264659,0.07534581956175787,0.04714163300281552
0,4,0.06831313502264659,0.07534581956175787,0.04714163300281552
0,5,0.06836210062431142,0.075413147264047,0.04698861549761293
0,6,0.0681539968172359,0.07505202595176888,0.046951891296364304
0,7,0.0681539968172359,0.07505202595176888,0.046951891296364304
0,8,0.06861917003305178,0.07521728485738768,0.047080426000734484
0,9,0.06834985922389522,0.07499081894968784,0.04734361610968295
0,10,0.06834985922389522,0.07499081894968784,0.04734361610968295
0,11,0.06808666911494675,0.0754192679642551,0.04722732280572898
0,12,0.06836822132451953,0.07530909536050924,0.0472701677071857
0,13,0.06836822132451953,0.07530909536050924,0.0472701677071857
0,14,0.06846615252784918,0.07503978455135267,0.047202840004896565
0,15,0.068337617823479,0.0752295262578039,0.04731301260864243
0,16,0.068337617823479,0.0752295262578039,0.04731301260864243
0,17,0.06820296241890073,0.07516831925572286,0.04757008201738279
0,18,0.06842330762639245,0.07532745746113355,0.047111029501775
0,19,0.06842330762639245,0.07532745746113355,0.047111029501775
0,20,0.06810503121557107,0.07519892275676338,0.047619047619047616
0,21,0.06822744521973315,0.07526625045905252,0.04718447790427225
0,22,0.06840494552576815,0.07523564695801199,0.0470987881013588
0,23,0.06840494552576815,0.07523564695801199,0.0470987881013588
0,24,0.06839882482556005,0.07505202595176888,0.04671930468845636
0,25,0.06855184233076264,0.07510099155343372,0.04725180560656139
0,26,0.06855184233076264,0.07510099155343372,0.04725180560656139
0,27,0.06831313502264659,0.07519892275676338,0.047006977598237236
0,28,0.0683314971232709,0.0749051291467744,0.04709266740115069
0,29,0.0683314971232709,0.0749051291467744,0.04709266740115069
0,30,0.06836822132451953,0.0752295262578039,0.04699473619782103
0,31,0.06837434202472763,0.0752478883584282,0.04752723711592606
0,32,0.06837434202472763,0.0752478883584282,0.04752723711592606
0,33,0.06840494552576815,0.07502142245072836,0.047019218998653446
0,34,0.06823968662014934,0.07521728485738768,0.04697025339698861
0,35,0.06823968662014934,0.07521728485738768,0.04697025339698861
0,36,0.06824580732035744,0.07513159505447423,0.046890684294283266
0,37,0.06850899742930591,0.0752234055575958,0.04704370179948586
0,38,0.06850899742930591,0.0752234055575958,0.04704370179948586
0,39,0.06817235891786019,0.07513771575468234,0.047006977598237236
0,40,0.06839882482556005,0.07519280205655528,0.047380340310931565
0,41,0.06839882482556005,0.07519280205655528,0.047380340310931565
0,42,0.06828865222181417,0.0752295262578039,0.04725792630676949
0,43,0.06828865222181417,0.07533969886154976,0.047062063900110175
0,44,0.06834373852368711,0.07502754315093647,0.04681111519157792
0,45,0.06834373852368711,0.07502754315093647,0.04681111519157792
0,46,0.06823356591994124,0.0754192679642551,0.04684783939282654
0,47,0.06785408250703881,0.07506426735218509,0.04703758109927776
0,48,0.06785408250703881,0.07506426735218509,0.04703758109927776
0,49,0.06823968662014934,0.07519280205655528,0.04690292569469947
0,50,0.06825192802056555,0.07514995715509855,0.04691516709511568
0,51,0.06825192802056555,0.07514995715509855,0.04691516709511568
0,52,0.06811727261598727,0.07507038805239319,0.0469396498959481
0,53,0.06824580732035744,0.07519892275676338,0.04733137470926674
0,54,0.06824580732035744,0.07519892275676338,0.04733137470926674
0,55,0.06838658342514384,0.07520504345697147,0.04723344350593708
0,56,0.06825804872077365,0.07523564695801199,0.04703146039906965
0,57,0.06825804872077365,0.07523564695801199,0.04703146039906965
0,58,0.06843554902680866,0.07527237115926062,0.04701309829844534
0,59,0.06838046272493573,0.0752417676582201,0.04721508140531277
0,60,0.06838046272493573,0.0752417676582201,0.04721508140531277
0,61,0.0681539968172359,0.07513771575468234,0.04724568490635329
0,62,0.0683314971232709,0.07514995715509855,0.046823356591994124
0,63,0.0683314971232709,0.07514995715509855,0.046823356591994124
0,64,0.06819684171869261,0.07523564695801199,0.04728240910760191
0,65,0.0684845146284735,0.07521116415717957,0.04695801199657241
0,66,0.0684845146284735,0.07503978455135267,0.04701309829844534
0,67,0.0684845146284735,0.07503978455135267,0.04701309829844534
0,68,0.06846615252784918,0.07509487085322561,0.047062063900110175
0,69,0.06834985922389522,0.07521116415717957,0.047202840004896565
0,70,0.06834985922389522,0.07521116415717957,0.047202840004896565
0,71,0.0684722732280573,0.07510099155343372,0.0466274941853348
0,72,0.06821520381931692,0.07518668135634717,0.046878442893867056
0,73,0.06821520381931692,0.07518668135634717,0.046878442893867056
0,74,0.06842330762639245,0.0752478883584282,0.04728240910760191
0,75,0.06829477292202228,0.0754009058636308,0.04680499449136981
0,76,0.06829477292202228,0.0754009058636308,0.04680499449136981
0,77,0.06834373852368711,0.0752417676582201,0.04731913330885053
0,78,0.0684906353286816,0.07498469824947974,0.04698861549761293
0,79,0.0684906353286816,0.07498469824947974,0.04698861549761293
0,80,0.06842942832660057,0.07538254376300649,0.046866201493450846
0,81,0.06839270412535195,0.07511935365405803,0.047276288407393806
0,82,0.06839270412535195,0.07511935365405803,0.047276288407393806
0,83,0.06827641082139797,0.07545599216550374,0.047111029501775
0,84,0.06835597992410332,0.07507038805239319,0.04734361610968295
0,85,0.06835597992410332,0.07514995715509855,0.047704737421961074
0,86,0.0684783939282654,0.07514995715509855,0.047704737421961074
0,87,0.06845391112743297,0.07498469824947974,0.04640102827763496
0,88,0.06835597992410332,0.07521116415717957,0.04705594319990207
0,89,0.06835597992410332,0.07521116415717957,0.04705594319990207
0,90,0.06837434202472763,0.07501530175052026,0.04718447790427225
0,91,0.06838046272493573,0.07530297466030114,0.046921287795323785
0,92,0.06838046272493573,0.07530297466030114,0.046921287795323785
0,93,0.06835597992410332,0.0750826294528094,0.04652956298200514
0,94,0.068337617823479,0.07535806096217408,0.046890684294283266
0,95,0.068337617823479,0.07535806096217408,0.046890684294283266
0,96,0.0683314971232709,0.0752540090586363,0.04720896070510466
0,97,0.06834985922389522,0.07543150936467133,0.04703758109927776
0,98,0.06834985922389522,0.07543150936467133,0.04703758109927776
0,99,0.06806830701432244,0.07511935365405803,0.046835597992410334
1,0,-0.0779654792508263,0.07096339821275553,0.03936834373852369
1,1,-0.0779654792508263,0.07096339821275553,0.03936834373852369
1,2,-0.0779654792508263,0.07075529440568001,0.039753947851634226
1,3,-0.0779777206512425,0.07079201860692863,0.039827396254131474
1,4,-0.0779777206512425,0.07079201860692863,0.039827396254131474
1,5,-0.07795323785041008,0.0708960705104664,0.039827396254131474
1,6,-0.07783694454645611,0.07111029501775004,0.03931937813685886
1,7,-0.07783694454645611,0.07093891541192313,0.03990084465662872
1,8,-0.07784306524666422,0.07093891541192313,0.03990084465662872
1,9,-0.07810625535561269,0.0707369323050557,0.03949687844289387
1,10,-0.07795935855061818,0.07093279471171501,0.04026196596890684
1,11,-0.07795935855061818,0.07093279471171501,0.04026196596890684
1,12,-0.07794711715020199,0.07055331129881258,0.039741706451218016
1,13,-0.07778185824458318,0.07101236381442036,0.03959480964622353
1,14,-0.07778185824458318,0.07101236381442036,0.03959480964622353
1,15,-0.07788591014812093,0.07090831191088261,0.04024972456849064
1,16,-0.07768392704125351,0.07076141510588811,0.03974782715142612
1,17,-0.07768392704125351,0.07076141510588811,0.03974782715142612
1,18,-0.0776655649406292,0.07063900110172604,0.03925205043456971
1,19,-0.07791039294895336,0.07063288040151794,0.03988860325621251
1,20,-0.07772065124250213,0.07072469090463948,0.03985799975517199
1,21,-0.07772065124250213,0.07072469090463948,0.03985799975517199
1,22,-0.07792263434936957,0.07117150201983106,0.04042110417431754
1,23,-0.07793487574978578,0.07096951891296364,0.039625413147264046
1,24,-0.07793487574978578,0.07096951891296364,0.039625413147264046
1,25,-0.07773901334312645,0.07090219121067451,0.04013343126453666
1,26,-0.07792263434936957,0.07075529440568001,0.03970498224996939
1,27,-0.07792263434936957,0.07075529440568001,0.03970498224996939
1,28,-0.07811237605582079,0.07083486350838536,0.04010282776349615
1,29,-0.07795935855061818,0.07078589790672053,0.03959480964622353
1,30,-0.07795935855061818,0.07078589790672053,0.03959480964622353
1,31,-0.07765944424042111,0.07081650140776105,0.040170155465785284
1,32,-0.07793487574978578,0.07087158770963399,0.03950299914310197
1,33,-0.07793487574978578,0.07068796670339086,0.040292569469947366
1,34,-0.07778797894479128,0.07068796670339086,0.040292569469947366
1,35,-0.07780022034520749,0.07109193291712572,0.039937568857877345
1,36,-0.07815522095727752,0.07107357081650141,0.04017627616599339
1,37,-0.07815522095727752,0.07107357081650141,0.04017627616599339
1,38,-0.07769004774146163,0.07101236381442036,0.039827396254131474
1,39,-0.07790427224874526,0.07076753580609621,0.03991920675725303
1,40,-0.07790427224874526,0.07076753580609621,0.03991920675725303
1,41,-0.07785530664708043,0.07093891541192313,0.03972334435059371
1,42,-0.07787366874770474,0.07103072591504468,0.040084465662871833
1,43,-0.07787366874770474,0.07103072591504468,0.040084465662871833
1,44,-0.07781858244583181,0.07090831191088261,0.03944791284122904
1,45,-0.07779409964499939,0.07095727751254743,0.0390684294283266
1,46,-0.07779409964499939,0.07108581221691761,0.03982127555392337
1,47,-0.07783082384624801,0.07108581221691761,0.03982127555392337
1,48,-0.07763496143958869,0.07092055331129882,0.03972334435059371
1,49,-0.07793487574978578,0.07093891541192313,0.03990696535683682
1,50,-0.07793487574978578,0.07093891541192313,0.03990696535683682
1,51,-0.07799608275186681,0.07097563961317174,0.039913086057044925
1,52,-0.0779777206512425,0.07093279471171501,0.03998653445954217
1,53,-0.0779777206512425,0.07093279471171501,0.03998653445954217
1,54,-0.07775125474354266,0.07044925939527483,0.03980291345329905
1,55,-0.07795935855061818,0.07077977720651243,0.0393928265393561
1,56,-0.07795935855061818,0.07077977720651243,0.0393928265393561
1,57,-0.0778124617456237,0.07072469090463948,0.03993144815766923
1,58,-0.07769616844166972,0.07092055331129882,0.039894723956420616
1,59,-0.07769616844166972,0.07114089851879055,0.03958868894601543
1,60,-0.07752478883584282,0.07114089851879055,0.03958868894601543
1,61,-0.0776716856408373,0.07082874280817726,0.03983351695433958
1,62,-0.07783694454645611,0.07069408740359898,0.03991920675725303
1,63,-0.07783694454645611,0.07069408740359898,0.03991920675725303
1,64,-0.0779777206512425,0.07077977720651243,0.039643775247888355
1,65,-0.07770840984208593,0.07078589790672053,0.03988860325621251
1,66,-0.07770840984208593,0.07078589790672053,0.03988860325621251
1,67,-0.07780634104541559,0.07107969151670951,0.03985799975517199
1,68,-0.07774513404333457,0.0709144326110907,0.03969274084955319
1,69,-0.07774513404333457,0.0709144326110907,0.03969274084955319
1,70,-0.07789203084832905,0.07094503611213124,0.040029379360998894
1,71,-0.07799608275186681,0.07066960460276656,0.039925327457461135
1,72,-0.07772065124250213,0.07087770840984209,0.03977230995225854
1,73,-0.07772065124250213,0.07087770840984209,0.03977230995225854
1,74,-0.07798384135145062,0.07077365650630432,0.039753947851634226
1,75,-0.07785530664708043,0.07065736320235036,0.040084465662871833
1,76,-0.07785530664708043,0.07065736320235036,0.040084465662871833
1,77,-0.07737789203084833,0.07079201860692863,0.040537397478271515
1,78,-0.07780634104541559,0.07085322560900967,0.04026196596890684
1,79,-0.07780634104541559,0.07085322560900967,0.04026196596890684
1,80,-0.07781858244583181,0.07071857020443138,0.03981515485371527
1,81,-0.07761047863875628,0.07119598482066349,0.039558085444974904
1,82,-0.07761047863875628,0.07119598482066349,0.039558085444974904
1,83,-0.07798384135145062,0.07083486350838536,0.03985799975517199
1,84,-0.07769004774146163,0.0708960705104664,0.040310931570571674
1,85,-0.07783082384624801,0.07103072591504468,0.03998653445954217
1,86,-0.07783082384624801,0.07103072591504468,0.03998653445954217
1,87,-0.07774513404333457,0.07100624311421226,0.03977230995225854
1,88,-0.07775737544375076,0.07095727751254743,0.03984575835475578
1,89,-0.07775737544375076,0.07095727751254743,0.03984575835475578
1,90,-0.07770228914187784,0.0705839147998531,0.0403598971722365
1,91,-0.07767780634104542,0.07098788101358795,0.040157914065369074
1,92,-0.07767780634104542,0.07098788101358795,0.040157914065369074
1,93,-0.07769004774146163,0.07090831191088261,0.03998653445954217
1,94,-0.07786754804749664,0.07066960460276656,0.03987636185579631
1,95,-0.07786754804749664,0.07066960460276656,0.03987636185579631
1,96,-0.07791651364916147,0.07122046762149589,0.03949075774268576
1,97,-0.07795323785041008,0.07064512180193414,0.040482311176398576
1,98,-0.07756763373729955,0.07088382911005019,0.03972334435059371
1,99,-0.07756763373729955,0.07088382911005019,0.03972334435059371
2,0,0.06251683192557228,-0.07144693352919575,0.03189496878442894
2,1,0.06248622842453176,-0.07144693352919575,0.03189496878442894
2,2,0.06240053862161832,-0.07103072591504468,0.03229893499816379
2,3,0.06251683192557228,-0.07128167462357694,0.03223160729587465
2,4,0.06251683192557228,-0.07128167462357694,0.03223160729587465
2,5,0.06256579752723712,-0.07141633002815521,0.031839882482556
2,6,0.06236381442036969,-0.07108581221691761,0.032145917492961196
2,7,0.06236381442036969,-0.07108581221691761,0.032145917492961196
2,8,0.062235279715999514,-0.07150201983106867,0.031136001958624065
2,9,0.06253519402619659,-0.07148365773044436,0.03201126208838291
2,10,0.06253519402619659,-0.07148365773044436,0.03201126208838291
2,11,0.06249234912473987,-0.0710613294160852,0.032017382788591016
2,12,0.06259028032806954,-0.07132451952503366,0.03206634839025584
2,13,0.06259028032806954,-0.07132451952503366,0.03049944913698127
2,14,0.06246174562369935,-0.071226588321704,0.031191088260497
2,15,0.06249234912473987,-0.07118374342024728,0.03255600440690415
2,16,0.06261476312890195,-0.07127555392336883,0.03240910760190966
2,17,0.06261476312890195,-0.07127555392336883,0.03240910760190966
2,18,0.06256579752723712,-0.07139184722732281,0.030823846248010774
2,19,0.06226588321704003,-0.07127555392336883,0.031240053862161832
2,20,0.06226588321704003,-0.07127555392336883,0.031240053862161832
2,21,0.06248622842453176,-0.07129391602399314,0.03212143469212878
2,22,0.062473987024115565,-0.07130615742440935,0.03224384869629086
2,23,0.062473987024115565,-0.07130615742440935,0.03224384869629086
2,24,0.06232709021912107,-0.07129391602399314,0.03221936589545844
2,25,0.062376055820785904,-0.07102460521483658,0.030713673644264906
2,26,0.062376055820785904,-0.07102460521483658,0.030713673644264906
2,27,0.06254743542661281,-0.07129391602399314,0.03233565919941241
2,28,0.062406659321826416,-0.07128779532378504,0.03152160607173461
2,29,0.06265760803035866,-0.07114701921899866,0.03091565675113233
2,30,0.06265760803035866,-0.07114701921899866,0.03091565675113233
2,31,0.06270045293181539,-0.07133064022524177,0.03205410698983964
2,32,0.06241278002203452,-0.07159995103439834,0.032017382788591016
2,33,0.06241278002203452,-0.07159995103439834,0.032017382788591016
2,34,0.062382176520994,-0.07119598482066349,0.031637899375688575
2,35,0.06249846982494798,-0.07120210552087158,0.03199902068796671
2,36,0.06249846982494798,-0.07120210552087158,0.03199902068796671
2,37,0.06257803892765332,-0.07118374342024728,0.03229893499816379
2,38,0.06255967682702901,-0.07136124372628229,0.03253764230627984
2,39,0.06255967682702901,-0.07136124372628229,0.03253764230627984
2,40,0.062431142122658836,-0.07142857142857142,0.0323172970987881
2,41,0.06254743542661281,-0.07139184722732281,0.03234790059982862
2,42,0.06254743542661281,-0.07139184722732281,0.03234790059982862
2,43,0.06259028032806954,-0.07166115803647938,0.03199902068796671
2,44,0.06242502142245073,-0.07098788101358795,0.03171746847839393
2,45,0.06236993512057779,-0.07120210552087158,0.03223772799608275
2,46,0.06236993512057779,-0.07120210552087158,0.03223772799608275
2,47,0.062406659321826416,-0.07123882972212021,0.031197208960705103
2,48,0.062394417921410206,-0.0713796058269066,0.03157669237360754
2,49,0.062394417921410206,-0.0713796058269066,0.03157669237360754
2,50,0.062376055820785904,-0.07118374342024728,0.03234177989962052
2,51,0.06252295262578039,-0.0712143469212878,0.032286693597747586
2,52,0.06252295262578039,-0.0712143469212878,0.032286693597747586
2,53,0.06232709021912107,-0.07132451952503366,0.03232953849920431
2,54,0.06263312522952626,-0.07125107112253641,0.03217040029379361
2,55,0.06263312522952626,-0.07125107112253641,0.03217040029379361
2,56,0.06264536662994247,-0.0715509854327335,0.032017382788591016
2,57,0.06251071122536418,-0.07123270902191212,0.03188272738401273
2,58,0.06251683192557228,-0.07124495042232831,0.031240053862161832
2,59,0.06251683192557228,-0.07124495042232831,0.031240053862161832
2,60,0.062406659321826416,-0.07106745011629331,0.03164402007589669
2,61,0.06252295262578039,-0.07123270902191212,0.032152038193169294
2,62,0.06252295262578039,-0.07123270902191212,0.032152038193169294
2,63,0.06235769372016159,-0.07116538131962297,0.03240910760190966
2,64,0.06242502142245073,-0.07114701921899866,0.03229893499816379
2,65,0.06242502142245073,-0.07114701921899866,0.03229893499816379
2,66,0.062449504223283145,-0.07115926061941487,0.031839882482556
2,67,0.0622291590157914,-0.07151426123148488,0.03223160729587465
2,68,0.0622291590157914,-0.07151426123148488,0.03223160729587465
2,69,0.06279226343493696,-0.07126943322316073,0.031044191455502513
2,70,0.06258415962786143,-0.07135512302607419,0.03212755539233688
2,71,0.062333210919329175,-0.07109193291712572,0.03248867670461501
2,72,0.062333210919329175,-0.07109193291712572,0.03248867670461501
2,73,0.06270045293181539,-0.07106745011629331,0.03250703880523932
2,74,0.06259640102827764,-0.0712082262210797,0.03202962418900722
2,75,0.06259640102827764,-0.0712082262210797,0.03202962418900722
2,76,0.06246174562369935,-0.07117762272003916,0.03221936589545844
2,77,0.06252295262578039,-0.07099400171379606,0.03221324519525033
2,78,0.06252295262578039,-0.07099400171379606,0.03221324519525033
2,79,0.06262700452931816,-0.07130615742440935,0.03237238340066104
2,80,0.06284734973680989,-0.07148365773044436,0.032286693597747586
2,81,0.06284734973680989,-0.07148365773044436,0.032286693597747586
2,82,0.06272493573264781,-0.07123882972212021,0.031184967560288896
2,83,0.06270045293181539,-0.07100624311421226,0.03203574488921533
2,84,0.06270045293181539,-0.07100624311421226,0.03203574488921533
2,85,0.06273105643285591,-0.07139184722732281,0.031790916880891175
2,86,0.06238829722120211,-0.0713734851266985,0.03220712449504223
2,87,0.06250459052515608,-0.07113477781858245,0.03187048598359653
2,88,0.06250459052515608,-0.07113477781858245,0.03187048598359653
2,89,0.06265148733015057,-0.07125719182274452,0.0324703146039907
2,90,0.06270045293181539,-0.07135512302607419,0.03130126086424287
2,91,0.06270045293181539,-0.07135512302607419,0.03130126086424287
2,92,0.06241278002203452,-0.07107357081650141,0.032402986901701555
2,93,0.06259028032806954,-0.07130615742440935,0.031631778675480476
2,94,0.06259028032806954,-0.07130615742440935,0.031631778675480476
2,95,0.06242502142245073,-0.07117762272003916,0.03234177989962052
2,96,0.06252907332598849,-0.07119598482066349,0.03180927898151549
2,97,0.06252907332598849,-0.07119598482066349,0.03180927898151549
2,98,0.0622291590157914,-0.07120210552087158,0.03243971110295017
2,99,0.06260252172848574,-0.07117150201983106,0.03185824458318032
3,0,-0.06299424654180438,-0.04450973191333089,0.011457950789570327
3,1,-0.06276165993389644,-0.04450973191333089,0.011537519892275677
3,2,-0.06314726404700698,-0.04448524911249847,0.01131717468478394
3,3,-0.06314726404700698,-0.04448524911249847,0.01131717468478394
3,4,-0.06293916023993144,-0.04467499081894969,0.011280450483535317
3,5,-0.06293916023993144,-0.044644387317909165,0.01136614028644877
3,6,-0.06293916023993144,-0.044644387317909165,0.01136614028644877
3,7,-0.06311666054596646,-0.044430162810625534,0.01136614028644877
3,8,-0.06312278124617457,-0.04468111151915779,0.011372260986656873
3,9,-0.06304933284367732,-0.044417921410209324,0.011408985187905497
3,10,-0.06304933284367732,-0.044417921410209324,0.011408985187905497
3,11,-0.0630064879422206,-0.04452197331374709,0.01144570938915412
3,12,-0.06311666054596646,-0.04444852491124985,0.011427347288529807
3,13,-0.06311666054596646,-0.04444852491124985,0.011427347288529807
3,14,-0.06307381564450973,-0.04476680132207124,0.011500795691027053
3,15,-0.06301260864242869,-0.04450361121312278,0.011513037091443261
3,16,-0.06301260864242869,-0.04450361121312278,0.011513037091443261
3,17,-0.06278002203452074,-0.04471783572040641,0.011580364793732404
3,18,-0.06297588444118007,-0.044797404823111765,0.011249846982494798
3,19,-0.06297588444118007,-0.044797404823111765,0.011249846982494798
3,20,-0.06281674623576937,-0.0447055943199902,0.011298812584159627
3,21,-0.06283510833639369,-0.04480964622352797,0.01149467499081895
3,22,-0.06311666054596646,-0.04457705961562003,0.011268209083119108
3,23,-0.06311666054596646,-0.04457705961562003,0.011268209083119108
3,24,-0.06270045293181539,-0.04435059370792019,0.011513037091443261
3,25,-0.0628657118374342,-0.044668870118741585,0.011427347288529807
3,26,-0.0628657118374342,-0.044668870118741585,0.011427347288529807
3,27,-0.06292691883951525,-0.044411800710001226,0.011213122781246174
3,28,-0.06284122903660179,-0.044711715020198314,0.011311053984575836
3,29,-0.06284122903660179,-0.044711715020198314,0.011311053984575836
3,30,-0.0630248500428449,-0.044515852613538985,0.011268209083119108
3,31,-0.06292079813930714,-0.0445342147141633,0.011470192189986534
3,32,-0.06292079813930714,-0.0445342147141633,0.011470192189986534
3,33,-0.06292079813930714,-0.04472395642061452,0.011402864487697392
3,34,-0.06309829844534215,-0.04468111151915779,0.011298812584159627
3,35,-0.06309829844534215,-0.04458930101603624,0.011188639980413759
3,36,-0.06296976374097196,-0.04458930101603624,0.011188639980413759
3,37,-0.06290243603868283,-0.04449136981270657,0.011513037091443261
3,38,-0.06293303953972335,-0.04465050801811728,0.011421226588321703
3,39,-0.06293303953972335,-0.04465050801811728,0.011421226588321703
3,40,-0.06294528094013954,-0.04459542171624434,0.011659933896437751
3,41,-0.06307993634471784,-0.04468111151915779,0.01130493328436773
3,42,-0.06307993634471784,-0.04468111151915779,0.01130493328436773
3,43,-0.06323295384992042,-0.04467499081894969,0.011647692496021544
3,44,-0.06296976374097196,-0.044687232219365894,0.011390623087281185
3,45,-0.06296976374097196,-0.044687232219365894,0.011390623087281185
3,46,-0.0630248500428449,-0.04481576692373608,0.011298812584159627
3,47,-0.06311053984575835,-0.04450973191333089,0.011292691883951524
3,48,-0.06311053984575835,-0.04450973191333089,0.01133553678540825
3,49,-0.06305545354388542,-0.04460766311666055,0.01133553678540825
3,50,-0.06306769494430163,-0.044687232219365894,0.011555881992899988
3,51,-0.06293303953972335,-0.04472395642061452,0.01115803647937324
3,52,-0.06293303953972335,-0.04472395642061452,0.01115803647937324
3,53,-0.06306769494430163,-0.044558697514995714,0.011470192189986534
3,54,-0.06315950544742319,-0.04447912841229036,0.011329416085200147
3,55,-0.06315950544742319,-0.04447912841229036,0.011329416085200147
3,56,-0.06310441914555025,-0.044558697514995714,0.011470192189986534
3,57,-0.06296364304076386,-0.044656628718325375,0.011500795691027053
3,58,-0.06296364304076386,-0.044656628718325375,0.011500795691027053
3,59,-0.06264536662994247,-0.04491981882727384,0.011372260986656873
3,60,-0.062853470437018,-0.0445403354143714,0.011470192189986534
3,61,-0.062853470437018,-0.0445403354143714,0.011470192189986534
3,62,-0.06292079813930714,-0.04472395642061452,0.011194760680621862
3,63,-0.06284122903660179,-0.04468111151915779,0.01131717468478394
3,64,-0.06294528094013954,-0.04477292202227935,0.01136614028644877
3,65,-0.06294528094013954,-0.04477292202227935,0.01136614028644877
3,66,-0.06301872934263679,-0.04463826661770107,0.011298812584159627
3,67,-0.0630248500428449,-0.04446076631166605,0.011402864487697392
3,68,-0.0630248500428449,-0.04446076631166605,0.011402864487697392
3,69,-0.06292079813930714,-0.04460766311666055,0.011323295384992044
3,70,-0.06305545354388542,-0.04465050801811728,0.011696658097686375
3,71,-0.06305545354388542,-0.04465050801811728,0.011696658097686375
3,72,-0.06275553923368833,-0.04493206022769004,0.011427347288529807
3,73,-0.0630248500428449,-0.04467499081894969,0.011451830089362224
3,74,-0.06289631533847471,-0.044742318521238826,0.011360019586240666
3,75,-0.06289631533847471,-0.044742318521238826,0.011360019586240666
3,76,-0.063030970743053,-0.044668870118741585,0.011549761292691883
3,77,-0.06293303953972335,-0.04457705961562003,0.011500795691027053
3,78,-0.06293303953972335,-0.04457705961562003,0.011500795691027053
3,79,-0.06298200514138817,-0.0447055943199902,0.01130493328436773
3,80,-0.06306157424409352,-0.04458318031582813,0.011427347288529807
3,81,-0.06306157424409352,-0.04458318031582813,0.011427347288529807
3,82,-0.06297588444118007,-0.04463826661770107,0.011488554290610846
3,83,-0.0630003672420125,-0.04447300771208226,0.0114151058881136
3,84,-0.0630003672420125,-0.04447300771208226,0.0114151058881136
3,85,-0.06289019463826662,-0.04474843922144693,0.011531399192067571
3,86,-0.06325131595054474,-0.04458318031582813,0.011402864487697392
3,87,-0.06296364304076386,-0.044742318521238826,0.01146407148977843
3,88,-0.06296364304076386,-0.044742318521238826,0.01146407148977843
3,89,-0.06294528094013954,-0.044699473619782104,0.011207002081038071
3,90,-0.06307993634471784,-0.044558697514995714,0.011408985187905497
3,91,-0.06307993634471784,-0.044558697514995714,0.011408985187905497
3,92,-0.063030970743053,-0.04438119720896071,0.01136614028644877
3,93,-0.06320235034887992,-0.04461378381686865,0.011488554290610846
3,94,-0.06320235034887992,-0.04461378381686865,0.011488554290610846
3,95,-0.06304321214346922,-0.04452197331374709,0.011323295384992044
3,96,-0.06292079813930714,-0.044668870118741585,0.011378381686864978
3,97,-0.06292079813930714,-0.044668870118741585,0.011378381686864978
3,98,-0.06289631533847471,-0.044687232219365894,0.011580364793732404
3,99,-0.06323295384992042,-0.044570938915411924,0.011274329783327212
