values,,Magnetometer,Magnetometer,Magnetometer
axis,,x,y,z
Sensor,Sample,,,
0,0,0.03321091932917126,0.07826539356102338,-0.012865711837434202
0,1,0.03319255722854695,0.0781368588566532,-0.012890194638266617
0,2,0.03326600563104419,0.07795935855061818,-0.012388297221202106
0,3,0.03326600563104419,0.07795935855061818,-0.012388297221202106
0,4,0.03324152283021178,0.07801444485249112,-0.012082262210796915
0,5,0.033259884930836085,0.07807565185457216,-0.012455624923491247
0,6,0.033259884930836085,0.07807565185457216,-0.012455624923491247
0,7,0.03322316072958746,0.0781491002570694,-0.012510711225364183
0,8,0.03332109193291712,0.07830823846248011,-0.012578038927653324
0,9,0.03332109193291712,0.07830823846248011,-0.012578038927653324
0,10,0.03333333333333333,0.07803892765332354,-0.012198555514750888
0,11,0.03335169543395765,0.07800220345207491,-0.012057779409964501
0,12,0.03335169543395765,0.07800220345207491,-0.012057779409964501
0,13,0.03324764353041988,0.07821642795935854,-0.012198555514750888
0,14,0.0331129881258416,0.07828375566164769,-0.012302607418288652
0,15,0.0331129881258416,0.07828375566164769,-0.012302607418288652
0,16,0.033131350226465905,0.0781368588566532,-0.01233321091932917
0,17,0.03308238462480108,0.07799608275186681,-0.012376055820785898
0,18,0.033547557840616964,0.07794099644999389,-0.012229159015791406
0,19,0.033547557840616964,0.07794099644999389,-0.012229159015791406
0,20,0.033357816134165746,0.07815522095727752,-0.012657608030358671
0,21,0.03318031582813074,0.07818582445831804,-0.012633125229526258
0,22,0.03318031582813074,0.07818582445831804,-0.012633125229526258
0,23,0.03318031582813074,0.07812461745623699,-0.01308605704492594
0,24,0.0334373852368711,0.07822254865956665,-0.012712694332231609
0,25,0.0334373852368711,0.07822254865956665,-0.012712694332231609
0,26,0.03310074672542539,0.07795935855061818,-0.012455624923491247
0,27,0.03329660913208471,0.07798384135145062,-0.012253641816623822
0,28,0.03329660913208471,0.07798384135145062,-0.012253641816623822
0,29,0.033131350226465905,0.07792875504957766,-0.012406659321826417
0,30,0.033186436528338845,0.07795323785041008,-0.012541314726404702
0,31,0.033186436528338845,0.07795323785041008,-0.012541314726404702
0,32,0.03329048843187661,0.07798384135145062,-0.012731056432855919
0,33,0.03336393683437385,0.07808177255478027,-0.012431142122658832
0,34,0.03336393683437385,0.07808177255478027,-0.012431142122658832
0,35,0.03329660913208471,0.07810013465540458,-0.01246174562369935
0,36,0.03338229893499816,0.07814297955686131,-0.012418900722242625
0,37,0.03338229893499816,0.07814297955686131,-0.012418900722242625
0,38,0.03336393683437385,0.07805728975394785,-0.012167952013710369
0,39,0.033229281429795574,0.07792875504957766,-0.012076141510588811
0,40,0.033229281429795574,0.07802056555269923,-0.012100624311421226
0,41,0.03315583302729832,0.07802056555269923,-0.012100624311421226
0,42,0.03325376423062799,0.07821642795935854,-0.012724935732647815
0,43,0.033443505937079204,0.07797159995103439,-0.012137348512669848
0,44,0.033443505937079204,0.07797159995103439,-0.012137348512669848
0,45,0.033131350226465905,0.07789203084832905,-0.01191088260497001
0,46,0.033259884930836085,0.07821030725915044,-0.012890194638266617
0,47,0.033259884930836085,0.07821030725915044,-0.012890194638266617
0,48,0.03325376423062799,0.07815522095727752,-0.012284245317664342
0,49,0.03318031582813074,0.07795935855061818,-0.01208838291100502
0,50,0.03318031582813074,0.07795935855061818,-0.01208838291100502
0,51,0.03332109193291712,0.07800220345207491,-0.012351573019953483
0,52,0.0332782470314604,0.07819806585873423,-0.012278124617456237
0,53,0.0332782470314604,0.07819806585873423,-0.012278124617456237
0,54,0.033161953727506424,0.0779654792508263,-0.012706573632023505
0,55,0.033229281429795574,0.0779654792508263,-0.012027175908923982
0,56,0.033229281429795574,0.0779654792508263,-0.012027175908923982
0,57,0.033027298322928146,0.0781368588566532,-0.0122169176153752
0,58,0.03332109193291712,0.07819194515852614,-0.012198555514750888
0,59,0.03332109193291712,0.07819194515852614,-0.012198555514750888
0,60,0.0332843677316685,0.07793487574978578,-0.01239441792141021
0,61,0.03305790182396866,0.07812461745623699,-0.012565797527237115
0,62,0.03305790182396866,0.07812461745623699,-0.010998898273962542
0,63,0.033143591626882116,0.07809401395519647,-0.012327090219121067
0,64,0.03302117762272004,0.0781307381564451,-0.01197821030725915
0,65,0.033345574733749536,0.07806341045415596,-0.012694332231607297
0,66,0.033345574733749536,0.07806341045415596,-0.012694332231607297
0,67,0.03313747092667401,0.07808177255478027,-0.012308728118496755
0,68,0.03323540213000367,0.07802668625290733,-0.01257191822744522
0,69,0.03323540213000367,0.07802668625290733,-0.01257191822744522
0,70,0.03342514383645489,0.07817970375810993,-0.012504590525156078
0,71,0.03324764353041988,0.07811237605582079,-0.012351573019953483
0,72,0.03324764353041988,0.07811237605582079,-0.012351573019953483
0,73,0.03350471293916024,0.07810625535561269,-0.012272003917248133
0,74,0.033314971232709024,0.07815522095727752,-0.01233321091932917
0,75,0.033314971232709024,0.07815522095727752,-0.01233321091932917
0,76,0.03347410943811972,0.07817358305790181,-0.012253641816623822
0,77,0.03312522952625781,0.0781307381564451,-0.012529073325988493
0,78,0.03312522952625781,0.0781307381564451,-0.012529073325988493
0,79,0.03318031582813074,0.0784490145672665,-0.012651487330150568
0,80,0.033272126331252296,0.07826539356102338,-0.012865711837434202
0,81,0.033272126331252296,0.07826539356102338,-0.012865711837434202
0,82,0.03308850532500918,0.07832047986289632,-0.01236381442036969
0,83,0.033186436528338845,0.0782959970620639,-0.012308728118496755
0,84,0.033186436528338845,0.0782959970620639,-0.013875627371771332
0,85,0.03316807442771453,0.0781307381564451,-0.01268209083119109
0,86,0.0332782470314604,0.07769616844166972,-0.012535194026196596
0,87,0.033143591626882116,0.07839392826539357,-0.012296486718080549
0,88,0.033143591626882116,0.07839392826539357,-0.012296486718080549
0,89,0.0332843677316685,0.07808789325498837,-0.01244338352307504
0,90,0.03338229893499816,0.07799608275186681,-0.012516831925572286
0,91,0.03338229893499816,0.07799608275186681,-0.012516831925572286
0,92,0.03333333333333333,0.07819194515852614,-0.012357693720161586
0,93,0.03315583302729832,0.07837556616476925,-0.012645366629942464
0,94,0.03315583302729832,0.07837556616476925,-0.012645366629942464
0,95,0.03321704002937936,0.07814297955686131,-0.012547435426612805
0,96,0.033357816134165746,0.07832047986289632,-0.012100624311421226
0,97,0.033357816134165746,0.07832047986289632,-0.012100624311421226
0,98,0.033412902436038686,0.07832047986289632,-0.012308728118496755
0,99,0.03335169543395765,0.07821030725915044,-0.012376055820785898
1,0,-0.04712327090219121,0.07472762884073939,0.002754315093646713
1,1,-0.04725180560656139,0.07478883584282042,0.002472762884073938
1,2,-0.04725180560656139,0.07497857754927165,0.0029991431019708655
1,3,-0.04725180560656139,0.07497857754927165,0.0029991431019708655
1,4,-0.04750275431509365,0.07485616354510956,0.002405435181784796
1,5,-0.04733749540947484,0.0750826294528094,0.0028338841963520627
1,6,-0.04733749540947484,0.0750826294528094,0.0028338841963520627
1,7,-0.04734361610968295,0.07495409474843923,0.0030542294038438
1,8,-0.047159995103439836,0.0749051291467744,0.0017382788591014814
1,9,-0.047159995103439836,0.0749051291467744,0.0017382788591014814
1,10,-0.047404823111763986,0.07502142245072836,0.0019892275676337374
1,11,-0.04741094381197209,0.07472150814053127,0.0017994858611825194
1,12,-0.047288529807810016,0.07488676704615008,0.0023381074794956544
1,13,-0.047288529807810016,0.07488676704615008,0.0023381074794956544
1,14,-0.047294650508018114,0.07477047374219611,0.0021973313747092665
1,15,-0.0472701677071857,0.07519892275676338,0.002662504590525156
1,16,-0.0472701677071857,0.07519892275676338,0.002662504590525156
1,17,-0.04747827151426123,0.0749051291467744,0.002754315093646713
1,18,-0.047435426612804504,0.07511323295384992,0.0028583669971844776
1,19,-0.047435426612804504,0.07511323295384992,0.0028583669971844776
1,20,-0.04728240910760191,0.07509487085322561,0.0025706940874035992
1,21,-0.04748439221446933,0.07481943934386094,0.002527849185946872
1,22,-0.04748439221446933,0.07481943934386094,0.002527849185946872
1,23,-0.047202840004896565,0.0749296119476068,0.0017382788591014814
1,24,-0.04734361610968295,0.07500306035010405,0.0018484514628473495
1,25,-0.04728240910760191,0.07513771575468234,0.0020749173705471905
1,26,-0.04728240910760191,0.07513771575468234,0.0020749173705471905
1,27,-0.04731913330885053,0.07510099155343372,0.0021973313747092665
1,28,-0.04725180560656139,0.07475211164157179,0.0018117272615987268
1,29,-0.04725180560656139,0.07475211164157179,0.0018117272615987268
1,30,-0.04736809891051536,0.07503978455135267,0.0019586240665932183
1,31,-0.047380340310931565,0.07481331864365284,0.0016403476557718202
1,32,-0.047380340310931565,0.07481331864365284,0.0016403476557718202
1,33,-0.04752723711592606,0.0747459909413637,0.00189741706451218
1,34,-0.04733749540947484,0.07498469824947974,0.001903537764720284
1,35,-0.04733749540947484,0.07498469824947974,0.001903537764720284
1,36,-0.047221202105520874,0.07530297466030114,0.0019892275676337374
1,37,-0.04731301260864243,0.07504590525156077,0.0017933651609744155
1,38,-0.047178357204064145,0.07489288774635819,0.001842330762639246
1,39,-0.047178357204064145,0.07489288774635819,0.001842330762639246
1,40,-0.04721508140531277,0.07503366385114457,0.002056555269922879
1,41,-0.047306891908434325,0.07499081894968784,0.002160607173460644
1,42,-0.047306891908434325,0.07499081894968784,0.002160607173460644
1,43,-0.04747827151426123,0.07511323295384992,0.0020687966703390867
1,44,-0.04751499571550986,0.07489288774635819,0.0020810380707552943
1,45,-0.04751499571550986,0.07489288774635819,0.0020810380707552943
1,46,-0.04736809891051536,0.07496633614885542,0.002172848573876851
1,47,-0.04719671930468845,0.07481331864365284,0.001842330762639246
1,48,-0.04719671930468845,0.07481331864365284,0.001842330762639246
1,49,-0.04752723711592606,0.07469702533969887,0.002417676582201004
1,50,-0.04712939160239931,0.07489288774635819,0.001836210062431142
1,51,-0.04728240910760191,0.07510099155343372,0.001775003060350104
1,52,-0.04728240910760191,0.07510099155343372,0.001775003060350104
1,53,-0.04728240910760191,0.07511323295384992,0.002056555269922879
1,54,-0.047202840004896565,0.07500918105031215,0.0021789692740849555
1,55,-0.047202840004896565,0.07500918105031215,0.0021789692740849555
1,56,-0.04722732280572898,0.07465418043824214,0.002087158770963398
1,57,-0.04718447790427225,0.07518668135634717,0.0019157791651364918
1,58,-0.04718447790427225,0.07518668135634717,0.0019157791651364918
1,59,-0.047380340310931565,0.07510099155343372,0.0021850899742930593
1,60,-0.04734973680989105,0.07497857754927165,0.0021483657730444364
1,61,-0.04734973680989105,0.07497857754927165,0.0021483657730444364
1,62,-0.04733137470926674,0.07511323295384992,0.002393193781368589
1,63,-0.047417064512180196,0.0747459909413637,0.002313624678663239
1,64,-0.04730077120822622,0.07485004284490146,0.001964744766801322
1,65,-0.04730077120822622,0.07485004284490146,0.001964744766801322
1,66,-0.047202840004896565,0.07472150814053127,0.002289141877830824
1,67,-0.047147753703023626,0.07502142245072836,0.0024666421838658342
1,68,-0.047147753703023626,0.07502142245072836,0.0024666421838658342
1,69,-0.04736809891051536,0.07494185334802302,0.0018668135634716612
1,70,-0.04752723711592606,0.07486228424531767,0.0019157791651364918
1,71,-0.04752723711592606,0.07486228424531767,0.0019157791651364918
1,72,-0.047178357204064145,0.0750887501530175,0.002038193169298568
1,73,-0.04747827151426123,0.07496633614885542,0.002087158770963398
1,74,-0.04747827151426123,0.07496633614885542,0.002087158770963398
1,75,-0.04723344350593708,0.07496021544864732,0.0018545721630554538
1,76,-0.047288529807810016,0.07472150814053127,0.0020626759701309833
1,77,-0.04731301260864243,0.07511935365405803,0.00189741706451218
1,78,-0.04731301260864243,0.07511935365405803,0.00189741706451218
1,79,-0.047276288407393806,0.07496633614885542,0.0023442281797037582
1,80,-0.047404823111763986,0.07514383645489045,0.001775003060350104
1,81,-0.047404823111763986,0.07514383645489045,0.001775003060350104
1,82,-0.04750887501530175,0.07480719794344473,0.0017933651609744155
1,83,-0.047404823111763986,0.07482556004406904,0.0019157791651364918
1,84,-0.047404823111763986,0.07482556004406904,0.0019157791651364918
1,85,-0.04736197821030726,0.07507038805239319,0.002019831068674256
1,86,-0.04721508140531277,0.07493573264781492,0.001995348267841841
1,87,-0.04721508140531277,0.07493573264781492,0.001995348267841841
1,88,-0.04728240910760191,0.07448892153262333,0.002191210674501163
1,89,-0.047429305912596406,0.07479495654302852,0.0022156934753335784
1,90,-0.04735585751009915,0.07489288774635819,0.0026074182886522217
1,91,-0.04735585751009915,0.07489288774635819,0.0026074182886522217
1,92,-0.04720896070510466,0.0749234912473987,0.002313624678663239
1,93,-0.047392581711347775,0.07510099155343372,0.002472762884073938
1,94,-0.047392581711347775,0.07510099155343372,0.002472762884073938
1,95,-0.04745990941363692,0.0747398702411556,0.002742073693230506
1,96,-0.0472701677071857,0.07511323295384992,0.0024911249846982495
1,97,-0.0472701677071857,0.07511323295384992,0.0024911249846982495
1,98,-0.047306891908434325,0.0752234055575958,0.0031215571061329415
1,99,-0.04771085812216917,0.0750826294528094,0.002509487085322561
2,0,0.1553433712816746,-0.1022646590769984,0.11857020443138695
2,1,0.1553433712816746,-0.1022646590769984,0.11857020443138695
2,2,0.15474966336148857,-0.1023931937813686,0.11845391112743298
2,3,0.1549883706696046,-0.1028828497980169,0.11959236136614029
2,4,0.15499449136981272,-0.10221569347533357,0.11883951524054352
2,5,0.15499449136981272,-0.10221569347533357,0.11883951524054352
2,6,0.1549700085689803,-0.102240176276166,0.1194638266617701
2,7,0.1548231117639858,-0.10186681356347167,0.12067572530297466
2,8,0.1548231117639858,-0.10186681356347167,0.12067572530297466
2,9,0.154835353164402,-0.10238707308116049,0.12015546578528584
2,10,0.15507406047251807,-0.10244215938303343,0.11872934263679764
2,11,0.15507406047251807,-0.10244215938303343,0.11872934263679764
2,12,0.15505569837189376,-0.10216060717346065,0.12035132819194516
2,13,0.15506181907210187,-0.1023931937813686,0.12002081038070755
2,14,0.15506181907210187,-0.1023931937813686,0.12002081038070755
2,15,0.15507406047251807,-0.10235034887991186,0.11878442893867058
2,16,0.15505569837189376,-0.10216672787366873,0.11771330640225242
2,17,0.15461500795691027,-0.10216060717346065,0.11999632757987513
2,18,0.15461500795691027,-0.10216060717346065,0.11999632757987513
2,19,0.15504957767168565,-0.10268086669114947,0.12032684539111274
2,20,0.1553127677806341,-0.10233810747949565,0.1176704615007957
2,21,0.1553127677806341,-0.10233810747949565,0.1176704615007957
2,22,0.15506793977230995,-0.10215448647325254,0.11872934263679764
2,23,0.15509242257314237,-0.10220345207491736,0.11788468600807933
2,24,0.15509242257314237,-0.10220345207491736,0.11788468600807933
2,25,0.15493940506793977,-0.10227690047741463,0.12046150079569103
2,26,0.15492104296731546,-0.10220345207491736,0.11983718937446444
2,27,0.15492104296731546,-0.10220345207491736,0.11983718937446444
2,28,0.15488431876606684,-0.10274207369323049,0.11834373852368711
2,29,0.15526380217896926,-0.1022585383767903,0.11707063288040151
2,30,0.15526380217896926,-0.1022585383767903,0.11863753213367609
2,31,0.15509854327335046,-0.1024299179826172,0.11802546211286571
2,32,0.15492716366752357,-0.10244215938303343,0.11942710246052149
2,33,0.15463337005753458,-0.10236259028032806,0.11831925572285469
2,34,0.15463337005753458,-0.10236259028032806,0.11831925572285469
2,35,0.1549761292691884,-0.10247888358428203,0.11967805116905375
2,36,0.1549761292691884,-0.10246664218386584,0.11667278736687477
2,37,0.1549761292691884,-0.10246664218386584,0.11667278736687477
2,38,0.15495164646835596,-0.10244828008324151,0.11893744644387319
2,39,0.1552760435793855,-0.10220957277512548,0.1189680499449137
2,40,0.1552760435793855,-0.10220957277512548,0.1189680499449137
2,41,0.15491492226710735,-0.1024299179826172,0.11912718815032439
2,42,0.15530664708042602,-0.10258905618802791,0.12077977720651242
2,43,0.15530664708042602,-0.10258905618802791,0.12077977720651242
2,44,0.15526380217896926,-0.102417676582201,0.1189558085444975
2,45,0.15508630187293426,-0.10227077977720651,0.11709511568123394
2,46,0.15508630187293426,-0.10251560778553066,0.12051046639735585
2,47,0.1548169910637777,-0.10251560778553066,0.12051046639735585
2,48,0.15519035377647203,-0.10230750397845514,0.11747459909413638
2,49,0.1551964744766801,-0.10261353898886032,0.11906598114824336
2,50,0.1551964744766801,-0.10261353898886032,0.11906598114824336
2,51,0.15491492226710735,-0.1028950911984331,0.11961684416697269
2,52,0.15485983596523442,-0.1027175908923981,0.11939649895948097
2,53,0.15485983596523442,-0.1027175908923981,0.11939649895948097
2,54,0.15515975027543152,-0.10242379728240911,0.11706451218019343
2,55,0.15504957767168565,-0.10220345207491736,0.11916391235157302
2,56,0.15504957767168565,-0.10220345207491736,0.11916391235157302
2,57,0.1549761292691884,-0.10241155588199291,0.11836822132451952
2,58,0.15504345697147753,-0.10235034887991186,0.11861917003305178
2,59,0.15504345697147753,-0.10235034887991186,0.11861917003305178
2,60,0.15492104296731546,-0.10228914187783082,0.11880279103929489
2,61,0.15507406047251807,-0.1019525033663851,0.11809891051536296
2,62,0.15495776716856408,-0.10232586607907945,0.11853960093034643
2,63,0.15495776716856408,-0.10232586607907945,0.11853960093034643
2,64,0.15542294038437998,-0.10261965968906843,0.1199351205777941
2,65,0.15506181907210187,-0.10256457338719549,0.11743787489288775
2,66,0.15506181907210187,-0.10256457338719549,0.11743787489288775
2,67,0.15526380217896926,-0.10243603868282532,0.11814175541681968
2,68,0.15506181907210187,-0.10221569347533357,0.11755416819684172
2,69,0.15506181907210187,-0.10221569347533357,0.11755416819684172
2,70,0.15521483657730445,-0.10235646958011997,0.11917003305178113
2,71,0.15478638756273716,-0.102240176276166,0.12018606928632636
2,72,0.15478638756273716,-0.102240176276166,0.12018606928632636
2,73,0.15533725058146652,-0.10275431509364671,0.12077977720651242
2,74,0.15523319867792876,-0.10268698739135758,0.12039417309340188
2,75,0.15523319867792876,-0.10268698739135758,0.12039417309340188
2,76,0.1551781123760558,-0.10187293426367976,0.11699106377769616
2,77,0.15517199167584772,-0.10250336638511445,0.12063900110172603
2,78,0.15525768147876118,-0.10247888358428203,0.11988003427592116
2,79,0.15525768147876118,-0.10247888358428203,0.11988003427592116
2,80,0.1549700085689803,-0.10227690047741463,0.11825192802056554
2,81,0.1550312155710613,-0.10263190108948464,0.12036969029256947
2,82,0.1550312155710613,-0.10263190108948464,0.12036969029256947
2,83,0.15504345697147753,-0.10244828008324151,0.11691761537519892
2,84,0.15494552576814788,-0.10211164157179582,0.11686252907332599
2,85,0.15494552576814788,-0.10211164157179582,0.11686252907332599
2,86,0.15519035377647203,-0.10231362467866323,0.11822132451952502
2,87,0.1554657852858367,-0.10221569347533357,0.12057167339943689
2,88,0.1554657852858367,-0.10221569347533357,0.12057167339943689
2,89,0.155129146774391,-0.10249112498469826,0.11991063777696169
2,90,0.155129146774391,-0.10233810747949565,0.11809891051536296
2,91,0.1550312155710613,-0.10194638266617702,0.11792141020932793
2,92,0.1550312155710613,-0.10194638266617702,0.11792141020932793
2,93,0.15511690537397477,-0.10225241767658219,0.11966580976863753
2,94,0.1548047496633615,-0.10250336638511445,0.1175235646958012
2,95,0.1548047496633615,-0.10250336638511445,0.1175235646958012
2,96,0.1550189741706451,-0.10246664218386584,0.1184906353286816
2,97,0.15488431876606684,-0.1025523319867793,0.12048598359652345
2,98,0.15488431876606684,-0.1025523319867793,0.12048598359652345
2,99,0.15487819806585873,-0.10217284857387685,0.11806830701432244
3,0,-0.12631901089484637,-0.046762149589913087,0.04394050679397723
3,1,-0.12631901089484637,-0.046762149589913087,0.04394050679397723
3,2,-0.12623332109193292,-0.04697025339698861,0.04390990329293672
3,3,-0.12633737299547068,-0.046425511078467374,0.0440506793977231
3,4,-0.12633737299547068,-0.046425511078467374,0.0440506793977231
3,5,-0.126061941486106,-0.04673766678908067,0.04400783449626637
3,6,-0.1263679764965112,-0.04670094258783205,0.04414861060105276
3,7,-0.1263679764965112,-0.04670094258783205,0.04414861060105276
3,8,-0.1257314236748684,-0.04651732158158893,0.04383645489043946
3,9,-0.12611702778797895,-0.04673766678908067,0.043683437385236876
3,10,-0.12633737299547068,-0.04644387317909169,0.04398947239564206
3,11,-0.12633737299547068,-0.04644387317909169,0.04398947239564206
3,12,-0.12594564818215204,-0.04671930468845636,0.04399559309585017
3,13,-0.12628228669359776,-0.046694821887623944,0.04386705839147999
3,14,-0.12628228669359776,-0.046694821887623944,0.04386705839147999
3,15,-0.1261843554902681,-0.046792753090953605,0.044013955196474476
3,16,-0.1261659933896438,-0.04661525278491859,0.04402007589668258
3,17,-0.1261659933896438,-0.04661525278491859,0.04402007589668258
3,18,-0.1262272003917248,-0.046639735585751005,0.04383645489043946
3,19,-0.1260497000856898,-0.046878442893867056,0.04374464438731791
3,20,-0.1260497000856898,-0.046878442893867056,0.04402007589668258
3,21,-0.12630064879422204,-0.04676827029012119,0.04402007589668258
3,22,-0.12644142489900845,-0.04695801199657241,0.04399559309585017
3,23,-0.1263679764965112,-0.04734361610968295,0.04385481699106378
3,24,-0.1263679764965112,-0.04734361610968295,0.04385481699106378
3,25,-0.12648426980046518,-0.0469396498959481,0.04419145550250948
3,26,-0.12645366629942464,-0.04697025339698861,0.04386093769127188
3,27,-0.12645366629942464,-0.04697025339698861,0.04386093769127188
3,28,-0.1262149589913086,-0.04649895948096462,0.0437324029869017
3,29,-0.1262149589913086,-0.046694821887623944,0.04364059248378015
3,30,-0.1262149589913086,-0.046694821887623944,0.04364059248378015
3,31,-0.1263740971967193,-0.0467866323907455,0.04359162688211531
3,32,-0.12625168319255722,-0.04675602888970498,0.04397723099522585
3,33,-0.12625168319255722,-0.04675602888970498,0.04397723099522585
3,34,-0.12612314848818704,-0.04679887379116171,0.04407516219855551
3,35,-0.1261904761904762,-0.046707063288040154,0.04387317909168809
3,36,-0.1265087526012976,-0.04681723589178602,0.04402619659689068
3,37,-0.1265087526012976,-0.04681723589178602,0.04402619659689068
3,38,-0.12645978699963276,-0.04680499449136981,0.043818092789815154
3,39,-0.12599461378381688,-0.04679887379116171,0.043897661892520506
3,40,-0.12599461378381688,-0.04679887379116171,0.043897661892520506
3,41,-0.12631289019463826,-0.04684783939282654,0.04398947239564206
3,42,-0.12609254498714653,-0.046835597992410334,0.0440506793977231
3,43,-0.12609254498714653,-0.046835597992410334,0.0440506793977231
3,44,-0.12625168319255722,-0.04690292569469947,0.04409352429917983
3,45,-0.1263863385971355,-0.0464683559799241,0.04364059248378015
3,46,-0.1263863385971355,-0.0464683559799241,0.04364059248378015
3,47,-0.12615987268943568,-0.04659689068429428,0.043946627494185334
3,48,-0.1261659933896438,-0.04667645978699963,0.044013955196474476
3,49,-0.1262272003917248,-0.046566287183253764,0.04412412780022035
3,50,-0.1262272003917248,-0.046566287183253764,0.04412412780022035
3,51,-0.12628228669359776,-0.046933529195739995,0.04393438609376913
3,52,-0.1262088382911005,-0.04672542538866446,0.044173093401885175
3,53,-0.1262088382911005,-0.04672542538866446,0.044173093401885175
3,54,-0.1263802178969274,-0.04673766678908067,0.04399559309585017
3,55,-0.12627616599338964,-0.04672542538866446,0.044056800097931205
3,56,-0.12627616599338964,-0.04672542538866446,0.044056800097931205
3,57,-0.12614151058881135,-0.04674990818949688,0.043830334190231364
3,58,-0.12628228669359776,-0.04686008079324275,0.04348145427836945
3,59,-0.12628228669359776,-0.04686008079324275,0.04348145427836945
3,60,-0.1263802178969274,-0.04649895948096462,0.044001713796058266
3,61,-0.12611090708777084,-0.04657240788346187,0.04385481699106378
3,62,-0.12617823479006,-0.04664585628595912,0.04386093769127188
3,63,-0.12617823479006,-0.04664585628595912,0.04386093769127188
3,64,-0.12623332109193292,-0.046707063288040154,0.04416085200146897
3,65,-0.12628228669359776,-0.04682947729220223,0.04380585138939895
3,66,-0.12628228669359776,-0.04682947729220223,0.04380585138939895
3,67,-0.1263496143958869,-0.0466274941853348,0.043830334190231364
3,68,-0.1263802178969274,-0.04650508018117273,0.04422205900355001
3,69,-0.1263802178969274,-0.04650508018117273,0.04422205900355001
3,70,-0.12614763128901946,-0.047049822499693965,0.04379973068919084
3,71,-0.12623332109193292,-0.04648059738034031,0.043916023993144815
3,72,-0.12623332109193292,-0.04648059738034031,0.043916023993144815
3,73,-0.1265515975027543,-0.0467866323907455,0.04386093769127188
3,74,-0.12614763128901946,-0.046547925082629456,0.043671195984820665
3,75,-0.12614763128901946,-0.046547925082629456,0.04392214469335292
3,76,-0.12642306279838414,-0.04685396009303464,0.04392214469335292
3,77,-0.12579263067694943,-0.04676827029012119,0.04378136858856653
3,78,-0.12611702778797895,-0.04635818337617824,0.043897661892520506
3,79,-0.12611702778797895,-0.04635818337617824,0.043897661892520506
3,80,-0.12624556249234914,-0.04657240788346187,0.04366507528461256
3,81,-0.1260313379850655,-0.046425511078467374,0.043830334190231364
3,82,-0.1260313379850655,-0.046425511078467374,0.043830334190231364
3,83,-0.12642918349859225,-0.04659689068429428,0.04398947239564206
3,84,-0.126355735096095,-0.046835597992410334,0.044087403598971724
3,85,-0.126355735096095,-0.046835597992410334,0.044087403598971724
3,86,-0.12627004529318153,-0.04671318398824826,0.04412412780022035
3,87,-0.12615375198922757,-0.04673154608887257,0.04372016158648549
3,88,-0.12615375198922757,-0.04673154608887257,0.044154731301260866
3,89,-0.12629452809401395,-0.046566287183253764,0.044154731301260866
3,90,-0.1261904761904762,-0.046933529195739995,0.04386705839147999
3,91,-0.12615375198922757,-0.04660301138450239,0.0440506793977231
3,92,-0.12615375198922757,-0.04660301138450239,0.0440506793977231
3,93,-0.1262210796915167,-0.04660913208471049,0.04359774758232342
3,94,-0.1262272003917248,-0.04663361488554291,0.043885420492104296
3,95,-0.1262272003917248,-0.04663361488554291,0.043885420492104296
3,96,-0.12617823479006,-0.046462235279716005,0.04398947239564206
3,97,-0.12631289019463826,-0.04682947729220223,0.04390990329293672
3,98,-0.12631289019463826,-0.04682947729220223,0.04390990329293672
3,99,-0.1261904761904762,-0.046866201493450846,0.04387929979189619
