values,,Magnetometer,Magnetometer,Magnetometer
axis,,x,y,z
Sensor,Sample,,,
0,0,0.05777940996449994,0.06931080915656751,0.04460154241645244
0,1,0.057987513771575475,0.06903537764720284,0.04438731790916881
0,2,0.05813441057656996,0.06899253274574611,0.044883094626025216
0,3,0.05813441057656996,0.06899253274574611,0.044883094626025216
0,4,0.05790182396866202,0.06905986044803526,0.04460154241645244
0,5,0.05811604847594565,0.06918839515240544,0.044870853225609006
0,6,0.05811604847594565,0.06918839515240544,0.04467499081894969
0,7,0.05801199657240789,0.06926184355490268,0.04467499081894969
0,8,0.05808544497490513,0.06920675725302974,0.04459542171624434
0,9,0.05801199657240789,0.06898641204553801,0.044797404823111765
0,10,0.05801199657240789,0.06898641204553801,0.044797404823111765
0,11,0.05801199657240789,0.06913942955074061,0.04471783572040641
0,12,0.05796915167095116,0.06910882604970009,0.04449749051291468
0,13,0.05796915167095116,0.06910882604970009,0.04449749051291468
0,14,0.05779777206512425,0.06916391235157301,0.043971110295017754
0,15,0.058103807075529444,0.06912106745011629,0.04423430040396621
0,16,0.058103807075529444,0.06912106745011629,0.04423430040396621
0,17,0.05799363447178357,0.06905986044803526,0.044840249724568494
0,18,0.05819561757865099,0.06901089484637044,0.04483412902436039
0,19,0.05819561757865099,0.06901089484637044,0.04483412902436039
0,20,0.05799975517199167,0.06922511935365407,0.044840249724568494
0,21,0.0578712204676215,0.06876606683804627,0.044552576814787616
0,22,0.0578712204676215,0.06876606683804627,0.044552576814787616
0,23,0.05807320357448892,0.0689680499449137,0.043958868894601544
0,24,0.05793854816991064,0.06932305055698372,0.04490145672664953
0,25,0.05793854816991064,0.06932305055698372,0.04490145672664953
0,26,0.05810992777573755,0.06901089484637044,0.04414861060105276
0,27,0.05796915167095116,0.06907822254865956,0.044417921410209324
0,28,0.05796915167095116,0.06907822254865956,0.04399559309585017
0,29,0.05806708287428082,0.06917003305178113,0.04399559309585017
0,30,0.05814053127677806,0.06904761904761905,0.04481576692373608
0,31,0.05796915167095116,0.06935977475823234,0.04450973191333089
0,32,0.05796915167095116,0.06935977475823234,0.04450973191333089
0,33,0.057950789570326844,0.06916391235157301,0.04476068062186314
0,34,0.0580426000734484,0.06935365405802424,0.04490145672664953
0,35,0.0580426000734484,0.06935365405802424,0.04490145672664953
0,36,0.05799363447178357,0.06939037825927286,0.04472395642061452
0,37,0.057907944668870115,0.0691271881503244,0.04456481821520382
0,38,0.057907944668870115,0.0691271881503244,0.04456481821520382
0,39,0.05779165136491614,0.06921287795323786,0.04458930101603624
0,40,0.05802423797282409,0.06932305055698372,0.04500550863018729
0,41,0.05802423797282409,0.06932305055698372,0.04500550863018729
0,42,0.05821397967927531,0.06918227445219734,0.044326110907087775
0,43,0.05799975517199167,0.06919451585261353,0.044699473619782104
0,44,0.05799975517199167,0.06919451585261353,0.044699473619782104
0,45,0.05796915167095116,0.06912106745011629,0.04507895703268454
0,46,0.057907944668870115,0.06925572285469458,0.0450177500306035
0,47,0.057907944668870115,0.06925572285469458,0.0450177500306035
0,48,0.0580426000734484,0.06935365405802424,0.04493206022769004
0,49,0.058207858979067204,0.06915779165136492,0.04465050801811728
0,50,0.058207858979067204,0.06915779165136492,0.04465050801811728
0,51,0.057963030970743054,0.06921899865344595,0.04479128412290366
0,52,0.05798139307136736,0.06954339576447546,0.0448586118251928
0,53,0.05833027298322928,0.06905373974782715,0.04521973313747092
0,54,0.05833027298322928,0.06905373974782715,0.04521973313747092
0,55,0.05807932427469703,0.06893744644387317,0.0445403354143714
0,56,0.05819561757865099,0.06934141265760803,0.04487697392581712
0,57,0.05819561757865099,0.06934141265760803,0.04487697392581712
0,58,0.0580364793732403,0.06917003305178113,0.0447055943199902
0,59,0.05799363447178357,0.06931080915656751,0.04463214591749296
0,60,0.05799363447178357,0.06931080915656751,0.04463214591749296
0,61,0.05797527237115926,0.06917003305178113,0.04452197331374709
0,62,0.05812828987636186,0.06938425755906476,0.04493206022769004
0,63,0.05812828987636186,0.06938425755906476,0.04493206022769004
0,64,0.0580548414738646,0.06920675725302974,0.045152405435181786
0,65,0.05814053127677806,0.06902313624678663,0.04487697392581712
0,66,0.05814053127677806,0.06902313624678663,0.04487697392581712
0,67,0.057963030970743054,0.06891296364304075,0.04454645611457951
0,68,0.05796915167095116,0.06933529195739993,0.04435059370792019
0,69,0.058018117272615986,0.06919451585261353,0.04504835353164402
0,70,0.058018117272615986,0.06919451585261353,0.04504835353164402
0,71,0.057944668870118746,0.06910882604970009,0.04449749051291468
0,72,0.05793854816991064,0.06918227445219734,0.044785163422695555
0,73,0.05793854816991064,0.06918227445219734,0.044785163422695555
0,74,0.057877341167829596,0.06902313624678663,0.04466274941853348
0,75,0.057920186069286325,0.06899865344595421,0.04488921532623332
0,76,0.057920186069286325,0.06899865344595421,0.04488921532623332
0,77,0.05797527237115926,0.06936589545844044,0.04496878442893867
0,78,0.05799975517199167,0.06912106745011629,0.04445464561145795
0,79,0.05799975517199167,0.06912106745011629,0.04445464561145795
0,80,0.05812828987636186,0.06904761904761905,0.044754559921655036
0,81,0.05817725547802669,0.06928632635573509,0.04477904272248745
0,82,0.05817725547802669,0.06928632635573509,0.04477904272248745
0,83,0.05781613416574856,0.06924348145427836,0.04477904272248745
0,84,0.058048720773656505,0.06915779165136492,0.04447300771208226
0,85,0.058048720773656505,0.06915779165136492,0.04447300771208226
0,86,0.05802423797282409,0.06910270534949198,0.044895336026441426
0,87,0.0580548414738646,0.06912106745011629,0.04463214591749296
0,88,0.05802423797282409,0.06902313624678663,0.04491981882727384
0,89,0.05802423797282409,0.06902313624678663,0.04491981882727384
0,90,0.058048720773656505,0.06906598114824336,0.044570938915411924
0,91,0.05813441057656996,0.06922511935365407,0.045011629330395396
0,92,0.05813441057656996,0.06922511935365407,0.045011629330395396
0,93,0.05793854816991064,0.06913942955074061,0.0448524911249847
0,94,0.05813441057656996,0.06928020565552699,0.04495042232831436
0,95,0.05813441057656996,0.06928020565552699,0.04495042232831436
0,96,0.05817113477781858,0.06921899865344595,0.04450361121312278
0,97,0.05811604847594565,0.0691271881503244,0.044944301628106254
0,98,0.05811604847594565,0.0691271881503244,0.044944301628106254
0,99,0.05812828987636186,0.0689802913453299,0.044828008324152284
1,0,-0.07014934508507772,0.06591994124127801,0.037275064267352186
1,1,-0.07018606928632636,0.06563838903170523,0.037379116170889945
1,2,-0.07018606928632636,0.06563838903170523,0.037379116170889945
1,3,-0.07011874158403722,0.0659076998408618,0.03694454645611458
1,4,-0.0700942587832048,0.06578528583669971,0.03722609866568736
1,5,-0.07006977598237238,0.06584037213857266,0.03703635695923614
1,6,-0.07006977598237238,0.06584037213857266,0.03703635695923614
1,7,-0.06986779287550496,0.06598114824335904,0.03682825315216061
1,8,-0.07002081038070755,0.06580364793732403,0.03694454645611458
1,9,-0.07002081038070755,0.06580364793732403,0.03694454645611458
1,10,-0.07019218998653445,0.06581588933774024,0.037305667768392704
1,11,-0.07028400048965602,0.06572407883461868,0.037164891663606314
1,12,-0.07028400048965602,0.06572407883461868,0.037164891663606314
1,13,-0.070106500183621,0.06582201003794834,0.03728118496756029
1,14,-0.07021667278736687,0.06606071734606439,0.037158770963398216
1,15,-0.07021667278736687,0.06606071734606439,0.037158770963398216
1,16,-0.06986779287550496,0.06574856163545109,0.03753825437630065
1,17,-0.07011874158403722,0.0659260619414861,0.03726282286693598
1,18,-0.06995960337862651,0.06588321704002939,0.03674256334924715
1,19,-0.06995960337862651,0.06588321704002939,0.03674256334924715
1,20,-0.07028400048965602,0.06583425143836455,0.03703635695923614
1,21,-0.07011874158403722,0.06597502754315093,0.03702411555881993
1,22,-0.07011874158403722,0.06597502754315093,0.03702411555881993
1,23,-0.07007589668258049,0.06618313135022647,0.037134288162565796
1,24,-0.07033296609132085,0.06597502754315093,0.03685273595299302
1,25,-0.07033296609132085,0.06597502754315093,0.03685273595299302
1,26,-0.07014934508507772,0.06601175174439956,0.037660668380462725
1,27,-0.06990451707675358,0.06595054474231851,0.037617823479005996
1,28,-0.06990451707675358,0.06595054474231851,0.037617823479005996
1,29,-0.0702595176888236,0.06579140653690782,0.03804015179336516
1,30,-0.07001468968049945,0.0656200269310809,0.03767903048108704
1,31,-0.07011262088382911,0.06604847594564818,0.037532133676092545
1,32,-0.07011262088382911,0.06604847594564818,0.037532133676092545
1,33,-0.07007589668258049,0.06583425143836455,0.037703513281919454
1,34,-0.07017382788591014,0.06554657852858367,0.037960582690659814
1,35,-0.07017382788591014,0.06554657852858367,0.037960582690659814
1,36,-0.07016770718570205,0.06598114824335904,0.037874892887746356
1,37,-0.07021667278736687,0.06599951034398335,0.03742808177255478
1,38,-0.07021667278736687,0.06599951034398335,0.03742808177255478
1,39,-0.07015546578528584,0.06579140653690782,0.037532133676092545
1,40,-0.07013710368466153,0.0659260619414861,0.03738523687109806
1,41,-0.07013710368466153,0.0659260619414861,0.03738523687109806
1,42,-0.07040029379360999,0.06580364793732403,0.03707308116048476
1,43,-0.0700942587832048,0.06566287183253763,0.03800954829232464
1,44,-0.07003917248133187,0.06579140653690782,0.037660668380462725
1,45,-0.07003917248133187,0.06579140653690782,0.037660668380462725
1,46,-0.07022279348757497,0.06594442404211041,0.037379116170889945
1,47,-0.07005753458195617,0.0657608030358673,0.037819806585873424
1,48,-0.07005753458195617,0.0657608030358673,0.037819806585873424
1,49,-0.07029624189007222,0.06577916513649161,0.03740971967193047
1,50,-0.07003305178112376,0.06589545844044559,0.03748928877463582
1,51,-0.07003305178112376,0.06589545844044559,0.03748928877463582
1,52,-0.07005141388174807,0.06604847594564818,0.036834373852368714
1,53,-0.06988003427592117,0.06595666544252662,0.037672909780878935
1,54,-0.06988003427592117,0.06595666544252662,0.037672909780878935
1,55,-0.06998408617945892,0.06576692373607541,0.03731178846860081
1,56,-0.07018606928632636,0.06603011384502387,0.037630064879422206
1,57,-0.07017382788591014,0.06588933774023749,0.03749540947484392
1,58,-0.07017382788591014,0.06588933774023749,0.03749540947484392
1,59,-0.0701003794834129,0.0657608030358673,0.03726282286693598
1,60,-0.07000244828008324,0.06585873423919696,0.03776472028400049
1,61,-0.07000244828008324,0.06585873423919696,0.03776472028400049
1,62,-0.06997796547925082,0.06596890684294283,0.03796670339086792
1,63,-0.07012486228424532,0.06583425143836455,0.03736687477047374
1,64,-0.07012486228424532,0.06583425143836455,0.03736687477047374
1,65,-0.07020443138695068,0.06573632023503488,0.037887134288162566
1,66,-0.07033908679152895,0.06579140653690782,0.036975149957155104
1,67,-0.06999020687966703,0.06545476802546212,0.03724446076631167
1,68,-0.06999020687966703,0.06545476802546212,0.03724446076631167
1,69,-0.0700881380829967,0.06566899253274575,0.037929979189619295
1,70,-0.07019218998653445,0.06572407883461868,0.03769739258171135
1,71,-0.07019218998653445,0.06572407883461868,0.03769739258171135
1,72,-0.07011262088382911,0.0655894234300404,0.037446443873179094
1,73,-0.07017994858611826,0.06564450973191334,0.03758721997796548
1,74,-0.07017994858611826,0.06564450973191334,0.03758721997796548
1,75,-0.0699167584771698,0.06595054474231851,0.037048598359652345
1,76,-0.07015546578528584,0.06541804382421348,0.036907822254865955
1,77,-0.07002081038070755,0.06585261353898886,0.037648426980046515
1,78,-0.07002081038070755,0.06585261353898886,0.037648426980046515
1,79,-0.07016158648549395,0.0657608030358673,0.03685885665320113
1,80,-0.07000244828008324,0.06605459664585629,0.036907822254865955
1,81,-0.07000244828008324,0.06605459664585629,0.036907822254865955
1,82,-0.07038193169298568,0.06580976863753213,0.03777084098420859
1,83,-0.07003917248133187,0.06574856163545109,0.03763618557963031
1,84,-0.07003917248133187,0.06574856163545109,0.03763618557963031
1,85,-0.07019831068674257,0.06593830334190232,0.037562737177133064
1,86,-0.07028400048965602,0.06587097563961317,0.03726282286693598
1,87,-0.07028400048965602,0.06587097563961317,0.03726282286693598
1,88,-0.07018606928632636,0.065742440935243,0.03783204798628963
1,89,-0.07006365528216428,0.06566287183253763,0.0376117027787979
1,90,-0.07019218998653445,0.06551597502754315,0.03764230627983841
1,91,-0.07019218998653445,0.06551597502754315,0.03764230627983841
1,92,-0.07001468968049945,0.06587097563961317,0.03747092667401151
1,93,-0.0700942587832048,0.06593830334190232,0.03772799608275187
1,94,-0.0700942587832048,0.06593830334190232,0.03772799608275187
1,95,-0.07014322438486963,0.0657546823356592,0.037421961072346674
1,96,-0.07007589668258049,0.06582201003794834,0.03796670339086792
1,97,-0.07007589668258049,0.06582201003794834,0.03796670339086792
1,98,-0.0702595176888236,0.06554657852858367,0.03687109805361734
1,99,-0.07019831068674257,0.06591994124127801,0.03679764965112009
2,0,0.058948463704247764,-0.0667278736687477,0.03551842330762639
2,1,0.058948463704247764,-0.0667278736687477,0.035579630309707434
2,2,0.05910760190965847,-0.06700330517811237,0.035579630309707434
2,3,0.059217774513404334,-0.06718692618435548,0.03527971599951034
2,4,0.05891173950299914,-0.06682580487207737,0.0355306647080426
2,5,0.05891173950299914,-0.06682580487207737,0.0355306647080426
2,6,0.05910760190965847,-0.06686252907332599,0.03528583669971845
2,7,0.059156567511323296,-0.06699718447790427,0.035665320112620885
2,8,0.059156567511323296,-0.06699718447790427,0.035665320112620885
2,9,0.05925449871465296,-0.06678295997062064,0.035493940506793976
2,10,0.0589974293059126,-0.06694821887623945,0.035897906720528824
2,11,0.0589974293059126,-0.06694821887623945,0.035897906720528824
2,12,0.05891173950299914,-0.06723589178602032,0.03503488799118619
2,13,0.059174929611947605,-0.06713183988248256,0.035622475211164156
2,14,0.059174929611947605,-0.06713183988248256,0.035622475211164156
2,15,0.05910148120945036,-0.06709511568123393,0.035041008691394294
2,16,0.05919329171257191,-0.06711959848206635,0.035622475211164156
2,17,0.059089239809034154,-0.06729709878810136,0.0345758354755784
2,18,0.059089239809034154,-0.06729709878810136,0.0345758354755784
2,19,0.05909536050924226,-0.06693597747582324,0.03527971599951034
2,20,0.059083119108826056,-0.06693597747582324,0.035451095605337254
2,21,0.059083119108826056,-0.06693597747582324,0.035451095605337254
2,22,0.05904027420736933,-0.06707675358060963,0.03571428571428571
2,23,0.05924837801444486,-0.06709511568123393,0.035677561513037095
2,24,0.05924837801444486,-0.06709511568123393,0.035677561513037095
2,25,0.058972946505080184,-0.0670461500795691,0.03386583425143837
2,26,0.05907087770840984,-0.06702778797894479,0.03559187171012364
2,27,0.05907087770840984,-0.06702778797894479,0.03559187171012364
2,28,0.059174929611947605,-0.06699106377769617,0.03573876851511813
2,29,0.05920553311298813,-0.06702166727873668,0.035683682213245194
2,30,0.05920553311298813,-0.06702166727873668,0.034686008079324274
2,31,0.05900967070632881,-0.06675847716978822,0.034686008079324274
2,32,0.0589974293059126,-0.06688701187415841,0.03490023258660791
2,33,0.059174929611947605,-0.06698494307748806,0.03570204431386951
2,34,0.059174929611947605,-0.06698494307748806,0.03570204431386951
2,35,0.0593218264169421,-0.0668808911739503,0.03562859591137226
2,36,0.05881992899987759,-0.06674011506916391,0.03558575100991553
2,37,0.05881992899987759,-0.06674011506916391,0.03558575100991553
2,38,0.059327947117150205,-0.06694821887623945,0.03564695801199657
2,39,0.05909536050924226,-0.06715020198310687,0.03484514628473497
2,40,0.05909536050924226,-0.06715020198310687,0.03484514628473497
2,41,0.05913208471049088,-0.06680744277145305,0.03532868160117518
2,42,0.059230015913820544,-0.06688701187415841,0.03438609376912719
2,43,0.059230015913820544,-0.06688701187415841,0.03438609376912719
2,44,0.059187171012363815,-0.067040029379361,0.03453911127432978
2,45,0.05909536050924226,-0.0668992532745746,0.03538988860325622
2,46,0.05883829110050189,-0.06708287428081773,0.035438854204921044
2,47,0.05883829110050189,-0.06708287428081773,0.035438854204921044
2,48,0.05900967070632881,-0.06680744277145305,0.03564695801199657
2,49,0.05920553311298813,-0.06666666666666667,0.03561635451095606
2,50,0.05920553311298813,-0.06666666666666667,0.03561635451095606
2,51,0.05885665320112621,-0.06685028767290978,0.03506549149222671
2,52,0.05906475700820174,-0.06681968417186926,0.035310319500550864
2,53,0.05906475700820174,-0.06681968417186926,0.035310319500550864
2,54,0.05903415350716122,-0.06714408128289875,0.03578773411678296
2,55,0.05901579140653691,-0.0668808911739503,0.03573264781491002
2,56,0.05901579140653691,-0.0668808911739503,0.03573264781491002
2,57,0.05881380829966948,-0.06692373607540703,0.03458195617578651
2,58,0.05900967070632881,-0.06707675358060963,0.03586730321948831
2,59,0.05900967070632881,-0.06707675358060963,0.03586730321948831
2,60,0.05883829110050189,-0.06718692618435548,0.03573264781491002
2,61,0.05905863630799364,-0.06730321948830946,0.03452074917370547
2,62,0.05909536050924226,-0.06730321948830946,0.03583057901823969
2,63,0.05909536050924226,-0.06730321948830946,0.03583057901823969
2,64,0.05924837801444486,-0.06681356347166115,0.035806096217407275
2,65,0.059297343616109686,-0.06699106377769617,0.03570816501407761
2,66,0.059297343616109686,-0.06699106377769617,0.03570816501407761
2,67,0.05920553311298813,-0.06693597747582324,0.035695923613661404
2,68,0.05896682580487208,-0.06708287428081773,0.035022646590769986
2,69,0.05889949810258294,-0.06697270167707185,0.035806096217407275
2,70,0.05889949810258294,-0.06697270167707185,0.035806096217407275
2,71,0.059174929611947605,-0.0665564940629208,0.034894111886399806
2,72,0.05895458440445587,-0.06681968417186926,0.03510221569347534
2,73,0.05895458440445587,-0.06681968417186926,0.03510221569347534
2,74,0.05902191210674501,-0.0668931325743665,0.03571428571428571
2,75,0.059144326110907086,-0.06691761537519893,0.03559799241033174
2,76,0.059144326110907086,-0.06691761537519893,0.03559799241033174
2,77,0.05910760190965847,-0.06716244338352308,0.035683682213245194
2,78,0.059217774513404334,-0.06702778797894479,0.03528583669971845
2,79,0.059217774513404334,-0.06702778797894479,0.03528583669971845
2,80,0.05912596401028277,-0.06713183988248256,0.03551842330762639
2,81,0.05910760190965847,-0.06699718447790427,0.03555514750887502
2,82,0.05910760190965847,-0.06699718447790427,0.03555514750887502
2,83,0.058942343004039666,-0.06701554657852858,0.035536785408250705
2,84,0.059174929611947605,-0.06701554657852858,0.03548781980658587
2,85,0.05885053250091811,-0.06682580487207737,0.03434936956787856
2,86,0.05885053250091811,-0.06682580487207737,0.03434936956787856
2,87,0.059174929611947605,-0.06688701187415841,0.035157301995348264
2,88,0.059046394907577425,-0.06713796058269066,0.035634716611580367
2,89,0.059046394907577425,-0.06713796058269066,0.035634716611580367
2,90,0.05896682580487208,-0.06695433957644754,0.0353715265026319
2,91,0.0589974293059126,-0.0670461500795691,0.035438854204921044
2,92,0.0589974293059126,-0.0670461500795691,0.035438854204921044
2,93,0.059144326110907086,-0.06665442526625046,0.03496143958868895
2,94,0.05901579140653691,-0.06675847716978822,0.034753335781613416
2,95,0.05901579140653691,-0.06675847716978822,0.034753335781613416
2,96,0.059150446811115184,-0.06719916758477171,0.03520014689680499
2,97,0.05919329171257191,-0.06710123638144204,0.03550618190721018
2,98,0.05920553311298813,-0.06705839147998531,0.035310319500550864
2,99,0.05920553311298813,-0.06705839147998531,0.035310319500550864
3,0,-0.06050312155710613,-0.040139551964744766,0.01266984943077488
3,1,-0.06050312155710613,-0.04065981148243359,0.01284734973680989
3,2,-0.06050312155710613,-0.04065981148243359,0.01284734973680989
3,3,-0.06047863875627372,-0.04013343126453666,0.012767780634104543
3,4,-0.060356224752111644,-0.04020687966703391,0.01289631533847472
3,5,-0.060356224752111644,-0.04020687966703391,0.01289631533847472
3,6,-0.0604419145550251,-0.0401885175664096,0.012792263434936956
3,7,-0.06053984575835476,-0.0405190353776472,0.012804504835353165
3,8,-0.06053984575835476,-0.0405190353776472,0.012804504835353165
3,9,-0.060631656261476305,-0.040268086669114946,0.012627004529318153
3,10,-0.06053984575835476,-0.04024360386828253,0.012853470437017993
3,11,-0.06035010405190354,-0.0405129146774391,0.012565797527237115
3,12,-0.06035010405190354,-0.0405129146774391,0.012565797527237115
3,13,-0.060429673154608884,-0.04033541437140409,0.0127004529318154
3,14,-0.06049088015668993,-0.04032929367119599,0.012724935732647815
3,15,-0.06049088015668993,-0.04032929367119599,0.012724935732647815
3,16,-0.06049088015668993,-0.04039050067327703,0.012859591137226099
3,17,-0.060711225364181665,-0.040310931570571674,0.01249234912473987
3,18,-0.060711225364181665,-0.040310931570571674,0.01249234912473987
3,19,-0.06015424164524421,-0.04045782837556616,0.012663728730566776
3,20,-0.06061941486106011,-0.040451707675358065,0.012994246541804384
3,21,-0.06061941486106011,-0.040451707675358065,0.012994246541804384
3,22,-0.060570449259395275,-0.04050679397723099,0.012663728730566776
3,23,-0.060325621251071125,-0.040525156077855305,0.012731056432855919
3,24,-0.06071734606438976,-0.04049455257681479,0.012884073938058512
3,25,-0.06071734606438976,-0.04049455257681479,0.012884073938058512
3,26,-0.06047251805606561,-0.0403598971722365,0.012835108336393683
3,27,-0.060570449259395275,-0.04048843187660668,0.012773901334312646
3,28,-0.060570449259395275,-0.04048843187660668,0.012773901334312646
3,29,-0.0604419145550251,-0.04034153507161219,0.01274941853348023
3,30,-0.06035010405190354,-0.040268086669114946,0.012737177133064024
3,31,-0.06035010405190354,-0.040268086669114946,0.012737177133064024
3,32,-0.060772432366262695,-0.04059860448035255,0.012565797527237115
3,33,-0.0604480352552332,-0.040568000979312034,0.012743297833272127
3,34,-0.0604480352552332,-0.040568000979312034,0.012743297833272127
3,35,-0.06050924225731423,-0.04048843187660668,0.012822866935977475
3,36,-0.06053984575835476,-0.04056188027910393,0.012933039539723346
3,37,-0.06043579385481699,-0.04064757008201738,0.012578038927653324
3,38,-0.06043579385481699,-0.04064757008201738,0.012578038927653324
3,39,-0.060423552454400786,-0.04021912106745011,0.012816746235769371
3,40,-0.060417431754192674,-0.0405129146774391,0.012529073325988493
3,41,-0.060417431754192674,-0.0405129146774391,0.012529073325988493
3,42,-0.06047863875627372,-0.0403476557718203,0.012639245929734361
3,43,-0.06061941486106011,-0.04050679397723099,0.012620883829110049
3,44,-0.06061941486106011,-0.04050679397723099,0.012620883829110049
3,45,-0.060772432366262695,-0.04047619047619048,0.012712694332231609
3,46,-0.060313379850654915,-0.040255845268698735,0.012786142734728853
3,47,-0.060313379850654915,-0.040255845268698735,0.012786142734728853
3,48,-0.06055208715877096,-0.0403537764720284,0.012694332231607297
3,49,-0.060564328559187176,-0.04059248378014445,0.012596401028277634
3,50,-0.0604480352552332,-0.04020687966703391,0.012559676827029012
3,51,-0.0604480352552332,-0.04020687966703391,0.012559676827029012
3,52,-0.06053984575835476,-0.040268086669114946,0.012247521116415718
3,53,-0.060570449259395275,-0.04050067327702289,0.012620883829110049
3,54,-0.060570449259395275,-0.04050067327702289,0.012620883829110049
3,55,-0.06051536295752234,-0.04043334557473375,0.01259028032806953
3,56,-0.06033174195127923,-0.04041498347410944,0.012926918839515241
3,57,-0.06033174195127923,-0.04041498347410944,0.012926918839515241
3,58,-0.060356224752111644,-0.04033541437140409,0.01244338352307504
3,59,-0.06053372505814665,-0.04024360386828253,0.012596401028277634
3,60,-0.06053372505814665,-0.04024360386828253,0.012596401028277634
3,61,-0.060423552454400786,-0.04037213857265271,0.0127004529318154
3,62,-0.0604419145550251,-0.04033541437140409,0.012712694332231609
3,63,-0.0604480352552332,-0.04028644876973926,0.01246174562369935
3,64,-0.0604480352552332,-0.04028644876973926,0.01246174562369935
3,65,-0.060497000856898034,-0.04017627616599339,0.012529073325988493
3,66,-0.06054596645856286,-0.040084465662871833,0.012920798139307138
3,67,-0.06054596645856286,-0.040084465662871833,0.012920798139307138
3,68,-0.06057656995960338,-0.04034153507161219,0.012902436038682824
3,69,-0.06063777696168442,-0.04055575957889583,0.012933039539723346
3,70,-0.06059493206022769,-0.040525156077855305,0.012639245929734361
3,71,-0.06059493206022769,-0.040525156077855305,0.012639245929734361
3,72,-0.06043579385481699,-0.0401885175664096,0.012473987024115559
3,73,-0.06037458685273596,-0.04023748316807443,0.01282898763618558
3,74,-0.06037458685273596,-0.04023748316807443,0.01282898763618558
3,75,-0.06033786265148733,-0.040310931570571674,0.01252295262578039
3,76,-0.06060717346064389,-0.04024972456849064,0.012633125229526258
3,77,-0.06060717346064389,-0.04024972456849064,0.012633125229526258
3,78,-0.06034398335169543,-0.04050067327702289,0.012988125841596278
3,79,-0.06071734606438976,-0.04010894846370425,0.012884073938058512
3,80,-0.06071734606438976,-0.04010894846370425,0.012884073938058512
3,81,-0.06052148365773045,-0.04021912106745011,0.012627004529318153
3,82,-0.06047251805606561,-0.04024972456849064,0.012639245929734361
3,83,-0.06047251805606561,-0.04042110417431754,0.012743297833272127
3,84,-0.060570449259395275,-0.04042110417431754,0.012743297833272127
3,85,-0.060680621863141146,-0.040568000979312034,0.012596401028277634
3,86,-0.060558207858979064,-0.0403476557718203,0.012975884441180072
3,87,-0.060558207858979064,-0.0403476557718203,0.012975884441180072
3,88,-0.06043579385481699,-0.0403476557718203,0.012841229036601787
3,89,-0.06065001836210062,-0.04048843187660668,0.012357693720161586
3,90,-0.06065001836210062,-0.04048843187660668,0.012357693720161586
3,91,-0.06033786265148733,-0.04033541437140409,0.012755539233688334
3,92,-0.060558207858979064,-0.04057412167952014,0.012675970130982983
3,93,-0.060558207858979064,-0.04057412167952014,0.012675970130982983
3,94,-0.060527604357938546,-0.04057412167952014,0.012437262822866935
3,95,-0.06050312155710613,-0.04055575957889583,0.012565797527237115
3,96,-0.06050312155710613,-0.0403476557718203,0.012786142734728853
3,97,-0.06049088015668993,-0.0403476557718203,0.012786142734728853
3,98,-0.06039294895336026,-0.04047619047619048,0.012743297833272127
3,99,-0.060497000856898034,-0.040537397478271515,0.012743297833272127
