values,,Magnetometer,Magnetometer,Magnetometer
axis,,x,y,z
Sensor,Sample,,,
0,0,0.0790978087893255,0.08123393316195374,0.057106132941608524
0,1,0.07898151548537152,0.08109927775737544,0.05741216795201372
0,2,0.07902436038682825,0.08120945036112132,0.057448892153262335
0,3,0.07902436038682825,0.08120945036112132,0.057963030970743054
0,4,0.07904272248745256,0.0811849675602889,0.057963030970743054
0,5,0.07937324029869017,0.08112376055820786,0.057675358060962176
0,6,0.0791222915901579,0.08130126086424287,0.057705961562002694
0,7,0.0791222915901579,0.08130126086424287,0.057705961562002694
0,8,0.07913453299057413,0.0811849675602889,0.0578834618680377
0,9,0.07889582568245808,0.08114212265883217,0.05752846125596768
0,10,0.07889582568245808,0.08114212265883217,0.05752846125596768
0,11,0.07905496388786877,0.08130126086424287,0.05712449504223284
0,12,0.07893867058391481,0.08114212265883217,0.05773656506304321
0,13,0.07893867058391481,0.08114212265883217,0.05773656506304321
0,14,0.07913453299057413,0.08147264047006977,0.05754070265638389
0,15,0.0792691883951524,0.08126453666299424,0.05758966825804872
0,16,0.0792691883951524,0.08126453666299424,0.05758966825804872
0,17,0.07912841229036602,0.08123393316195374,0.05744277145305423
0,18,0.07911005018974171,0.0812033296609132,0.0572407883461868
0,19,0.07911005018974171,0.0812033296609132,0.0572407883461868
0,20,0.07913453299057413,0.08154608887256702,0.05751009915534337
0,21,0.0789447912841229,0.08127677806341045,0.05703880523931938
0,22,0.0789447912841229,0.08127677806341045,0.05703880523931938
0,23,0.078950911984331,0.08133186436528339,0.05762639245929735
0,24,0.07898763618557963,0.08111151915779166,0.05729587464805974
0,25,0.07898763618557963,0.08139307136736443,0.057663116660545966
0,26,0.07901823968662015,0.08139307136736443,0.057663116660545966
0,27,0.07913453299057413,0.08130738156445097,0.05733259884930836
0,28,0.0789570326845391,0.08149100257069408,0.05757742685763251
0,29,0.0789570326845391,0.08149100257069408,0.05757742685763251
0,30,0.07920186069286327,0.08115436405924838,0.057693720161586484
0,31,0.07917737789203086,0.08126453666299424,0.05763863385971355
0,32,0.07917737789203086,0.08126453666299424,0.05763863385971355
0,33,0.07907944668870118,0.08146651976986166,0.05762639245929735
0,34,0.07887134288162566,0.08128901946382666,0.05762027175908924
0,35,0.07887134288162566,0.08128901946382666,0.05762027175908924
0,36,0.07906108458807688,0.08129514016403476,0.05791406536907823
0,37,0.07901823968662015,0.08122169176153751,0.057675358060962176
0,38,0.07901823968662015,0.08122169176153751,0.057675358060962176
0,39,0.07911005018974171,0.08111151915779166,0.0577182029624189
0,40,0.07884073938058514,0.08105643285591871,0.05773044436283511
0,41,0.07884073938058514,0.08105643285591871,0.05773044436283511
0,42,0.07906108458807688,0.08142367486840495,0.05743665075284613
0,43,0.07937324029869017,0.08114212265883217,0.058005875872199776
0,44,0.07937324029869017,0.08114212265883217,0.058005875872199776
0,45,0.0791222915901579,0.08128901946382666,0.057381564450973185
0,46,0.07900599828620394,0.08129514016403476,0.057944668870118746
0,47,0.07900599828620394,0.08129514016403476,0.057559064757008206
0,48,0.07899375688578773,0.08122169176153751,0.057559064757008206
0,49,0.07890806708287428,0.08144203696902926,0.05754070265638389
0,50,0.07890806708287428,0.08115436405924838,0.05757130615742441
0,51,0.07890806708287428,0.08115436405924838,0.05757130615742441
0,52,0.07901823968662015,0.08128289876361856,0.057063288040151795
0,53,0.0789447912841229,0.08113600195862407,0.057136736442649036
0,54,0.0789447912841229,0.08113600195862407,0.057136736442649036
0,55,0.07871832537642307,0.08128901946382666,0.05754682335659199
0,56,0.07901211898641206,0.08129514016403476,0.05680621863141143
0,57,0.07901211898641206,0.08129514016403476,0.05680621863141143
0,58,0.078950911984331,0.08139307136736443,0.057675358060962176
0,59,0.07904884318766067,0.08115436405924838,0.05717346064389767
0,60,0.07904884318766067,0.08115436405924838,0.05717346064389767
0,61,0.0791039294895336,0.08123393316195374,0.057693720161586484
0,62,0.07901823968662015,0.08143591626882116,0.05725302974660301
0,63,0.07901823968662015,0.08143591626882116,0.05725302974660301
0,64,0.07911617088994981,0.08140531276778064,0.05759578895825682
0,65,0.07890194638266618,0.08117272615987269,0.058207858979067204
0,66,0.07890194638266618,0.08117272615987269,0.058207858979067204
0,67,0.07886522218141755,0.08100746725425388,0.05715509854327335
0,68,0.07905496388786877,0.08140531276778064,0.05768759946137838
0,69,0.07905496388786877,0.08140531276778064,0.05925449871465296
0,70,0.07899375688578773,0.08127065736320235,0.05810992777573755
0,71,0.07900599828620394,0.08139307136736443,0.057920186069286325
0,72,0.07903048108703635,0.08162565797527237,0.05763863385971355
0,73,0.07903048108703635,0.08162565797527237,0.05763863385971355
0,74,0.07904884318766067,0.08128289876361856,0.05708777084098421
0,75,0.07928755049577671,0.08143591626882116,0.05773656506304321
0,76,0.07928755049577671,0.08143591626882116,0.05773656506304321
0,77,0.07881625657975272,0.0811972089607051,0.05782837556616477
0,78,0.07907332598849308,0.0811972089607051,0.05775492716366752
0,79,0.07907332598849308,0.0811972089607051,0.05775492716366752
0,80,0.07904884318766067,0.08117884686008078,0.05760803035867303
0,81,0.07906108458807688,0.08113600195862407,0.057479495654302847
0,82,0.07906108458807688,0.08113600195862407,0.057479495654302847
0,83,0.0790978087893255,0.08111763985799976,0.05760803035867303
0,84,0.07925082629452809,0.08128289876361856,0.05764475455992165
0,85,0.07925082629452809,0.08128289876361856,0.05764475455992165
0,86,0.07932427469702534,0.08136246786632391,0.05779777206512425
0,87,0.07896315338474721,0.08150324397111029,0.057320357448892155
0,88,0.07896315338474721,0.08150324397111029,0.057320357448892155
0,89,0.0790916880891174,0.08114824335904028,0.05709389154119231
0,90,0.07918349859223896,0.0811972089607051,0.057810013465540454
0,91,0.07918349859223896,0.0811972089607051,0.05763863385971355
0,92,0.0789570326845391,0.08116660545966459,0.05763863385971355
0,93,0.07897539478516342,0.08121557106132941,0.05773044436283511
0,94,0.07917737789203086,0.08100134655404578,0.05718570204431387
0,95,0.07917737789203086,0.08100134655404578,0.05718570204431387
0,96,0.078950911984331,0.08141143346798874,0.05705716733994369
0,97,0.07913453299057413,0.08131350226465908,0.057210184845146284
0,98,0.07913453299057413,0.08131350226465908,0.057210184845146284
0,99,0.07903048108703635,0.08120945036112132,0.05757742685763251
1,0,-0.08512057779409965,0.07082874280817726,0.04097196719304688
1,1,-0.0850532500918105,0.07088994981025828,0.04115558819929
1,2,-0.0850532500918105,0.07088994981025828,0.04115558819929
1,3,-0.0850532500918105,0.07081038070755294,0.04166972701677072
1,4,-0.08514506059493207,0.07079813930713673,0.041418778308238466
1,5,-0.08514506059493207,0.07079813930713673,0.041418778308238466
1,6,-0.08510833639368344,0.07093279471171501,0.04110662259762517
1,7,-0.0851940261965969,0.07068184600318277,0.041167829599706204
1,8,-0.0851940261965969,0.07068184600318277,0.04177377892030849
1,9,-0.08533480230138328,0.07082874280817726,0.04177377892030849
1,10,-0.08537764720284,0.07097563961317174,0.0413269678051169
1,11,-0.08505937079201861,0.07107969151670951,0.04094748439221447
1,12,-0.08505937079201861,0.07107969151670951,0.04094748439221447
1,13,-0.08506549149222671,0.07101236381442036,0.040880156689925326
1,14,-0.08518178479618069,0.07116538131962297,0.041192312400538625
1,15,-0.08518178479618069,0.07116538131962297,0.041192312400538625
1,16,-0.08523687109805361,0.07100624311421226,0.040825070388052394
1,17,-0.08501652589056188,0.07120210552087158,0.041051536295752235
1,18,-0.08501652589056188,0.07120210552087158,0.041051536295752235
1,19,-0.08524911249846982,0.07079813930713673,0.04114334679887379
1,20,-0.08523687109805361,0.07087770840984209,0.0413269678051169
1,21,-0.08523687109805361,0.07113477781858245,0.041553433712816744
1,22,-0.08496143958868894,0.07113477781858245,0.041553433712816744
1,23,-0.08494307748806464,0.07096339821275553,0.04102705349491982
1,24,-0.08508997429305912,0.07082874280817726,0.04125964010282777
1,25,-0.08508997429305912,0.07082874280817726,0.04125964010282777
1,26,-0.08515730199534827,0.07080426000734484,0.04121067450116293
1,27,-0.08490635328681602,0.07111641571795814,0.041418778308238466
1,28,-0.08490635328681602,0.07111641571795814,0.041418778308238466
1,29,-0.08524299179826172,0.07066348390255846,0.041535071612192435
1,30,-0.0852185089974293,0.07096951891296364,0.04120455380095483
1,31,-0.0852185089974293,0.07096951891296364,0.04120455380095483
1,32,-0.08521238829722119,0.0712143469212878,0.041351450605949316
1,33,-0.08540213000367242,0.07100624311421226,0.04136981270657363
1,34,-0.08540213000367242,0.07100624311421226,0.041890072224262456
1,35,-0.08527359529930224,0.07097563961317174,0.041890072224262456
1,36,-0.08532868160117517,0.07099400171379606,0.04159015791406537
1,37,-0.08516342269555637,0.07031460399069653,0.041265760803035866
1,38,-0.08516342269555637,0.07031460399069653,0.041265760803035866
1,39,-0.08522462969763742,0.07131839882482556,0.041039294895336025
1,40,-0.08518178479618069,0.07126943322316073,0.040923001591382055
1,41,-0.08518178479618069,0.07126943322316073,0.040923001591382055
1,42,-0.08514506059493207,0.07085322560900967,0.0411617088994981
1,43,-0.08524299179826172,0.07124495042232831,0.04106377769616844
1,44,-0.08524299179826172,0.07124495042232831,0.04106377769616844
1,45,-0.08505937079201861,0.07084710490880156,0.04111274329783327
1,46,-0.085200146896805,0.07100012241400416,0.04135757130615743
1,47,-0.085200146896805,0.07100012241400416,0.04115558819929
1,48,-0.08497368098910515,0.07112253641816624,0.04115558819929
1,49,-0.08521238829722119,0.07095115681233934,0.04166972701677072
1,50,-0.08515118129514017,0.07103072591504468,0.04117395029991431
1,51,-0.08515118129514017,0.07103072591504468,0.04117395029991431
1,52,-0.08510833639368344,0.07092055331129882,0.04098420859346309
1,53,-0.08541437140408863,0.07081650140776105,0.04121067450116293
1,54,-0.08541437140408863,0.07081650140776105,0.04121067450116293
1,55,-0.0852062675970131,0.07096951891296364,0.04121679520137104
1,56,-0.08504100869139429,0.07081650140776105,0.04088627739013343
1,57,-0.08504100869139429,0.07081650140776105,0.04088627739013343
1,58,-0.08512669849430775,0.07085934630921778,0.041192312400538625
1,59,-0.08529195739992655,0.0712143469212878,0.04157179581344106
1,60,-0.08529195739992655,0.0712143469212878,0.041167829599706204
1,61,-0.08479005998286204,0.07114089851879055,0.041167829599706204
1,62,-0.08539600930346432,0.07092055331129882,0.04167584771697882
1,63,-0.08483290488431876,0.07107969151670951,0.041308605704492594
1,64,-0.08483290488431876,0.07107969151670951,0.041308605704492594
1,65,-0.08526135389888603,0.07113477781858245,0.04071489778430652
1,66,-0.08521238829722119,0.07077365650630432,0.04151670951156812
1,67,-0.08521238829722119,0.07077365650630432,0.04151670951156812
1,68,-0.08518790549638879,0.07093279471171501,0.041308605704492594
1,69,-0.08527971599951034,0.07079813930713673,0.04111274329783327
1,70,-0.08527971599951034,0.07079813930713673,0.04111274329783327
1,71,-0.08529807810013465,0.07118374342024728,0.040904639490757747
1,72,-0.08524911249846982,0.07093279471171501,0.041351450605949316
1,73,-0.08524911249846982,0.07082874280817726,0.04120455380095483
1,74,-0.08509609499326723,0.07082874280817726,0.04120455380095483
1,75,-0.08499204308972946,0.07095727751254743,0.041553433712816744
1,76,-0.08530419880034276,0.07112253641816624,0.04045782837556616
1,77,-0.08530419880034276,0.07112253641816624,0.04045782837556616
1,78,-0.08510221569347534,0.07088382911005019,0.041620761415105886
1,79,-0.08527359529930224,0.07113477781858245,0.04124127800220345
1,80,-0.08527359529930224,0.07113477781858245,0.04124127800220345
1,81,-0.08524299179826172,0.07101236381442036,0.04137593340678174
1,82,-0.08528583669971844,0.07093279471171501,0.04111274329783327
1,83,-0.08528583669971844,0.07093279471171501,0.04111274329783327
1,84,-0.08516954339576448,0.07107969151670951,0.04032929367119599
1,85,-0.08508997429305912,0.07107969151670951,0.04060472518056066
1,86,-0.08508997429305912,0.07076753580609621,0.04080058758721998
1,87,-0.08521238829722119,0.07076753580609621,0.04080058758721998
1,88,-0.08527359529930224,0.07079201860692863,0.04042110417431754
1,89,-0.08527971599951034,0.07100012241400416,0.040482311176398576
1,90,-0.08527971599951034,0.07100012241400416,0.040482311176398576
1,91,-0.08533480230138328,0.07095115681233934,0.041137226098665686
1,92,-0.08526747459909415,0.07114089851879055,0.04057412167952014
1,93,-0.08526747459909415,0.07114089851879055,0.04057412167952014
1,94,-0.08514506059493207,0.0712143469212878,0.041094381197208964
1,95,-0.08514506059493207,0.07077365650630432,0.04115558819929
1,96,-0.08514506059493207,0.07077365650630432,0.04115558819929
1,97,-0.08532868160117517,0.07084710490880156,0.04135757130615743
1,98,-0.0852062675970131,0.07100012241400416,0.041051536295752235
1,99,-0.08509609499326723,0.07084098420859346,0.04144326110907088
2,0,0.060705104663973566,-0.07470314603990696,0.027420736932305057
2,1,0.06074182886522218,-0.07418288652221813,0.02661280450483535
2,2,0.06074182886522218,-0.07418288652221813,0.02661280450483535
2,3,0.06068674256334925,-0.0745990941363692,0.02709021912106745
2,4,0.0609193291712572,-0.07445831803158282,0.02762272003917248
2,5,0.0609193291712572,-0.07445831803158282,0.02762272003917248
2,6,0.060711225364181665,-0.07448892153262333,0.02792263434936957
2,7,0.0609315705716734,-0.07475211164157179,0.027004529318153996
2,8,0.0609315705716734,-0.07475211164157179,0.027004529318153996
2,9,0.060705104663973566,-0.07445831803158282,0.027714530542294037
2,10,0.06047251805606561,-0.07460521483657731,0.02672297710858122
2,11,0.06047251805606561,-0.07460521483657731,0.02672297710858122
2,12,0.06068674256334925,-0.07467254253886645,0.026986167217529684
2,13,0.06057656995960338,-0.07467254253886645,0.026606683804627253
2,14,0.06057656995960338,-0.07467254253886645,0.026692373607540704
2,15,0.06069286326355735,-0.07438486962908557,0.026692373607540704
2,16,0.060772432366262695,-0.07464193903782593,0.026337372995470683
2,17,0.06048475945648182,-0.07458073203574489,0.027420736932305057
2,18,0.06048475945648182,-0.07458073203574489,0.027420736932305057
2,19,0.06074182886522218,-0.07448892153262333,0.027549271636675237
2,20,0.060705104663973566,-0.07469090463949077,0.027714530542294037
2,21,0.060705104663973566,-0.07469090463949077,0.027714530542294037
2,22,0.06060717346064389,-0.07457461133553679,0.02742685763251316
2,23,0.060570449259395275,-0.07469090463949077,0.02670461500795691
2,24,0.060570449259395275,-0.07469090463949077,0.02670461500795691
2,25,0.060772432366262695,-0.07453788713428816,0.02755539233688334
2,26,0.06083976006855184,-0.07437262822866936,0.027573754437507654
2,27,0.06083976006855184,-0.07437262822866936,0.027573754437507654
2,28,0.06083976006855184,-0.07459297343616109,0.027598237238340068
2,29,0.06086424286938426,-0.07439711102950178,0.026692373607540704
2,30,0.06084588076875994,-0.07449504223283143,0.026857632513159507
2,31,0.06084588076875994,-0.07449504223283143,0.026857632513159507
2,32,0.06061941486106011,-0.07452564573387196,0.027653323540213
2,33,0.06063777696168442,-0.07454400783449626,0.02773289264291835
2,34,0.06063777696168442,-0.07454400783449626,0.02773289264291835
2,35,0.061023381074794956,-0.07468478393928266,0.027230995225853837
2,36,0.060913208471049085,-0.07439099032929367,0.027304443628351084
2,37,0.060913208471049085,-0.07439099032929367,0.027304443628351084
2,38,0.06082751866813564,-0.07453176643408006,0.027457461133553678
2,39,0.060925449871465295,-0.07426857632513159,0.027561513037091444
2,40,0.060925449871465295,-0.07426857632513159,0.027561513037091444
2,41,0.060809156567511326,-0.07430530052638021,0.027647202840004898
2,42,0.06074182886522218,-0.07477047374219611,0.027573754437507654
2,43,0.06074182886522218,-0.07477047374219611,0.027573754437507654
2,44,0.060570449259395275,-0.07451340433345574,0.027451340433345572
2,45,0.060754070265638394,-0.07466030113845024,0.027775737544375078
2,46,0.060809156567511326,-0.07440935242991799,0.027843065246664217
2,47,0.060809156567511326,-0.07440935242991799,0.027843065246664217
2,48,0.06072958746480598,-0.07462969763740972,0.027818582445831803
2,49,0.06085812216917615,-0.07462969763740972,0.02767168564083731
2,50,0.06085812216917615,-0.07462969763740972,0.02767168564083731
2,51,0.06074182886522218,-0.07453788713428816,0.02681478761170278
2,52,0.06064389766189252,-0.07449504223283143,0.027702289141877827
2,53,0.06064389766189252,-0.07449504223283143,0.027702289141877827
2,54,0.06076019096584649,-0.07439099032929367,0.027598237238340068
2,55,0.060870363569592356,-0.07450728363324764,0.02753703023625903
2,56,0.060870363569592356,-0.07450728363324764,0.02753703023625903
2,57,0.06061941486106011,-0.07478883584282042,0.027500306035010406
2,58,0.06083363936834374,-0.07464193903782593,0.02735952993022402
2,59,0.06083363936834374,-0.07440323172970988,0.026967805116905375
2,60,0.06083976006855184,-0.07440323172970988,0.026967805116905375
2,61,0.06057656995960338,-0.07434202472762884,0.027775737544375078
2,62,0.06079079446688701,-0.0741339209205533,0.027457461133553678
2,63,0.06079079446688701,-0.0741339209205533,0.027457461133553678
2,64,0.060656139062308725,-0.07459297343616109,0.027518668135634715
2,65,0.06082139796792753,-0.07439099032929367,0.027616599338964376
2,66,0.06082139796792753,-0.07439099032929367,0.027616599338964376
2,67,0.06090708777084099,-0.07462357693720162,0.027708409842085936
2,68,0.06083363936834374,-0.07436650752846126,0.027745134043334556
2,69,0.06083363936834374,-0.07436650752846126,0.027745134043334556
2,70,0.06061941486106011,-0.07430530052638021,0.027035132819194518
2,71,0.06078467376667891,-0.07453176643408006,0.02662504590525156
2,72,0.06078467376667891,-0.07453176643408006,0.02662504590525156
2,73,0.060527604357938546,-0.07464193903782593,0.027751254743542664
2,74,0.060656139062308725,-0.07434202472762884,0.027579875137715752
2,75,0.06048475945648182,-0.0744338352307504,0.026692373607540704
2,76,0.06048475945648182,-0.0744338352307504,0.026692373607540704
2,77,0.060754070265638394,-0.07445219733137472,0.027304443628351084
2,78,0.06090096707063288,-0.07450116293303954,0.02763496143958869
2,79,0.06090096707063288,-0.07450116293303954,0.02763496143958869
2,80,0.06088872567021667,-0.07466030113845024,0.027524788835842823
2,81,0.06068674256334925,-0.07429917982617211,0.027653323540213
2,82,0.06068674256334925,-0.07429917982617211,0.027653323540213
2,83,0.06074794956543028,-0.07425021422450728,0.027371771330640227
2,84,0.060527604357938546,-0.07431754192679643,0.026453666299424656
2,85,0.060527604357938546,-0.07431754192679643,0.026453666299424656
2,86,0.060711225364181665,-0.07448280083241524,0.026135389888603255
2,87,0.06066225976251684,-0.07454400783449626,0.027812461745623702
2,88,0.06066225976251684,-0.07434814542783694,0.027757375443750766
2,89,0.06082751866813564,-0.07434814542783694,0.027757375443750766
2,90,0.06060105276043579,-0.07459297343616109,0.027512547435426617
2,91,0.060698983963765454,-0.07445831803158282,0.027855306647080424
2,92,0.060698983963765454,-0.07445831803158282,0.027855306647080424
2,93,0.06064389766189252,-0.07459297343616109,0.027598237238340068
2,94,0.0607663116660546,-0.0744460766311666,0.027561513037091444
2,95,0.0607663116660546,-0.0744460766311666,0.027561513037091444
2,96,0.06072958746480598,-0.07437262822866936,0.027439099032929366
2,97,0.06068674256334925,-0.07435426612804505,0.027665564940629207
2,98,0.06068674256334925,-0.07435426612804505,0.027665564940629207
2,99,0.06079691516709511,-0.07455012853470437,0.02773289264291835
3,0,-0.06150079569102705,-0.04476680132207124,0.0064634594197576205
3,1,-0.06139062308728118,-0.04520137103684661,0.00672052882849798
3,2,-0.06132941608520015,-0.04495042232831436,0.006549149222671073
3,3,-0.06132941608520015,-0.04495042232831436,0.006549149222671073
3,4,-0.06138450238707308,-0.04477904272248745,0.006341045415595545
3,5,-0.061421226588321706,-0.04479128412290366,0.006347166115803648
3,6,-0.061421226588321706,-0.04479128412290366,0.006347166115803648
3,7,-0.0615803647937324,-0.04488921532623332,0.006604235524544008
3,8,-0.06132329538499204,-0.04507895703268454,0.00667156322683315
3,9,-0.06132329538499204,-0.04507895703268454,0.00667156322683315
3,10,-0.0615803647937324,-0.045011629330395396,0.006114579507895703
3,11,-0.06147631289019464,-0.044925939527481945,0.006402252417676582
3,12,-0.06153751989227567,-0.04493206022769004,0.006322683314971232
3,13,-0.06153751989227567,-0.04493206022769004,0.006322683314971232
3,14,-0.061653813196229645,-0.044956543028522464,0.006640959725792631
3,15,-0.06147019218998654,-0.04496878442893867,0.0068000979312033295
3,16,-0.06147019218998654,-0.04496878442893867,0.0068000979312033295
3,17,-0.06167829599706206,-0.04507895703268454,0.006555269922879177
3,18,-0.061555881992899984,-0.04488921532623332,0.006341045415595545
3,19,-0.061555881992899984,-0.04488921532623332,0.006341045415595545
3,20,-0.06170277879789447,-0.04483412902436039,0.006396131717468478
3,21,-0.061439588688946015,-0.04504835353164402,0.006506304321214347
3,22,-0.061439588688946015,-0.04504835353164402,0.006506304321214347
3,23,-0.06152527849185947,-0.04481576692373608,0.006359407516219856
3,24,-0.061800710001224134,-0.045054474231852125,0.006432855918717101
3,25,-0.06154364059248378,-0.045023870730811606,0.0062920798139307135
3,26,-0.06154364059248378,-0.045023870730811606,0.0062920798139307135
3,27,-0.06156200269310809,-0.04493206022769004,0.006426735218508997
3,28,-0.06159872689435671,-0.044944301628106254,0.0064634594197576205
3,29,-0.06159872689435671,-0.044944301628106254,0.0064634594197576205
3,30,-0.06184355490268086,-0.04495042232831436,0.006396131717468478
3,31,-0.061635451095605344,-0.045158526135389884,0.0067266495287060845
3,32,-0.061635451095605344,-0.045158526135389884,0.0067266495287060845
3,33,-0.061353898886032564,-0.04496266372873057,0.006524666421838658
3,34,-0.061415105888113594,-0.04463214591749296,0.0065919941241278
3,35,-0.061415105888113594,-0.04463214591749296,0.0065919941241278
3,36,-0.061439588688946015,-0.04490757742685763,0.006408373117884686
3,37,-0.0615803647937324,-0.04504835353164402,0.006775615130370914
3,38,-0.06145795078957032,-0.044828008324152284,0.006328804015179336
3,39,-0.06145795078957032,-0.044828008324152284,0.006328804015179336
3,40,-0.061494674990818954,-0.04496266372873057,0.006512425021422451
3,41,-0.061610968294772916,-0.044785163422695555,0.0065736320235034885
3,42,-0.061610968294772916,-0.044785163422695555,0.0065736320235034885
3,43,-0.061513037091443255,-0.044742318521238826,0.006640959725792631
3,44,-0.061482433590402744,-0.04495042232831436,0.006487942220590036
3,45,-0.061482433590402744,-0.04495042232831436,0.006487942220590036
3,46,-0.06150691639123516,-0.045023870730811606,0.0065001836210062435
3,47,-0.061451830089362225,-0.04503611213122781,0.006469580119965725
3,48,-0.061451830089362225,-0.04503611213122781,0.006469580119965725
3,49,-0.061666054596645856,-0.044938180927898155,0.006377769616844167
3,50,-0.06167217529685396,-0.04514628473497368,0.006377769616844167
3,51,-0.06164769249602155,-0.04498102582935488,0.006683804627249356
3,52,-0.06164769249602155,-0.04498102582935488,0.006683804627249356
3,53,-0.06167217529685396,-0.04499938792997919,0.00641449381809279
3,54,-0.061482433590402744,-0.04493206022769004,0.0065736320235034885
3,55,-0.061482433590402744,-0.04493206022769004,0.0065736320235034885
3,56,-0.061635451095605344,-0.044797404823111765,0.0064634594197576205
3,57,-0.061733382298935005,-0.045225853837679034,0.006487942220590036
3,58,-0.061733382298935005,-0.045225853837679034,0.006487942220590036
3,59,-0.06145795078957032,-0.04512180193414127,0.006279838413514506
3,60,-0.06150079569102705,-0.04499938792997919,0.006396131717468478
3,61,-0.06150079569102705,-0.04499938792997919,0.006396131717468478
3,62,-0.061708899498102585,-0.04497490512914677,0.006371648916636064
3,63,-0.06168441669727017,-0.04465050801811728,0.006549149222671073
3,64,-0.06168441669727017,-0.044944301628106254,0.00654302852246297
3,65,-0.06154364059248378,-0.044944301628106254,0.00654302852246297
3,66,-0.061408985187905496,-0.04484637042477659,0.0065369078222548655
3,67,-0.0617456236993512,-0.044944301628106254,0.006610356224752112
3,68,-0.0617456236993512,-0.044944301628106254,0.006610356224752112
3,69,-0.06165993389643776,-0.04499938792997919,0.006383890317052271
3,70,-0.06142734728852981,-0.04512792263434937,0.0064634594197576205
3,71,-0.06142734728852981,-0.04512792263434937,0.0064634594197576205
3,72,-0.061666054596645856,-0.04473007712082262,0.0065185457216305545
3,73,-0.06136614028644877,-0.04496266372873057,0.006653201126208838
3,74,-0.06136614028644877,-0.04496266372873057,0.006653201126208838
3,75,-0.06159872689435671,-0.04487697392581712,0.006298200514138817
3,76,-0.06147019218998654,-0.04484637042477659,0.006365528216427959
3,77,-0.06147019218998654,-0.04504223283143592,0.006377769616844167
3,78,-0.06167829599706206,-0.04504223283143592,0.006377769616844167
3,79,-0.06133553678540825,-0.04481576692373608,0.006524666421838658
3,80,-0.061439588688946015,-0.0448586118251928,0.00633492471538744
3,81,-0.061439588688946015,-0.0448586118251928,0.00633492471538744
3,82,-0.0617456236993512,-0.04509731913330885,0.00641449381809279
3,83,-0.061733382298935005,-0.04506059493206023,0.0065001836210062435
3,84,-0.061733382298935005,-0.04506059493206023,0.0065001836210062435
3,85,-0.061549761292691886,-0.044828008324152284,0.006653201126208838
3,86,-0.06162933039539723,-0.0450177500306035,0.006432855918717101
3,87,-0.06162933039539723,-0.0450177500306035,0.006432855918717101
3,88,-0.061666054596645856,-0.045311543640592485,0.006359407516219856
3,89,-0.061555881992899984,-0.04509119843310075,0.0065369078222548655
3,90,-0.061555881992899984,-0.04507283633247643,0.0064818215203819324
3,91,-0.061421226588321706,-0.04507283633247643,0.0064818215203819324
3,92,-0.06162320969518913,-0.044944301628106254,0.006738890929122292
3,93,-0.06183131350226466,-0.04499326722977108,0.006647080426000734
3,94,-0.06183131350226466,-0.04499326722977108,0.006647080426000734
3,95,-0.0615803647937324,-0.044656628718325375,0.006304321214346921
3,96,-0.06150691639123516,-0.044913698127065735,0.00633492471538744
3,97,-0.06150691639123516,-0.044913698127065735,0.00633492471538744
3,98,-0.06167829599706206,-0.044944301628106254,0.006151303709144326
3,99,-0.06132941608520015,-0.044938180927898155,0.006677683927041253
