values,,Magnetometer,Magnetometer,Magnetometer
axis,,x,y,z
Sensor,Sample,,,
0,0,0.0421287795323785,0.07272003917248133,0.020896070510466398
0,1,0.0421287795323785,0.07272003917248133,0.020896070510466398
0,2,0.042220590035500064,0.07296486718080548,0.020712449504223282
0,3,0.04219610723466764,0.07279348757497858,0.02091443261109071
0,4,0.04219610723466764,0.07279348757497858,0.02091443261109071
0,5,0.0419573999265516,0.07275064267352185,0.020565552699228794
0,6,0.04223895213612437,0.07286081527726772,0.020632880401517933
0,7,0.04223895213612437,0.07286081527726772,0.020632880401517933
0,8,0.04207981393071367,0.07292814297955687,0.020461500795691027
0,9,0.042202227934875755,0.07287917737789204,0.020590035500061207
0,10,0.042202227934875755,0.07287917737789204,0.020590035500061207
0,11,0.04203696902925695,0.07276288407393806,0.020534949198188275
0,12,0.04222671073570817,0.07273228057289753,0.02081650140776105
0,13,0.04209817603133799,0.07285469457705962,0.02087158770963398
0,14,0.04209817603133799,0.07285469457705962,0.02087158770963398
0,15,0.0419573999265516,0.07277512547435426,0.020449259395274817
0,16,0.042134900232586606,0.07278124617456237,0.020792018606928635
0,17,0.042134900232586606,0.07278124617456237,0.020792018606928635
0,18,0.04208593463092178,0.0728302117762272,0.019763740971967193
0,19,0.042006365528216426,0.07289141877830824,0.02032072469090464
0,20,0.042006365528216426,0.07289141877830824,0.02032072469090464
0,21,0.042018606928632636,0.07280572897539479,0.02049822499693965
0,22,0.04224507283633248,0.07275676337372997,0.02022891418778308
0,23,0.04224507283633248,0.07275676337372997,0.02022891418778308
0,24,0.04232464193903783,0.07289141877830824,0.020424776594442404
0,25,0.04209817603133799,0.07265271147019219,0.020889949810258292
0,26,0.04209817603133799,0.07265271147019219,0.020889949810258292
0,27,0.04200024482800833,0.07283633247643531,0.02066348390255845
0,28,0.04214102093279471,0.07252417676582201,0.020749173705471906
0,29,0.04214102093279471,0.07252417676582201,0.020749173705471906
0,30,0.04207981393071367,0.07286693597747582,0.020889949810258292
0,31,0.0421287795323785,0.07292202227934876,0.020675725302974658
0,32,0.0421287795323785,0.07292202227934876,0.020675725302974658
0,33,0.04236136614028645,0.07280572897539479,0.02064512180193414
0,34,0.042049210429673155,0.07270779777206512,0.020277879789447915
0,35,0.042049210429673155,0.07280572897539479,0.020216672787366875
0,36,0.04205533112988126,0.07280572897539479,0.020216672787366875
0,37,0.04194515852613539,0.07308116048475946,0.020853225609009672
0,38,0.04218386583425144,0.072995470681846,0.020761415105888116
0,39,0.04218386583425144,0.072995470681846,0.020761415105888116
0,40,0.04223283143591627,0.07301383278247031,0.020767535806096218
0,41,0.04202472762884074,0.07265271147019219,0.020889949810258292
0,42,0.04202472762884074,0.07265271147019219,0.020889949810258292
0,43,0.04223895213612437,0.07294650508018116,0.020877708409842086
0,44,0.04231240053862162,0.07286693597747582,0.019965724078834617
0,45,0.04231240053862162,0.07286693597747582,0.019965724078834617
0,46,0.04221446933529196,0.07290366017872445,0.020718570204431387
0,47,0.04209817603133799,0.07276288407393806,0.020479862896315336
0,48,0.04209817603133799,0.07276288407393806,0.020479862896315336
0,49,0.04218386583425144,0.07274452197331374,0.021036846615252784
0,50,0.04234912473987024,0.07293426367976497,0.020339086791528953
0,51,0.042134900232586606,0.0726771942710246,0.020932794711715018
0,52,0.04199412412780022,0.0728302117762272,0.020798139307136736
0,53,0.0422817970375811,0.07284245317664341,0.02065736320235035
0,54,0.042165503733627124,0.0726833149712327,0.020700208103807075
0,55,0.04203696902925695,0.07275064267352185,0.020896070510466398
0,56,0.04235524544007834,0.07278124617456237,0.020308483290488434
0,57,0.042153262333210914,0.07276900477414616,0.020596156200269312
0,58,0.04214102093279471,0.07264047006977599,0.020492104296731546
0,59,0.04221446933529196,0.07286693597747582,0.02086546700942588
0,60,0.04221446933529196,0.07286693597747582,0.02086546700942588
0,61,0.042189986534459545,0.07289141877830824,0.020675725302974658
0,62,0.04211041743175419,0.07283633247643531,0.02072469090463949
0,63,0.04203084832904884,0.07286693597747582,0.020792018606928635
0,64,0.04192679642551107,0.07277512547435426,0.020620639001101726
0,65,0.04223283143591627,0.07278736687477047,0.020792018606928635
0,66,0.042153262333210914,0.07274452197331374,0.020651242502142245
0,67,0.04214102093279471,0.07270779777206512,0.020743053005263804
0,68,0.04203696902925695,0.07280572897539479,0.020761415105888116
0,69,0.04198800342759212,0.07272003917248133,0.020718570204431387
0,70,0.0421287795323785,0.07265883217040028,0.020455380095482922
0,71,0.042159383033419026,0.07294038437997306,0.020290121189864122
0,72,0.042202227934875755,0.07287917737789204,0.019702533969886155
0,73,0.04208593463092178,0.07265271147019219,0.020265638389031705
0,74,0.04208593463092178,0.07265271147019219,0.02017382788591015
0,75,0.04204308972946505,0.07292202227934876,0.02017382788591015
0,76,0.041920675725302975,0.07281184967560289,0.02078589790672053
0,77,0.0421287795323785,0.07274452197331374,0.020406414493818092
0,78,0.042147141633002816,0.07305055698371894,0.02062675970130983
0,79,0.04219610723466764,0.07295874648059739,0.020057534581956176
0,80,0.04211041743175419,0.07272615987268943,0.020730811604847594
0,81,0.042165503733627124,0.07287305667768393,0.020547190598604482
0,82,0.04187171012363815,0.07287917737789204,0.01986779287550496
0,83,0.04214102093279471,0.07262822866935978,0.020522707797772065
0,84,0.042306279838413514,0.07290366017872445,0.01997184477904272
0,85,0.042018606928632636,0.07269555637164891,0.020565552699228794
0,86,0.04200024482800833,0.07289141877830824,0.020479862896315336
0,87,0.04204308972946505,0.07286693597747582,0.020669604602766557
0,88,0.04232464193903783,0.07275676337372997,0.020583914799853102
0,89,0.04219610723466764,0.07264047006977599,0.020718570204431387
0,90,0.04225731423674868,0.0726649528706084,0.020767535806096218
0,91,0.042049210429673155,0.07294650508018116,0.02021055208715877
0,92,0.042049210429673155,0.07294650508018116,0.020455380095482922
0,93,0.04206757253029746,0.07281797037581099,0.020455380095482922
0,94,0.04220834863508385,0.07267107357081651,0.020957277512547435
0,95,0.04203084832904884,0.07275064267352185,0.01983718937446444
0,96,0.04219610723466764,0.07273840127310564,0.02038805239319378
0,97,0.042134900232586606,0.07294038437997306,0.021183743420247276
0,98,0.042061451830089365,0.07293426367976497,0.02066348390255845
0,99,0.042159383033419026,0.07270779777206512,0.02080426000734484
1,0,-0.05670216672787367,0.06892520504345698,0.023344350593707923
1,1,-0.05670216672787367,0.06892520504345698,0.023344350593707923
1,2,-0.0567633737299547,0.06916391235157301,0.02265271147019219
1,3,-0.056683804627249354,0.06887011874158404,0.02329538499204309
1,4,-0.056683804627249354,0.06887011874158404,0.02329538499204309
1,5,-0.05664708042600074,0.06891296364304075,0.02335659199412413
1,6,-0.056708287428081774,0.06899253274574611,0.0228302117762272
1,7,-0.056708287428081774,0.06899253274574611,0.0228302117762272
1,8,-0.05689802913453299,0.06893744644387317,0.023595299302240177
1,9,-0.056720528828497985,0.06893744644387317,0.023081160484759455
1,10,-0.056879667033908676,0.06909658464928388,0.022995470681846004
1,11,-0.056879667033908676,0.06909658464928388,0.022995470681846004
1,12,-0.056665442526625046,0.06875994613783817,0.023809523809523808
1,13,-0.05670216672787367,0.06887011874158404,0.022848573876851512
1,14,-0.05670216672787367,0.06887011874158404,0.022848573876851512
1,15,-0.05684294283266006,0.0689802913453299,0.023172970987881014
1,16,-0.05665932182641694,0.06887011874158404,0.022903660178724448
1,17,-0.05665932182641694,0.06887011874158404,0.022903660178724448
1,18,-0.05701432243848696,0.06872322193658956,0.023289264291834984
1,19,-0.05640837311788469,0.06882115313991921,0.02324641939037826
1,20,-0.05640837311788469,0.06882115313991921,0.02324641939037826
1,21,-0.056640959725792625,0.06909046394907578,0.0231484881870486
1,22,-0.05679397723099523,0.06857020443138695,0.023111763985799977
1,23,-0.05654302852246297,0.06875994613783817,0.02349124739870241
1,24,-0.05654302852246297,0.06875994613783817,0.02349124739870241
1,25,-0.05689802913453299,0.06894356714408129,0.02324641939037826
1,26,-0.05668992532745746,0.06853960093034643,0.023515730199534825
1,27,-0.05668992532745746,0.06853960093034643,0.023515730199534825
1,28,-0.056781735830579015,0.06858856653201126,0.023509609499326723
1,29,-0.05687354633370058,0.06908434324886767,0.022964867180805485
1,30,-0.05687354633370058,0.06908434324886767,0.022964867180805485
1,31,-0.05672664952870608,0.06882115313991921,0.02289141877830824
1,32,-0.05677561513037092,0.06879667033908679,0.0228302117762272
1,33,-0.05677561513037092,0.06879667033908679,0.0228302117762272
1,34,-0.05655526992287918,0.06891908434324887,0.02273228057289754
1,35,-0.0569286326355735,0.06883951524054352,0.022401762761659935
1,36,-0.05685518423307626,0.06904761904761905,0.0231484881870486
1,37,-0.05685518423307626,0.06904761904761905,0.0231484881870486
1,38,-0.05676949443016281,0.06876606683804627,0.023270902191210675
1,39,-0.05665932182641694,0.06890072224262456,0.02329538499204309
1,40,-0.05665932182641694,0.06890072224262456,0.02329538499204309
1,41,-0.05656139062308728,0.06865589423430041,0.02343616109682948
1,42,-0.05689802913453299,0.06891908434324887,0.02268331497123271
1,43,-0.05689802913453299,0.06891908434324887,0.02268331497123271
1,44,-0.056818460031827646,0.06894356714408129,0.022793487574978576
1,45,-0.056781735830579015,0.06888236014200025,0.023515730199534825
1,46,-0.056781735830579015,0.06888236014200025,0.023515730199534825
1,47,-0.056598114824335896,0.06862529073325987,0.023075039784551353
1,48,-0.05672664952870608,0.06909046394907578,0.02355245440078345
1,49,-0.05671440812828987,0.06887011874158404,0.02318521238829722
1,50,-0.056598114824335896,0.06890072224262456,0.02305667768392704
1,51,-0.05684294283266006,0.0689680499449137,0.023062798384135143
1,52,-0.056824580732035744,0.0689619292447056,0.022481331864365284
1,53,-0.0567450116293304,0.06909658464928388,0.02349124739870241
1,54,-0.05665932182641694,0.06903537764720284,0.02310564328559187
1,55,-0.05665932182641694,0.06746847839392826,0.023252540090586363
1,56,-0.05680009793120333,0.06855184233076264,0.023252540090586363
1,57,-0.056953115436405924,0.06861304933284368,0.0233137470926674
1,58,-0.05677561513037092,0.06858244583180316,0.023191333088505326
1,59,-0.05678785653078712,0.06898641204553801,0.023062798384135143
1,60,-0.056738890929122286,0.06903537764720284,0.02263434936956788
1,61,-0.05697759823723834,0.06877830823846248,0.022964867180805485
1,62,-0.05665932182641694,0.06899865344595421,0.023503488799118618
1,63,-0.056738890929122286,0.06921287795323786,0.023417798996205167
1,64,-0.05678785653078712,0.06910270534949198,0.02252417676582201
1,65,-0.056720528828497985,0.06872934263679766,0.023301505692251194
1,66,-0.05654914922267107,0.068808911739503,0.023283143591626882
1,67,-0.05679397723099523,0.06887011874158404,0.0231484881870486
1,68,-0.05661035622475211,0.06879667033908679,0.023381074794956543
1,69,-0.05686742563349247,0.06909046394907578,0.022897539478516343
1,70,-0.05670216672787367,0.06868037703513283,0.02290978087893255
1,71,-0.05678785653078712,0.06882727384012731,0.02338719549516465
1,72,-0.05662259762516832,0.06859468723221937,0.022854694577059614
1,73,-0.05662259762516832,0.06859468723221937,0.022854694577059614
1,74,-0.05651854572163055,0.06877830823846248,0.023111763985799977
1,75,-0.05686130493328436,0.06911494674990819,0.022414004162076142
1,76,-0.05691639123515731,0.06898641204553801,0.0229893499816379
1,77,-0.056536907822254866,0.06888848084220835,0.023221936589545845
1,78,-0.056953115436405924,0.0689680499449137,0.023124005386216184
1,79,-0.0565858734239197,0.06882727384012731,0.023277022891418777
1,80,-0.05665932182641694,0.06879667033908679,0.023154608887256702
1,81,-0.05679397723099523,0.06879054963887868,0.02300771208226221
1,82,-0.05689190843432489,0.06894356714408129,0.02335659199412413
1,83,-0.05669604602766557,0.06891296364304075,0.02292814297955686
1,84,-0.0567572530297466,0.0689680499449137,0.022640470069775983
1,85,-0.05679397723099523,0.0689680499449137,0.02243848696290856
1,86,-0.05667156322683316,0.06899253274574611,0.022885298078100136
1,87,-0.056708287428081774,0.0689741706451218,0.022389521361243725
1,88,-0.056524666421838655,0.06921287795323786,0.022811849675602888
1,89,-0.056536907822254866,0.06901089484637044,0.022787366874770475
1,90,-0.05684294283266006,0.06899253274574611,0.02238340066103562
1,91,-0.05668992532745746,0.06875994613783817,0.022762884073938058
1,92,-0.05673277022891419,0.06891296364304075,0.02309340188517566
1,93,-0.056879667033908676,0.06901089484637044,0.022658832170400295
1,94,-0.05668992532745746,0.0688027910392949,0.022322193658954582
1,95,-0.0567572530297466,0.0686375321336761,0.022511935365405803
1,96,-0.05663483902558453,0.06890684294283266,0.022518056065613905
1,97,-0.05662871832537643,0.06886399804137593,0.022726159872689437
1,98,-0.05662871832537643,0.06886399804137593,0.02257314236748684
1,99,-0.05669604602766557,0.06886399804137593,0.02257314236748684
2,0,0.0802178969274085,-0.07585383767903048,0.06432855918717101
2,1,0.08011384502387073,-0.07576814787611703,0.06418166238217651
2,2,0.08035867303219488,-0.07575590647570082,0.06422450728363324
2,3,0.08035867303219488,-0.07575590647570082,0.06422450728363324
2,4,0.08043212143469212,-0.07585995837923859,0.0639857999755172
2,5,0.08041375933406782,-0.07589668258048721,0.06408985187905496
2,6,0.08041375933406782,-0.07589668258048721,0.06408985187905496
2,7,0.08013832782470315,-0.07571918227445221,0.06326967805116905
2,8,0.0804015179336516,-0.075413147264047,0.06272493573264781
2,9,0.0803892765332354,-0.0760435793854817,0.062149589913086056
2,10,0.0803892765332354,-0.0760435793854817,0.062149589913086056
2,11,0.08016281062553557,-0.07562737177133064,0.06264536662994247
2,12,0.08032806953115437,-0.07546211286571183,0.06150691639123516
2,13,0.08032806953115437,-0.07546211286571183,0.06150691639123516
2,14,0.07999755171991677,-0.07567021667278737,0.06277390133431264
2,15,0.0802117762272004,-0.07581711347778186,0.06419390378259274
2,16,0.0802117762272004,-0.07581711347778186,0.06419390378259274
2,17,0.08024237972824091,-0.07569469947361979,0.06341657485616355
2,18,0.08005263802178969,-0.07588444118007101,0.06413881748071978
2,19,0.08005263802178969,-0.07588444118007101,0.06413881748071978
2,20,0.08025462112865712,-0.07546211286571183,0.06421226588321703
2,21,0.08018117272615988,-0.07551107846737667,0.06420002448280084
2,22,0.08018117272615988,-0.07551107846737667,0.06420002448280084
2,23,0.08027910392948953,-0.07585383767903048,0.06314114334679888
2,24,0.08016893132574367,-0.07567021667278737,0.06419390378259274
2,25,0.0802117762272004,-0.07551719916758477,0.06310441914555025
2,26,0.0802117762272004,-0.07551719916758477,0.06310441914555025
2,27,0.08027910392948953,-0.0757130615742441,0.0643101970865467
2,28,0.0805484147386461,-0.07562125107112254,0.06440812828987637
2,29,0.0805484147386461,-0.07562125107112254,0.06440812828987637
2,30,0.0803770351328192,-0.07567633737299548,0.062253641816623816
2,31,0.0803892765332354,-0.07554168196841718,0.06359407516219856
2,32,0.0803892765332354,-0.07554168196841718,0.06359407516219856
2,33,0.08030970743053005,-0.07540702656383891,0.0642857142857143
2,34,0.08008324152283021,-0.07577426857632513,0.06394907577426857
2,35,0.08008324152283021,-0.07577426857632513,0.06394907577426857
2,36,0.08043212143469212,-0.07588444118007101,0.06263312522952626
2,37,0.08039539723344351,-0.07566409597257925,0.06421838658342514
2,38,0.08018117272615988,-0.07558452686987391,0.06418778308238463
2,39,0.08018117272615988,-0.07558452686987391,0.06418778308238463
2,40,0.0802117762272004,-0.07562737177133064,0.06426735218508997
2,41,0.0803831558330273,-0.07565185457216306,0.06339209205533113
2,42,0.0803831558330273,-0.07565185457216306,0.06339209205533113
2,43,0.0803831558330273,-0.07575590647570082,0.06296976374097196
2,44,0.08026074182886522,-0.07562737177133064,0.06358183376178235
2,45,0.08026074182886522,-0.07562737177133064,0.06358183376178235
2,46,0.08018729342636798,-0.07546211286571183,0.06396743787489288
2,47,0.08005875872199779,-0.07565185457216306,0.06390623087281186
2,48,0.08005875872199779,-0.07565185457216306,0.06390623087281186
2,49,0.0802301383278247,-0.07566409597257925,0.0633492471538744
2,50,0.0803770351328192,-0.07552944056800098,0.06259640102827764
2,51,0.08044436283510834,-0.0755539233688334,0.06356959236136614
2,52,0.08046884563594076,-0.07595176888236013,0.06421226588321703
2,53,0.08028522462969764,-0.07565185457216306,0.06393071367364427
2,54,0.0803892765332354,-0.07559676827029013,0.06262700452931816
2,55,0.08011384502387073,-0.07549271636675235,0.0631901089484637
2,56,0.08030358673032195,-0.07570082017382788,0.06403476557718203
2,57,0.08004651732158159,-0.07549271636675235,0.06315950544742319
2,58,0.08051169053739747,-0.07579875137715755,0.06397355857510098
2,59,0.08015056922511934,-0.07532745746113355,0.06395519647447669
2,60,0.08024237972824091,-0.07559676827029013,0.06401028277634961
2,61,0.0805484147386461,-0.07576814787611703,0.06417554168196841
2,62,0.08027910392948953,-0.07581711347778186,0.063679764965112
2,63,0.08027910392948953,-0.07581711347778186,0.06325743665075284
2,64,0.08058513893989473,-0.07549271636675235,0.06325743665075284
2,65,0.08035867303219488,-0.07557840616966581,0.06312278124617457
2,66,0.08032806953115437,-0.07580487207736565,0.06417554168196841
2,67,0.08029134532990574,-0.07568857877341167,0.06386950667156323
2,68,0.08035867303219488,-0.07570082017382788,0.06425511078467376
2,69,0.07999755171991677,-0.07568857877341167,0.06408373117884686
2,70,0.08030970743053005,-0.07559676827029013,0.06304933284367732
2,71,0.08031582813073815,-0.07570082017382788,0.06284734973680989
2,72,0.0803892765332354,-0.07544375076508752,0.06432243848696291
2,73,0.08057289753947852,-0.07553556126820908,0.06257803892765332
2,74,0.08016281062553557,-0.07599461378381686,0.06339821275553922
2,75,0.08029746603011384,-0.0755600440690415,0.06427347288529808
2,76,0.08034031093157057,-0.07570694087403598,0.0641449381809279
2,77,0.08004651732158159,-0.0757253029746603,0.06425511078467376
2,78,0.0804015179336516,-0.07570082017382788,0.06356347166115803
2,79,0.08039539723344351,-0.07584159627861428,0.06390011017260375
2,80,0.080071000122414,-0.07559064757008202,0.06425511078467376
2,81,0.08030358673032195,-0.07560288897049823,0.06313502264659077
2,82,0.08033419023136247,-0.0755600440690415,0.06361855796303098
2,83,0.08015668992532746,-0.07533969886154976,0.06393683437385236
2,84,0.08005263802178969,-0.07578650997674133,0.06433467988737912
2,85,0.08015056922511934,-0.07548047496633616,0.06431631778675481
2,86,0.08048108703635695,-0.07588444118007101,0.06430407638633859
2,87,0.08046884563594076,-0.07546211286571183,0.06440812828987637
2,88,0.08046884563594076,-0.07546211286571183,0.06440812828987637
2,89,0.08017505202595177,-0.0757130615742441,0.06426735218508997
2,90,0.08018117272615988,-0.0759028032806953,0.06345941975762028
2,91,0.08028522462969764,-0.07559064757008202,0.0625413147264047
2,92,0.08022401762761659,-0.07587219977965479,0.06391847227322806
2,93,0.08044436283510834,-0.07561513037091443,0.06322071244950422
2,94,0.08030970743053005,-0.0755661647692496,0.06404700697759824
2,95,0.08035867303219488,-0.07568857877341167,0.06423062798384135
2,96,0.08022401762761659,-0.07578038927653323,0.06369812706573633
2,97,0.08051169053739747,-0.07578038927653323,0.06430407638633859
2,98,0.0803831558330273,-0.07589056188027911,0.06336148855429061
2,99,0.08049332843677318,-0.07561513037091443,0.06424899008446566
3,0,-0.07708409842085935,-0.040904639490757747,0.025302974660301136
3,1,-0.07698004651732157,-0.040684294283266004,0.025492716366752356
3,2,-0.07698004651732157,-0.040898518790549634,0.025247888358428207
3,3,-0.07713306402252418,-0.040898518790549634,0.025247888358428207
3,4,-0.07712694332231608,-0.04069041498347411,0.02537030236259028
3,5,-0.07715142612314849,-0.04078222548659567,0.02543150936467132
3,6,-0.07715142612314849,-0.04078222548659567,0.02543150936467132
3,7,-0.0771697882237728,-0.04041498347410944,0.025278491859468722
3,8,-0.07719427102460522,-0.04026196596890684,0.02551719916758477
3,9,-0.07719427102460522,-0.04026196596890684,0.02551719916758477
3,10,-0.07715142612314849,-0.04071489778430652,0.025725302974660302
3,11,-0.07721875382543762,-0.04078834618680377,0.025572285469457706
3,12,-0.07721875382543762,-0.04078834618680377,0.025572285469457706
3,13,-0.07712694332231608,-0.04061696658097687,0.02546823356591994
3,14,-0.07700452931815399,-0.04054351817847962,0.02544987146529563
3,15,-0.07700452931815399,-0.04054351817847962,0.02544987146529563
3,16,-0.0770167707185702,-0.040904639490757747,0.025731423674868404
3,17,-0.0771881503243971,-0.04078222548659567,0.02518056065613906
3,18,-0.0770167707185702,-0.040763863385971356,0.025315216060717342
3,19,-0.0770167707185702,-0.040763863385971356,0.025315216060717342
3,20,-0.07724935732647815,-0.040953605092422574,0.02549883706696046
3,21,-0.0771636675235647,-0.04058636307993634,0.025443750765087526
3,22,-0.0771636675235647,-0.04058636307993634,0.025443750765087526
3,23,-0.07715142612314849,-0.04054963887868772,0.025309095360509244
3,24,-0.0771697882237728,-0.0405190353776472,0.02568857877341168
3,25,-0.0771697882237728,-0.0405190353776472,0.02568857877341168
3,26,-0.07729832292814298,-0.04063532868160118,0.025541681968417183
3,27,-0.07710858122169176,-0.04049455257681479,0.025455992165503732
3,28,-0.07710858122169176,-0.04049455257681479,0.025455992165503732
3,29,-0.0768515118129514,-0.040672052882849793,0.025578406169665807
3,30,-0.07715142612314849,-0.04065981148243359,0.025480474966336146
3,31,-0.0771881503243971,-0.04049455257681479,0.02536418166238218
3,32,-0.0771881503243971,-0.04049455257681479,0.02536418166238218
3,33,-0.0770106500183621,-0.04070877708409842,0.025584526869873912
3,34,-0.07707797772065125,-0.04063532868160118,0.0254009058636308
3,35,-0.07707797772065125,-0.04063532868160118,0.0254009058636308
3,36,-0.07729220222793488,-0.04062920798139307,0.025535561268209085
3,37,-0.07709633982127555,-0.04070265638389032,0.025266250459052515
3,38,-0.07709633982127555,-0.04070265638389032,0.025266250459052515
3,39,-0.07723099522585383,-0.04080058758721998,0.025278491859468722
3,40,-0.07723099522585383,-0.040678173583057906,0.02549883706696046
3,41,-0.07723099522585383,-0.040678173583057906,0.02549883706696046
3,42,-0.0771575468233566,-0.040751621985555146,0.025425388664463217
3,43,-0.07731056432855918,-0.040763863385971356,0.025621251071122536
3,44,-0.07721875382543762,-0.04084955318888481,0.02533969886154976
3,45,-0.07721875382543762,-0.04084955318888481,0.02533969886154976
3,46,-0.07713918472273228,-0.04069041498347411,0.025511078467376668
3,47,-0.07700452931815399,-0.04101481209450361,0.025474354266128048
3,48,-0.07700452931815399,-0.04101481209450361,0.025474354266128048
3,49,-0.07698004651732157,-0.04073325988493083,0.02563961317174685
3,50,-0.07721263312522952,-0.040451707675358065,0.025523319867792875
3,51,-0.07708409842085935,-0.04077610478638756,0.025578406169665807
3,52,-0.07720651242502143,-0.040898518790549634,0.02543150936467132
3,53,-0.07704125351940262,-0.04061696658097687,0.025351940261965966
3,54,-0.07688211531399192,-0.04072713918472273,0.025676337372995472
3,55,-0.07708409842085935,-0.040684294283266004,0.0254009058636308
3,56,-0.07708409842085935,-0.04047619047619048,0.02517443995593096
3,57,-0.07720039172481333,-0.040794466887011875,0.02536418166238218
3,58,-0.07696168441669728,-0.040684294283266004,0.02543150936467132
3,59,-0.07709021912106745,-0.04063532868160118,0.02522340555759579
3,60,-0.07674133920920553,-0.04030481087036357,0.025333578161341658
3,61,-0.07704125351940262,-0.04043334557473375,0.025670216672787367
3,62,-0.07713306402252418,-0.040684294283266004,0.02535806096217407
3,63,-0.07713306402252418,-0.040653690782225485,0.0255600440690415
3,64,-0.07729220222793488,-0.040653690782225485,0.0255600440690415
3,65,-0.07715142612314849,-0.040623087281184966,0.025443750765087526
3,66,-0.07721875382543762,-0.04050679397723099,0.025676337372995472
3,67,-0.07727996082751867,-0.04085567388909291,0.02538254376300649
3,68,-0.07711470192189987,-0.040384379973068915,0.025578406169665807
3,69,-0.07705961562002693,-0.040806708287428085,0.02537030236259028
3,70,-0.07723711592606194,-0.04059248378014445,0.02537030236259028
3,71,-0.07728608152772677,-0.04063532868160118,0.0250887501530175
3,72,-0.07679642551107847,-0.04074550128534704,0.02551719916758477
3,73,-0.07719427102460522,-0.04093524299179826,0.02543150936467132
3,74,-0.07713306402252418,-0.040794466887011875,0.02527237115926062
3,75,-0.07721263312522952,-0.04080058758721998,0.025333578161341658
3,76,-0.07697392581711347,-0.040880156689925326,0.02568857877341168
3,77,-0.07708409842085935,-0.04069041498347411,0.025541681968417183
3,78,-0.07721263312522952,-0.0409964499938793,0.025388664463214593
3,79,-0.0770167707185702,-0.040763863385971356,0.02564573387195495
3,80,-0.07713306402252418,-0.04075774268576325,0.025578406169665807
3,81,-0.07686987391357572,-0.04070877708409842,0.0255661647692496
3,82,-0.07726771942710246,-0.04072713918472273,0.025407026563838902
3,83,-0.07693720161586486,-0.04044558697514995,0.02527237115926062
3,84,-0.07706573632023503,-0.04069041498347411,0.025535561268209085
3,85,-0.0770106500183621,-0.040610845880768756,0.02532133676092545
3,86,-0.07709021912106745,-0.04078834618680377,0.025455992165503732
3,87,-0.0770106500183621,-0.04073938058513894,0.025578406169665807
3,88,-0.07724323662627004,-0.04069041498347411,0.025394785163422695
3,89,-0.07724323662627004,-0.04069041498347411,0.025394785163422695
3,90,-0.07698616721752968,-0.04094136369200636,0.025541681968417183
3,91,-0.07705349491981883,-0.040880156689925326,0.02544987146529563
3,92,-0.0773350471293916,-0.04053127677806341,0.025529440568000977
3,93,-0.0773228057289754,-0.04086179458930102,0.025541681968417183
3,94,-0.07706573632023503,-0.040696535683682214,0.0254009058636308
3,95,-0.0768392704125352,-0.040910760190965845,0.025602888970498228
3,96,-0.0771575468233566,-0.04085567388909291,0.025572285469457706
3,97,-0.07710858122169176,-0.04075774268576325,0.025333578161341658
3,98,-0.07712694332231608,-0.040439466274941854,0.02536418166238218
3,99,-0.07734116782959971,-0.04092912229159016,0.0254009058636308
