values,,Magnetometer,Magnetometer,Magnetometer
axis,,x,y,z
Sensor,Sample,,,
0,0,0.02562737177133064,0.06472640470069776,-0.001046639735585751
0,1,0.025462112865711838,0.06485493940506794,-0.001432243848696291
0,2,0.025394785163422695,0.06500183621006243,-0.0006855184233076265
0,3,0.02563961317174685,0.06498959480964622,-0.0006243114212265883
0,4,0.0255600440690415,0.06506304321214347,-0.001046639735585751
0,5,0.02563961317174685,0.06505692251193537,-0.001395519647447668
0,6,0.025474354266128048,0.06460399069653569,-0.000667156322683315
0,7,0.025327457461133553,0.06515485371526503,-0.0007834496266372873
0,8,0.025443750765087526,0.0649467499081895,-0.0015301750520259516
0,9,0.025578406169665807,0.0649345085077733,-0.0006120700208103807
0,10,0.025523319867792875,0.06497123270902191,-0.001046639735585751
0,11,0.025621251071122536,0.06488554290610846,-0.0010894846370424777
0,12,0.025590647570082014,0.06490390500673276,-0.0007467254253886645
0,13,0.025590647570082014,0.06490390500673276,-0.0007467254253886645
0,14,0.025553923368833394,0.06491002570694088,-0.0005018974170645122
0,15,0.025462112865711838,0.06486106010527605,-0.0007344840249724568
0,16,0.025492716366752356,0.06487942220590034,-0.000985432733504713
0,17,0.02543150936467132,0.06483657730444363,-0.001016036234545232
0,18,0.02549883706696046,0.06487942220590034,-0.0005569837189374464
0,19,0.025590647570082014,0.06484881870485984,-0.00094870853225609
0,20,0.025584526869873912,0.06500183621006243,-0.0011078467376667892
0,21,0.025590647570082014,0.0650997674133921,-0.0006059493206022769
0,22,0.025615130370914434,0.0649528706083976,-0.0005202595176888236
0,23,0.02544987146529563,0.06491002570694088,-0.000856898029134533
0,24,0.025541681968417183,0.06514261231484882,-0.0008385359285102217
0,25,0.025425388664463217,0.06483045660423552,-0.0011323295384992043
0,26,0.02564573387195495,0.0647937324029869,-0.0006549149222671073
0,27,0.02564573387195495,0.0647937324029869,-0.0006549149222671073
0,28,0.025615130370914434,0.06489166360631657,-0.0009425878320479863
0,29,0.025578406169665807,0.06487942220590034,-0.0004162076141510589
0,30,0.025437630064879424,0.06497123270902191,-0.000697759823723834
0,31,0.025541681968417183,0.06492838780756519,-0.0007161219243481455
0,32,0.025633492471538743,0.06481209450361122,-0.001009915534337128
0,33,0.02560900967070633,0.06470192189986534,-0.0007528461255967683
0,34,0.025590647570082014,0.0649345085077733,-0.0008324152283021177
0,35,0.025584526869873912,0.06486106010527605,-0.000985432733504713
0,36,0.02544987146529563,0.06489778430652467,-0.0009119843310074673
0,37,0.025504957767168563,0.06508752601297588,-0.0008324152283021177
0,38,0.025492716366752356,0.064799853103195,-0.0008813808299669483
0,39,0.025584526869873912,0.06492226710735707,-0.0009242257314236748
0,40,0.02563961317174685,0.06491614640714898,-0.0007528461255967683
0,41,0.0255600440690415,0.06491614640714898,-0.0006549149222671073
0,42,0.025725302974660302,0.064799853103195,-0.0006732770228914188
0,43,0.025774268576325133,0.06498959480964622,-0.0007038805239319378
0,44,0.025474354266128048,0.0649345085077733,-0.0010711225364181663
0,45,0.025474354266128048,0.0649345085077733,-0.0005753458195617579
0,46,0.025670216672787367,0.06483045660423552,-0.0005753458195617579
0,47,0.025578406169665807,0.06480597380340311,-0.0006304321214346922
0,48,0.02564573387195495,0.06478149100257069,-0.00044069041498347416
0,49,0.0255661647692496,0.06481209450361122,-0.0014138817480719794
0,50,0.025511078467376668,0.06490390500673276,-0.001371036846615253
0,51,0.025266250459052515,0.064799853103195,-0.0015118129514016404
0,52,0.025443750765087526,0.0649589913086057,-0.0006304321214346922
0,53,0.025529440568000977,0.06489166360631657,-0.0010650018362100624
0,54,0.02551719916758477,0.06507528461255968,-0.0010282776349614395
0,55,0.02568857877341168,0.06513649161464072,-0.0011017260374586852
0,56,0.025596768270290123,0.06503856041131105,-0.0007712082262210796
0,57,0.025682458073203573,0.06489778430652467,-0.0010405190353776472
0,58,0.025455992165503732,0.06472028400048965,-0.0008385359285102217
0,59,0.02536418166238218,0.06485493940506794,-0.0005447423185212389
0,60,0.02536418166238218,0.06485493940506794,-0.001144570938915412
0,61,0.025602888970498228,0.06507528461255968,-0.001144570938915412
0,62,0.025376423062798387,0.06487942220590034,-0.0007467254253886645
0,63,0.025217284857387685,0.06502631901089485,-0.0007222426245562493
0,64,0.02532133676092545,0.06502019831068674,-0.0005569837189374464
0,65,0.025529440568000977,0.06483045660423552,-0.000667156322683315
0,66,0.0255600440690415,0.06497123270902191,-0.0005875872199779654
0,67,0.025590647570082014,0.06497735340923003,-0.000826294528094014
0,68,0.025621251071122536,0.0649589913086057,-0.000569225119353654
0,69,0.025890561880279106,0.06516709511568124,-0.0011262088382911005
0,70,0.025584526869873912,0.06502019831068674,-0.0007650875260129758
0,71,0.025651854572163058,0.06497123270902191,-0.0012302607418288652
0,72,0.025241767658220098,0.06505080181172726,-0.0010588811360019586
0,73,0.025682458073203573,0.06484269800465173,-0.0008446566287183254
0,74,0.025670216672787367,0.0647692496021545,-0.0009119843310074673
0,75,0.025713061574244096,0.06515485371526503,-0.0007834496266372873
0,76,0.025511078467376668,0.06483045660423552,-0.0006610356224752112
0,77,0.02551719916758477,0.06486718080548415,-0.0008446566287183254
0,78,0.02551719916758477,0.06502631901089485,-0.0005447423185212389
0,79,0.025474354266128048,0.06502631901089485,-0.0005447423185212389
0,80,0.0255661647692496,0.0649651120088138,-0.0009976741339209204
0,81,0.025578406169665807,0.06506916391235157,-0.0006120700208103807
0,82,0.02546823356591994,0.064799853103195,-0.0005263802178969274
0,83,0.025462112865711838,0.0650997674133921,-0.0006120700208103807
0,84,0.025474354266128048,0.06506304321214347,-0.000887501530175052
0,85,0.025670216672787367,0.06519769861672176,-0.0014995715509854327
0,86,0.025504957767168563,0.06532623332109193,-0.0005141388174807198
0,87,0.025492716366752356,0.06487942220590034,-0.0009731913330885053
0,88,0.025547802668625292,0.06500183621006243,-0.0005447423185212389
0,89,0.02563961317174685,0.06514261231484882,-0.001016036234545232
0,90,0.025768147876117024,0.06490390500673276,-0.0006732770228914188
0,91,0.025535561268209085,0.06504468111151915,-0.0008079324274697026
0,92,0.025486595666544255,0.06491614640714898,-0.0008630187293426368
0,93,0.02564573387195495,0.06476312890194638,-0.0008936222303831558
0,94,0.02574366507528461,0.06481209450361122,-0.0008630187293426368
0,95,0.02574366507528461,0.06481209450361122,-0.0007222426245562493
0,96,0.02544987146529563,0.06498347410943812,-0.0007222426245562493
0,97,0.025590647570082014,0.06519157791651366,-0.00044069041498347416
0,98,0.025572285469457706,0.06509364671318399,-0.0007650875260129758
0,99,0.0255661647692496,0.06502019831068674,-0.0007895703268453911
1,0,-0.04250826294528094,0.06589545844044559,0.010588811360019585
1,1,-0.04200024482800833,0.06599951034398335,0.010221569347533358
1,2,-0.042428693842575596,0.06579752723711593,0.011298812584159627
1,3,-0.04248378014444852,0.06555881992899988,0.01106010527604358
1,4,-0.04226955563716489,0.06582201003794834,0.011255967682702902
1,5,-0.04232464193903783,0.0660790794466887,0.011066225976251683
1,6,-0.04232464193903783,0.06602399314481576,0.011292691883951524
1,7,-0.042404211041743176,0.06582201003794834,0.010576569959603379
1,8,-0.04263067694944302,0.06590157914065368,0.010441914555025095
1,9,-0.04235524544007834,0.06567511323295386,0.010698983963765455
1,10,-0.04268576325131595,0.0655894234300404,0.010888725670216672
1,11,-0.04232464193903783,0.06552209572775125,0.011200881380829968
1,12,-0.04233688333945403,0.06571183743420247,0.01131717468478394
1,13,-0.04233688333945403,0.06590157914065368,0.01131717468478394
1,14,-0.042391969641326965,0.06590157914065368,0.01131717468478394
1,15,-0.04241645244215938,0.06584037213857266,0.01056432855918717
1,16,-0.042404211041743176,0.06599951034398335,0.011096829477292203
1,17,-0.04253886644632146,0.06582201003794834,0.011353898886032563
1,18,-0.042404211041743176,0.06568735463337005,0.011053984575835476
1,19,-0.042306279838413514,0.06596890684294283,0.011249846982494798
1,20,-0.04226955563716489,0.06590157914065368,0.011207002081038071
1,21,-0.04238584894111887,0.06601175174439956,0.011145795078957032
1,22,-0.04272248745256457,0.06594442404211041,0.011188639980413759
1,23,-0.04236136614028645,0.06593830334190232,0.011011139674378749
1,24,-0.04245929734361611,0.06585261353898886,0.011011139674378749
1,25,-0.04251438364548905,0.06602399314481576,0.010509242257314238
1,26,-0.04247765944424042,0.065742440935243,0.010992777573754439
1,27,-0.04236136614028645,0.06579140653690782,0.01094993267229771
1,28,-0.04248378014444852,0.06578528583669971,0.010741828865222182
1,29,-0.04245929734361611,0.06570571673399436,0.01090096707063288
1,30,-0.04237360754070266,0.06555269922879178,0.011133553678540825
1,31,-0.04250214224507284,0.0656139062308728,0.010925449871465296
1,32,-0.042294038437997304,0.06564450973191334,0.010270534949198188
1,33,-0.04245317664340801,0.065742440935243,0.011164157179581344
1,34,-0.04245317664340801,0.065742440935243,0.010986656873546333
1,35,-0.04248378014444852,0.06573019953482678,0.010986656873546333
1,36,-0.04259395274819439,0.06582813073815644,0.010362345452319744
1,37,-0.04236136614028645,0.06603623454523197,0.011096829477292203
1,38,-0.04222671073570817,0.06599951034398335,0.011017260374586852
1,39,-0.04234300403966214,0.06565675113232954,0.010423552454400783
1,40,-0.04247153874403232,0.06574856163545109,0.01115803647937324
1,41,-0.04262455624923491,0.06603623454523197,0.010668380462724936
1,42,-0.04233688333945403,0.06578528583669971,0.011170277879789447
1,43,-0.04241033174195128,0.06601175174439956,0.010766311666054598
1,44,-0.04255722854694577,0.06560778553066471,0.01130493328436773
1,45,-0.04241033174195128,0.06565675113232954,0.010968294772922023
1,46,-0.04250826294528094,0.06584037213857266,0.010876484269800465
1,47,-0.04226343493695679,0.0657546823356592,0.010956053372505815
1,48,-0.0424409352429918,0.06572407883461868,0.011084588076875995
1,49,-0.042061451830089365,0.06593218264169422,0.01110907087770841
1,50,-0.04239809034153507,0.06584649283878076,0.011053984575835476
1,51,-0.04238584894111887,0.06604235524544008,0.010888725670216672
1,52,-0.04248990084465663,0.06569347533357817,0.011188639980413759
1,53,-0.04226955563716489,0.0657608030358673,0.010766311666054598
1,54,-0.04245929734361611,0.06557106132941608,0.0109315705716734
1,55,-0.04241645244215938,0.06567511323295386,0.010882604970008569
1,56,-0.04241645244215938,0.06724201248622842,0.010319500550863019
1,57,-0.04261231484881871,0.06588321704002939,0.010319500550863019
1,58,-0.04250214224507284,0.06546700942587833,0.010650018362100624
1,59,-0.04235524544007834,0.06546700942587833,0.011145795078957032
1,60,-0.04247765944424042,0.06588933774023749,0.010925449871465296
1,61,-0.04249602154486473,0.06582813073815644,0.010276655649406292
1,62,-0.04248990084465663,0.0657546823356592,0.010974415473130127
1,63,-0.042294038437997304,0.06584649283878076,0.0110907087770841
1,64,-0.04226955563716489,0.06577304443628351,0.010925449871465296
1,65,-0.04226955563716489,0.06576692373607541,0.010943811972089606
1,66,-0.042428693842575596,0.06549149222671073,0.011268209083119108
1,67,-0.042422573142367484,0.06596890684294283,0.010503121557106133
1,68,-0.04241645244215938,0.06587709633982128,0.010594932060227689
1,69,-0.04237360754070266,0.06582813073815644,0.011041743175419267
1,70,-0.04248378014444852,0.06582201003794834,0.010466397355857509
1,71,-0.042379728240910755,0.06554657852858367,0.01128657118374342
1,72,-0.04235524544007834,0.06595666544252662,0.011121312278124618
1,73,-0.04237360754070266,0.06584037213857266,0.011133553678540825
1,74,-0.0422817970375811,0.06601787244460766,0.010778553066470804
1,75,-0.042379728240910755,0.06597502754315093,0.010827518668135635
1,76,-0.04247153874403232,0.0656139062308728,0.011188639980413759
1,77,-0.04277757375443751,0.06596278614273474,0.010521483657730445
1,78,-0.04277757375443751,0.06596278614273474,0.01208838291100502
1,79,-0.0426000734484025,0.06566899253274575,0.011292691883951524
1,80,-0.04247765944424042,0.06553433712816746,0.01146407148977843
1,81,-0.042306279838413514,0.06593218264169422,0.010747949565430286
1,82,-0.042294038437997304,0.06565063043212144,0.010766311666054598
1,83,-0.04234300403966214,0.06596278614273474,0.010870363569592362
1,84,-0.04249602154486473,0.06568123393316196,0.010937691271881503
1,85,-0.04249602154486473,0.0655894234300404,0.011262088382911005
1,86,-0.04251438364548905,0.06602399314481576,0.011629330395397233
1,87,-0.04245317664340801,0.06576692373607541,0.011121312278124618
1,88,-0.04253886644632146,0.06576692373607541,0.010882604970008569
1,89,-0.04258783204798629,0.06563226833149713,0.01056432855918717
1,90,-0.04239809034153507,0.06573019953482678,0.010582690659811482
1,91,-0.04226343493695679,0.06577304443628351,0.011011139674378749
1,92,-0.04232464193903783,0.06603623454523197,0.010576569959603379
1,93,-0.04235524544007834,0.065742440935243,0.01080303586730322
1,94,-0.04238584894111887,0.06573019953482678,0.010968294772922023
1,95,-0.042220590035500064,0.06593830334190232,0.01102950177500306
1,96,-0.0424409352429918,0.06579752723711593,0.01123760558207859
1,97,-0.04232464193903783,0.06581588933774024,0.01072346676459787
1,98,-0.042391969641326965,0.06593830334190232,0.010827518668135635
1,99,-0.0424409352429918,0.06603623454523197,0.011188639980413759
2,0,0.10406414493818092,-0.07064512180193414,0.09569102705349491
2,1,0.10405190353776472,-0.07071857020443138,0.09604602766556494
2,2,0.10387440323172972,-0.07038805239319378,0.09753947851634227
2,3,0.10370914432611092,-0.07068796670339086,0.09771697882237727
2,4,0.103715265026319,-0.07071244950422328,0.09626637287305669
2,5,0.10392336883339455,-0.07061451830089363,0.09677439099032929
2,6,0.10404578283755661,-0.07060839760068552,0.0969457705961562
2,7,0.10391724813318644,-0.07022891418778308,0.09764353041988003
2,8,0.10391724813318644,-0.07054106989839638,0.09649283878075651
2,9,0.10417431754192678,-0.07054106989839638,0.09649283878075651
2,10,0.10381931692985677,-0.07062675970130983,0.09706818460031827
2,11,0.10410698983963766,-0.0704370179948586,0.09705594319990207
2,12,0.10400905863630798,-0.07063900110172604,0.09684171869261844
2,13,0.10394785163422696,-0.07047986289631533,0.0958256824580732
2,14,0.10389276533235403,-0.07076141510588811,0.09509119843310074
2,15,0.1041804382421349,-0.07071244950422328,0.09780878932549883
2,16,0.1040029379360999,-0.0707491737054719,0.09626637287305669
2,17,0.10375198922756763,-0.07063288040151794,0.09700697759823725
2,18,0.10373974782715142,-0.07052270779777206,0.09708654670094259
2,19,0.1040029379360999,-0.07095727751254743,0.0972701677071857
2,20,0.10399681723589178,-0.07034520749173705,0.097111029501775
2,21,0.10383155833027298,-0.07029012118986412,0.09633982127555393
2,22,0.10395397233443507,-0.07049822499693965,0.09559921655037337
2,23,0.10411311053984576,-0.07038805239319378,0.0969457705961562
2,24,0.10411311053984576,-0.07195495164646835,0.09733137470926674
2,25,0.10376423062798383,-0.07059003550006121,0.09733137470926674
2,26,0.10394173093401886,-0.0707308116048476,0.09593585506181908
2,27,0.10362345452319746,-0.07068796670339086,0.09780266862529073
2,28,0.10362957522340557,-0.07052270779777206,0.09701921899865344
2,29,0.10380707552944057,-0.07077977720651243,0.09691516709511569
2,30,0.10360509242257314,-0.07093891541192313,0.09780266862529073
2,31,0.1036969029256947,-0.070577794099645,0.0956543028522463
2,32,0.10392948953360263,-0.07070632880401519,0.09771085812216918
2,33,0.10374586852735952,-0.07063900110172604,0.09780266862529073
2,34,0.10361121312278125,-0.0707308116048476,0.09715999510343984
2,35,0.10381931692985677,-0.07095727751254743,0.0956604235524544
2,36,0.10381319622964866,-0.07036969029256947,0.095342147141633
2,37,0.10390500673277023,-0.07052270779777206,0.09721508140531276
2,38,0.10377647202840005,-0.07054106989839638,0.09709878810135879
2,39,0.10379483412902438,-0.07060839760068552,0.09764965112008814
2,40,0.10394785163422696,-0.07069408740359898,0.09681111519157791
2,41,0.10410086913942955,-0.07034520749173705,0.09755784061696658
2,42,0.10396009303464315,-0.07055943199902068,0.09715999510343984
2,43,0.10394173093401886,-0.07070632880401519,0.09632757987513771
2,44,0.10396009303464315,-0.07072469090463948,0.09746603011384503
2,45,0.10396009303464315,-0.07072469090463948,0.0970804260007345
2,46,0.10395397233443507,-0.07067572530297465,0.0970804260007345
2,47,0.10397233443505938,-0.07044313869506671,0.09717835720406415
2,48,0.10377647202840005,-0.070577794099645,0.09746603011384503
2,49,0.10419880034275922,-0.0706022769004774,0.09722120210552088
2,50,0.10381931692985677,-0.07044313869506671,0.09717223650385605
2,51,0.10386828253152161,-0.07041865589423431,0.09715387440323173
2,52,0.10394785163422696,-0.07093891541192313,0.09697637409719671
2,53,0.10399681723589178,-0.07065736320235036,0.09602766556494063
2,54,0.10377647202840005,-0.07072469090463948,0.0972579263067695
2,55,0.10365405802423797,-0.07063900110172604,0.097111029501775
2,56,0.10404578283755661,-0.07079813930713673,0.09683559799241033
2,57,0.10409474843922144,-0.0705716733994369,0.0955012853470437
2,58,0.10419880034275922,-0.07044313869506671,0.09706818460031827
2,59,0.10366629942465418,-0.07079813930713673,0.09783327212633125
2,60,0.10377035132819194,-0.07054106989839638,0.09764965112008814
2,61,0.10388052393193781,-0.07054719059860448,0.09718447790427225
2,62,0.10411311053984576,-0.07061451830089363,0.0975884441180071
2,63,0.10383767903048109,-0.07048598359652344,0.09786387562737177
2,64,0.10387440323172972,-0.07038805239319378,0.09705594319990207
2,65,0.10427224874525647,-0.07085934630921778,0.09704370179948586
2,66,0.10427224874525647,-0.07085934630921778,0.09704370179948586
2,67,0.10391724813318644,-0.07065124250214225,0.09588076875994614
2,68,0.10429061084588076,-0.07062063900110173,0.09551964744766801
2,69,0.10384992043089729,-0.0704308972946505,0.09711715020198311
2,70,0.10405802423797283,-0.07068796670339086,0.09679887379116171
2,71,0.10383767903048109,-0.0702533969886155,0.09678051169053739
2,72,0.10394173093401886,-0.07069408740359898,0.09691516709511569
2,73,0.1038621618313135,-0.07038805239319378,0.09755784061696658
2,74,0.10394173093401886,-0.07049822499693965,0.09695801199657242
2,75,0.10388052393193781,-0.07071244950422328,0.09720896070510467
2,76,0.10383155833027298,-0.07041865589423431,0.09722732280572897
2,77,0.1038621618313135,-0.07076141510588811,0.09723344350593707
2,78,0.10403966213734853,-0.07069408740359898,0.09644999387929978
2,79,0.10410698983963766,-0.07066348390255846,0.09780878932549883
2,80,0.10399069653568369,-0.07068184600318277,0.09570326845391113
2,81,0.10412535194026196,-0.07076141510588811,0.09490757742685764
2,82,0.10379483412902438,-0.07049210429673156,0.09690904639490758
2,83,0.10398457583547557,-0.07070020810380707,0.0958318031582813
2,84,0.10384992043089729,-0.07072469090463948,0.09678051169053739
2,85,0.1038560411311054,-0.07031460399069653,0.0956481821520382
2,86,0.1036785408250704,-0.07067572530297465,0.09712939160239932
2,87,0.1036785408250704,-0.07067572530297465,0.09712939160239932
2,88,0.10394173093401886,-0.07068184600318277,0.09561757865099767
2,89,0.10386828253152161,-0.0705716733994369,0.09535438854204921
2,90,0.10382543763006488,-0.0704308972946505,0.09514628473497369
2,91,0.1038621618313135,-0.07049822499693965,0.09772309952258539
2,92,0.10408250703880524,-0.07060839760068552,0.09700085689802913
2,93,0.10405802423797283,-0.07046150079569102,0.0974170645121802
2,94,0.10399681723589178,-0.07075529440568001,0.09731913330885053
2,95,0.10397845513526746,-0.07068184600318277,0.09736197821030726
2,96,0.10408862773901335,-0.0704308972946505,0.09562982005141388
2,97,0.10412535194026196,-0.0704125351940262,0.09719671930468846
2,98,0.10378259272860815,-0.07071244950422328,0.09637654547680255
2,99,0.10390500673277023,-0.070577794099645,0.09689068429428327
3,0,-0.09402619659689068,-0.03374954094748439,0.039741706451218016
3,1,-0.0942098176031338,-0.03342514383645489,0.039429550740604724
3,2,-0.09391602399314482,-0.03371281674623577,0.03953360264414249
3,3,-0.09410576569959603,-0.03358428204186559,0.03946627494185335
3,4,-0.09381197208960705,-0.03372505814665198,0.039711102950177504
3,5,-0.0940629207981393,-0.03362100624311421,0.03958256824580732
3,6,-0.0940323172970988,-0.0335965234422818,0.03976006855184233
3,7,-0.09246541804382422,-0.03359040274207369,0.03963153384747215
3,8,-0.09391602399314482,-0.03359040274207369,0.03963153384747215
3,9,-0.09408740359897172,-0.03363936834373853,0.03967437874892888
3,10,-0.0940506793977231,-0.033682213245195256,0.03967437874892888
3,11,-0.09392214469335292,-0.03346186803770351,0.03985187905496389
3,12,-0.09410576569959603,-0.0335965234422818,0.03967437874892888
3,13,-0.0940629207981393,-0.033902558452686984,0.03963153384747215
3,14,-0.09390990329293672,-0.033608764842698,0.03990084465662872
3,15,-0.09395886889460155,-0.033682213245195256,0.03963153384747215
3,16,-0.09399559309585016,-0.03358428204186559,0.039827396254131474
3,17,-0.09407516219855552,-0.03369445464561146,0.039784551352674745
3,18,-0.09392826539356103,-0.0339209205533113,0.03945403354143714
3,19,-0.09417921410209328,-0.033431264536662994,0.039441792141020934
3,20,-0.09386093769127188,-0.033633247643530415,0.03976006855184233
3,21,-0.09381197208960705,-0.03347410943811972,0.03963153384747215
3,22,-0.09394050679397722,-0.03351695433957645,0.03970498224996939
3,23,-0.09419145550250949,-0.03379238584894112,0.03976006855184233
3,24,-0.09419145550250949,-0.03379238584894112,0.03976006855184233
3,25,-0.09414861060105276,-0.03359040274207369,0.03945403354143714
3,26,-0.09396498959480964,-0.03367609254498714,0.03960093034643163
3,27,-0.09428326600563104,-0.03339454033541437,0.03932549883706696
3,28,-0.09397111029501774,-0.033541437140408865,0.039625413147264046
3,29,-0.09378748928877464,-0.033682213245195256,0.03980291345329905
3,30,-0.09392214469335292,-0.03357204064144938,0.0395519647447668
3,31,-0.09396498959480964,-0.033608764842698,0.03990084465662872
3,32,-0.09406904149834741,-0.03362100624311421,0.03972334435059371
3,33,-0.09403843799730689,-0.03339454033541437,0.039527481943934385
3,34,-0.09411800710001225,-0.03352307503978455,0.03936222303831559
3,35,-0.0940568000979312,-0.03355367854082507,0.03977843065246664
3,36,-0.09403843799730689,-0.03357204064144938,0.03983351695433958
3,37,-0.09415473130126087,-0.03353531644020076,0.03963765454768026
3,38,-0.09412412780022035,-0.033529195739992655,0.03960093034643163
3,39,-0.09418533480230137,-0.033682213245195256,0.039839637654547684
3,40,-0.09427102460521483,-0.033859713551230256,0.03980903415350716
3,41,-0.09406904149834741,-0.03351695433957645,0.03964989594809647
3,42,-0.09376912718815032,-0.03349247153874403,0.039570326845391114
3,43,-0.09406904149834741,-0.03356591994124128,0.039784551352674745
3,44,-0.09393438609376913,-0.03335169543395765,0.039656016648304565
3,45,-0.0955012853470437,-0.03380462724935733,0.039741706451218016
3,46,-0.09418533480230137,-0.03380462724935733,0.039741706451218016
3,47,-0.09400783449626637,-0.033614885542906106,0.0397172236503856
3,48,-0.09383645489043947,-0.0334373852368711,0.03963153384747215
3,49,-0.0938976618925205,-0.03362100624311421,0.039515240543518175
3,50,-0.09412412780022035,-0.0335965234422818,0.039753947851634226
3,51,-0.09398947239564207,-0.03373729954706818,0.03964989594809647
3,52,-0.09413024850042845,-0.03339454033541437,0.039686620149345084
3,53,-0.09379973068919084,-0.033529195739992655,0.03970498224996939
3,54,-0.09413636920063655,-0.03342514383645489,0.039668258048720775
3,55,-0.09415473130126087,-0.03356591994124128,0.039796792753090955
3,56,-0.09384257559064757,-0.03347410943811972,0.039711102950177504
3,57,-0.09411188639980414,-0.03351695433957645,0.0398641204553801
3,58,-0.0940629207981393,-0.03355367854082507,0.039913086057044925
3,59,-0.09393438609376913,-0.03348023013832783,0.03977843065246664
3,60,-0.09386705839147999,-0.033614885542906106,0.03963765454768026
3,61,-0.09394050679397722,-0.03367609254498714,0.03970498224996939
3,62,-0.09400783449626637,-0.0337617823479006,0.03969274084955319
3,63,-0.09400171379605828,-0.033682213245195256,0.0398641204553801
3,64,-0.0938976618925205,-0.03357816134165749,0.03985187905496389
3,65,-0.09399559309585016,-0.03372505814665198,0.03985187905496389
3,66,-0.09379360998898274,-0.033614885542906106,0.039698861549761294
3,67,-0.09379360998898274,-0.033614885542906106,0.03972946505080181
3,68,-0.09411188639980414,-0.033902558452686984,0.03972946505080181
3,69,-0.09414248990084466,-0.03371281674623577,0.03943567144081283
3,70,-0.09411800710001225,-0.03359040274207369,0.03990084465662872
3,71,-0.09413024850042845,-0.03374954094748439,0.03960705104663974
3,72,-0.09395274819439345,-0.03386583425143837,0.040035500061207
3,73,-0.09414861060105276,-0.03384747215081405,0.03970498224996939
3,74,-0.09378748928877464,-0.03348023013832783,0.03948463704247766
3,75,-0.09410576569959603,-0.033767903048108706,0.039796792753090955
3,76,-0.09400783449626637,-0.0336026441424899,0.0393805851389399
3,77,-0.09395886889460155,-0.03359040274207369,0.03956420614518301
3,78,-0.0942281797037581,-0.03346186803770351,0.03982127555392337
3,79,-0.0938792997918962,-0.03356591994124128,0.03984575835475578
3,80,-0.0940629207981393,-0.03355367854082507,0.039686620149345084
3,81,-0.09400783449626637,-0.03358428204186559,0.03980291345329905
3,82,-0.0938915411923124,-0.033688333945403354,0.039643775247888355
3,83,-0.09381809278981515,-0.03367609254498714,0.039643775247888355
3,84,-0.09378136858856653,-0.03355367854082507,0.03957644754559922
3,85,-0.09416697270167708,-0.033541437140408865,0.03994368955808544
3,86,-0.09386093769127188,-0.03335169543395765,0.03964989594809647
3,87,-0.09414248990084466,-0.0337617823479006,0.03950911984331008
3,88,-0.09414248990084466,-0.03346186803770351,0.039686620149345084
3,89,-0.09414248990084466,-0.03346186803770351,0.039686620149345084
3,90,-0.09393438609376913,-0.03367609254498714,0.039955930958501654
3,91,-0.09397111029501774,-0.0335965234422818,0.039698861549761294
3,92,-0.09396498959480964,-0.033645489043946625,0.03984575835475578
3,93,-0.09397723099522585,-0.03357204064144938,0.039796792753090955
3,94,-0.0942281797037581,-0.03369445464561146,0.03997429305912596
3,95,-0.09386705839147999,-0.03346798873791162,0.03998041375933407
3,96,-0.09394662749418534,-0.03363936834373853,0.039686620149345084
3,97,-0.09395886889460155,-0.03374342024727629,0.03957644754559922
3,98,-0.09411800710001225,-0.033486350838535926,0.03972334435059371
3,99,-0.09398335169543395,-0.033786265148733015,0.03968049944913698
