values,,Magnetometer,Magnetometer,Magnetometer
axis,,x,y,z
Sensor,Sample,,,
0,0,0.031203329660913208,0.07735340923001591,-0.009762516831925572
0,1,0.031417554168196846,0.0775003060350104,-0.009878810135879544
0,2,0.031417554168196846,0.07757375443750765,-0.009554413024850043
0,3,0.0313441057656996,0.07757375443750765,-0.009554413024850043
0,4,0.03120945036112131,0.07715142612314849,-0.009536050924225731
0,5,0.031276778063410456,0.07736565063043213,-0.01000122414004162
0,6,0.031276778063410456,0.07736565063043213,-0.01000122414004162
0,7,0.031178846860080794,0.07757375443750765,-0.009529930224017626
0,8,0.031215571061329418,0.07759211653813196,-0.009413636920063655
0,9,0.031215571061329418,0.07759211653813196,-0.009413636920063655
0,10,0.03127065736320235,0.07729220222793488,-0.009621740727139184
0,11,0.031080915656751133,0.07753703023625903,-0.009578895825682459
0,12,0.031080915656751133,0.07753703023625903,-0.009578895825682459
0,13,0.031362467866323906,0.07743297833272125,-0.00954829232464194
0,14,0.03128289876361856,0.07745134043334558,-0.010019586240665932
0,15,0.03128289876361856,0.07745134043334558,-0.010019586240665932
0,16,0.031307381564450974,0.07761659933896438,-0.009664585628595911
0,17,0.031350226465907696,0.07758599583792386,-0.009376912718815033
0,18,0.031350226465907696,0.07758599583792386,-0.009376912718815033
0,19,0.03132574366507528,0.07778797894479128,-0.009431999020687967
0,20,0.031240053862161832,0.07756763373729955,-0.009891051536295752
0,21,0.031240053862161832,0.07756763373729955,-0.009891051536295752
0,22,0.031148243359040272,0.07754927163667523,-0.00977475823234178
0,23,0.031129881258415964,0.07757375443750765,-0.009713551230260742
0,24,0.03112376055820786,0.07737789203084833,-0.009554413024850043
0,25,0.03112376055820786,0.07737789203084833,-0.009554413024850043
0,26,0.03127065736320235,0.07738401273105643,-0.009664585628595911
0,27,0.03129514016403477,0.07734116782959971,-0.009664585628595911
0,28,0.03129514016403477,0.07734116782959971,-0.009664585628595911
0,29,0.031264536662994245,0.07759211653813196,-0.009762516831925572
0,30,0.03135634716611581,0.07739625413147264,-0.009921655037336271
0,31,0.03135634716611581,0.07739625413147264,-0.009921655037336271
0,32,0.031227812461745625,0.07745134043334558,-0.009860448035255234
0,33,0.031307381564450974,0.07734728852980781,-0.009370792018606928
0,34,0.031307381564450974,0.07734728852980781,-0.009370792018606928
0,35,0.031233933161953727,0.07746358183376179,-0.009780878932549884
0,36,0.03133798506549149,0.07752478883584282,-0.009640102827763496
0,37,0.03133798506549149,0.07752478883584282,-0.009640102827763496
0,38,0.031233933161953727,0.07735340923001591,-0.009597257926306769
0,39,0.03139919206757253,0.07745134043334558,-0.0098053617333823
0,40,0.03139919206757253,0.07745134043334558,-0.0098053617333823
0,41,0.031319622964867185,0.07729832292814298,-0.0096462235279716
0,42,0.03149712327090219,0.07746970253396988,-0.009817603133798506
0,43,0.03129514016403477,0.07772065124250213,-0.009750275431509364
0,44,0.03129514016403477,0.07772065124250213,-0.009750275431509364
0,45,0.031319622964867185,0.07744521973313748,-0.00995225853837679
0,46,0.03137470926674012,0.0774880646345942,-0.009866568735463337
0,47,0.03137470926674012,0.0774880646345942,-0.009866568735463337
0,48,0.031148243359040272,0.07734728852980781,-0.009585016525890562
0,49,0.03110539845758355,0.07726771942710246,-0.01020932794711715
0,50,0.03110539845758355,0.07726771942710246,-0.01020932794711715
0,51,0.031411433467988734,0.0773228057289754,-0.009866568735463337
0,52,0.03129514016403477,0.07723711592606194,-0.009609499326722977
0,53,0.03129514016403477,0.07723711592606194,-0.009609499326722977
0,54,0.031233933161953727,0.07734728852980781,-0.009474843922144694
0,55,0.031117639857999757,0.0776655649406292,-0.00956665442526625
0,56,0.031117639857999757,0.0776655649406292,-0.00956665442526625
0,57,0.03149712327090219,0.07721875382543762,-0.009529930224017626
0,58,0.031246174562369933,0.07745134043334558,-0.01008079324274697
0,59,0.031246174562369933,0.07745134043334558,-0.01008079324274697
0,60,0.03144203696902926,0.07739625413147264,-0.00938915411923124
0,61,0.031221691761537516,0.07742073693230506,-0.010123638144203697
0,62,0.031221691761537516,0.07742073693230506,-0.010123638144203697
0,63,0.031093157057167344,0.07745134043334558,-0.009383033419023136
0,64,0.03137470926674012,0.07742685763251315,-0.009523809523809523
0,65,0.03137470926674012,0.07742685763251315,-0.009395274819439343
0,66,0.03114212265883217,0.07742685763251315,-0.009395274819439343
0,67,0.0313441057656996,0.07756151303709144,-0.009995103439833517
0,68,0.031405312767780635,0.07759823723834006,-0.010013465540457829
0,69,0.031405312767780635,0.07759823723834006,-0.010013465540457829
0,70,0.031203329660913208,0.07737789203084833,-0.009842085934630922
0,71,0.03127065736320235,0.07751866813563471,-0.009480964622352797
0,72,0.03127065736320235,0.07751866813563471,-0.009480964622352797
0,73,0.031191088260497,0.07751254743542661,-0.009707430530052638
0,74,0.03131350226465908,0.07757375443750765,-0.00982372383400661
0,75,0.03131350226465908,0.07757375443750765,-0.00982372383400661
0,76,0.03129514016403477,0.07743909903292936,-0.009591137226098665
0,77,0.031233933161953727,0.07753703023625903,-0.009793120332966091
0,78,0.031233933161953727,0.07753703023625903,-0.009793120332966091
0,79,0.03127065736320235,0.07773901334312645,-0.00967682702901212
0,80,0.031215571061329418,0.07745134043334558,-0.009523809523809523
0,81,0.031215571061329418,0.07745134043334558,-0.009523809523809523
0,82,0.031233933161953727,0.07757375443750765,-0.009523809523809523
0,83,0.03146039906965357,0.0774819439343861,-0.009835965234422818
0,84,0.03146039906965357,0.0774819439343861,-0.009835965234422818
0,85,0.031025829354878198,0.07763496143958869,-0.009707430530052638
0,86,0.031240053862161832,0.07753703023625903,-0.009664585628595911
0,87,0.031240053862161832,0.07753703023625903,-0.009395274819439343
0,88,0.03116048475945648,0.07746358183376179,-0.009395274819439343
0,89,0.031233933161953727,0.07760435793854817,-0.009780878932549884
0,90,0.03117272615987269,0.07741461623209696,-0.00961562002693108
0,91,0.03117272615987269,0.07741461623209696,-0.00961562002693108
0,92,0.03142979556861305,0.07734728852980781,-0.009786999632757988
0,93,0.031411433467988734,0.07752478883584282,-0.009768637532133676
0,94,0.031411433467988734,0.07752478883584282,-0.009768637532133676
0,95,0.031044191455502513,0.07759823723834006,-0.009866568735463337
0,96,0.03147876117027788,0.07740237483168075,-0.0098053617333823
0,97,0.03147876117027788,0.07740237483168075,-0.0098053617333823
0,98,0.031166605459664588,0.07721263312522952,-0.009780878932549884
0,99,0.031246174562369933,0.07773289264291836,-0.00918105031215571
1,0,-0.046082751866813564,0.07209572775125475,0.0032317297098788103
1,1,-0.046033786265148736,0.0720222793487575,0.003207246909046395
1,2,-0.046033786265148736,0.0720222793487575,0.003207246909046395
1,3,-0.0461439588688946,0.07180193414126576,0.0032133676092544984
1,4,-0.04611335536785408,0.07226710735708165,0.003329660913208471
1,5,-0.04611335536785408,0.07226710735708165,0.003329660913208471
1,6,-0.046150079569102706,0.07172848573876851,0.002913453299057412
1,7,-0.046033786265148736,0.07204064144938181,0.0030542294038438
1,8,-0.046137838168686496,0.07194883094626026,0.0030603501040519033
1,9,-0.046137838168686496,0.07194883094626026,0.0030603501040519033
1,10,-0.04605826906598115,0.07181417554168197,0.0037336271269433224
1,11,-0.04599706206390011,0.07194271024605214,0.003776472028400049
1,12,-0.04599706206390011,0.07194271024605214,0.003776472028400049
1,13,-0.046039906965356835,0.07206512425021423,0.002888970498224997
1,14,-0.046180683070143225,0.07189374464438732,0.0035438854204921043
1,15,-0.046180683070143225,0.07189374464438732,0.0035438854204921043
1,16,-0.04624801077243237,0.0720100379483413,0.003556126820908312
1,17,-0.04606438976618925,0.07223038315583302,0.0032562125107112256
1,18,-0.04606438976618925,0.07223038315583302,0.0032562125107112256
1,19,-0.04599706206390011,0.07208348635083853,0.00336026441424899
1,20,-0.04596033786265148,0.07204064144938181,0.0035377647202840005
1,21,-0.0459848206634839,0.07205288284979802,0.0030419880034275922
1,22,-0.0459848206634839,0.07205288284979802,0.0030419880034275922
1,23,-0.04610723466764598,0.07201615864854939,0.002944056800097931
1,24,-0.04602766556494063,0.07199779654792508,0.003201126208838291
1,25,-0.04602766556494063,0.07199779654792508,0.003201126208838291
1,26,-0.04577671685640837,0.0720222793487575,0.0036173338229893498
1,27,-0.04590525156077856,0.07206512425021423,0.003348023013832783
1,28,-0.04590525156077856,0.07206512425021423,0.003348023013832783
1,29,-0.046137838168686496,0.0718815032439711,0.0033541437140408867
1,30,-0.04636430407638634,0.07176520994001714,0.0035255233198677933
1,31,-0.04636430407638634,0.07176520994001714,0.0026869873913575714
1,32,-0.046137838168686496,0.07193046884563595,0.0026869873913575714
1,33,-0.0459725792630677,0.07212633125229526,0.0032929367119598485
1,34,-0.04600318276410821,0.0721936589545844,0.0029930224017627616
1,35,-0.04600318276410821,0.0721936589545844,0.0029930224017627616
1,36,-0.0461439588688946,0.07230383155833028,0.003348023013832783
1,37,-0.045941975762027173,0.07215693475333577,0.0029930224017627616
1,38,-0.045941975762027173,0.07215693475333577,0.0029930224017627616
1,39,-0.04590525156077856,0.07240176276165994,0.003225609009670706
1,40,-0.045923613661402865,0.07204064144938181,0.0031031950055086304
1,41,-0.045923613661402865,0.07204064144938181,0.0031031950055086304
1,42,-0.045954217162443384,0.07188762394417922,0.0037275064267352186
1,43,-0.045966458562859594,0.07193658954584405,0.0028094013955196474
1,44,-0.045966458562859594,0.07208960705104664,0.0034153507161219245
1,45,-0.04624189007222426,0.07208960705104664,0.0034153507161219245
1,46,-0.04632757987513771,0.07205288284979802,0.003219488309462602
1,47,-0.046021544864732526,0.07201615864854939,0.0034092300159138207
1,48,-0.046021544864732526,0.07201615864854939,0.0034092300159138207
1,49,-0.0459725792630677,0.07214469335291958,0.003133798506549149
1,50,-0.04588688946015424,0.07228546945770596,0.0032990574121679523
1,51,-0.04588688946015424,0.07228546945770596,0.0032990574121679523
1,52,-0.0461439588688946,0.07210184845146285,0.003133798506549149
1,53,-0.046082751866813564,0.07208960705104664,0.0036662994246541803
1,54,-0.046082751866813564,0.07208960705104664,0.0036662994246541803
1,55,-0.0459848206634839,0.07201615864854939,0.0031950055086301873
1,56,-0.04615620026931081,0.07183253764230628,0.002472762884073938
1,57,-0.04615620026931081,0.07339943689558084,0.003684661525278492
1,58,-0.046223527971599954,0.07223650385604113,0.003684661525278492
1,59,-0.04588688946015424,0.07174072713918472,0.0035255233198677933
1,60,-0.04584404455869752,0.07189986534459543,0.0035989717223650387
1,61,-0.04584404455869752,0.07189986534459543,0.0035989717223650387
1,62,-0.04616232096951891,0.07196107234667645,0.003660178724446077
1,63,-0.04599094136369201,0.07205288284979802,0.003445954217162443
1,64,-0.04599094136369201,0.07205288284979802,0.003445954217162443
1,65,-0.0461439588688946,0.07183865834251438,0.0037458685273595296
1,66,-0.04615620026931081,0.07210796915167095,0.003427592116538132
1,67,-0.04615620026931081,0.07210796915167095,0.003427592116538132
1,68,-0.04620516587097564,0.07208348635083853,0.0034949198188272738
1,69,-0.045813441057656994,0.07162443383523075,0.0033908679152895088
1,70,-0.045813441057656994,0.07162443383523075,0.0036907822254865956
1,71,-0.045954217162443384,0.07192434814542784,0.0036907822254865956
1,72,-0.045966458562859594,0.07180193414126576,0.003237850410086914
1,73,-0.04608887256702167,0.07192434814542784,0.0032929367119598485
1,74,-0.04608887256702167,0.07192434814542784,0.0032929367119598485
1,75,-0.045911372260986655,0.07183253764230628,0.0032868160117517442
1,76,-0.04625413147264047,0.07191822744521972,0.0034031093157057164
1,77,-0.04625413147264047,0.07191822744521972,0.0034031093157057164
1,78,-0.046137838168686496,0.07206512425021423,0.0034643163177867546
1,79,-0.046052148365773045,0.07192434814542784,0.003452074917370547
1,80,-0.046052148365773045,0.07192434814542784,0.003452074917370547
1,81,-0.04607051046639736,0.07204064144938181,0.0032929367119598485
1,82,-0.045893010160362346,0.0718631411433468,0.0034398335169543394
1,83,-0.045893010160362346,0.0718631411433468,0.0034398335169543394
1,84,-0.04618680377035132,0.07216917615375198,0.003470437017994859
1,85,-0.046033786265148736,0.07205288284979802,0.0033969886154976126
1,86,-0.046168441669727014,0.071697882237728,0.0034214714163300283
1,87,-0.046168441669727014,0.071697882237728,0.0034214714163300283
1,88,-0.04624189007222426,0.07191822744521972,0.0032500918105031217
1,89,-0.04615620026931081,0.07194271024605214,0.0036173338229893498
1,90,-0.04615620026931081,0.07194271024605214,0.0036173338229893498
1,91,-0.04600930346431632,0.07170400293793609,0.003807075529440568
1,92,-0.04607663116660546,0.0718508997429306,0.003562247521116416
1,93,-0.04607663116660546,0.0718508997429306,0.003562247521116416
1,94,-0.04594809646223528,0.07177745134043334,0.002827763496143959
1,95,-0.0459786999632758,0.07172848573876851,0.003201126208838291
1,96,-0.0459786999632758,0.07329538499204309,0.0029318153996817234
1,97,-0.046150079569102706,0.07212021055208716,0.0029318153996817234
1,98,-0.0459786999632758,0.0718570204431387,0.0031276778063410457
1,99,-0.04606438976618925,0.07190598604480353,0.0027787978944791283
2,0,0.14608275186681358,-0.09956543028522463,0.12292202227934876
2,1,0.14603378626514874,-0.09961439588688946,0.12082874280817726
2,2,0.14600930346431631,-0.09977353409230016,0.12193046884563594
2,3,0.14600930346431631,-0.09977353409230016,0.12193046884563594
2,4,0.14596033786265147,-0.09988370669604603,0.12181417554168197
2,5,0.1459542171624434,-0.0995042232831436,0.12341167829599706
2,6,0.1459542171624434,-0.0995042232831436,0.12341167829599706
2,7,0.14616844166972703,-0.09958379238584894,0.12328314359162688
2,8,0.1462663728730567,-0.09956543028522463,0.12224262455624924
2,9,0.1462663728730567,-0.09956543028522463,0.12224262455624924
2,10,0.1461378381686865,-0.09938180927898152,0.12150201983106867
2,11,0.1463214591749296,-0.09976741339209205,0.12002081038070755
2,12,0.14619292447055943,-0.0996878442893867,0.12292202227934876
2,13,0.14619292447055943,-0.0996878442893867,0.12292202227934876
2,14,0.14608275186681358,-0.099528706083976,0.12368710980536173
2,15,0.1458195617578651,-0.09979801689313259,0.12161219243481454
2,16,0.1458195617578651,-0.09979801689313259,0.12161219243481454
2,17,0.14608275186681358,-0.09982249969396499,0.12324641939037825
2,18,0.14592973436161097,-0.09947361978210308,0.12357081650140775
2,19,0.14592973436161097,-0.09947361978210308,0.12357081650140775
2,20,0.14591137226098666,-0.09971844779042723,0.12254865956665442
2,21,0.1458440445586975,-0.0996694821887624,0.1228057289753948
2,22,0.1458440445586975,-0.0996694821887624,0.1228057289753948
2,23,0.1459542171624434,-0.09940629207981393,0.12372383400661036
2,24,0.14623576937201616,-0.09987146529562982,0.12373607540702655
2,25,0.14616844166972703,-0.09933284367731668,0.12283021177622719
2,26,0.14616844166972703,-0.09933284367731668,0.12283021177622719
2,27,0.14616844166972703,-0.09982249969396499,0.12162443383523076
2,28,0.1462969763740972,-0.09995103439833516,0.12150814053127679
2,29,0.1462969763740972,-0.09995103439833516,0.12150814053127679
2,30,0.1463030970743053,-0.09962051658709756,0.12129391602399316
2,31,0.14588076875994613,-0.09955318888480842,0.12086546700942588
2,32,0.14588076875994613,-0.09955318888480842,0.12086546700942588
2,33,0.14590525156077855,-0.099528706083976,0.12258538376790304
2,34,0.14593585506181908,-0.09963887868772188,0.12208348635083854
2,35,0.14593585506181908,-0.09963887868772188,0.12208348635083854
2,36,0.14614395886889459,-0.0998347410943812,0.12033296609132085
2,37,0.14609499326722977,-0.0996939649895948,0.12157546823356594
2,38,0.14609499326722977,-0.0996939649895948,0.12157546823356594
2,39,0.14611335536785408,-0.09964499938792998,0.12144693352919574
2,40,0.1460888725670217,-0.09940017137960583,0.12182029624189009
2,41,0.14587464805973804,-0.0995225853837679,0.12243848696290856
2,42,0.14587464805973804,-0.0995225853837679,0.12243848696290856
2,43,0.14600318276410823,-0.0998347410943812,0.12334435059370792
2,44,0.14606438976618924,-0.09966336148855429,0.12134900232586607
2,45,0.14606438976618924,-0.09966336148855429,0.12134900232586607
2,46,0.14604602766556493,-0.1001530175052026,0.12098176031337986
2,47,0.14610111396743788,-0.10004284490145672,0.12258538376790304
2,48,0.14610111396743788,-0.10004284490145672,0.12258538376790304
2,49,0.14596645856285959,-0.09960215448647325,0.12272615987268945
2,50,0.14600318276410823,-0.09979189619292447,0.12345452319745379
2,51,0.14600318276410823,-0.09979189619292447,0.12345452319745379
2,52,0.14629085567388908,-0.09977353409230016,0.12324029869017014
2,53,0.14602766556494062,-0.09961439588688946,0.12117762272003918
2,54,0.14602766556494062,-0.09976741339209205,0.12344228179703758
2,55,0.14603990696535685,-0.09976741339209205,0.12344228179703758
2,56,0.14597869996327578,-0.0998408617945893,0.12349736809891051
2,57,0.14587464805973804,-0.09924715387440322,0.12130615742440935
2,58,0.14587464805973804,-0.09924715387440322,0.12130615742440935
2,59,0.14619292447055943,-0.0996694821887624,0.1226588321704003
2,60,0.1461194760680622,-0.0993573264781491,0.1221814175541682
2,61,0.1461194760680622,-0.0993573264781491,0.1221814175541682
2,62,0.14575223405557597,-0.09979801689313259,0.12276288407393805
2,63,0.14609499326722977,-0.0996694821887624,0.12213857265271147
2,64,0.14609499326722977,-0.0996694821887624,0.12213857265271147
2,65,0.14639490757742685,-0.0993450850777329,0.12184477904272248
2,66,0.14626025217284858,-0.09960215448647325,0.12087158770963398
2,67,0.14626025217284858,-0.09960215448647325,0.12087158770963398
2,68,0.1458256824580732,-0.09973068919084344,0.12355245440078344
2,69,0.14622964867180804,-0.09962051658709756,0.12307503978455134
2,70,0.14602766556494062,-0.09982249969396499,0.12344840249724569
2,71,0.14602766556494062,-0.09982249969396499,0.12344840249724569
2,72,0.1459848206634839,-0.099351205777941,0.12425021422450729
2,73,0.14591749296119477,-0.09958379238584894,0.12352797159995103
2,74,0.14591749296119477,-0.09958379238584894,0.12352797159995103
2,75,0.1462663728730567,-0.09971844779042723,0.1237789203084833
2,76,0.14594197576202717,-0.09985310319500551,0.12333822989349981
2,77,0.14594197576202717,-0.09985310319500551,0.12333822989349981
2,78,0.1459725792630677,-0.09958379238584894,0.12257926306769495
2,79,0.14588688946015424,-0.09976741339209205,0.12111641571795813
2,80,0.14588688946015424,-0.09976741339209205,0.12111641571795813
2,81,0.14616844166972703,-0.09964499938792998,0.12182641694209817
2,82,0.14570938915411924,-0.09966336148855429,0.12361978210307259
2,83,0.14570938915411924,-0.09966336148855429,0.12175908923980902
2,84,0.14602154486473254,-0.09971844779042723,0.12175908923980902
2,85,0.14621128657118374,-0.09949198188272738,0.12182641694209817
2,86,0.14610723466764597,-0.09942465418043825,0.1223283143591627
2,87,0.14610723466764597,-0.09942465418043825,0.1223283143591627
2,88,0.14618068307014323,-0.09960827518668136,0.12284245317664341
2,89,0.14618680377035134,-0.09972456849063532,0.12351573019953484
2,90,0.14618680377035134,-0.09972456849063532,0.12351573019953484
2,91,0.1462969763740972,-0.09963275798751378,0.1213734851266985
2,92,0.14592361366140288,-0.09979801689313259,0.12139796792753091
2,93,0.14592361366140288,-0.09979801689313259,0.12139796792753091
2,94,0.14641326967805118,-0.09993267229771086,0.12275064267352184
2,95,0.14616232096951892,-0.09975517199167586,0.12202227934875749
2,96,0.14616232096951892,-0.09975517199167586,0.12202227934875749
2,97,0.14618068307014323,-0.09976129269188395,0.12186926184355491
2,98,0.14600318276410823,-0.09988370669604603,0.12151426123148487
2,99,0.14600318276410823,-0.09992043089729466,0.12265271147019219
3,0,-0.1191333088505325,-0.042202227934875755,0.04060472518056066
3,1,-0.1191333088505325,-0.042202227934875755,0.04060472518056066
3,2,-0.11954339576447545,-0.042049210429673155,0.04054351817847962
3,3,-0.11916391235157302,-0.04220834863508385,0.040763863385971356
3,4,-0.11918839515240542,-0.0421165381319623,0.04047006977598237
3,5,-0.11918839515240542,-0.0421165381319623,0.04047006977598237
3,6,-0.11918839515240542,-0.0422817970375811,0.04073325988493083
3,7,-0.11914555025094871,-0.04255722854694577,0.040684294283266004
3,8,-0.11914555025094871,-0.04255722854694577,0.040684294283266004
3,9,-0.11909658464928388,-0.0421226588321704,0.04084343248867671
3,10,-0.11899865344595421,-0.042147141633002816,0.04061696658097687
3,11,-0.11899865344595421,-0.042147141633002816,0.04061696658097687
3,12,-0.11943934386093769,-0.04217162443383523,0.04059248378014445
3,13,-0.11921287795323784,-0.04237360754070266,0.0408373117884686
3,14,-0.11921287795323784,-0.04237360754070266,0.0408373117884686
3,15,-0.11947606806218632,-0.041963520626759704,0.04073325988493083
3,16,-0.11951279226343495,-0.042061451830089365,0.04060472518056066
3,17,-0.11921287795323784,-0.04225119353654058,0.04045782837556616
3,18,-0.11921287795323784,-0.04225119353654058,0.04045782837556616
3,19,-0.11909658464928388,-0.042061451830089365,0.040751621985555146
3,20,-0.11890684294283267,-0.04223283143591627,0.04059860448035255
3,21,-0.11890684294283267,-0.04223283143591627,0.04059860448035255
3,22,-0.11923124005386217,-0.04184722732280573,0.040298690170155464
3,23,-0.11941486106010528,-0.04199412412780022,0.04064757008201738
3,24,-0.11941486106010528,-0.04199412412780022,0.04064757008201738
3,25,-0.11919451585261354,-0.042202227934875755,0.04064144938180928
3,26,-0.11923124005386217,-0.0417982617211409,0.04070877708409842
3,27,-0.11923124005386217,-0.0417982617211409,0.04070877708409842
3,28,-0.11919451585261354,-0.042202227934875755,0.04047619047619048
3,29,-0.11920063655282165,-0.04209817603133799,0.04043334557473375
3,30,-0.1191210674501163,-0.04207369323050557,0.04087403598971722
3,31,-0.1191210674501163,-0.04207369323050557,0.04087403598971722
3,32,-0.11911494674990819,-0.04233076263924593,0.04065981148243359
3,33,-0.11926184355490269,-0.04200024482800833,0.040672052882849793
3,34,-0.11926184355490269,-0.04200024482800833,0.040672052882849793
3,35,-0.11931692985677562,-0.041963520626759704,0.04061696658097687
3,36,-0.119280205655527,-0.042006365528216426,0.040482311176398576
3,37,-0.119280205655527,-0.042006365528216426,0.040482311176398576
3,38,-0.11948830946260251,-0.04203084832904884,0.040696535683682214
3,39,-0.11920063655282165,-0.04220834863508385,0.0408311910882605
3,40,-0.11920063655282165,-0.04220834863508385,0.0408311910882605
3,41,-0.11907210184845148,-0.04214102093279471,0.040580242379728244
3,42,-0.11905373974782715,-0.042134900232586606,0.04069041498347411
3,43,-0.11924348145427836,-0.042275676337372996,0.04059248378014445
3,44,-0.11924348145427836,-0.042275676337372996,0.04059248378014445
3,45,-0.1191394295507406,-0.04204308972946505,0.040672052882849793
3,46,-0.11909658464928388,-0.04189619292447056,0.04064144938180928
3,47,-0.11909658464928388,-0.04189619292447056,0.04064144938180928
3,48,-0.11939649895948097,-0.042147141633002816,0.040825070388052394
3,49,-0.11906598114824336,-0.042220590035500064,0.04074550128534704
3,50,-0.11906598114824336,-0.042220590035500064,0.04074550128534704
3,51,-0.1189680499449137,-0.0422817970375811,0.040525156077855305
3,52,-0.11923124005386217,-0.04232464193903783,0.04078834618680377
3,53,-0.11923124005386217,-0.04232464193903783,0.04078834618680377
3,54,-0.11923124005386217,-0.04226955563716489,0.04092912229159016
3,55,-0.11917003305178113,-0.0417982617211409,0.04070877708409842
3,56,-0.1193046884563594,-0.0421226588321704,0.04073325988493083
3,57,-0.1193046884563594,-0.0421226588321704,0.04073325988493083
3,58,-0.11909658464928388,-0.04207981393071367,0.040623087281184966
3,59,-0.1191577916513649,-0.04247153874403232,0.04060472518056066
3,60,-0.1191577916513649,-0.04247153874403232,0.04060472518056066
3,61,-0.11942098176031338,-0.042159383033419026,0.040610845880768756
3,62,-0.11923124005386217,-0.04231852123882972,0.0409903292936712
3,63,-0.11923124005386217,-0.04231852123882972,0.0409903292936712
3,64,-0.11915167095115682,-0.04233076263924593,0.04064757008201738
3,65,-0.119280205655527,-0.04210429673154609,0.04057412167952014
3,66,-0.119280205655527,-0.04210429673154609,0.04057412167952014
3,67,-0.11918839515240542,-0.04217162443383523,0.04064757008201738
3,68,-0.11932305055698371,-0.04231852123882972,0.04057412167952014
3,69,-0.11935977475823234,-0.0421226588321704,0.04071489778430652
3,70,-0.11935977475823234,-0.0421226588321704,0.04071489778430652
3,71,-0.1189925327457461,-0.04203084832904884,0.040806708287428085
3,72,-0.1195984820663484,-0.04219610723466764,0.040812828987636184
3,73,-0.1195984820663484,-0.04219610723466764,0.040812828987636184
3,74,-0.1192863263557351,-0.04214102093279471,0.04047006977598237
3,75,-0.11914555025094871,-0.04224507283633248,0.040923001591382055
3,76,-0.11914555025094871,-0.04224507283633248,0.040923001591382055
3,77,-0.11897417064512181,-0.04199412412780022,0.040751621985555146
3,78,-0.11942710246052149,-0.04203696902925695,0.040684294283266004
3,79,-0.11942710246052149,-0.04203696902925695,0.040684294283266004
3,80,-0.1192863263557351,-0.04214102093279471,0.04047006977598237
3,81,-0.1192985677561513,-0.04223895213612437,0.040904639490757747
3,82,-0.1192985677561513,-0.0417982617211409,0.0403598971722365
3,83,-0.11948830946260251,-0.0417982617211409,0.0403598971722365
3,84,-0.11938425755906476,-0.042220590035500064,0.04072101848451463
3,85,-0.11926184355490269,-0.04235524544007834,0.040880156689925326
3,86,-0.11926184355490269,-0.04235524544007834,0.040880156689925326
3,87,-0.11931080915656751,-0.04209205533112988,0.04107601909658465
3,88,-0.11923124005386217,-0.04202472762884074,0.04054351817847962
3,89,-0.11923124005386217,-0.04202472762884074,0.04054351817847962
3,90,-0.11924348145427836,-0.04221446933529196,0.04072713918472273
3,91,-0.11912718815032439,-0.04221446933529196,0.04071489778430652
3,92,-0.11912718815032439,-0.04221446933529196,0.04071489778430652
3,93,-0.11917003305178113,-0.04194515852613539,0.04054963887868772
3,94,-0.11932305055698371,-0.04198800342759212,0.04061696658097687
3,95,-0.11932305055698371,-0.04198800342759212,0.040580242379728244
3,96,-0.1191210674501163,-0.04202472762884074,0.040580242379728244
3,97,-0.11915167095115682,-0.04217162443383523,0.04063532868160118
3,98,-0.11921899865344596,-0.04201248622842453,0.040653690782225485
3,99,-0.11921899865344596,-0.04201248622842453,0.040653690782225485
