values,,Magnetometer,Magnetometer,Magnetometer
axis,,x,y,z
Sensor,Sample,,,
0,0,0.03211531399192068,0.07746970253396988,-0.004419145550250949
0,1,0.03221936589545844,0.07746970253396988,-0.0047068184600318275
0,2,0.03221936589545844,0.07746970253396988,-0.0047068184600318275
0,3,0.0319928999877586,0.07729832292814298,-0.00430897294650508
0,4,0.03208471049088016,0.07714530542294037,-0.004119231240053862
0,5,0.03208471049088016,0.07730444362835108,-0.00422940384379973
0,6,0.032176520994001714,0.07730444362835108,-0.00422940384379973
0,7,0.03224996939649896,0.07723711592606194,-0.004376300648794222
0,8,0.03221936589545844,0.07742685763251315,-0.004431386950667157
0,9,0.03221936589545844,0.07742685763251315,-0.004431386950667157
0,10,0.032292814297955684,0.07739625413147264,-0.003941730934018852
0,11,0.03209083119108826,0.07751866813563471,-0.004351817847961807
0,12,0.03209083119108826,0.07751866813563471,-0.004351817847961807
0,13,0.03224996939649896,0.07729220222793488,-0.004523197453788713
0,14,0.032152038193169294,0.0773350471293916,-0.004278369445464561
0,15,0.032152038193169294,0.0773350471293916,-0.004278369445464561
0,16,0.03228057289753948,0.07737789203084833,-0.004070265638389032
0,17,0.03223160729587465,0.07743909903292936,-0.004449749051291468
0,18,0.03223160729587465,0.07743909903292936,-0.004449749051291468
0,19,0.032158158893377406,0.07724323662627004,-0.004076386338597136
0,20,0.03242746970253397,0.07727996082751867,-0.0038621618313135022
0,21,0.03229893499816379,0.0773289264291835,-0.004339576447545599
0,22,0.03229893499816379,0.0773289264291835,-0.004339576447545599
0,23,0.03220712449504223,0.07737177133064023,-0.004064144938180928
0,24,0.032360142000244826,0.07739013343126454,-0.00413147264047007
0,25,0.032360142000244826,0.07739013343126454,-0.00413147264047007
0,26,0.03210919329171257,0.07752478883584282,-0.004351817847961807
0,27,0.032286693597747586,0.07745134043334558,-0.00443750765087526
0,28,0.032286693597747586,0.07745134043334558,-0.00443750765087526
0,29,0.032433590402742074,0.07737789203084833,-0.004633370057534582
0,30,0.03238462480107725,0.07729832292814298,-0.004657852858366998
0,31,0.03238462480107725,0.07729832292814298,-0.004657852858366998
0,32,0.03231117639858,0.07725547802668625,-0.004572163055453543
0,33,0.03208471049088016,0.07728608152772677,-0.0046517321581588935
0,34,0.03208471049088016,0.07728608152772677,-0.0046517321581588935
0,35,0.03210307259150447,0.0776655649406292,-0.004994491369812707
0,36,0.03194393438609377,0.07727996082751867,-0.004804749663361489
0,37,0.03194393438609377,0.07727996082751867,-0.004804749663361489
0,38,0.03235402130003672,0.0775003060350104,-0.004474231852123883
0,39,0.032690659811482434,0.0773289264291835,-0.004162076141510589
0,40,0.032690659811482434,0.0773289264291835,-0.004162076141510589
0,41,0.03209083119108826,0.07731056432855918,-0.004204921042967316
0,42,0.03218264169420982,0.07734116782959971,-0.004278369445464561
0,43,0.032145917492961196,0.07745746113355367,-0.004541559554413025
0,44,0.032145917492961196,0.07745746113355367,-0.004541559554413025
0,45,0.03223772799608275,0.07722487452564573,-0.004633370057534582
0,46,0.03223160729587465,0.07724935732647815,-0.004786387562737178
0,47,0.03223160729587465,0.07724935732647815,-0.004786387562737178
0,48,0.032176520994001714,0.07728608152772677,-0.004510956053372506
0,49,0.03221936589545844,0.07740237483168075,-0.004192679642551108
0,50,0.03221936589545844,0.07740237483168075,-0.004192679642551108
0,51,0.032060227690047745,0.0771636675235647,-0.00443750765087526
0,52,0.03228057289753948,0.07739625413147264,-0.004541559554413025
0,53,0.03228057289753948,0.07739625413147264,-0.004541559554413025
0,54,0.032145917492961196,0.07739013343126454,-0.004198800342759212
0,55,0.032286693597747586,0.0773289264291835,-0.004327335047129391
0,56,0.032286693597747586,0.0773289264291835,-0.004327335047129391
0,57,0.032402986901701555,0.07735340923001591,-0.004266128045048353
0,58,0.03222548659566654,0.07723099522585383,-0.004217162443383523
0,59,0.03222548659566654,0.07723099522585383,-0.004217162443383523
0,60,0.03240910760190966,0.07744521973313748,-0.004272248745256457
0,61,0.03221324519525033,0.07745746113355367,-0.0042906108458807685
0,62,0.03221324519525033,0.07745746113355367,-0.0042906108458807685
0,63,0.03228057289753948,0.07747582323417798,-0.004125351940261967
0,64,0.032292814297955684,0.07737789203084833,-0.004449749051291468
0,65,0.03232953849920431,0.07736565063043213,-0.004039662137348512
0,66,0.03232953849920431,0.07736565063043213,-0.004039662137348512
0,67,0.032176520994001714,0.07746970253396988,-0.004296731546088873
0,68,0.03218876239441792,0.07737177133064023,-0.00422940384379973
0,69,0.03218876239441792,0.07737177133064023,-0.00422940384379973
0,70,0.03234790059982862,0.07745134043334558,-0.004480352552331987
0,71,0.03226833149712327,0.07734728852980781,-0.003941730934018852
0,72,0.03226833149712327,0.07734728852980781,-0.003941730934018852
0,73,0.03213979679275309,0.07737177133064023,-0.004431386950667157
0,74,0.03193781368588566,0.07723099522585383,-0.004578283755661648
0,75,0.03193781368588566,0.07723099522585383,-0.004578283755661648
0,76,0.032286693597747586,0.07731668502876729,-0.0042906108458807685
0,77,0.03239686620149345,0.0775003060350104,-0.004223283143591627
0,78,0.03239686620149345,0.0775003060350104,-0.004223283143591627
0,79,0.032164279593585504,0.07745134043334558,-0.003990696535683682
0,80,0.03232953849920431,0.07726159872689435,-0.004272248745256457
0,81,0.03232953849920431,0.07726159872689435,-0.004272248745256457
0,82,0.03233565919941241,0.0773228057289754,-0.004137593340678173
0,83,0.03226833149712327,0.07720039172481333,-0.004504835353164402
0,84,0.03226833149712327,0.07720039172481333,-0.004504835353164402
0,85,0.03211531399192068,0.07734116782959971,-0.004149834741094381
0,86,0.03222548659566654,0.07743909903292936,-0.004510956053372506
0,87,0.03222548659566654,0.07743909903292936,-0.004211041743175419
0,88,0.03234177989962052,0.07760435793854817,-0.004211041743175419
0,89,0.032176520994001714,0.07746358183376179,-0.004113110539845758
0,90,0.032402986901701555,0.0771881503243971,-0.004627249357326478
0,91,0.032402986901701555,0.0771881503243971,-0.004627249357326478
0,92,0.03229893499816379,0.07744521973313748,-0.004192679642551108
0,93,0.03233565919941241,0.07753090953605093,-0.004321214346921288
0,94,0.03233565919941241,0.07753090953605093,-0.004321214346921288
0,95,0.03235402130003672,0.0773350471293916,-0.004339576447545599
0,96,0.032286693597747586,0.07736565063043213,-0.0047435426612804504
0,97,0.032286693597747586,0.07736565063043213,-0.0047435426612804504
0,98,0.032005141388174806,0.07765944424042111,-0.004584404455869751
0,99,0.03219488309462602,0.0774880646345942,-0.00459664585628596
1,0,-0.04733137470926674,0.07120210552087158,0.005912596401028277
1,1,-0.04733137470926674,0.07120210552087158,0.005912596401028277
1,2,-0.04722732280572898,0.07099400171379606,0.005912596401028277
1,3,-0.04748439221446933,0.07104296731546089,0.005563716489166361
1,4,-0.04748439221446933,0.07104296731546089,0.005563716489166361
1,5,-0.04725180560656139,0.07100012241400416,0.006175786509976741
1,6,-0.04750275431509365,0.07118986412045539,0.006469580119965725
1,7,-0.04720896070510466,0.0712082262210797,0.0059493206022769
1,8,-0.04720896070510466,0.0712082262210797,0.0059493206022769
1,9,-0.047221202105520874,0.07105520871587709,0.0065736320235034885
1,10,-0.04720896070510466,0.07117762272003916,0.0058758721997796545
1,11,-0.04720896070510466,0.07117762272003916,0.0058758721997796545
1,12,-0.04731301260864243,0.07114089851879055,0.006090096707063288
1,13,-0.04698249479740482,0.07105520871587709,0.006169665809768637
1,14,-0.04698249479740482,0.07105520871587709,0.006169665809768637
1,15,-0.04707430530052638,0.07101848451462847,0.005918717101236382
1,16,-0.047294650508018114,0.07115313991920676,0.00615742440935243
1,17,-0.047294650508018114,0.07115313991920676,0.00615742440935243
1,18,-0.04723956420614518,0.07099400171379606,0.006426735218508997
1,19,-0.047135512302607416,0.07112253641816624,0.006071734606438976
1,20,-0.047294650508018114,0.07113477781858245,0.006371648916636064
1,21,-0.047294650508018114,0.07113477781858245,0.006371648916636064
1,22,-0.04703146039906965,0.07085934630921778,0.005998286203941731
1,23,-0.047019218998653446,0.07093279471171501,0.006230872811849675
1,24,-0.047019218998653446,0.07093279471171501,0.006230872811849675
1,25,-0.04750275431509365,0.07116538131962297,0.006396131717468478
1,26,-0.04722732280572898,0.07110417431754193,0.0062737177133064025
1,27,-0.04722732280572898,0.07101236381442036,0.0058942343004039655
1,28,-0.04733137470926674,0.07101236381442036,0.0058942343004039655
1,29,-0.04725180560656139,0.07109805361733382,0.006304321214346921
1,30,-0.04717223650385604,0.07082262210796915,0.005912596401028277
1,31,-0.04717223650385604,0.07082262210796915,0.005912596401028277
1,32,-0.04720896070510466,0.07095115681233934,0.006359407516219856
1,33,-0.04706818460031827,0.07101236381442036,0.006383890317052271
1,34,-0.04706818460031827,0.07101236381442036,0.006383890317052271
1,35,-0.04720896070510466,0.07085322560900967,0.006071734606438976
1,36,-0.047435426612804504,0.07112253641816624,0.005912596401028277
1,37,-0.047435426612804504,0.07112253641816624,0.005912596401028277
1,38,-0.04723344350593708,0.07082874280817726,0.006390011017260375
1,39,-0.04725792630676949,0.07109805361733382,0.006022769004774146
1,40,-0.04730077120822622,0.07104908801566899,0.006022769004774146
1,41,-0.04730077120822622,0.07104908801566899,0.006022769004774146
1,42,-0.04734361610968295,0.0709144326110907,0.006610356224752112
1,43,-0.047202840004896565,0.07096951891296364,0.005881992899987759
1,44,-0.047202840004896565,0.07096951891296364,0.005881992899987759
1,45,-0.04714163300281552,0.07090219121067451,0.005490268086669115
1,46,-0.047147753703023626,0.07103684661525278,0.006145183008936223
1,47,-0.047147753703023626,0.07103684661525278,0.006145183008936223
1,48,-0.047147753703023626,0.07095727751254743,0.006230872811849675
1,49,-0.047288529807810016,0.0712082262210797,0.006341045415595545
1,50,-0.047288529807810016,0.0712082262210797,0.006341045415595545
1,51,-0.04750275431509365,0.07105520871587709,0.005961562002693108
1,52,-0.04723956420614518,0.07093279471171501,0.005790182396866202
1,53,-0.04724568490635329,0.07101236381442036,0.006218631411433468
1,54,-0.04724568490635329,0.07101236381442036,0.006218631411433468
1,55,-0.047202840004896565,0.07094503611213124,0.006059493206022769
1,56,-0.04722732280572898,0.0710613294160852,0.006365528216427959
1,57,-0.04722732280572898,0.0710613294160852,0.006365528216427959
1,58,-0.04750887501530175,0.07090219121067451,0.005667768392704125
1,59,-0.04738646101113968,0.07084710490880156,0.006218631411433468
1,60,-0.04738646101113968,0.07084710490880156,0.006218631411433468
1,61,-0.047159995103439836,0.07101236381442036,0.006524666421838658
1,62,-0.04719671930468845,0.07085322560900967,0.006126820908311911
1,63,-0.04719671930468845,0.07085322560900967,0.006126820908311911
1,64,-0.04723344350593708,0.07068796670339086,0.006616476924960216
1,65,-0.047380340310931565,0.07096951891296364,0.0058942343004039655
1,66,-0.04716611580364794,0.07088382911005019,0.0063104419145550246
1,67,-0.04716611580364794,0.07088382911005019,0.0063104419145550246
1,68,-0.04714163300281552,0.07106745011629331,0.006604235524544008
1,69,-0.04697025339698861,0.07054106989839638,0.006090096707063288
1,70,-0.04697025339698861,0.07054106989839638,0.006090096707063288
1,71,-0.0472640470069776,0.07113477781858245,0.006249234912473986
1,72,-0.04750275431509365,0.07100012241400416,0.006218631411433468
1,73,-0.04750275431509365,0.07100012241400416,0.006218631411433468
1,74,-0.04719671930468845,0.07102460521483658,0.006420614518300893
1,75,-0.047062063900110175,0.07112253641816624,0.005661647692496022
1,76,-0.047062063900110175,0.07112253641816624,0.005661647692496022
1,77,-0.04723956420614518,0.07097563961317174,0.00628595911372261
1,78,-0.047294650508018114,0.07108581221691761,0.005753458195617579
1,79,-0.047404823111763986,0.07104296731546089,0.005484147386461012
1,80,-0.047404823111763986,0.07104296731546089,0.005484147386461012
1,81,-0.0470987881013588,0.07114701921899866,0.005416819684171869
1,82,-0.047276288407393806,0.07093279471171501,0.005551475088750153
1,83,-0.047276288407393806,0.07093279471171501,0.005551475088750153
1,84,-0.0472701677071857,0.07118986412045539,0.005826906598114824
1,85,-0.04732525400905864,0.0707430530052638,0.005441302485004284
1,86,-0.04732525400905864,0.0707430530052638,0.005441302485004284
1,87,-0.0472640470069776,0.07119598482066349,0.005490268086669115
1,88,-0.047135512302607416,0.07095115681233934,0.0053494919818827275
1,89,-0.047135512302607416,0.07095115681233934,0.0053494919818827275
1,90,-0.04734973680989105,0.07084098420859346,0.005306647080426001
1,91,-0.04721508140531277,0.07083486350838536,0.005533112988125841
1,92,-0.04723344350593708,0.07112865711837434,0.005563716489166361
1,93,-0.04723344350593708,0.07112865711837434,0.005563716489166361
1,94,-0.04720896070510466,0.07096339821275553,0.005343371281674623
1,95,-0.047294650508018114,0.07070632880401519,0.0054657852858367
1,96,-0.047294650508018114,0.07070632880401519,0.0054657852858367
1,97,-0.04708654670094259,0.07103072591504468,0.005698371893744644
1,98,-0.04725180560656139,0.07115313991920676,0.005441302485004284
1,99,-0.04725180560656139,0.07115313991920676,0.005441302485004284
2,0,0.1299057412167952,-0.09542783694454646,0.11248622842453178
2,1,0.13002203452074917,-0.09515852613538989,0.11361855796303097
2,2,0.13002203452074917,-0.09515852613538989,0.11361855796303097
2,3,0.1302362590280328,-0.09493818092789816,0.11219243481454277
2,4,0.1300832415228302,-0.09498714652956299,0.1134900232586608
2,5,0.1300832415228302,-0.09498714652956299,0.1134900232586608
2,6,0.13012608642428694,-0.09525645733871954,0.11211286571183743
2,7,0.13001591382054106,-0.09544007834496267,0.11241278002203452
2,8,0.13001591382054106,-0.09544007834496267,0.11241278002203452
2,9,0.1302117762272004,-0.0954890439466275,0.11262088382911004
2,10,0.1300954829232464,-0.0955012853470437,0.11356959236136614
2,11,0.1300954829232464,-0.0955012853470437,0.11356959236136614
2,12,0.12997306891908433,-0.09531766434080059,0.11309829844534214
2,13,0.1302607418288652,-0.09528094013955196,0.11296976374097197
2,14,0.12869384257559063,-0.09539723344350594,0.11344105765699597
2,15,0.1299057412167952,-0.09539723344350594,0.11344105765699597
2,16,0.1298690170155466,-0.09553188884808422,0.11231484881870486
2,17,0.13010160362345452,-0.09512792263434937,0.11370424776594443
2,18,0.13010160362345452,-0.09512792263434937,0.11370424776594443
2,19,0.13002203452074917,-0.09532990574121679,0.11333088505325009
2,20,0.12985677561513037,-0.09498714652956299,0.11298812584159627
2,21,0.12985677561513037,-0.09498714652956299,0.11298812584159627
2,22,0.1302117762272004,-0.09508507773289264,0.11273105643285593
2,23,0.13013220712449505,-0.09539111274329784,0.11344717835720405
2,24,0.12986289631533848,-0.09545231974537886,0.11137838168686498
2,25,0.12986289631533848,-0.09545231974537886,0.11137838168686498
2,26,0.12994246541804383,-0.09528706083976007,0.11297588444118008
2,27,0.13016281062553556,-0.0953360264414249,0.112382176520994
2,28,0.13016281062553556,-0.0953360264414249,0.112382176520994
2,29,0.1300954829232464,-0.09547068184600319,0.11320847104908802
2,30,0.13027910392948955,-0.0951768882360142,0.11056432855918716
2,31,0.13027910392948955,-0.0951768882360142,0.11056432855918716
2,32,0.13013220712449505,-0.0951891296364304,0.11360019586240666
2,33,0.1299241033174195,-0.09549516464683559,0.11285347043701799
2,34,0.1299241033174195,-0.09549516464683559,0.11285347043701799
2,35,0.1300648794222059,-0.09496878442893866,0.11314114334679888
2,36,0.12979556861304933,-0.09530542294038438,0.11326967805116905
2,37,0.12979556861304933,-0.09530542294038438,0.1101358795446199
2,38,0.1298690170155466,-0.09530542294038438,0.11098665687354634
2,39,0.12999755171991675,-0.09509119843310074,0.11339821275553923
2,40,0.1299179826172114,-0.09523809523809523,0.11249846982494797
2,41,0.1299179826172114,-0.09523809523809523,0.11249846982494797
2,42,0.13026686252907332,-0.09495654302852247,0.11369812706573632
2,43,0.1298996205165871,-0.09528094013955196,0.11251071122536419
2,44,0.1298996205165871,-0.09528094013955196,0.11251071122536419
2,45,0.1300893622230383,-0.09536050924225732,0.11239441792141021
2,46,0.1298996205165871,-0.09522585383767904,0.11233933161953728
2,47,0.1298996205165871,-0.09522585383767904,0.11233933161953728
2,48,0.1300281552209573,-0.09494430162810626,0.11339209205533114
2,49,0.13001591382054106,-0.09538499204308973,0.11341657485616355
2,50,0.13001591382054106,-0.09538499204308973,0.11341657485616355
2,51,0.1297710858122169,-0.09512180193414127,0.11319010894846371
2,52,0.1302423797282409,-0.09521973313747092,0.11418166238217653
2,53,0.1302178969274085,-0.09530542294038438,0.11321459174929611
2,54,0.1302178969274085,-0.09530542294038438,0.11321459174929611
2,55,0.1297527237115926,-0.09504223283143591,0.11341657485616355
2,56,0.1299302240176276,-0.09547680254621128,0.11340433345574734
2,57,0.1299302240176276,-0.09547680254621128,0.11340433345574734
2,58,0.13015668992532745,-0.09528094013955196,0.11194760680621862
2,59,0.12999143101970864,-0.09553188884808422,0.11211898641204554
2,60,0.12999143101970864,-0.09553188884808422,0.11211898641204554
2,61,0.13016893132574367,-0.095342147141633,0.11322071244950423
2,62,0.13029746603011386,-0.09515852613538989,0.11331252295262577
2,63,0.13029746603011386,-0.09515852613538989,0.11331252295262577
2,64,0.13016281062553556,-0.09528706083976007,0.11316562614763129
2,65,0.13013220712449505,-0.09503611213122781,0.11183743420247276
2,66,0.13013220712449505,-0.09503611213122781,0.11183743420247276
2,67,0.13013220712449505,-0.09507283633247644,0.11319622964867179
2,68,0.1300954829232464,-0.0953115436405925,0.11233933161953728
2,69,0.1300648794222059,-0.0951707675358061,0.11357571306157424
2,70,0.1300648794222059,-0.0951707675358061,0.11357571306157424
2,71,0.13038315583302731,-0.09505447423185212,0.11415717958134411
2,72,0.1300893622230383,-0.095342147141633,0.11199045170767537
2,73,0.1300893622230383,-0.095342147141633,0.11199045170767537
2,74,0.1300648794222059,-0.09560533725058147,0.11340433345574734
2,75,0.13010772432366263,-0.09516464683559799,0.11315950544742319
2,76,0.13010772432366263,-0.09516464683559799,0.11315950544742319
2,77,0.130071000122414,-0.09511568123393316,0.11335536785408251
2,78,0.13000979312033295,-0.09506059493206023,0.1122230383155833
2,79,0.13000979312033295,-0.09506059493206023,0.1122230383155833
2,80,0.12985677561513037,-0.09524421593830334,0.1125290733259885
2,81,0.12983229281429795,-0.0951707675358061,0.1126820908311911
2,82,0.12983229281429795,-0.09539723344350594,0.11112743297833272
2,83,0.13015056922511936,-0.09539723344350594,0.11112743297833272
2,84,0.13002203452074917,-0.09495042232831435,0.11080303586730322
2,85,0.1300893622230383,-0.09537887134288162,0.11243726282286695
2,86,0.1300893622230383,-0.09537887134288162,0.11243726282286695
2,87,0.1303586730321949,-0.09539723344350594,0.11383278247031461
2,88,0.1300342759211654,-0.09518300893622231,0.11314726404700697
2,89,0.1300342759211654,-0.09518300893622231,0.11314726404700697
2,90,0.12994246541804383,-0.09540335414371404,0.1115742440935243
2,91,0.13018117272615987,-0.09520749173705471,0.11301872934263679
2,92,0.1286142734728853,-0.0948524911249847,0.11273105643285593
2,93,0.12968539600930346,-0.0948524911249847,0.11273105643285593
2,94,0.1301934141265761,-0.09501162933039539,0.1125474354266128
2,95,0.12997918961929245,-0.09524421593830334,0.11328804015179336
2,96,0.12997918961929245,-0.09524421593830334,0.11328804015179336
2,97,0.1300587587219978,-0.09540335414371404,0.1128595911372261
2,98,0.130071000122414,-0.09467499081894969,0.11246786632390746
2,99,0.130071000122414,-0.09467499081894969,0.11246786632390746
3,0,-0.10970130982984454,-0.04120455380095483,0.03767903048108704
3,1,-0.10970130982984454,-0.04120455380095483,0.03767903048108704
3,2,-0.10960337862651488,-0.04094136369200636,0.03754437507650875
3,3,-0.1098114824335904,-0.04151058881136002,0.03752601297588444
3,4,-0.1098114824335904,-0.04151058881136002,0.03752601297588444
3,5,-0.1094687232219366,-0.041051536295752235,0.03759334067817358
3,6,-0.10959113722609866,-0.04111886399804138,0.03742808177255478
3,7,-0.10959113722609866,-0.04111886399804138,0.03742808177255478
3,8,-0.10954217162443383,-0.040953605092422574,0.03748928877463582
3,9,-0.10968294772922023,-0.041039294895336025,0.03748928877463582
3,10,-0.10968294772922023,-0.041039294895336025,0.03748928877463582
3,11,-0.10968294772922023,-0.041033174195127926,0.03758109927775737
3,12,-0.10973803403109317,-0.0409964499938793,0.037617823479005996
3,13,-0.1096339821275554,-0.04122291590157914,0.037691271881503244
3,14,-0.1096339821275554,-0.04122291590157914,0.037691271881503244
3,15,-0.10980536173338229,-0.041039294895336025,0.03752601297588444
3,16,-0.10973191333088506,-0.041094381197208964,0.03785041008691394
3,17,-0.10973191333088506,-0.041094381197208964,0.03785041008691394
3,18,-0.10957277512547436,-0.041039294895336025,0.037434202472762884
3,19,-0.10941975762027176,-0.04107601909658465,0.03742808177255478
3,20,-0.10941975762027176,-0.04107601909658465,0.03742808177255478
3,21,-0.10956665442526625,-0.04117395029991431,0.03736075407026564
3,22,-0.10954217162443383,-0.04118619170033051,0.03772187538254376
3,23,-0.10945648182152039,-0.04120455380095483,0.03759334067817358
3,24,-0.10945648182152039,-0.04120455380095483,0.03759334067817358
3,25,-0.10972579263067694,-0.04100869139429551,0.03738523687109806
3,26,-0.10961562002693108,-0.0410025706940874,0.03772187538254376
3,27,-0.10961562002693108,-0.0410025706940874,0.03772187538254376
3,28,-0.10935855061819073,-0.041394295507406045,0.03772799608275187
3,29,-0.10957277512547436,-0.04076998408617946,0.03735463337005753
3,30,-0.10957277512547436,-0.04076998408617946,0.03735463337005753
3,31,-0.10954829232464194,-0.04097808789325499,0.03768515118129514
3,32,-0.109786999632758,-0.04118619170033051,0.03753825437630065
3,33,-0.109786999632758,-0.04118619170033051,0.03753825437630065
3,34,-0.10969518912963643,-0.04092912229159016,0.0374525645733872
3,35,-0.10961562002693108,-0.04080058758721998,0.0374648059738034
3,36,-0.10964010282776349,-0.04100869139429551,0.037403598971722365
3,37,-0.10964010282776349,-0.04100869139429551,0.037403598971722365
3,38,-0.10982984453421471,-0.041051536295752235,0.03758109927775737
3,39,-0.10965234422817971,-0.04097808789325499,0.0374586852735953
3,40,-0.10965234422817971,-0.04097808789325499,0.0374586852735953
3,41,-0.1096462235279716,-0.04108213979679275,0.03742808177255478
3,42,-0.10959725792630677,-0.041149467499081896,0.037715754682335664
3,43,-0.10959725792630677,-0.041149467499081896,0.037715754682335664
3,44,-0.10952380952380954,-0.04095972579263067,0.03775247888358428
3,45,-0.10956053372505814,-0.041033174195127926,0.03766678908067082
3,46,-0.10956053372505814,-0.041033174195127926,0.03766678908067082
3,47,-0.10941363692006364,-0.04091688089117395,0.03774023748316808
3,48,-0.1096339821275554,-0.04111886399804138,0.0376239441792141
3,49,-0.10968294772922023,-0.04074550128534704,0.03736687477047374
3,50,-0.10968294772922023,-0.04074550128534704,0.03736687477047374
3,51,-0.10954217162443383,-0.040794466887011875,0.03750765087526013
3,52,-0.10964010282776349,-0.04081894968784429,0.03744032317297098
3,53,-0.10964010282776349,-0.04081894968784429,0.03744032317297098
3,54,-0.10965234422817971,-0.040678173583057906,0.03742808177255478
3,55,-0.10973191333088506,-0.04093524299179826,0.03777084098420859
3,56,-0.10973191333088506,-0.04093524299179826,0.03777084098420859
3,57,-0.10951768882360143,-0.04106989839637655,0.037275064267352186
3,58,-0.10959113722609866,-0.0411617088994981,0.037532133676092545
3,59,-0.10959113722609866,-0.0411617088994981,0.037532133676092545
3,60,-0.1096339821275554,-0.04106989839637655,0.037287305667768396
3,61,-0.10959725792630677,-0.0409964499938793,0.037715754682335664
3,62,-0.10960949932672297,-0.04106989839637655,0.037630064879422206
3,63,-0.10960949932672297,-0.04106989839637655,0.037630064879422206
3,64,-0.10965234422817971,-0.04121067450116293,0.037574978577549274
3,65,-0.10962174072713919,-0.04107601909658465,0.03758109927775737
3,66,-0.10962174072713919,-0.04107601909658465,0.03758109927775737
3,67,-0.10950544742318521,-0.040910760190965845,0.037672909780878935
3,68,-0.10992777573754438,-0.0409903292936712,0.03769739258171135
3,69,-0.10992777573754438,-0.0409903292936712,0.03769739258171135
3,70,-0.10957277512547436,-0.04113110539845759,0.037617823479005996
3,71,-0.10958501652589056,-0.04092912229159016,0.03739747827151426
3,72,-0.10958501652589056,-0.04092912229159016,0.03739747827151426
3,73,-0.10971355123026075,-0.040898518790549634,0.037403598971722365
3,74,-0.1096339821275554,-0.04091688089117395,0.03767903048108704
3,75,-0.1096462235279716,-0.040806708287428085,0.03759334067817358
3,76,-0.1096462235279716,-0.040806708287428085,0.03759334067817358
3,77,-0.11001346554045784,-0.04086791528950912,0.03741584037213857
3,78,-0.10943199902068797,-0.041094381197208964,0.037605582078589786
3,79,-0.10943199902068797,-0.041094381197208964,0.037605582078589786
3,80,-0.10959113722609866,-0.0409903292936712,0.037648426980046515
3,81,-0.10951156812339331,-0.04097808789325499,0.037391357571306155
3,82,-0.10951156812339331,-0.04097808789325499,0.037391357571306155
3,83,-0.10952380952380954,-0.041167829599706204,0.03766678908067082
3,84,-0.10975027543150936,-0.04097808789325499,0.03728118496756029
3,85,-0.10975027543150936,-0.04097808789325499,0.03728118496756029
3,86,-0.10973191333088506,-0.040794466887011875,0.03755661647692496
3,87,-0.10953605092422573,-0.04108213979679275,0.037715754682335664
3,88,-0.10967682702901212,-0.04106989839637655,0.037519892275676335
3,89,-0.10967682702901212,-0.04106989839637655,0.037519892275676335
3,90,-0.10971355123026075,-0.04094136369200636,0.03747704737421961
3,91,-0.1096584649283878,-0.040892398090341536,0.03767903048108704
3,92,-0.1096584649283878,-0.040892398090341536,0.03767903048108704
3,93,-0.10977475823234177,-0.04104541559554413,0.037648426980046515
3,94,-0.10943811972089608,-0.041192312400538625,0.03770963398212755
3,95,-0.10943811972089608,-0.041192312400538625,0.03770963398212755
3,96,-0.10953605092422573,-0.04101481209450361,0.037519892275676335
3,97,-0.10973803403109317,-0.04075774268576325,0.03772187538254376
3,98,-0.10967682702901212,-0.04094136369200636,0.03738523687109806
3,99,-0.10967682702901212,-0.04094136369200636,0.03738523687109806
