values,,Magnetometer,Magnetometer,Magnetometer
axis,,x,y,z
Sensor,Sample,,,
0,0,0.03581833761782348,0.07758599583792386,0.006053372505814665
0,1,0.035910148120945035,0.07754927163667523,0.006353286816011753
0,2,0.03573876851511813,0.07745134043334558,0.0060472518056065615
0,3,0.035695923613661404,0.07768392704125351,0.0062369935120577796
0,4,0.03581833761782348,0.07758599583792386,0.0062920798139307135
0,5,0.03583057901823969,0.07769616844166972,0.005992165503733627
0,6,0.03583669971844779,0.07737789203084833,0.006126820908311911
0,7,0.03583057901823969,0.07767780634104542,0.006206390011017261
0,8,0.035769372016158645,0.07736565063043213,0.005986044803525523
0,9,0.035763251315950546,0.07760435793854817,0.0062369935120577796
0,10,0.035824458318031584,0.0773350471293916,0.006206390011017261
0,11,0.03579997551719917,0.07769004774146163,0.005967682702901212
0,12,0.03581833761782348,0.07746358183376179,0.006022769004774146
0,13,0.0355306647080426,0.07781858244583181,0.006188027910392949
0,14,0.0355306647080426,0.07781858244583181,0.006188027910392949
0,15,0.03572040641449382,0.0776655649406292,0.006090096707063288
0,16,0.03583057901823969,0.07753090953605093,0.006616476924960216
0,17,0.035695923613661404,0.07782470314603991,0.0061084588076876
0,18,0.03570204431386951,0.07772677194271024,0.006004406904149834
0,19,0.035683682213245194,0.07746358183376179,0.006151303709144326
0,20,0.035824458318031584,0.0774941853348023,0.005839147998531032
0,21,0.035995837923858486,0.0776655649406292,0.006267597013098298
0,22,0.03571428571428571,0.07737789203084833,0.0060656139062308725
0,23,0.03565919941241278,0.0775003060350104,0.005924837801444485
0,24,0.03572652711470192,0.07756763373729955,0.0062369935120577796
0,25,0.03577549271636675,0.07745746113355367,0.00597992410331742
0,26,0.035579630309707434,0.0774819439343861,0.006396131717468478
0,27,0.035897906720528824,0.07784306524666422,0.005728975394785164
0,28,0.035683682213245194,0.07745746113355367,0.006457338719549515
0,29,0.035683682213245194,0.07745746113355367,0.006457338719549515
0,30,0.03559187171012364,0.07753703023625903,0.005912596401028277
0,31,0.03564695801199657,0.07751254743542661,0.006383890317052271
0,32,0.03570204431386951,0.07778185824458318,0.005478026686252907
0,33,0.035695923613661404,0.07743297833272125,0.005496388786877219
0,34,0.03567144081282898,0.07757987513771576,0.00572285469457706
0,35,0.03586118251928021,0.07753703023625903,0.0060472518056065615
0,36,0.035751009915534336,0.07742685763251315,0.005343371281674623
0,37,0.03565919941241278,0.07754315093646713,0.006279838413514506
0,38,0.035769372016158645,0.07755539233688334,0.005655526992287918
0,39,0.03574488921532623,0.07751254743542661,0.006059493206022769
0,40,0.03597135512302607,0.07735952993022402,0.005924837801444485
0,41,0.03597135512302607,0.07747582323417798,0.0062369935120577796
0,42,0.03573876851511813,0.07747582323417798,0.0062369935120577796
0,43,0.03570816501407761,0.07754315093646713,0.006077855306647081
0,44,0.03559799241033174,0.0774880646345942,0.0062369935120577796
0,45,0.03581833761782348,0.07763496143958869,0.005606561390623087
0,46,0.03581833761782348,0.07756151303709144,0.0060472518056065615
0,47,0.03581221691761537,0.07770228914187784,0.005441302485004284
0,48,0.03597747582323418,0.0776716856408373,0.006420614518300893
0,49,0.03583669971844779,0.07767780634104542,0.006341045415595545
0,50,0.03579997551719917,0.07756763373729955,0.0065185457216305545
0,51,0.03564083731178847,0.0776655649406292,0.006298200514138817
0,52,0.035769372016158645,0.07759823723834006,0.0060288897049822505
0,53,0.03581221691761537,0.0775003060350104,0.00633492471538744
0,54,0.03586730321948831,0.07762884073938059,0.006261476312890195
0,55,0.03597747582323418,0.07756763373729955,0.006341045415595545
0,56,0.03597747582323418,0.07742073693230506,0.006383890317052271
0,57,0.03565919941241278,0.07742073693230506,0.006383890317052271
0,58,0.03560411311053985,0.0776716856408373,0.006298200514138817
0,59,0.035567388909291224,0.07737177133064023,0.006077855306647081
0,60,0.03571428571428571,0.07747582323417798,0.0062553556126820915
0,61,0.03555514750887502,0.07754927163667523,0.006267597013098298
0,62,0.035965234422817974,0.07754315093646713,0.0061084588076876
0,63,0.03575713061574244,0.0774941853348023,0.005967682702901212
0,64,0.03586118251928021,0.07785530664708043,0.0058758721997796545
0,65,0.03557350960949933,0.07754927163667523,0.006420614518300893
0,66,0.03591626882115314,0.07764108213979679,0.006151303709144326
0,67,0.035824458318031584,0.07738401273105643,0.006383890317052271
0,68,0.03605704492593953,0.07762272003917248,0.006096217407271392
0,69,0.03557350960949933,0.07755539233688334,0.005710613294160852
0,70,0.03583669971844779,0.07761047863875628,0.006347166115803648
0,71,0.03583669971844779,0.07761047863875628,0.006653201126208838
0,72,0.03564083731178847,0.07757987513771576,0.006653201126208838
0,73,0.03551842330762639,0.07737177133064023,0.005955441302485005
0,74,0.03564695801199657,0.07746970253396988,0.0056861304933284364
0,75,0.03609988982739625,0.07753703023625903,0.006126820908311911
0,76,0.03587342391969641,0.0775003060350104,0.0061023381074794955
0,77,0.035695923613661404,0.07737789203084833,0.0062553556126820915
0,78,0.035610233810747946,0.07776349614395886,0.0061207002081038065
0,79,0.035579630309707434,0.07739625413147264,0.006555269922879177
0,80,0.03573264781491002,0.07743297833272125,0.0061084588076876
0,81,0.03591626882115314,0.07756763373729955,0.005937079201860693
0,82,0.035891786020320726,0.07758599583792386,0.005998286203941731
0,83,0.03570204431386951,0.07740849553188885,0.006438976618925204
0,84,0.035781613416574855,0.07770228914187784,0.0060472518056065615
0,85,0.03579997551719917,0.07760435793854817,0.006175786509976741
0,86,0.03579997551719917,0.07760435793854817,0.0077426857632513155
0,87,0.03564695801199657,0.07752478883584282,0.00641449381809279
0,88,0.03559187171012364,0.07763496143958869,0.006126820908311911
0,89,0.0356898029134533,0.07745746113355367,0.006035010405190354
0,90,0.035891786020320726,0.07762272003917248,0.006169665809768637
0,91,0.035751009915534336,0.07775125474354266,0.006328804015179336
0,92,0.0358550618190721,0.07743909903292936,0.006347166115803648
0,93,0.03570204431386951,0.0776472028400049,0.006261476312890195
0,94,0.035897906720528824,0.07754927163667523,0.006200269310809157
0,95,0.03581221691761537,0.07741461623209696,0.006567511323295384
0,96,0.03567144081282898,0.0774819439343861,0.0059493206022769
0,97,0.035879544619904516,0.07751866813563471,0.006181907210184845
0,98,0.035824458318031584,0.07759211653813196,0.00628595911372261
0,99,0.035781613416574855,0.07743297833272125,0.005998286203941731
1,0,-0.050563104419145556,0.0702411555881993,0.011678295997062065
1,1,-0.05082017382788591,0.07005141388174807,0.011935365405802425
1,2,-0.05074060472518056,0.0699412412780022,0.011653813196229648
1,3,-0.05072224262455625,0.07003917248133187,0.011280450483535317
1,4,-0.05058758721997797,0.07011262088382911,0.011696658097686375
1,5,-0.05074672542538866,0.06999020687966703,0.011819072101848451
1,6,-0.050563104419145556,0.07017994858611826,0.011598726894356714
1,7,-0.05053250091810503,0.07020443138695068,0.01195984820663484
1,8,-0.05039784551352675,0.0700881380829967,0.01143346798873791
1,9,-0.05062431142122659,0.0699412412780022,0.011506916391235158
1,10,-0.05074672542538866,0.07016158648549395,0.011880279103929489
1,11,-0.050881380829966946,0.06986167217529685,0.011745623699351206
1,12,-0.050697759823723834,0.06984331007467254,0.011353898886032563
1,13,-0.05074672542538866,0.0702717590892398,0.011488554290610846
1,14,-0.05050189741706451,0.06990451707675358,0.011659933896437751
1,15,-0.05050189741706451,0.069751499571551,0.011935365405802425
1,16,-0.05046517321581588,0.069751499571551,0.011935365405802425
1,17,-0.050807932427469706,0.07019831068674257,0.012247521116415718
1,18,-0.05072224262455625,0.07001468968049945,0.011629330395397233
1,19,-0.05061207002081038,0.06991063777696169,0.01144570938915412
1,20,-0.050954829232464194,0.06982494797404823,0.011855796303097074
1,21,-0.05047129391602399,0.06998408617945892,0.011555881992899988
1,22,-0.05059370792018607,0.06999632757987514,0.011990451707675358
1,23,-0.05058758721997797,0.07012486228424532,0.011727261598726894
1,24,-0.050814053127677804,0.07001468968049945,0.011488554290610846
1,25,-0.05074672542538866,0.07008201738278859,0.011231484881870486
1,26,-0.05076508752601298,0.06999632757987514,0.011727261598726894
1,27,-0.05078957032684539,0.07001468968049945,0.011696658097686375
1,28,-0.050771208226221075,0.06997184477904272,0.011598726894356714
1,29,-0.0508018117272616,0.07002693108091565,0.011880279103929489
1,30,-0.05073448402497246,0.06988615497612927,0.011598726894356714
1,31,-0.05087526012975885,0.07021055208715878,0.011549761292691883
1,32,-0.050869139429550736,0.06999632757987514,0.012002693108091565
1,33,-0.05039784551352675,0.06980046517321582,0.01154364059248378
1,34,-0.05039784551352675,0.06980046517321582,0.011451830089362224
1,35,-0.05082017382788591,0.07016158648549395,0.011451830089362224
1,36,-0.05077732892642919,0.06972089607051046,0.011819072101848451
1,37,-0.05075896682580487,0.07002693108091565,0.01146407148977843
1,38,-0.05088750153017505,0.07020443138695068,0.011598726894356714
1,39,-0.05083853592851022,0.070106500183621,0.011666054596645856
1,40,-0.050807932427469706,0.06996572407883463,0.011372260986656873
1,41,-0.05073448402497246,0.0699473619782103,0.011531399192067571
1,42,-0.050483535316440196,0.07002081038070755,0.011745623699351206
1,43,-0.05061819072101849,0.06997796547925082,0.011537519892275677
1,44,-0.05051413881748072,0.07020443138695068,0.011733382298934999
1,45,-0.05072224262455625,0.07005141388174807,0.011972089607051047
1,46,-0.05062431142122659,0.06972701677071858,0.011776227200391724
1,47,-0.05040396621373485,0.06989839637654548,0.011751744399559309
1,48,-0.05040396621373485,0.06986167217529685,0.01149467499081895
1,49,-0.05061207002081038,0.06986167217529685,0.01149467499081895
1,50,-0.05067939772309952,0.06990451707675358,0.011513037091443261
1,51,-0.05058146651976986,0.06997796547925082,0.011617088994981026
1,52,-0.050697759823723834,0.07015546578528584,0.011837434202472763
1,53,-0.05074060472518056,0.06997796547925082,0.011917003305178113
1,54,-0.05078957032684539,0.06986779287550496,0.011482433590402743
1,55,-0.050654914922267105,0.07006977598237238,0.011525278491859468
1,56,-0.05073448402497246,0.07001468968049945,0.012192434814542784
1,57,-0.050667156322683315,0.06988615497612927,0.01197821030725915
1,58,-0.05053250091810503,0.06989227567633736,0.01231484881870486
1,59,-0.05052025951768883,0.0699412412780022,0.011617088994981026
1,60,-0.05050801811727261,0.07002693108091565,0.011880279103929489
1,61,-0.05071612192434814,0.06989839637654548,0.012131227812461745
1,62,-0.050654914922267105,0.07011874158403722,0.012602521728485739
1,63,-0.05070388052393193,0.06984943077488065,0.012149589913086057
1,64,-0.05061819072101849,0.07005141388174807,0.01134777818582446
1,65,-0.050954829232464194,0.0700942587832048,0.012259762516831925
1,66,-0.050697759823723834,0.07011874158403722,0.01234545231974538
1,67,-0.05054474231852124,0.0700881380829967,0.012198555514750888
1,68,-0.05058758721997797,0.07012486228424532,0.012118986412045538
1,69,-0.050250948708532264,0.06973925817113477,0.011886399804137592
1,70,-0.050250948708532264,0.07016770718570205,0.012657608030358671
1,71,-0.0508018117272616,0.07016770718570205,0.012657608030358671
1,72,-0.05070388052393193,0.07005753458195617,0.012014934508507772
1,73,-0.05074672542538866,0.06967805116905375,0.012327090219121067
1,74,-0.05053862161831314,0.07001468968049945,0.0122169176153752
1,75,-0.05061819072101849,0.07018606928632636,0.012816746235769371
1,76,-0.05074060472518056,0.0702411555881993,0.011965968906842943
1,77,-0.05083241522830212,0.07008201738278859,0.012247521116415718
1,78,-0.05068551842330763,0.07032072469090464,0.012327090219121067
1,79,-0.05059370792018607,0.0699412412780022,0.011953727506426735
1,80,-0.050648794222059,0.0702411555881993,0.01233321091932917
1,81,-0.05076508752601298,0.07003305178112376,0.012529073325988493
1,82,-0.05055086301872934,0.07022279348757497,0.012926918839515241
1,83,-0.050710001224140044,0.07001468968049945,0.011549761292691883
1,84,-0.05057534581956176,0.07014934508507772,0.012223038315583303
1,85,-0.050673277022891414,0.07017994858611826,0.012529073325988493
1,86,-0.05079569102705349,0.069928999877586,0.012192434814542784
1,87,-0.05061819072101849,0.07011262088382911,0.012504590525156078
1,88,-0.05072836332476436,0.07007589668258049,0.012480107724323663
1,89,-0.05062431142122659,0.06997796547925082,0.012057779409964501
1,90,-0.05062431142122659,0.070106500183621,0.01239441792141021
1,91,-0.05073448402497246,0.070106500183621,0.01246174562369935
1,92,-0.05070388052393193,0.06985555147508875,0.01197821030725915
1,93,-0.05082017382788591,0.0702656383890317,0.01197821030725915
1,94,-0.05084465662871832,0.06995960337862651,0.01233321091932917
1,95,-0.050556983718937444,0.07005141388174807,0.011604847594564819
1,96,-0.05074060472518056,0.06991063777696169,0.012290366017872445
1,97,-0.05066103562247522,0.0702595176888236,0.011384502387073081
1,98,-0.05070388052393193,0.07021667278736687,0.012155710613294162
1,99,-0.05084465662871832,0.07018606928632636,0.012167952013710369
2,0,0.10630432121434692,-0.08865222181417555,0.09394662749418534
2,1,0.10621863141143346,-0.08898886032562126,0.0934202472762884
2,2,0.1057656995960338,-0.0884257559064757,0.09394050679397722
2,3,0.10621863141143346,-0.08880523931937814,0.09394662749418534
2,4,0.10626759701309829,-0.08878687721875382,0.0934018851756641
2,5,0.10612682090831191,-0.08878687721875382,0.09353654058024238
2,6,0.10615130370914432,-0.08874403231729709,0.09321214346921289
2,7,0.10624923491247398,-0.08881136001958624,0.09287550495776717
2,8,0.10631044191455503,-0.08871342881625657,0.09234300403966214
2,9,0.10613294160852,-0.08863385971355123,0.09335291957399926
2,10,0.10615742440935243,-0.0887256702166728,0.09343248867670462
2,11,0.10601052760435795,-0.08898273962541314,0.09256946994736198
2,12,0.10620026931080914,-0.08852980781001346,0.09370179948586119
2,13,0.10629820051413881,-0.08871342881625657,0.09286326355735096
2,14,0.10637776961684417,-0.08827273840127312,0.09392214469335292
2,15,0.10637776961684417,-0.08871342881625657,0.09223283143591628
2,16,0.10616966580976864,-0.08871342881625657,0.09223283143591628
2,17,0.10604725180560656,-0.08899498102582935,0.09395274819439345
2,18,0.10605337250581466,-0.08823601420002448,0.09387317909168809
2,19,0.10603501040519034,-0.08848084220834863,0.09152283021177623
2,20,0.10618190721018486,-0.08884808422083487,0.09261843554902681
2,21,0.10611457950789571,-0.08879299791896192,0.09353041988003427
2,22,0.10603501040519034,-0.08882972212021055,0.09332231607295874
2,23,0.10601664830456606,-0.08846248010772433,0.09199412412780023
2,24,0.10616354510956054,-0.08876851511812951,0.09165136491614641
2,25,0.10618190721018486,-0.08860937691271882,0.09330395397233443
2,26,0.10606561390623089,-0.08850532500918104,0.09318153996817236
2,27,0.1064512180193414,-0.08865222181417555,0.0942098176031338
2,28,0.10626759701309829,-0.088737911617089,0.09398335169543395
2,29,0.10621863141143346,-0.08878075651854572,0.09392214469335292
2,30,0.10616966580976864,-0.08888480842208349,0.09247153874403233
2,31,0.10617578650997675,-0.08883584282041865,0.09327335047129391
2,32,0.10627983841351452,-0.08876239441792141,0.09331007467254254
2,33,0.10627983841351452,-0.08876239441792141,0.09402619659689068
2,34,0.10617578650997675,-0.08878687721875382,0.09402619659689068
2,35,0.10608397600685518,-0.0887501530175052,0.09358550618190721
2,36,0.10632880401517934,-0.08859713551230261,0.09366507528461257
2,37,0.10616354510956054,-0.08883584282041865,0.09343860937691272
2,38,0.10596768270290122,-0.08860937691271882,0.09409352429917983
2,39,0.10629207981393071,-0.0887317909168809,0.09218386583425145
2,40,0.10630432121434692,-0.0884257559064757,0.09310809156567511
2,41,0.10618190721018486,-0.08847472150814054,0.09250214224507283
2,42,0.10629207981393071,-0.0887317909168809,0.09345085077732893
2,43,0.1062859591137226,-0.08856653201126209,0.09395886889460155
2,44,0.10605337250581466,-0.08887256702166728,0.09348757497857754
2,45,0.1059309585016526,-0.08870118741584038,0.09329171257191823
2,46,0.10620026931080914,-0.08882360142000245,0.0924286938425756
2,47,0.10620026931080914,-0.08882360142000245,0.0924286938425756
2,48,0.10606561390623089,-0.08863385971355123,0.09288774635818338
2,49,0.1064512180193414,-0.08894601542416453,0.09367119598482067
2,50,0.10626147631289021,-0.08882360142000245,0.09412412780022035
2,51,0.10623087281184969,-0.08884196352062676,0.09318766066838047
2,52,0.10590647570082017,-0.08886644632145918,0.09396498959480964
2,53,0.10593707920186068,-0.08868894601542417,0.09402007589668257
2,54,0.10621863141143346,-0.08877463581833762,0.09398335169543395
2,55,0.10629820051413881,-0.08879911861917003,0.09382421349002326
2,56,0.10629820051413881,-0.08864610111396744,0.09327947117150201
2,57,0.10640225241767658,-0.08900110172603745,0.09407516219855552
2,58,0.10619414861060106,-0.0889031705227078,0.09327335047129391
2,59,0.10616354510956054,-0.08852368710980536,0.0932366262700453
2,60,0.10644509731913332,-0.08893377402374832,0.0919512792263435
2,61,0.1064206145183009,-0.08885420492104297,0.09173705471905987
2,62,0.1061084588076876,-0.0887501530175052,0.09209205533112988
2,63,0.10605337250581466,-0.08862161831313502,0.09314481576692374
2,64,0.10627983841351452,-0.08854816991063777,0.0938915411923124
2,65,0.10645733871954952,-0.08894601542416453,0.09416697270167708
2,66,0.10599828620394174,-0.08857877341167829,0.09254498714652956
2,67,0.10594932060227691,-0.08892765332354022,0.09361610968294773
2,68,0.10594932060227691,-0.08892765332354022,0.09361610968294773
2,69,0.10622475211164158,-0.08874403231729709,0.09362835108336394
2,70,0.10621251071122537,-0.08878075651854572,0.09285714285714286
2,71,0.10635328681601175,-0.08876239441792141,0.09400171379605828
2,72,0.10609009670706329,-0.08871954951646469,0.09413636920063655
2,73,0.10639613171746846,-0.08879299791896192,0.09403843799730689
2,74,0.10616354510956054,-0.08878687721875382,0.09367731668502877
2,75,0.10605949320602277,-0.08860325621251071,0.09302240176276166
2,76,0.10611457950789571,-0.08844411800710002,0.09313869506671564
2,77,0.10602888970498225,-0.08865834251438365,0.09349981637899377
2,78,0.10622475211164158,-0.08897049822499695,0.09336516097441547
2,79,0.1064328559187171,-0.08912963643040764,0.09390990329293672
2,80,0.10626147631289021,-0.0890684294283266,0.09363447178357204
2,81,0.1064328559187171,-0.08869506671563226,0.09296119476068063
2,82,0.10620639001101725,-0.08887868772187538,0.09270412535194025
2,83,0.10657363202350349,-0.08899498102582935,0.09359774758232342
2,84,0.10657363202350349,-0.08871954951646469,0.0934202472762884
2,85,0.10620026931080914,-0.08871954951646469,0.0934202472762884
2,86,0.10637164891663606,-0.08871342881625657,0.09263679764965112
2,87,0.1064328559187171,-0.08863998041375934,0.09413024850042845
2,88,0.10630432121434692,-0.08884196352062676,0.09394050679397722
2,89,0.10626759701309829,-0.08863998041375934,0.09366507528461257
2,90,0.10614518300893623,-0.08884808422083487,0.09338964377524789
2,91,0.10616966580976864,-0.08877463581833762,0.09184722732280573
2,92,0.10601052760435795,-0.08882360142000245,0.09223895213612437
2,93,0.10616966580976864,-0.08864610111396744,0.09160852001468968
2,94,0.10624311421226589,-0.0887501530175052,0.09365283388419635
2,95,0.10612682090831191,-0.08901334312645368,0.09401395519647447
2,96,0.10637164891663606,-0.0889092912229159,0.09380585138939894
2,97,0.10604725180560656,-0.08868282531521607,0.09394050679397722
2,98,0.10615742440935243,-0.08884808422083487,0.09397111029501774
2,99,0.10632268331497123,-0.08892765332354022,0.09319378136858857
3,0,-0.0946872322193659,-0.040182396866201495,0.0316746235769372
3,1,-0.09468111151915778,-0.04064757008201738,0.031748071979434446
3,2,-0.09449749051291467,-0.040292569469947366,0.031760313379850656
3,3,-0.09446688701187415,-0.04044558697514995,0.031705227077977724
3,4,-0.09457093891541193,-0.04043334557473375,0.03168686497735341
3,5,-0.09456481821520382,-0.040292569469947366,0.03198677928755049
3,6,-0.09466887011874159,-0.04069041498347411,0.031748071979434446
3,7,-0.09463826661770106,-0.04049455257681479,0.0316685028767291
3,8,-0.09456481821520382,-0.04046394907577427,0.031637899375688575
3,9,-0.0946872322193659,-0.04032929367119599,0.03172358917860203
3,10,-0.0946872322193659,-0.04032929367119599,0.031790916880891175
3,11,-0.09469335291957401,-0.04037213857265271,0.031790916880891175
3,12,-0.09443016281062554,-0.040653690782225485,0.03164402007589669
3,13,-0.09465050801811728,-0.04056188027910393,0.03174195127922634
3,14,-0.0946994736197821,-0.040310931570571674,0.0318276410821398
3,15,-0.09460766311666055,-0.04050067327702289,0.031760313379850656
3,16,-0.09467499081894969,-0.04045782837556616,0.03165626147631289
3,17,-0.09476680132207124,-0.04050679397723099,0.03171746847839393
3,18,-0.09479128412290366,-0.04032929367119599,0.03171746847839393
3,19,-0.09447300771208225,-0.040580242379728244,0.03190108948463704
3,20,-0.09460766311666055,-0.04039050067327703,0.03198677928755049
3,21,-0.09459542171624434,-0.04037213857265271,0.031509364671318395
3,22,-0.09439955930958502,-0.04020687966703391,0.031772554780266866
3,23,-0.09456481821520382,-0.040384379973068915,0.031662382176520995
3,24,-0.09459542171624434,-0.04049455257681479,0.03175419267964255
3,25,-0.09450361121312278,-0.040023258660790796,0.031864365283388416
3,26,-0.09476680132207124,-0.04080058758721998,0.03172358917860203
3,27,-0.09435671440812829,-0.04054963887868772,0.031907210184845144
3,28,-0.09435671440812829,-0.04054963887868772,0.031907210184845144
3,29,-0.0945280940139552,-0.04023136246786632,0.031864365283388416
3,30,-0.09457705961562003,-0.04057412167952014,0.032005141388174806
3,31,-0.09476068062186313,-0.0405190353776472,0.031619537275064266
3,32,-0.09450973191333088,-0.04033541437140409,0.03191333088505325
3,33,-0.09455869751499571,-0.040525156077855305,0.03172970987881014
3,34,-0.09465050801811728,-0.04032317297098788,0.031888848084220836
3,35,-0.09482188762394418,-0.04021912106745011,0.03161341657485616
3,36,-0.09438119720896071,-0.04021912106745011,0.03176643408005876
3,37,-0.09450973191333088,-0.04024972456849064,0.03190108948463704
3,38,-0.09465050801811728,-0.04037825927286082,0.031735830579018236
3,39,-0.09477292202227935,-0.040298690170155464,0.03168686497735341
3,40,-0.09450973191333088,-0.040182396866201495,0.03171746847839393
3,41,-0.09444852491124985,-0.04049455257681479,0.031564450973191334
3,42,-0.09457705961562003,-0.04060472518056066,0.03159505447423185
3,43,-0.09457705961562003,-0.04060472518056066,0.03159505447423185
3,44,-0.09460766311666055,-0.0403537764720284,0.032176520994001714
3,45,-0.0943934386093769,-0.0403537764720284,0.03171746847839393
3,46,-0.09467499081894969,-0.04033541437140409,0.031631778675480476
3,47,-0.09460766311666055,-0.04028644876973926,0.031931692985677565
3,48,-0.09457093891541193,-0.04037213857265271,0.0316746235769372
3,49,-0.0945342147141633,-0.040910760190965845,0.03181539968172359
3,50,-0.09435059370792018,-0.0403598971722365,0.03184600318276411
3,51,-0.09455257681478761,-0.0403476557718203,0.03179703758109928
3,52,-0.0946872322193659,-0.040537397478271515,0.03169910637776961
3,53,-0.09446688701187415,-0.04063532868160118,0.031509364671318395
3,54,-0.09446688701187415,-0.04050679397723099,0.031637899375688575
3,55,-0.09450973191333088,-0.04040274207369323,0.031650140776104785
3,56,-0.09457093891541193,-0.04048843187660668,0.03172970987881014
3,57,-0.0945464561145795,-0.0403537764720284,0.0318276410821398
3,58,-0.09461990451707676,-0.04058636307993634,0.031748071979434446
3,59,-0.09473619782103072,-0.040568000979312034,0.031435916268821154
3,60,-0.09442404211041742,-0.04084955318888481,0.03180315828130738
3,61,-0.09433223160729588,-0.0403537764720284,0.031491002570694086
3,62,-0.09433223160729588,-0.0405190353776472,0.0316746235769372
3,63,-0.09448524911249848,-0.0405190353776472,0.03191333088505325
3,64,-0.09476068062186313,-0.04045782837556616,0.03191333088505325
3,65,-0.09443016281062554,-0.04056188027910393,0.03171746847839393
3,66,-0.09443016281062554,-0.04047619047619048,0.03191333088505325
3,67,-0.09425266250459052,-0.04050067327702289,0.03187048598359653
3,68,-0.09431386950667156,-0.04054963887868772,0.03160117517443996
3,69,-0.09452197331374709,-0.04042110417431754,0.03178479618068307
3,70,-0.09456481821520382,-0.04023136246786632,0.03176643408005876
3,71,-0.09452197331374709,-0.040439466274941854,0.031692985677561514
3,72,-0.0946872322193659,-0.04055575957889583,0.031692985677561514
3,73,-0.09448524911249848,-0.04032929367119599,0.03157057167339944
3,74,-0.0943689558085445,-0.040537397478271515,0.031552209572775124
3,75,-0.09466274941853348,-0.04026196596890684,0.03179703758109928
3,76,-0.09460766311666055,-0.0405190353776472,0.031650140776104785
3,77,-0.09472395642061451,-0.040310931570571674,0.03159505447423185
3,78,-0.09457705961562003,-0.04049455257681479,0.031778675480474965
3,79,-0.09463214591749296,-0.04041498347410944,0.03180927898151549
3,80,-0.0945342147141633,-0.04043334557473375,0.03187048598359653
3,81,-0.09450361121312278,-0.040751621985555146,0.03178479618068307
3,82,-0.09450361121312278,-0.040751621985555146,0.03178479618068307
3,83,-0.09475455992165503,-0.04047619047619048,0.03181539968172359
3,84,-0.09444240421104175,-0.04021912106745011,0.031919451585261355
3,85,-0.09460154241645244,-0.04064757008201738,0.031931692985677565
3,86,-0.09451585261353898,-0.04037825927286082,0.03179703758109928
3,87,-0.09472395642061451,-0.040653690782225485,0.03180927898151549
3,88,-0.09450973191333088,-0.04036601787244461,0.03160729587464806
3,89,-0.09449136981270657,-0.040537397478271515,0.03180927898151549
3,90,-0.09452197331374709,-0.04034153507161219,0.03152160607173461
3,91,-0.09451585261353898,-0.04053127677806341,0.03190108948463704
3,92,-0.09479128412290366,-0.04026196596890684,0.03161341657485616
3,93,-0.09464438731790917,-0.0405190353776472,0.03171134777818582
3,94,-0.09450361121312278,-0.04040274207369323,0.03172358917860203
3,95,-0.09461990451707676,-0.04049455257681479,0.03171134777818582
3,96,-0.09481576692373608,-0.0403537764720284,0.03193781368588566
3,97,-0.09465662871832538,-0.04024360386828253,0.031748071979434446
3,98,-0.09456481821520382,-0.04048843187660668,0.031637899375688575
3,99,-0.09471783572040642,-0.04034153507161219,0.0315154853715265
