values,,Magnetometer,Magnetometer,Magnetometer
axis,,x,y,z
Sensor,Sample,,,
0,0,0.04898396376545477,0.07125107112253641,0.03768515118129514
0,1,0.04880034275921165,0.07136124372628229,0.03755049577671686
0,2,0.049014567266495286,0.07131227812461746,0.03717101236381442
0,3,0.049014567266495286,0.07131227812461746,0.03717101236381442
0,4,0.048947239564206144,0.07147753703023627,0.037379116170889945
0,5,0.04883706696046028,0.07132451952503366,0.03758109927775737
0,6,0.04883706696046028,0.07132451952503366,0.03758109927775737
0,7,0.04906353286816012,0.07149589913086057,0.03752601297588444
0,8,0.048818704859835964,0.07114089851879055,0.03779532378504101
0,9,0.048818704859835964,0.07114089851879055,0.03779532378504101
0,10,0.048830946260252174,0.07139796792753092,0.03744032317297098
0,11,0.048904394662749415,0.0712143469212878,0.037379116170889945
0,12,0.048904394662749415,0.0712143469212878,0.037379116170889945
0,13,0.04884930836087649,0.07112253641816624,0.03706696046027665
0,14,0.04910637776961684,0.07111029501775004,0.03724446076631167
0,15,0.04910637776961684,0.07111029501775004,0.03724446076631167
0,16,0.048879911861917,0.07130003672420124,0.037391357571306155
0,17,0.04893499816378994,0.07125719182274452,0.03758109927775737
0,18,0.04900844656628718,0.07142245072836333,0.037672909780878935
0,19,0.04900844656628718,0.07142245072836333,0.037672909780878935
0,20,0.0488737911617089,0.07120210552087158,0.037287305667768396
0,21,0.04876361855796303,0.07109805361733382,0.037403598971722365
0,22,0.04876361855796303,0.07109805361733382,0.037403598971722365
0,23,0.04880034275921165,0.07093279471171501,0.03769739258171135
0,24,0.04895336026441425,0.07111029501775004,0.03748316807442771
0,25,0.04895336026441425,0.07111029501775004,0.03748316807442771
0,26,0.04884930836087649,0.07140408862773902,0.036950667156322684
0,27,0.04875137715754682,0.07144081282898763,0.03736687477047374
0,28,0.04875137715754682,0.07144081282898763,0.03736687477047374
0,29,0.04898396376545477,0.07139796792753092,0.0372995470681846
0,30,0.048818704859835964,0.07126943322316073,0.03759946137838169
0,31,0.048818704859835964,0.07126943322316073,0.03759946137838169
0,32,0.048818704859835964,0.07118986412045539,0.037715754682335664
0,33,0.04911249846982495,0.07130003672420124,0.03752601297588444
0,34,0.04911249846982495,0.07130003672420124,0.03752601297588444
0,35,0.04880646345941976,0.0710613294160852,0.03777084098420859
0,36,0.048971722365038564,0.07122046762149589,0.03731178846860081
0,37,0.048971722365038564,0.07122046762149589,0.03887868772187538
0,38,0.04884930836087649,0.07115313991920676,0.03763618557963031
0,39,0.04894111886399804,0.07123270902191212,0.03734851266984943
0,40,0.048904394662749415,0.07110417431754193,0.03753825437630065
0,41,0.048904394662749415,0.07110417431754193,0.03753825437630065
0,42,0.048886032562125106,0.07123270902191212,0.037605582078589786
0,43,0.04912473987024116,0.07102460521483658,0.037379116170889945
0,44,0.04912473987024116,0.07102460521483658,0.037379116170889945
0,45,0.04885542906108459,0.07125719182274452,0.03709756396131718
0,46,0.04896560166483045,0.07113477781858245,0.037391357571306155
0,47,0.04896560166483045,0.07113477781858245,0.037391357571306155
0,48,0.04916758477169788,0.07122046762149589,0.03758721997796548
0,49,0.048928877463581835,0.07136736442649039,0.037134288162565796
0,50,0.048928877463581835,0.07136736442649039,0.037134288162565796
0,51,0.04910637776961684,0.0713857265271147,0.0377830823846248
0,52,0.04906965356836822,0.07116538131962297,0.037672909780878935
0,53,0.04892275676337373,0.0712082262210797,0.03724446076631167
0,54,0.04884318766066838,0.07115926061941487,0.03731178846860081
0,55,0.04884318766066838,0.07124495042232831,0.03725058146651977
0,56,0.0487146529562982,0.07108581221691761,0.03708532256090097
0,57,0.048879911861917,0.07099400171379606,0.03791161708899498
0,58,0.04894111886399804,0.07134288162565797,0.037379116170889945
0,59,0.048898273962541317,0.07108581221691761,0.03707920186069286
0,60,0.04884930836087649,0.07128167462357694,0.03736687477047374
0,61,0.048971722365038564,0.07114701921899866,0.037146529562982006
0,62,0.0487085322560901,0.07125719182274452,0.03717101236381442
0,63,0.04884318766066838,0.07114089851879055,0.036920063655282165
0,64,0.04884318766066838,0.07114089851879055,0.03722609866568736
0,65,0.048788101358795445,0.07120210552087158,0.03722609866568736
0,66,0.04913698127065737,0.07128779532378504,0.037434202472762884
0,67,0.049014567266495286,0.07108581221691761,0.037146529562982006
0,68,0.04876361855796303,0.07098788101358795,0.03749540947484392
0,69,0.04893499816378994,0.07118986412045539,0.03725670216672787
0,70,0.04880034275921165,0.07109193291712572,0.037434202472762884
0,71,0.048959480964622354,0.07118374342024728,0.037660668380462725
0,72,0.04902068796670339,0.07111029501775004,0.03747704737421961
0,73,0.04884318766066838,0.0712082262210797,0.03766678908067082
0,74,0.04906965356836822,0.0713857265271147,0.03721385726527115
0,75,0.048959480964622354,0.07104908801566899,0.03763618557963031
0,76,0.04908189496878443,0.07141633002815521,0.03748928877463582
0,77,0.04879422205900355,0.0712082262210797,0.03755049577671686
0,78,0.048757497857754926,0.07123882972212021,0.03747092667401151
0,79,0.048757497857754926,0.07127555392336883,0.037434202472762884
0,80,0.04883706696046028,0.07127555392336883,0.037434202472762884
0,81,0.04898396376545477,0.07109805361733382,0.037403598971722365
0,82,0.04898396376545477,0.0713796058269066,0.03758721997796548
0,83,0.049045170767535805,0.07144081282898763,0.03753825437630065
0,84,0.0488737911617089,0.07109805361733382,0.03751377157546824
0,85,0.048904394662749415,0.07117762272003916,0.03706696046027665
0,86,0.04882482556004407,0.07139184722732281,0.03764230627983841
0,87,0.048904394662749415,0.07107357081650141,0.03770963398212755
0,88,0.048830946260252174,0.07125719182274452,0.0368098910515363
0,89,0.04884318766066838,0.07111641571795814,0.037648426980046515
0,90,0.048971722365038564,0.07130003672420124,0.0374648059738034
0,91,0.048971722365038564,0.07128779532378504,0.0377830823846248
0,92,0.04869629085567389,0.07128779532378504,0.0377830823846248
0,93,0.04876361855796303,0.07126331252295262,0.03748928877463582
0,94,0.049002325866079076,0.07133064022524177,0.03769739258171135
0,95,0.0490329293671196,0.07098788101358795,0.037715754682335664
0,96,0.04860448035255233,0.07118986412045539,0.037275064267352186
0,97,0.048928877463581835,0.07111029501775004,0.03734851266984943
0,98,0.04909413636920064,0.0713796058269066,0.037146529562982006
0,99,0.048886032562125106,0.07106745011629331,0.03748928877463582
1,0,-0.06266984943077489,0.06467131839882483,0.030260741828865224
1,1,-0.0627065736320235,0.06448769739258171,0.03014444852491125
1,2,-0.0627065736320235,0.06448769739258171,0.03014444852491125
1,3,-0.06281674623576937,0.0644570938915412,0.030395397233443505
1,4,-0.0626943322316073,0.06448157669237362,0.030028155220957274
1,5,-0.0626943322316073,0.06448157669237362,0.030028155220957274
1,6,-0.06267597013098299,0.06484881870485984,0.030334190231362468
1,7,-0.06289631533847471,0.06461011139674379,0.030101603623454525
1,8,-0.06289631533847471,0.06461011139674379,0.030426000734484027
1,9,-0.06287795323785042,0.0647692496021545,0.030426000734484027
1,10,-0.06260252172848574,0.06442036969029256,0.030083241522830213
1,11,-0.06282898763618558,0.06466519769861671,0.030438242134900234
1,12,-0.06282898763618558,0.06466519769861671,0.030438242134900234
1,13,-0.06282898763618558,0.06469580119965725,0.02999755171991676
1,14,-0.06296976374097196,0.06466519769861671,0.03013220712449504
1,15,-0.06296976374097196,0.06466519769861671,0.03013220712449504
1,16,-0.0628595911372261,0.06468968049944913,0.030536173338229895
1,17,-0.0626882115313992,0.06439588688946016,0.030315828130738152
1,18,-0.0626882115313992,0.06439588688946016,0.030315828130738152
1,19,-0.06273105643285591,0.06503243971110295,0.03005263802178969
1,20,-0.06259640102827764,0.06449381809278981,0.02994858611825193
1,21,-0.06259640102827764,0.06449381809278981,0.02994858611825193
1,22,-0.06272493573264781,0.06483045660423552,0.030407638633859712
1,23,-0.06266372873056678,0.06470804260007344,0.029924103317419515
1,24,-0.06273105643285591,0.06451830089362223,0.030377035132819197
1,25,-0.06273105643285591,0.06451830089362223,0.030377035132819197
1,26,-0.06273717713306402,0.06465295629820052,0.030150569225119356
1,27,-0.06278614273472885,0.06456114579507896,0.030511690537397478
1,28,-0.06278614273472885,0.06456114579507896,0.030511690537397478
1,29,-0.06280450483535317,0.06488554290610846,0.029526257803892765
1,30,-0.06292079813930714,0.06467131839882483,0.030407638633859712
1,31,-0.06292079813930714,0.06467131839882483,0.030407638633859712
1,32,-0.062853470437018,0.06473864610111398,0.02996082751866814
1,33,-0.06249846982494798,0.06443873179091689,0.0307014322438487
1,34,-0.06293916023993144,0.06470804260007344,0.030493328436773166
1,35,-0.06293916023993144,0.06470804260007344,0.030493328436773166
1,36,-0.06298200514138817,0.06455502509487085,0.029881258415962786
1,37,-0.06265760803035866,0.0647937324029869,0.030407638633859712
1,38,-0.06265760803035866,0.0647937324029869,0.030407638633859712
1,39,-0.06263924592973437,0.06450605949320602,0.030236259028032807
1,40,-0.0627065736320235,0.06470192189986534,0.03049944913698127
1,41,-0.0627065736320235,0.06470192189986534,0.03049944913698127
1,42,-0.06282898763618558,0.0646284734973681,0.030328069531154363
1,43,-0.0626882115313992,0.06465295629820052,0.02999755171991676
1,44,-0.0626882115313992,0.06465295629820052,0.02999755171991676
1,45,-0.0626882115313992,0.06467743909903292,0.02940384379973069
1,46,-0.06298200514138817,0.06457338719549517,0.029746603011384504
1,47,-0.06298200514138817,0.06472640470069776,0.029611947606806216
1,48,-0.06291467743909904,0.06472640470069776,0.029611947606806216
1,49,-0.06280450483535317,0.0644570938915412,0.03004651732158159
1,50,-0.06263924592973437,0.0649589913086057,0.029318153996817236
1,51,-0.0628595911372261,0.06461011139674379,0.029881258415962786
1,52,-0.062473987024115565,0.06457338719549517,0.029636430407638636
1,53,-0.06278614273472885,0.06473252540090586,0.03008936222303831
1,54,-0.06274329783327212,0.06461623209695189,0.030058758721997796
1,55,-0.06278002203452074,0.06490390500673276,0.029838413514506057
1,56,-0.06266984943077489,0.06486106010527605,0.029746603011384504
1,57,-0.06266984943077489,0.06486106010527605,0.029654792508262945
1,58,-0.06257191822744522,0.06465295629820052,0.029654792508262945
1,59,-0.06273105643285591,0.06449381809278981,0.029477292202227934
1,60,-0.06274329783327212,0.06455502509487085,0.02962418900722243
1,61,-0.06268209083119108,0.06468968049944913,0.03018117272615987
1,62,-0.06282898763618558,0.06460399069653569,0.030040396621373484
1,63,-0.06266984943077489,0.0646284734973681,0.029856775615130372
1,64,-0.06287183253764231,0.06446933529195739,0.029611947606806216
1,65,-0.062394417921410206,0.06451830089362223,0.02966091320847105
1,66,-0.06278002203452074,0.06457950789570327,0.02962418900722243
1,67,-0.06287183253764231,0.06461011139674379,0.029409964499938795
1,68,-0.06263924592973437,0.06461623209695189,0.030034275921165383
1,69,-0.06265148733015057,0.06470192189986534,0.030199534826784186
1,70,-0.06278002203452074,0.06457950789570327,0.03013832782470315
1,71,-0.06280450483535317,0.06474476680132207,0.03041375933406782
1,72,-0.06265148733015057,0.06472028400048965,0.03062798384135145
1,73,-0.06294528094013954,0.06455502509487085,0.03065246664218387
1,74,-0.06266372873056678,0.0644570938915412,0.030634104541559553
1,75,-0.06266372873056678,0.0644570938915412,0.03013832782470315
1,76,-0.06276165993389644,0.06435304198800343,0.03013832782470315
1,77,-0.06292079813930714,0.06487330150569225,0.030762639245929736
1,78,-0.06279838413514506,0.06482433590402742,0.03009548292324642
1,79,-0.06273717713306402,0.06460399069653569,0.030254621128657115
1,80,-0.06281062553556127,0.06470804260007344,0.02982617211408985
1,81,-0.06284734973680989,0.06458562859591137,0.0302301383278247
1,82,-0.06278614273472885,0.06472640470069776,0.029862896315338477
1,83,-0.06274329783327212,0.0644632145917493,0.030285224629697637
1,84,-0.06273717713306402,0.06475700820173827,0.03032194883094626
1,85,-0.06301260864242869,0.0649406292079814,0.030493328436773166
1,86,-0.06272493573264781,0.06441424899008447,0.030530052638021787
1,87,-0.06266984943077489,0.06468355979924104,0.030511690537397478
1,88,-0.06254743542661281,0.0646345941975762,0.03068919084343249
1,89,-0.06305545354388542,0.0644754559921655,0.03059125964010283
1,90,-0.06305545354388542,0.0644754559921655,0.03059125964010283
1,91,-0.06295140164034765,0.06467131839882483,0.030719794344473007
1,92,-0.06290855673889093,0.0644570938915412,0.030389276533235404
1,93,-0.06290855673889093,0.06453054229403844,0.030328069531154363
1,94,-0.06280450483535317,0.06461011139674379,0.030377035132819197
1,95,-0.06263924592973437,0.0649589913086057,0.03009548292324642
1,96,-0.06276778063410454,0.06470804260007344,0.030236259028032807
1,97,-0.06266372873056678,0.06451830089362223,0.030346431631778675
1,98,-0.06278614273472885,0.06462235279716,0.0302240176276166
1,99,-0.06264536662994247,0.06460399069653569,0.03024237972824091
2,0,0.06373485126698494,-0.07051658709756396,0.04714163300281552
2,1,0.06373485126698494,-0.07051658709756396,0.04714163300281552
2,2,0.06346554045782837,-0.07052882849798017,0.045911372260986655
2,3,0.06407761047863876,-0.07038193169298568,0.047649651120088135
2,4,0.06407761047863876,-0.07038193169298568,0.047649651120088135
2,5,0.06347778185824458,-0.0702717590892398,0.04761292691883952
2,6,0.06406536907822255,-0.07044313869506671,0.046909046394907575
2,7,0.0638205410698984,-0.07070020810380707,0.046639735585751005
2,8,0.0638205410698984,-0.07070020810380707,0.046639735585751005
2,9,0.06360019586240666,-0.07033908679152895,0.04752723711592606
2,10,0.06386338597135513,-0.0705839147998531,0.04578895825682458
2,11,0.06386338597135513,-0.0705839147998531,0.04578895825682458
2,12,0.06380829966948219,-0.07066348390255846,0.047190598604480355
2,13,0.06370424776594442,-0.0707491737054719,0.04690292569469947
2,14,0.06370424776594442,-0.0707491737054719,0.04690292569469947
2,15,0.0638511445709389,-0.07065736320235036,0.04725792630676949
2,16,0.06393071367364427,-0.07071857020443138,0.04768637532133676
2,17,0.06393071367364427,-0.07071857020443138,0.04768637532133676
2,18,0.06388174807197944,-0.07054719059860448,0.04754559921655037
2,19,0.06371036846615252,-0.07069408740359898,0.04600930346431632
2,20,0.06371036846615252,-0.0691271881503244,0.04701309829844534
2,21,0.0638511445709389,-0.07039417309340189,0.04701309829844534
2,22,0.06363692006365528,-0.07077365650630432,0.047306891908434325
2,23,0.0636552821642796,-0.07063900110172604,0.047178357204064145
2,24,0.0636552821642796,-0.07063900110172604,0.047178357204064145
2,25,0.06383890317052271,-0.07022279348757497,0.04773534092300159
2,26,0.06401640347655771,-0.07044925939527483,0.046021544864732526
2,27,0.06401640347655771,-0.07044925939527483,0.046021544864732526
2,28,0.06397355857510098,-0.07054106989839638,0.04748439221446933
2,29,0.0638511445709389,-0.07063288040151794,0.04754559921655037
2,30,0.0638511445709389,-0.07063288040151794,0.04754559921655037
2,31,0.06378993756885788,-0.07048598359652344,0.047447668013220715
2,32,0.06353898886032562,-0.07066960460276656,0.04707430530052638
2,33,0.06353898886032562,-0.07066960460276656,0.04707430530052638
2,34,0.06364916146407149,-0.07052270779777206,0.0475884441180071
2,35,0.06381442036969029,-0.07052882849798017,0.04763740971967193
2,36,0.06385726527114702,-0.0706022769004774,0.04706818460031827
2,37,0.06385726527114702,-0.0706022769004774,0.04706818460031827
2,38,0.06366752356469581,-0.07054719059860448,0.04671930468845636
2,39,0.0639857999755172,-0.07032072469090464,0.04762516831925572
2,40,0.0639857999755172,-0.07032072469090464,0.04762516831925572
2,41,0.06371648916636063,-0.0702533969886155,0.046535683682213246
2,42,0.06402864487697393,-0.07083486350838536,0.04752723711592606
2,43,0.06402864487697393,-0.07083486350838536,0.04752723711592606
2,44,0.06371036846615252,-0.07069408740359898,0.04768025462112866
2,45,0.06371036846615252,-0.0707308116048476,0.047563961317174684
2,46,0.06371036846615252,-0.0707308116048476,0.047563961317174684
2,47,0.06393683437385236,-0.07064512180193414,0.04659689068429428
2,48,0.06371036846615252,-0.07011874158403722,0.046707063288040154
2,49,0.06371036846615252,-0.07032684539111275,0.0469457705961562
2,50,0.06371036846615252,-0.07032684539111275,0.0469457705961562
2,51,0.06379605826906598,-0.07070020810380707,0.04649895948096462
2,52,0.06374709266740115,-0.07070632880401519,0.047606806218631406
2,53,0.06380829966948219,-0.07056555269922879,0.04725180560656139
2,54,0.06363079936344718,-0.07088994981025828,0.04772309952258538
2,55,0.06384502387073081,-0.07031460399069653,0.04749663361488554
2,56,0.06372260986656873,-0.07050434569714775,0.04685396009303464
2,57,0.06386338597135513,-0.07066348390255846,0.047521116415717955
2,58,0.06380829966948219,-0.07087158770963399,0.04721508140531277
2,59,0.063679764965112,-0.07035132819194516,0.047606806218631406
2,60,0.063679764965112,-0.07033908679152895,0.04675602888970498
2,61,0.06369200636552821,-0.07063900110172604,0.04591749296119476
2,62,0.06362467866323908,-0.07049822499693965,0.046976374097196724
2,63,0.06372873056677683,-0.07035132819194516,0.04762516831925572
2,64,0.06369812706573633,-0.07036356959236137,0.047178357204064145
2,65,0.06389398947239563,-0.07065736320235036,0.047619047619047616
2,66,0.06389398947239563,-0.07065736320235036,0.047619047619047616
2,67,0.06378381686864978,-0.07072469090463948,0.047276288407393806
2,68,0.06376545476802546,-0.07038805239319378,0.04684783939282654
2,69,0.06372873056677683,-0.07022891418778308,0.047649651120088135
2,70,0.06360631656261476,-0.0702717590892398,0.047153874403231724
2,71,0.06377769616844167,-0.07035744889215326,0.047563961317174684
2,72,0.0638266617701065,-0.07068796670339086,0.04741094381197209
2,73,0.06381442036969029,-0.0705716733994369,0.04750275431509365
2,74,0.06383278247031461,-0.07029012118986412,0.04751499571550986
2,75,0.06393683437385236,-0.07047374219610723,0.047692496021544864
2,76,0.06387562737177133,-0.07021055208715878,0.04761292691883952
2,77,0.0639919206757253,-0.07032072469090464,0.04772309952258538
2,78,0.06389398947239563,-0.07041865589423431,0.04771085812216917
2,79,0.06393071367364427,-0.0702717590892398,0.04776594442404211
2,80,0.06386338597135513,-0.07055331129881258,0.04768025462112866
2,81,0.06369200636552821,-0.07029624189007222,0.04763128901946383
2,82,0.06374097196719306,-0.07063288040151794,0.04685396009303464
2,83,0.06374097196719306,-0.07063288040151794,0.04842085934630922
2,84,0.06369200636552821,-0.07032072469090464,0.047429305912596406
2,85,0.06369812706573633,-0.07036356959236137,0.04692740849553189
2,86,0.06379605826906598,-0.07062063900110173,0.04730077120822622
2,87,0.06358183376178235,-0.07044313869506671,0.04754559921655037
2,88,0.06413881748071978,-0.07054719059860448,0.04592973436161097
2,89,0.06376545476802546,-0.07055331129881258,0.0475884441180071
2,90,0.06394295507406048,-0.0706022769004774,0.046780511690537395
2,91,0.0638266617701065,-0.0704308972946505,0.04680499449136981
2,92,0.06347778185824458,-0.07051046639735585,0.04763740971967193
2,93,0.06374709266740115,-0.07070632880401519,0.046462235279716005
2,94,0.06388786877218754,-0.07050434569714775,0.04734973680989105
2,95,0.06405924837801444,-0.07055331129881258,0.047404823111763986
2,96,0.06353898886032562,-0.07022891418778308,0.04615620026931081
2,97,0.06353898886032562,-0.07022891418778308,0.04615620026931081
2,98,0.0639919206757253,-0.07051046639735585,0.047716978822377284
2,99,0.06385726527114702,-0.07045538009548293,0.047190598604480355
3,0,-0.06443261109070877,-0.03821153139919207,0.01586485493940507
3,1,-0.06468355979924104,-0.038131962296486716,0.01565675113232954
3,2,-0.06468968049944913,-0.03807687599461378,0.015840372138572652
3,3,-0.06468968049944913,-0.03807687599461378,0.015840372138572652
3,4,-0.06470804260007344,-0.03811360019586241,0.015987268943567143
3,5,-0.06456726649528706,-0.03807075529440568,0.015926061941486106
3,6,-0.06456726649528706,-0.03807075529440568,0.015797527237115926
3,7,-0.06464071489778431,-0.038144203696902926,0.015797527237115926
3,8,-0.06455502509487085,-0.037887134288162566,0.015766923736075408
3,9,-0.0646345941975762,-0.038162565797527234,0.015668992532745746
3,10,-0.0646345941975762,-0.038162565797527234,0.015668992532745746
3,11,-0.06467131839882483,-0.0382543763006488,0.01590157914065369
3,12,-0.06456726649528706,-0.038027910392948956,0.01601175174439956
3,13,-0.06456726649528706,-0.038027910392948956,0.01601175174439956
3,14,-0.0644570938915412,-0.03820541069898396,0.01572407883461868
3,15,-0.06477537030236259,-0.03813808299669482,0.015779165136491614
3,16,-0.06477537030236259,-0.03813808299669482,0.015779165136491614
3,17,-0.06467131839882483,-0.03800342759211654,0.015779165136491614
3,18,-0.06462235279716,-0.038346186803770346,0.016005631044191455
3,19,-0.06462235279716,-0.038346186803770346,0.016005631044191455
3,20,-0.0644754559921655,-0.0382543763006488,0.016005631044191455
3,21,-0.06478149100257069,-0.03824213490023259,0.015797527237115926
3,22,-0.06469580119965725,-0.03800342759211654,0.016017872444607666
3,23,-0.06469580119965725,-0.03800342759211654,0.016017872444607666
3,24,-0.06460399069653569,-0.03827885910148121,0.015650630432121435
3,25,-0.0644570938915412,-0.03838291100501897,0.015926061941486106
3,26,-0.0644570938915412,-0.03838291100501897,0.015926061941486106
3,27,-0.0644570938915412,-0.03799730689190843,0.015852613538988862
3,28,-0.06448157669237362,-0.038034031093157054,0.01614028644876974
3,29,-0.06448157669237362,-0.038034031093157054,0.01614028644876974
3,30,-0.06445097319133308,-0.037929979189619295,0.015907699840861794
3,31,-0.0646284734973681,-0.03792385848941119,0.015748561635451096
3,32,-0.0646284734973681,-0.03806463459419758,0.015889337740237482
3,33,-0.06452442159383034,-0.03806463459419758,0.015889337740237482
3,34,-0.06465295629820052,-0.038272738401273106,0.01595054474231852
3,35,-0.06470192189986534,-0.03780756518545721,0.015509854327335046
3,36,-0.06470192189986534,-0.03780756518545721,0.015509854327335046
3,37,-0.0647876117027788,-0.03785041008691394,0.0154364059248378
3,38,-0.06459786999632758,-0.0381013587954462,0.015564940629207982
3,39,-0.06459786999632758,-0.0381013587954462,0.015564940629207982
3,40,-0.06436528338841964,-0.038162565797527234,0.01601175174439956
3,41,-0.06442649039050066,-0.038156445097319136,0.01574244093524299
3,42,-0.06442649039050066,-0.038156445097319136,0.01574244093524299
3,43,-0.06467131839882483,-0.038131962296486716,0.015797527237115926
3,44,-0.06457950789570327,-0.03832170400293793,0.016017872444607666
3,45,-0.06457950789570327,-0.03832170400293793,0.01604235524544008
3,46,-0.0646284734973681,-0.03809523809523809,0.01604235524544008
3,47,-0.06457950789570327,-0.038046272493573265,0.015705716733994367
3,48,-0.06454278369445464,-0.03829722120210552,0.015760803035867306
3,49,-0.06454278369445464,-0.03829722120210552,0.015760803035867306
3,50,-0.0644570938915412,-0.038174807197943444,0.01598114824335904
3,51,-0.06451218019341412,-0.03820541069898396,0.015699596033786265
3,52,-0.0644754559921655,-0.038174807197943444,0.01617701065001836
3,53,-0.06449993879299792,-0.038266617701065,0.01587097563961317
3,54,-0.06466519769861671,-0.038315583302729835,0.015987268943567143
3,55,-0.06442649039050066,-0.03798506549149223,0.015907699840861794
3,56,-0.06444485249112498,-0.037917737789203085,0.016017872444607666
3,57,-0.06462235279716,-0.03819316929856776,0.01595054474231852
3,58,-0.06466519769861671,-0.038162565797527234,0.01587097563961317
3,59,-0.06461623209695189,-0.03793609988982739,0.01580364793732403
3,60,-0.06457338719549517,-0.038229893499816384,0.01595054474231852
3,61,-0.0646284734973681,-0.037960582690659814,0.015601664830456604
3,62,-0.06470192189986534,-0.037948341290243603,0.01583425143836455
3,63,-0.06456114579507896,-0.0381013587954462,0.01590157914065369
3,64,-0.06456114579507896,-0.0381013587954462,0.01590157914065369
3,65,-0.06453054229403844,-0.03836454890439466,0.015889337740237482
3,66,-0.06453054229403844,-0.0382543763006488,0.016030113845023872
3,67,-0.06435304198800343,-0.03811360019586241,0.01580364793732403
3,68,-0.06442649039050066,-0.03820541069898396,0.015809768637532133
3,69,-0.06449993879299792,-0.038266617701065,0.01590157914065369
3,70,-0.06454278369445464,-0.03785653078712205,0.01587097563961317
3,71,-0.06449381809278981,-0.03807687599461378,0.015748561635451096
3,72,-0.06460399069653569,-0.038027910392948956,0.01565675113232954
3,73,-0.06465295629820052,-0.03821765209940017,0.0159138205410699
3,74,-0.06454278369445464,-0.038156445097319136,0.01587097563961317
3,75,-0.06461011139674379,-0.038089117395029994,0.015638389031705228
3,76,-0.06458562859591137,-0.03813808299669482,0.01588321704002938
3,77,-0.06464071489778431,-0.037960582690659814,0.01609132084710491
3,78,-0.06432855918717101,-0.03799730689190843,0.015613906230872813
3,79,-0.06451218019341412,-0.03827885910148121,0.01578528583669972
3,80,-0.06470192189986534,-0.038034031093157054,0.015975027543150937
3,81,-0.06448769739258171,-0.037942220590035505,0.016017872444607666
3,82,-0.06448769739258171,-0.037942220590035505,0.016017872444607666
3,83,-0.064799853103195,-0.038131962296486716,0.016305545354388544
3,84,-0.06453666299424654,-0.038144203696902926,0.01590157914065369
3,85,-0.06452442159383034,-0.03829110050189742,0.015919941241278
3,86,-0.06468968049944913,-0.03795446199045171,0.01587097563961317
3,87,-0.0644632145917493,-0.03836454890439466,0.01568735463337006
3,88,-0.06472640470069776,-0.038168686497735346,0.015846492838780757
3,89,-0.06438976618925205,-0.03837679030481087,0.015705716733994367
3,90,-0.06462235279716,-0.03832170400293793,0.01595054474231852
3,91,-0.06465907699840862,-0.03773411678295997,0.015668992532745746
3,92,-0.06443873179091689,-0.03823601420002448,0.015938303341902313
3,93,-0.06456114579507896,-0.03830946260252173,0.015815889337740238
3,94,-0.06444485249112498,-0.03813808299669482,0.015717958134410577
3,95,-0.06464071489778431,-0.03807687599461378,0.01578528583669972
3,96,-0.06464071489778431,-0.03807687599461378,0.015828130738156445
3,97,-0.06472028400048965,-0.03798506549149223,0.015828130738156445
3,98,-0.06465907699840862,-0.03832782470314604,0.016023993144815767
3,99,-0.06465907699840862,-0.03808299669482189,0.015748561635451096
