values,,Magnetometer,Magnetometer,Magnetometer
axis,,x,y,z
Sensor,Sample,,,
0,0,0.03250703880523932,0.07336271269433223,0.008538376790304811
0,1,0.03241522830211776,0.07215693475333577,0.008538376790304811
0,2,0.0324825560044069,0.07194883094626026,0.008807687599461378
0,3,0.03246419390378259,0.0718692618435549,0.008575100991553434
0,4,0.03246419390378259,0.0718692618435549,0.008575100991553434
0,5,0.03246419390378259,0.07193046884563595,0.00858734239196964
0,6,0.03254376300648794,0.07211408985187906,0.00821397967927531
0,7,0.03254376300648794,0.07211408985187906,0.00821397967927531
0,8,0.032519280205655525,0.07197331374709268,0.008354755784061698
0,9,0.032158158893377406,0.07213245195250337,0.008403721385726527
0,10,0.032158158893377406,0.07213245195250337,0.008403721385726527
0,11,0.032617211408985186,0.0718631411433468,0.00800587587219978
0,12,0.0324703146039907,0.07198555514750887,0.008348635083853593
0,13,0.0324703146039907,0.07198555514750887,0.008348635083853593
0,14,0.03248867670461501,0.07197331374709268,0.00845880768759946
0,15,0.03212143469212878,0.07175908923980903,0.007993634471783572
0,16,0.03212143469212878,0.07175908923980903,0.007993634471783572
0,17,0.032433590402742074,0.0718508997429306,0.0082017382788591
0,18,0.03249479740482311,0.07172848573876851,0.008165014077610479
0,19,0.03249479740482311,0.07172848573876851,0.008165014077610479
0,20,0.032519280205655525,0.0718570204431387,0.008269065981148243
0,21,0.03255600440690415,0.07207736565063043,0.008256824580732037
0,22,0.03259884930836088,0.07183865834251438,0.008526135389888603
0,23,0.03259884930836088,0.07183865834251438,0.008526135389888603
0,24,0.03249479740482311,0.07180805484147387,0.008556738890929122
0,25,0.03249479740482311,0.07183253764230628,0.008152772677194272
0,26,0.03249479740482311,0.07183253764230628,0.008152772677194272
0,27,0.03249479740482311,0.07207736565063043,0.008544497490512915
0,28,0.03249479740482311,0.07225486595666544,0.008318031582813074
0,29,0.03249479740482311,0.07225486595666544,0.008318031582813074
0,30,0.032531521606071735,0.07188762394417922,0.008048720773656506
0,31,0.032678418411066223,0.07184477904272249,0.008471049088015669
0,32,0.032678418411066223,0.07184477904272249,0.008471049088015669
0,33,0.03272738401273106,0.07199167584771697,0.00810380707552944
0,34,0.032274452197331376,0.07189986534459543,0.008048720773656506
0,35,0.032274452197331376,0.07189986534459543,0.008048720773656506
0,36,0.03236626270045293,0.07212633125229526,0.007999755171991677
0,37,0.0327947117150202,0.0722059003550006,0.008146651976986167
0,38,0.0327947117150202,0.0722059003550006,0.008146651976986167
0,39,0.032445831803158284,0.07160607173460644,0.008593463092177745
0,40,0.03233565919941241,0.07210796915167095,0.008556738890929122
0,41,0.03233565919941241,0.07210796915167095,0.008556738890929122
0,42,0.03225609009670706,0.07190598604480353,0.008397600685518423
0,43,0.03251315950544743,0.07191822744521972,0.008385359285102216
0,44,0.032433590402742074,0.07176520994001714,0.008109927775737543
0,45,0.032433590402742074,0.07176520994001714,0.008109927775737543
0,46,0.032531521606071735,0.0718815032439711,0.008195617578650997
0,47,0.03235402130003672,0.07194883094626026,0.008177255478026686
0,48,0.03235402130003672,0.07194883094626026,0.008177255478026686
0,49,0.03254988370669605,0.07207736565063043,0.008495531888848084
0,50,0.032531521606071735,0.07183865834251438,0.00821397967927531
0,51,0.032531521606071735,0.07183865834251438,0.00821397967927531
0,52,0.03223772799608275,0.07188762394417922,0.00826294528094014
0,53,0.03250703880523932,0.07180805484147387,0.008581221691761537
0,54,0.03250703880523932,0.07180805484147387,0.008581221691761537
0,55,0.032604970008568976,0.07190598604480353,0.008030358673032196
0,56,0.032531521606071735,0.07199779654792508,0.007889582568245807
0,57,0.032531521606071735,0.07199779654792508,0.007889582568245807
0,58,0.03245807320357449,0.0720345207491737,0.00845880768759946
0,59,0.032421349002325864,0.0718815032439711,0.008379238584894113
0,60,0.032421349002325864,0.0718815032439711,0.008379238584894113
0,61,0.032574366507528464,0.0720100379483413,0.008060962174072714
0,62,0.03266617701065001,0.07182029624189007,0.00844044558697515
0,63,0.03266617701065001,0.07182029624189007,0.008354755784061698
0,64,0.032562125107112254,0.07198555514750887,0.008354755784061698
0,65,0.03249479740482311,0.07177745134043334,0.00797527237115926
0,66,0.032433590402742074,0.0720100379483413,0.00834251438364549
0,67,0.032433590402742074,0.0720100379483413,0.00834251438364549
0,68,0.032574366507528464,0.07195495164646835,0.008434324886767045
0,69,0.032292814297955684,0.07214469335291958,0.008740359897172237
0,70,0.032292814297955684,0.07214469335291958,0.008740359897172237
0,71,0.032678418411066223,0.07204676214958991,0.008415962786142735
0,72,0.03277634961439589,0.07189374464438732,0.008685273595299301
0,73,0.03277634961439589,0.07189374464438732,0.008685273595299301
0,74,0.03228057289753948,0.07197331374709268,0.008507773289264293
0,75,0.0324825560044069,0.0718692618435549,0.008287428081772555
0,76,0.0324825560044069,0.0718692618435549,0.008287428081772555
0,77,0.03252540090586363,0.07189374464438732,0.00856898029134533
0,78,0.03228057289753948,0.0718815032439711,0.008513893989472396
0,79,0.03228057289753948,0.0718815032439711,0.008513893989472396
0,80,0.032574366507528464,0.07188762394417922,0.008287428081772555
0,81,0.0324825560044069,0.07189986534459543,0.008703635695923613
0,82,0.0324825560044069,0.07189986534459543,0.008703635695923613
0,83,0.03226833149712327,0.07172848573876851,0.00823234177989962
0,84,0.03249479740482311,0.0716917615375199,0.008679152895091198
0,85,0.03249479740482311,0.0716917615375199,0.008250703880523933
0,86,0.032433590402742074,0.0718815032439711,0.008250703880523933
0,87,0.03252540090586363,0.07207736565063043,0.008630187293426368
0,88,0.0324764353041988,0.0718692618435549,0.00805484147386461
0,89,0.0324764353041988,0.0718692618435549,0.00805484147386461
0,90,0.03245195250336638,0.07188762394417922,0.008042600073448402
0,91,0.032445831803158284,0.0718692618435549,0.007914065369078222
0,92,0.032445831803158284,0.0718692618435549,0.007914065369078222
0,93,0.03253764230627984,0.07193658954584405,0.008140531276778063
0,94,0.032757987513771576,0.0720100379483413,0.00833027298322928
0,95,0.032757987513771576,0.0720100379483413,0.00833027298322928
0,96,0.03240910760190966,0.07193658954584405,0.008158893377402375
0,97,0.032433590402742074,0.07190598604480353,0.008189496878442894
0,98,0.032433590402742074,0.07190598604480353,0.008189496878442894
0,99,0.03273962541314727,0.07196719304688456,0.008140531276778063
1,0,-0.04845146284734973,0.06690537397478272,0.014144938180927899
1,1,-0.04857999755171992,0.0670522707797772,0.014750887501530174
1,2,-0.04857999755171992,0.0670522707797772,0.014750887501530174
1,3,-0.04846982494797405,0.0670522707797772,0.014591749296119477
1,4,-0.04866568735463337,0.06733994368955809,0.0143101970865467
1,5,-0.04866568735463337,0.06733994368955809,0.0143101970865467
1,6,-0.04872689435671441,0.06700330517811237,0.014432611090708777
1,7,-0.04879422205900355,0.06699106377769617,0.014542783694454645
1,8,-0.04849430774880646,0.06715020198310687,0.013728730566776839
1,9,-0.04849430774880646,0.06715020198310687,0.013728730566776839
1,10,-0.04864120455380096,0.06717468478393929,0.014499938792997918
1,11,-0.0487146529562982,0.06733994368955809,0.013667523564695801
1,12,-0.0487146529562982,0.06733994368955809,0.013667523564695801
1,13,-0.04857999755171992,0.06696046027665566,0.014622352797159996
1,14,-0.04864120455380096,0.06697882237727995,0.014236748684049455
1,15,-0.04864120455380096,0.06697882237727995,0.014236748684049455
1,16,-0.04851266984943077,0.06697270167707185,0.014230627983841351
1,17,-0.04857387685151181,0.06697270167707185,0.013912351573019954
1,18,-0.04857387685151181,0.06697270167707185,0.013912351573019954
1,19,-0.048775859958379235,0.06713796058269066,0.01400416207614151
1,20,-0.04862896315338475,0.06683192557228547,0.01367976496511201
1,21,-0.04839637654547681,0.06709511568123393,0.014230627983841351
1,22,-0.04839637654547681,0.06709511568123393,0.014230627983841351
1,23,-0.04832904884318766,0.06716856408373117,0.013900110172603748
1,24,-0.04862896315338475,0.06718080548414739,0.013900110172603748
1,25,-0.04862896315338475,0.06718080548414739,0.013900110172603748
1,26,-0.048586118251928025,0.06726649528706083,0.014267352185089973
1,27,-0.048543273350471296,0.0670522707797772,0.013710368466152529
1,28,-0.048543273350471296,0.0670522707797772,0.013710368466152529
1,29,-0.048690170155465784,0.06701554657852858,0.013649161464071491
1,30,-0.04873913575713061,0.06715020198310687,0.013759334067817357
1,31,-0.04873913575713061,0.06715020198310687,0.013759334067817357
1,32,-0.048659566654425265,0.06709511568123393,0.014126576080303588
1,33,-0.048414738646101116,0.06701554657852858,0.013459419757620272
1,34,-0.048757497857754926,0.06714408128289875,0.013783816868649773
1,35,-0.048757497857754926,0.06714408128289875,0.013783816868649773
1,36,-0.04849430774880646,0.0670339086791529,0.014120455380095483
1,37,-0.04846982494797405,0.06712571918227446,0.014144938180927899
1,38,-0.04846982494797405,0.06712571918227446,0.014144938180927899
1,39,-0.04850654914922267,0.06697270167707185,0.014047006977598236
1,40,-0.048414738646101116,0.0667217529685396,0.014450973191333089
1,41,-0.048414738646101116,0.0667217529685396,0.014450973191333089
1,42,-0.0485555147508875,0.067040029379361,0.014591749296119477
1,43,-0.04861060105276044,0.06692985677561512,0.014334679887379114
1,44,-0.04861060105276044,0.06692985677561512,0.014334679887379114
1,45,-0.048531031950055085,0.06683804627249358,0.01459786999632758
1,46,-0.048702411555881994,0.06694821887623945,0.014701921899865345
1,47,-0.04850654914922267,0.06730321948830946,0.014248990084465663
1,48,-0.04850654914922267,0.06730321948830946,0.014248990084465663
1,49,-0.04859835965234423,0.0670522707797772,0.014977353409230015
1,50,-0.048445342147141635,0.06697882237727995,0.013949075774268576
1,51,-0.048445342147141635,0.06697882237727995,0.013949075774268576
1,52,-0.048457583547557845,0.06713183988248256,0.014377524788835843
1,53,-0.04856775615130371,0.06691149467499083,0.013649161464071491
1,54,-0.04856775615130371,0.06691149467499083,0.013649161464071491
1,55,-0.048830946260252174,0.0668931325743665,0.014273472885298077
1,56,-0.048402497245684906,0.06685640837311788,0.014377524788835843
1,57,-0.048402497245684906,0.06685640837311788,0.014377524788835843
1,58,-0.04849430774880646,0.06690537397478272,0.014591749296119477
1,59,-0.0488737911617089,0.06700330517811237,0.013808299669482188
1,60,-0.04866568735463337,0.06677683927041253,0.014040886277390132
1,61,-0.04866568735463337,0.06677683927041253,0.014040886277390132
1,62,-0.04862896315338475,0.06711347778185825,0.014034765577182029
1,63,-0.04874525645733872,0.06691761537519893,0.013838903170522707
1,64,-0.04874525645733872,0.06691761537519893,0.013838903170522707
1,65,-0.04874525645733872,0.06694209817603133,0.014022524176765822
1,66,-0.04852491124984698,0.06713183988248256,0.013600195862406659
1,67,-0.04852491124984698,0.06713183988248256,0.013600195862406659
1,68,-0.04845146284734973,0.06697270167707185,0.013655282164279595
1,69,-0.048616721752968536,0.06692985677561512,0.014144938180927899
1,70,-0.048616721752968536,0.06692985677561512,0.014144938180927899
1,71,-0.0487146529562982,0.06692985677561512,0.013893989472395642
1,72,-0.04873301505692251,0.06713796058269066,0.01363079936344718
1,73,-0.04869629085567389,0.06714408128289875,0.014450973191333089
1,74,-0.04869629085567389,0.06714408128289875,0.014450973191333089
1,75,-0.04865344595421716,0.06707063288040152,0.01461011139674379
1,76,-0.048616721752968536,0.0668808911739503,0.014487697392581711
1,77,-0.048616721752968536,0.0668808911739503,0.014487697392581711
1,78,-0.04859223895213612,0.06684416697270168,0.014426490390500674
1,79,-0.04846982494797405,0.06688701187415841,0.014200024482800833
1,80,-0.04846982494797405,0.06688701187415841,0.014200024482800833
1,81,-0.04843922144693353,0.06697270167707185,0.014530542294038436
1,82,-0.04859223895213612,0.06710123638144204,0.014646835597992411
1,83,-0.04859223895213612,0.06710123638144204,0.014646835597992411
1,84,-0.04875137715754682,0.06683192557228547,0.013740971967193047
1,85,-0.048702411555881994,0.06706451218019341,0.01344105765699596
1,86,-0.04842085934630922,0.06707675358060963,0.01363079936344718
1,87,-0.04842085934630922,0.06707675358060963,0.01363079936344718
1,88,-0.04848206634839026,0.06710735708165014,0.0138266617701065
1,89,-0.04876973925817114,0.06711959848206635,0.01435304198800343
1,90,-0.04876973925817114,0.06711959848206635,0.01435304198800343
1,91,-0.04835353164402008,0.06682580487207737,0.014040886277390132
1,92,-0.04852491124984698,0.06709511568123393,0.014034765577182029
1,93,-0.04852491124984698,0.06709511568123393,0.014034765577182029
1,94,-0.04846982494797405,0.06718080548414739,0.013759334067817357
1,95,-0.04859223895213612,0.06707063288040152,0.0138266617701065
1,96,-0.04859223895213612,0.06707063288040152,0.0138266617701065
1,97,-0.04873913575713061,0.0671930468845636,0.013838903170522707
1,98,-0.048677928755049574,0.06692373607540703,0.013802178969274085
1,99,-0.04852491124984698,0.06669727016770718,0.013881748071979436
2,0,0.09531766434080059,-0.07915901579140654,0.0856836822132452
2,1,0.09515240543518179,-0.0792691883951524,0.08637532133676093
2,2,0.09515240543518179,-0.0792691883951524,0.08637532133676093
2,3,0.09510343983351696,-0.07890194638266618,0.08707308116048476
2,4,0.09532378504100869,-0.07868772187538255,0.08786265148733015
2,5,0.09532378504100869,-0.0791222915901579,0.0876423062798384
2,6,0.09510956053372506,-0.0791222915901579,0.0876423062798384
2,7,0.09520137103684662,-0.07924470559431998,0.08816868649773534
2,8,0.09514016403476558,-0.07915289509119844,0.08586730321948831
2,9,0.09514016403476558,-0.07915289509119844,0.08586730321948831
2,10,0.09503611213122781,-0.07855306647080426,0.08707308116048476
2,11,0.09511568123393316,-0.0789570326845391,0.08797282409107601
2,12,0.09511568123393316,-0.0789570326845391,0.08797282409107601
2,13,0.09496266372873056,-0.07918349859223896,0.08731790916880891
2,14,0.09505447423185212,-0.07876729097808789,0.08770351328191946
2,15,0.09505447423185212,-0.07876729097808789,0.08770351328191946
2,16,0.09507895703268454,-0.07882849798016893,0.08794222059003551
2,17,0.09509119843310074,-0.07880401517933652,0.08688946015424165
2,18,0.09509119843310074,-0.07880401517933652,0.08688946015424165
2,19,0.09523809523809523,-0.07903048108703635,0.08796058269065982
2,20,0.09540335414371404,-0.07900599828620394,0.08677316685028767
2,21,0.09490757742685764,-0.07888970498224997,0.0871342881625658
2,22,0.09490757742685764,-0.07888970498224997,0.0871342881625658
2,23,0.09510343983351696,-0.07900599828620394,0.08726282286693597
2,24,0.09516464683559799,-0.0789570326845391,0.08652221814175541
2,25,0.09516464683559799,-0.0789570326845391,0.08652221814175541
2,26,0.0951891296364304,-0.0787795323785041,0.08668747704737421
2,27,0.09524421593830334,-0.07891418778308239,0.08809523809523809
2,28,0.09524421593830334,-0.07891418778308239,0.08809523809523809
2,29,0.095342147141633,-0.07900599828620394,0.08784428938670584
2,30,0.09498102582935489,-0.0791039294895336,0.0879360998898274
2,31,0.09498102582935489,-0.0791039294895336,0.0879360998898274
2,32,0.09520137103684662,-0.07923246419390378,0.08796670339086791
2,33,0.09507283633247644,-0.07889582568245808,0.08779532378504101
2,34,0.09539111274329784,-0.0789325498837067,0.08787489288774636
2,35,0.09539111274329784,-0.0789325498837067,0.08787489288774636
2,36,0.09511568123393316,-0.078950911984331,0.08727506426735218
2,37,0.09507283633247644,-0.07898763618557963,0.0877892030848329
2,38,0.09507283633247644,-0.07898763618557963,0.0877892030848329
2,39,0.09520137103684662,-0.07907944668870118,0.08797282409107601
2,40,0.09525033663851144,-0.078950911984331,0.08727506426735218
2,41,0.09525033663851144,-0.078950911984331,0.08727506426735218
2,42,0.09515852613538989,-0.078950911984331,0.0871342881625658
2,43,0.09523197453788713,-0.07906108458807688,0.08802791039294895
2,44,0.09523197453788713,-0.07906108458807688,0.08802791039294895
2,45,0.09515852613538989,-0.07884073938058514,0.08733015056922512
2,46,0.09504835353164402,-0.07871832537642307,0.08802178969274085
2,47,0.09504835353164402,-0.07871832537642307,0.08802178969274085
2,48,0.09504223283143591,-0.0787856530787122,0.0869812706573632
2,49,0.09504835353164402,-0.07913453299057413,0.08780144448524911
2,50,0.0951707675358061,-0.07901211898641206,0.0871404088627739
2,51,0.0951707675358061,-0.07901211898641206,0.0871404088627739
2,52,0.09493206022769005,-0.07886522218141755,0.0871342881625658
2,53,0.09513404333455747,-0.07907944668870118,0.08789325498837067
2,54,0.09513404333455747,-0.07907944668870118,0.08789325498837067
2,55,0.09518300893622231,-0.07849798016893132,0.08734851266984943
2,56,0.09466887011874159,-0.07896315338474721,0.0871342881625658
2,57,0.09466887011874159,-0.07896315338474721,0.0871342881625658
2,58,0.09494430162810626,-0.07947117150201984,0.08708532256090097
2,59,0.09514016403476558,-0.07890806708287428,0.0860080793242747
2,60,0.09514016403476558,-0.07890806708287428,0.0860080793242747
2,61,0.09478516342269555,-0.07888358428204187,0.08782592728608153
2,62,0.09522585383767904,-0.07885910148120945,0.08760558207858979
2,63,0.09518300893622231,-0.07903660178724446,0.08791773778920309
2,64,0.09518300893622231,-0.07903660178724446,0.08791773778920309
2,65,0.09515852613538989,-0.07920798139307136,0.08742196107234668
2,66,0.09525033663851144,-0.0792569469947362,0.08755661647692496
2,67,0.09525033663851144,-0.0792569469947362,0.08755661647692496
2,68,0.09499938792997918,-0.07908556738890929,0.08775247888358428
2,69,0.09521361243726281,-0.07915901579140654,0.0874648059738034
2,70,0.09521361243726281,-0.07915901579140654,0.0874648059738034
2,71,0.09508507773289264,-0.07897539478516342,0.08693842575590648
2,72,0.09501162933039539,-0.07914065369078223,0.08710980536173338
2,73,0.09501162933039539,-0.07914065369078223,0.08710980536173338
2,74,0.09504223283143591,-0.07898763618557963,0.08794222059003551
2,75,0.09501162933039539,-0.07911617088994981,0.08772187538254377
2,76,0.09501162933039539,-0.07911617088994981,0.08772187538254377
2,77,0.09491369812706574,-0.0786203941730934,0.08799730689190843
2,78,0.09520749173705471,-0.07913453299057413,0.08610601052760436
2,79,0.09525645733871954,-0.07881625657975272,0.08765454768025463
2,80,0.09525645733871954,-0.07881625657975272,0.08765454768025463
2,81,0.0951891296364304,-0.07914065369078223,0.08771575468233565
2,82,0.09514628473497369,-0.07896927408495533,0.08717101236381442
2,83,0.09514628473497369,-0.07896927408495533,0.08717101236381442
2,84,0.09528094013955196,-0.07869996327579876,0.08710368466152528
2,85,0.09521361243726281,-0.07923246419390378,0.08799118619170034
2,86,0.09521361243726281,-0.07923246419390378,0.08799118619170034
2,87,0.09514016403476558,-0.0787856530787122,0.0864854939405068
2,88,0.09528706083976007,-0.0787917737789203,0.08780756518545721
2,89,0.09528706083976007,-0.0787917737789203,0.08780756518545721
2,90,0.09509731913330885,-0.0790916880891174,0.0877892030848329
2,91,0.09530542294038438,-0.0789264291834986,0.0872934263679765
2,92,0.09530542294038438,-0.078773411678296,0.0881013587954462
2,93,0.09512180193414127,-0.078773411678296,0.0881013587954462
2,94,0.09518300893622231,-0.07927530909536051,0.08726894356714408
2,95,0.09497490512914677,-0.07888358428204187,0.08786265148733015
2,96,0.09497490512914677,-0.07888358428204187,0.08786265148733015
2,97,0.09509731913330885,-0.07922022279348757,0.08531644020075897
2,98,0.09513404333455747,-0.07885298078100135,0.08771575468233565
2,99,0.09513404333455747,-0.07885298078100135,0.08771575468233565
3,0,-0.08768515118129513,-0.03692618435549026,0.03152160607173461
3,1,-0.08763006487942221,-0.037403598971722365,0.0315154853715265
3,2,-0.08763006487942221,-0.037403598971722365,0.0315154853715265
3,3,-0.08780756518545721,-0.03695678785653079,0.03146651976986167
3,4,-0.08763006487942221,-0.03704247765944424,0.03152160607173461
3,5,-0.08763006487942221,-0.03704247765944424,0.03152160607173461
3,6,-0.08769739258171136,-0.037017994858611826,0.03153996817235892
3,7,-0.08773411678295998,-0.037134288162565796,0.031509364671318395
3,8,-0.08773411678295998,-0.037134288162565796,0.031509364671318395
3,9,-0.0874770473742196,-0.03696902925694699,0.031435916268821154
3,10,-0.0874770473742196,-0.036822132451952504,0.031423674868404944
3,11,-0.0874770473742196,-0.036822132451952504,0.03157669237360754
3,12,-0.08794222059003551,-0.03704247765944424,0.03157669237360754
3,13,-0.08763006487942221,-0.036822132451952504,0.03152772677194271
3,14,-0.08739747827151426,-0.03704247765944424,0.03160117517443996
3,15,-0.08739747827151426,-0.03704247765944424,0.03160117517443996
3,16,-0.08766066838046273,-0.03705471905986045,0.031619537275064266
3,17,-0.08766678908067083,-0.03709756396131718,0.03171134777818582
3,18,-0.08766678908067083,-0.03709756396131718,0.03171134777818582
3,19,-0.08766678908067083,-0.03685273595299302,0.03137470926674012
3,20,-0.08775859958379238,-0.037164891663606314,0.031411433467988734
3,21,-0.08775859958379238,-0.037164891663606314,0.031411433467988734
3,22,-0.08766066838046273,-0.0369812706573632,0.03176643408005876
3,23,-0.08764842698004652,-0.03719549516464683,0.031491002570694086
3,24,-0.08764842698004652,-0.03719549516464683,0.031491002570694086
3,25,-0.08791773778920309,-0.0368098910515363,0.03152772677194271
3,26,-0.08775859958379238,-0.036975149957155104,0.031491002570694086
3,27,-0.08766678908067083,-0.037158770963398216,0.031264536662994245
3,28,-0.08766678908067083,-0.037158770963398216,0.031264536662994245
3,29,-0.08766066838046273,-0.037005753458195616,0.031546088872567025
3,30,-0.08781368588566532,-0.03710368466152528,0.031533847472150815
3,31,-0.08781368588566532,-0.03710368466152528,0.031533847472150815
3,32,-0.08726282286693597,-0.03699351205777941,0.03149712327090219
3,33,-0.08737911617088995,-0.03680377035132819,0.03172358917860203
3,34,-0.08737911617088995,-0.03680377035132819,0.03172358917860203
3,35,-0.0874770473742196,-0.036864977353409226,0.03135634716611581
3,36,-0.08770351328191946,-0.037134288162565796,0.03153996817235892
3,37,-0.08770351328191946,-0.037134288162565796,0.031417554168196846
3,38,-0.08775859958379238,-0.037164891663606314,0.031417554168196846
3,39,-0.08748316807442771,-0.037164891663606314,0.031533847472150815
3,40,-0.08769127188150325,-0.03668747704737422,0.031117639857999757
3,41,-0.08769127188150325,-0.03668747704737422,0.031117639857999757
3,42,-0.08781980658587343,-0.03699351205777941,0.03152160607173461
3,43,-0.08737299547068185,-0.03709144326110907,0.03165626147631289
3,44,-0.08737299547068185,-0.03709144326110907,0.03165626147631289
3,45,-0.08767290978087892,-0.03678540825070388,0.031760313379850656
3,46,-0.08780756518545721,-0.03707308116048476,0.0315154853715265
3,47,-0.08780756518545721,-0.03707308116048476,0.0315154853715265
3,48,-0.08756273717713306,-0.037158770963398216,0.03159505447423185
3,49,-0.08769739258171136,-0.03701187415840372,0.031307381564450974
3,50,-0.08769739258171136,-0.03701187415840372,0.032874280817725546
3,51,-0.08765454768025463,-0.03724446076631167,0.03138082996694822
3,52,-0.087617823479006,-0.037164891663606314,0.03144203696902926
3,53,-0.08764842698004652,-0.03706696046027665,0.03146039906965357
3,54,-0.08764842698004652,-0.03706696046027665,0.03146039906965357
3,55,-0.08737911617088995,-0.037177133064022524,0.031564450973191334
3,56,-0.08753825437630065,-0.03684049455257681,0.03144815766923736
3,57,-0.08753825437630065,-0.03684049455257681,0.03144815766923736
3,58,-0.0876239441792141,-0.037158770963398216,0.03180315828130738
3,59,-0.08744032317297099,-0.03687109805361734,0.03137470926674012
3,60,-0.08744032317297099,-0.03687109805361734,0.03137470926674012
3,61,-0.08749540947484392,-0.03684049455257681,0.03147264047006977
3,62,-0.08763618557963031,-0.037293426367976494,0.031564450973191334
3,63,-0.08763618557963031,-0.037293426367976494,0.031564450973191334
3,64,-0.08767290978087892,-0.03691394295507406,0.03158281307381565
3,65,-0.08763618557963031,-0.037134288162565796,0.031393071367364425
3,66,-0.0876239441792141,-0.03673644264903905,0.031405312767780635
3,67,-0.0876239441792141,-0.03673644264903905,0.031405312767780635
3,68,-0.08748316807442771,-0.037017994858611826,0.031919451585261355
3,69,-0.08767903048108704,-0.03703023625902803,0.03139919206757253
3,70,-0.08767903048108704,-0.03703023625902803,0.03139919206757253
3,71,-0.08751377157546823,-0.03696290855673889,0.03155833027298323
3,72,-0.0876117027787979,-0.03719549516464683,0.031215571061329418
3,73,-0.0876117027787979,-0.03719549516464683,0.031215571061329418
3,74,-0.08781980658587343,-0.037134288162565796,0.031735830579018236
3,75,-0.08750765087526013,-0.037134288162565796,0.03159505447423185
3,76,-0.08750765087526013,-0.037134288162565796,0.03159505447423185
3,77,-0.08774635818337619,-0.036889460154241646,0.03152160607173461
3,78,-0.0874709266740115,-0.037060839760068555,0.03144815766923736
3,79,-0.08735463337005753,-0.036834373852368714,0.031650140776104785
3,80,-0.08735463337005753,-0.036834373852368714,0.031650140776104785
3,81,-0.08782592728608153,-0.036932305055698375,0.03168686497735341
3,82,-0.08742808177255477,-0.03712204676214959,0.03153996817235892
3,83,-0.08742808177255477,-0.03712204676214959,0.03153996817235892
3,84,-0.0877769616844167,-0.03721997796547925,0.03153996817235892
3,85,-0.08775247888358428,-0.03717101236381442,0.03162565797527237
3,86,-0.08775247888358428,-0.03717101236381442,0.03162565797527237
3,87,-0.08788101358795446,-0.03725670216672787,0.03147876117027788
3,88,-0.08765454768025463,-0.03722609866568736,0.03147264047006977
3,89,-0.08765454768025463,-0.03722609866568736,0.03147264047006977
3,90,-0.08767903048108704,-0.037146529562982006,0.031307381564450974
3,91,-0.08765454768025463,-0.037017994858611826,0.03147876117027788
3,92,-0.08758721997796548,-0.03708532256090097,0.0316746235769372
3,93,-0.08758721997796548,-0.03708532256090097,0.0316746235769372
3,94,-0.08775859958379238,-0.03705471905986045,0.03161341657485616
3,95,-0.0876117027787979,-0.03712204676214959,0.0315154853715265
3,96,-0.0876117027787979,-0.03712204676214959,0.0315154853715265
3,97,-0.08785653078712205,-0.03699963275798752,0.03135634716611581
3,98,-0.0877892030848329,-0.03725058146651977,0.03128289876361856
3,99,-0.0877892030848329,-0.03725058146651977,0.03128289876361856
