values,,Magnetometer,Magnetometer,Magnetometer
axis,,x,y,z
Sensor,Sample,,,
0,0,0.049271636675235646,0.09561145795078957,0.007614151058881136
0,1,0.049424654180438246,0.09523809523809523,0.007773289264291836
0,2,0.049424654180438246,0.09523809523809523,0.007773289264291836
0,3,0.04940629207981393,0.09522585383767904,0.0076508752601297594
0,4,0.04925327457461133,0.09506059493206023,0.007644754559921656
0,5,0.04925327457461133,0.09506059493206023,0.007644754559921656
0,6,0.04949810258293549,0.09507895703268454,0.007656995960337863
0,7,0.04946137838168686,0.09523809523809523,0.007399926551597502
0,8,0.04946137838168686,0.09523809523809523,0.007399926551597502
0,9,0.04961439588688946,0.09531766434080059,0.007773289264291836
0,10,0.04949198188272738,0.09530542294038438,0.007834496266372873
0,11,0.04949198188272738,0.09530542294038438,0.007834496266372873
0,12,0.04922267107357082,0.09537275064267352,0.007240788346186804
0,13,0.04930224017627617,0.09521973313747092,0.007926306769494431
0,14,0.04922267107357082,0.09536050924225732,0.007773289264291836
0,15,0.04922267107357082,0.09536050924225732,0.007773289264291836
0,16,0.049314481576692375,0.09525645733871954,0.007522340555759578
0,17,0.04956543028522463,0.09536662994246542,0.007301995348267842
0,18,0.04956543028522463,0.09536662994246542,0.007301995348267842
0,19,0.049418533480230134,0.09544619904517077,0.007455012853470437
0,20,0.049198188272738405,0.09481576692373608,0.0074427714530542295
0,21,0.049198188272738405,0.09481576692373608,0.0074427714530542295
0,22,0.049418533480230134,0.09544007834496267,0.0077426857632513155
0,23,0.04925327457461133,0.09512180193414127,0.007614151058881136
0,24,0.04925327457461133,0.09512180193414127,0.007614151058881136
0,25,0.04926551597502754,0.09526869873913577,0.007614151058881136
0,26,0.049430774880646344,0.09531766434080059,0.007363202350348879
0,27,0.049430774880646344,0.09531766434080059,0.007363202350348879
0,28,0.04936956787856531,0.09535438854204921,0.007681478761170278
0,29,0.04937568857877341,0.09515852613538989,0.007240788346186804
0,30,0.04937568857877341,0.09515852613538989,0.007240788346186804
0,31,0.04945525768147876,0.09513404333455747,0.00779777206512425
0,32,0.04936344717835721,0.09527481943934386,0.007485616354510956
0,33,0.04936344717835721,0.09527481943934386,0.007485616354510956
0,34,0.04926551597502754,0.09521973313747092,0.007810013465540458
0,35,0.04952870608397601,0.0951768882360142,0.007644754559921656
0,36,0.04924715387440323,0.0951768882360142,0.007253029746603011
0,37,0.04924715387440323,0.0951768882360142,0.007253029746603011
0,38,0.04930836087648427,0.09514016403476558,0.006934753335781614
0,39,0.0492043089729465,0.09525033663851144,0.007455012853470437
0,40,0.0492043089729465,0.09525033663851144,0.007455012853470437
0,41,0.04930224017627617,0.09512792263434937,0.007503978455135267
0,42,0.049283878075651856,0.09512792263434937,0.007656995960337863
0,43,0.049283878075651856,0.09512792263434937,0.007656995960337863
0,44,0.049540947484392216,0.09509731913330885,0.007871220467621495
0,45,0.04948586118251928,0.09537887134288162,0.007675358060962175
0,46,0.04948586118251928,0.09537887134288162,0.007675358060962175
0,47,0.04943689558085445,0.09535438854204921,0.0074427714530542295
0,48,0.04957767168564084,0.09532990574121679,0.008177255478026686
0,49,0.04957767168564084,0.09532990574121679,0.008177255478026686
0,50,0.049057412167952015,0.09520137103684662,0.007840616966580977
0,51,0.04927775737544375,0.09539111274329784,0.007601909658464928
0,52,0.04927775737544375,0.09539111274329784,0.007601909658464928
0,53,0.04946137838168686,0.095342147141633,0.007124495042232832
0,54,0.049424654180438246,0.0951768882360142,0.0070082017382788585
0,55,0.049424654180438246,0.0951768882360142,0.0070082017382788585
0,56,0.04934508507773289,0.09513404333455747,0.007332598849308361
0,57,0.04934508507773289,0.09504835353164402,0.007112253641816624
0,58,0.04937568857877341,0.09527481943934386,0.00718570204431387
0,59,0.04937568857877341,0.09527481943934386,0.00718570204431387
0,60,0.04926551597502754,0.09528094013955196,0.007620271759089239
0,61,0.04947361978210307,0.09515240543518179,0.007204064144938181
0,62,0.04947361978210307,0.09515240543518179,0.007204064144938181
0,63,0.04925939527481944,0.0951707675358061,0.006922511935365405
0,64,0.04960215448647325,0.09521361243726281,0.007503978455135267
0,65,0.04960215448647325,0.09521361243726281,0.007503978455135267
0,66,0.04927775737544375,0.09524421593830334,0.007308116048475946
0,67,0.04937568857877341,0.09494430162810626,0.007675358060962175
0,68,0.04937568857877341,0.09494430162810626,0.007675358060962175
0,69,0.04932060227690048,0.09493206022769005,0.007540702656383891
0,70,0.049198188272738405,0.09512180193414127,0.007571306157424409
0,71,0.049198188272738405,0.09512180193414127,0.007571306157424409
0,72,0.049400171379605826,0.09509119843310074,0.007455012853470437
0,73,0.04921042967315461,0.09507283633247644,0.007399926551597502
0,74,0.04921042967315461,0.09507283633247644,0.007399926551597502
0,75,0.0495225853837679,0.09510956053372506,0.007369323050556984
0,76,0.04936956787856531,0.09536662994246542,0.007583547557840617
0,77,0.04936956787856531,0.09536662994246542,0.007583547557840617
0,78,0.04924103317419513,0.09502999143101971,0.007510099155343371
0,79,0.04933284367731668,0.09513404333455747,0.007834496266372873
0,80,0.049351205777941,0.09510343983351696,0.007436650752846126
0,81,0.049351205777941,0.09510343983351696,0.007436650752846126
0,82,0.04947974048231117,0.09503611213122781,0.007510099155343371
0,83,0.049424654180438246,0.09510956053372506,0.007308116048475946
0,84,0.049424654180438246,0.09510956053372506,0.007308116048475946
0,85,0.049314481576692375,0.09503611213122781,0.007491737054719059
0,86,0.04930224017627617,0.09523809523809523,0.007320357448892154
0,87,0.04930224017627617,0.09523809523809523,0.007320357448892154
0,88,0.04927775737544375,0.09509119843310074,0.007326478149100257
0,89,0.049443016281062555,0.09514016403476558,0.007608030358673032
0,90,0.049443016281062555,0.09514016403476558,0.007608030358673032
0,91,0.04938180927898152,0.09515852613538989,0.007418288652221815
0,92,0.049424654180438246,0.09521973313747092,0.007130615742440935
0,93,0.049424654180438246,0.09521973313747092,0.007130615742440935
0,94,0.04945525768147876,0.09510343983351696,0.007644754559921656
0,95,0.04947974048231117,0.09537275064267352,0.007301995348267842
0,96,0.04947974048231117,0.09537275064267352,0.007301995348267842
0,97,0.04930224017627617,0.09520137103684662,0.007448892153262334
0,98,0.04946749908189497,0.09521973313747092,0.007326478149100257
0,99,0.04946749908189497,0.09521973313747092,0.007326478149100257
1,0,-0.06004406904149835,0.07653323540213,0.009487085322560901
1,1,-0.06004406904149835,0.07653323540213,0.009487085322560901
1,2,-0.06036234545231974,0.07680866691149467,0.009750275431509364
1,3,-0.06009303464316318,0.07674745990941365,0.009058636307993634
1,4,-0.06009303464316318,0.07674745990941365,0.009058636307993634
1,5,-0.0602950177500306,0.07710246052148366,0.00967682702901212
1,6,-0.06036234545231974,0.07693720161586486,0.009780878932549884
1,7,-0.060025706940874037,0.07696168441669728,0.009187171012363816
1,8,-0.060025706940874037,0.07696168441669728,0.009187171012363816
1,9,-0.06017872444607662,0.07686987391357572,0.009493206022769004
1,10,-0.060068551842330765,0.07674745990941365,0.008636307993634473
1,11,-0.060068551842330765,0.07674745990941365,0.008636307993634473
1,12,-0.06004406904149835,0.07686987391357572,0.009670706328804016
1,13,-0.06010527604357938,0.07657608030358673,0.00938915411923124
1,14,-0.06010527604357938,0.07657608030358673,0.00938915411923124
1,15,-0.06025829354878198,0.07675970130982984,0.009217774513404334
1,16,-0.06006243114212266,0.07669237360754069,0.009217774513404334
1,17,-0.06006243114212266,0.07669237360754069,0.009217774513404334
1,18,-0.06022156934753335,0.0768576325131595,0.009291222915901579
1,19,-0.06017872444607662,0.07682090831191088,0.009009670706328804
1,20,-0.060129758844411796,0.07720039172481333,0.009364671318398824
1,21,-0.060129758844411796,0.07720039172481333,0.009364671318398824
1,22,-0.060411311053984576,0.0768576325131595,0.009383033419023136
1,23,-0.06016036234545232,0.07705349491981883,0.00934018851756641
1,24,-0.06016036234545232,0.07705349491981883,0.00934018851756641
1,25,-0.06023381074794957,0.07705349491981883,0.009089239809034155
1,26,-0.060142000244828006,0.0768576325131595,0.008703635695923613
1,27,-0.060142000244828006,0.0768576325131595,0.008703635695923613
1,28,-0.06005631044191455,0.07671685640837311,0.008838291100501898
1,29,-0.06024605214836577,0.0768576325131595,0.008428204186558942
1,30,-0.06024605214836577,0.0768576325131595,0.008428204186558942
1,31,-0.06009303464316318,0.0770228914187783,0.00905251560778553
1,32,-0.060429673154608884,0.07665564940629208,0.008764842698004652
1,33,-0.06040519035377647,0.0766740115069164,0.009376912718815033
1,34,-0.06040519035377647,0.0766740115069164,0.009376912718815033
1,35,-0.06022156934753335,0.07680254621128657,0.009223895213612438
1,36,-0.06036234545231974,0.07677806341045415,0.009095360509242258
1,37,-0.06036234545231974,0.07677806341045415,0.009095360509242258
1,38,-0.060454155955441305,0.07692496021544865,0.009076998408617946
1,39,-0.06025829354878198,0.07682702901211899,0.008660790794466886
1,40,-0.06025829354878198,0.07682702901211899,0.008660790794466886
1,41,-0.060270534949198186,0.07710246052148366,0.00861794589301016
1,42,-0.06015424164524421,0.07709021912106745,0.008917860203207246
1,43,-0.06015424164524421,0.07709021912106745,0.008917860203207246
1,44,-0.060497000856898034,0.07694332231607295,0.008575100991553434
1,45,-0.06023381074794957,0.07676582201003794,0.00864854939405068
1,46,-0.06025829354878198,0.0770167707185702,0.008960705104663975
1,47,-0.06025829354878198,0.0770167707185702,0.008960705104663975
1,48,-0.06019096584649284,0.07686987391357572,0.00877708409842086
1,49,-0.06019708654670094,0.07720651242502143,0.008611825192802057
1,50,-0.06019708654670094,0.07720651242502143,0.008611825192802057
1,51,-0.06036846615252785,0.07690047741461623,0.008930101603623454
1,52,-0.06026441424899008,0.07710858122169176,0.008624066593218264
1,53,-0.06026441424899008,0.07710858122169176,0.008624066593218264
1,54,-0.06030113845023871,0.0770167707185702,0.009144326110907087
1,55,-0.06030725915044681,0.07707797772065125,0.009493206022769004
1,56,-0.06030725915044681,0.07707797772065125,0.009493206022769004
1,57,-0.060423552454400786,0.07727996082751867,0.009597257926306769
1,58,-0.060429673154608884,0.07710858122169176,0.009493206022769004
1,59,-0.0602950177500306,0.07711470192189987,0.008923980903415351
1,60,-0.0602950177500306,0.07711470192189987,0.008923980903415351
1,61,-0.05990329293671196,0.0771697882237728,0.009707430530052638
1,62,-0.06034398335169543,0.07724323662627004,0.00918105031215571
1,63,-0.06034398335169543,0.07724323662627004,0.00918105031215571
1,64,-0.06037458685273596,0.07707797772065125,0.009658464928387808
1,65,-0.0601236381442037,0.07691271881503245,0.009480964622352797
1,66,-0.0601236381442037,0.07691271881503245,0.009480964622352797
1,67,-0.060282776349614396,0.07705961562002693,0.00906475700820174
1,68,-0.06023993144815767,0.07720651242502143,0.0096462235279716
1,69,-0.06023993144815767,0.07720651242502143,0.0096462235279716
1,70,-0.06020320724690905,0.0770167707185702,0.0090035500061207
1,71,-0.06030113845023871,0.07696168441669728,0.009707430530052638
1,72,-0.0602766556494063,0.07679642551107847,0.009370792018606928
1,73,-0.0602766556494063,0.07679642551107847,0.009370792018606928
1,74,-0.06024605214836577,0.07719427102460522,0.010068551842330763
1,75,-0.06019708654670094,0.07704737421961072,0.009456481821520382
1,76,-0.06019708654670094,0.07704737421961072,0.009456481821520382
1,77,-0.06009303464316318,0.07713918472273228,0.008715877096339822
1,78,-0.060325621251071125,0.07711470192189987,0.009334067817358306
1,79,-0.060325621251071125,0.07711470192189987,0.009334067817358306
1,80,-0.06019708654670094,0.07686375321336761,0.009682947729220223
1,81,-0.060282776349614396,0.07726159872689435,0.009107601909658465
1,82,-0.060282776349614396,0.07726159872689435,0.009107601909658465
1,83,-0.06005018974170645,0.0768392704125352,0.008868894601542417
1,84,-0.060313379850654915,0.07696780511690537,0.009811482433590403
1,85,-0.06023381074794957,0.07709633982127555,0.008605704492593954
1,86,-0.06023381074794957,0.07709633982127555,0.008605704492593954
1,87,-0.060411311053984576,0.07679642551107847,0.00943811972089607
1,88,-0.06016648304566043,0.07671685640837311,0.009891051536295752
1,89,-0.06016648304566043,0.07671685640837311,0.009891051536295752
1,90,-0.06035010405190354,0.07694332231607295,0.009848206634839025
1,91,-0.060184845146284735,0.07693720161586486,0.009560533725058147
1,92,-0.060184845146284735,0.07693720161586486,0.009560533725058147
1,93,-0.06017872444607662,0.07679030481087037,0.009113722609866568
1,94,-0.060025706940874037,0.0768515118129514,0.009609499326722977
1,95,-0.060025706940874037,0.0768515118129514,0.009609499326722977
1,96,-0.060142000244828006,0.0770167707185702,0.009297343616109682
1,97,-0.06035010405190354,0.07689435671440813,0.009113722609866568
1,98,-0.06030113845023871,0.0768576325131595,0.009285102215693475
1,99,-0.06030113845023871,0.0768576325131595,0.009285102215693475
2,0,0.12184477904272248,-0.1141449381809279,0.09146774390990328
2,1,0.12184477904272248,-0.1141449381809279,0.09146774390990328
2,2,0.12164279593585506,-0.11410209327947116,0.09316317786754805
2,3,0.12166727873668748,-0.11424286938425757,0.09305300526380218
2,4,0.12166727873668748,-0.11424286938425757,0.09305300526380218
2,5,0.12182641694209817,-0.11438976618925205,0.09309585016525891
2,6,0.1221875382543763,-0.11423062798384136,0.09278369445464561
2,7,0.1221875382543763,-0.11423062798384136,0.09278369445464561
2,8,0.12203452074917372,-0.11419390378259273,0.09244705594319991
2,9,0.12203452074917372,-0.11449993879299791,0.09286326355735096
2,10,0.12203452074917372,-0.11449993879299791,0.09286326355735096
2,11,0.1220284000489656,-0.11424899008446568,0.09244705594319991
2,12,0.12192434814542782,-0.11420002448280082,0.09115558819929
2,13,0.12181417554168197,-0.1138389031705227,0.09252662504590525
2,14,0.12181417554168197,-0.1138389031705227,0.09252662504590525
2,15,0.12182029624189009,-0.1139919206757253,0.09234912473987024
2,16,0.12213857265271147,-0.11437140408862774,0.09336516097441547
2,17,0.12213857265271147,-0.11437140408862774,0.09336516097441547
2,18,0.1218386583425144,-0.11459174929611948,0.09294895336026442
2,19,0.1217162443383523,-0.11402252417676581,0.09302852246296976
2,20,0.1217162443383523,-0.11402252417676581,0.09302852246296976
2,21,0.12212021055208715,-0.11440200758966826,0.09291222915901579
2,22,0.12152650263190108,-0.11407148977843065,0.09272860815277267
2,23,0.12152650263190108,-0.11407148977843065,0.09272860815277267
2,24,0.12157546823356594,-0.11452442159383033,0.09381809278981515
2,25,0.12191822744521974,-0.11433467988737911,0.09269800465173215
2,26,0.12191822744521974,-0.11433467988737911,0.09269800465173215
2,27,0.12167952013710367,-0.11407148977843065,0.09250214224507283
2,28,0.12167339943689559,-0.11422450728363324,0.09262455624923491
2,29,0.12191822744521974,-0.11404700697759824,0.09334679887379116
2,30,0.12191822744521974,-0.11404700697759824,0.09334679887379116
2,31,0.12189986534459543,-0.11403476557718203,0.09279593585506182
2,32,0.12197331374709267,-0.11424899008446568,0.0922695556371649
2,33,0.12197331374709267,-0.11424899008446568,0.0922695556371649
2,34,0.12201003794834128,-0.11427959358550618,0.09252662504590525
2,35,0.12154486473252539,-0.11424286938425757,0.09286938425755906
2,36,0.12154486473252539,-0.11424286938425757,0.09286938425755906
2,37,0.12172848573876852,-0.11390623087281185,0.09355490268086669
2,38,0.12196107234667646,-0.11406536907822255,0.09138817480719794
2,39,0.12196107234667646,-0.11406536907822255,0.09138817480719794
2,40,0.12172236503856042,-0.11411433467988738,0.09374464438731792
2,41,0.12199167584771697,-0.11449381809278983,0.09239809034153507
2,42,0.12148365773044437,-0.11405312767780633,0.09246541804382422
2,43,0.12148365773044437,-0.11405312767780633,0.09246541804382422
2,44,0.12182029624189009,-0.11418778308238461,0.09264903905006733
2,45,0.12178969274084954,-0.11432243848696291,0.09291222915901579
2,46,0.12178969274084954,-0.11432243848696291,0.09291222915901579
2,47,0.12199167584771697,-0.11401640347655773,0.09319378136858857
2,48,0.12178357204064146,-0.11427959358550618,0.09295507406047251
2,49,0.12178357204064146,-0.11427959358550618,0.09295507406047251
2,50,0.12196107234667646,-0.11415717958134411,0.09153507161219243
2,51,0.12175908923980902,-0.1139919206757253,0.09378748928877464
2,52,0.12175908923980902,-0.1139919206757253,0.09378748928877464
2,53,0.12184477904272248,-0.11410821397967927,0.09285714285714286
2,54,0.12175296853960094,-0.11407761047863876,0.09348757497857754
2,55,0.12175296853960094,-0.11407761047863876,0.09192067572530296
2,56,0.12185089974293059,-0.1142979556861305,0.09227567633737299
2,57,0.12161219243481454,-0.11399804137593342,0.09293059125964011
2,58,0.12166115803647937,-0.11407761047863876,0.09316317786754805
2,59,0.12166115803647937,-0.11407761047863876,0.09316317786754805
2,60,0.12181417554168197,-0.1143163177867548,0.0934018851756641
2,61,0.1220406414493818,-0.11420002448280082,0.09361610968294773
2,62,0.1220406414493818,-0.11420002448280082,0.09361610968294773
2,63,0.12202227934875749,-0.11405312767780633,0.09305300526380218
2,64,0.12179581344105765,-0.11421226588321705,0.09262455624923491
2,65,0.12179581344105765,-0.11421226588321705,0.09262455624923491
2,66,0.12196107234667646,-0.11377769616844166,0.09337128167462358
2,67,0.1220161586485494,-0.11421838658342513,0.09301016036234545
2,68,0.1220161586485494,-0.11421838658342513,0.09301016036234545
2,69,0.12156322683314971,-0.11439588688946016,0.09299179826172113
2,70,0.12167952013710367,-0.11418166238217653,0.09233688333945403
2,71,0.12196107234667646,-0.11435304198800342,0.09318766066838047
2,72,0.12196107234667646,-0.11435304198800342,0.09318766066838047
2,73,0.12189986534459543,-0.11435304198800342,0.09299791896192924
2,74,0.12188762394417922,-0.11406536907822255,0.09375076508752601
2,75,0.12188762394417922,-0.11406536907822255,0.09375076508752601
2,76,0.12182641694209817,-0.1142979556861305,0.09149834741094381
2,77,0.12213857265271147,-0.11421838658342513,0.09304688456359408
2,78,0.12213857265271147,-0.11421838658342513,0.09304688456359408
2,79,0.12167339943689559,-0.114151058881136,0.09302240176276166
2,80,0.12199779654792509,-0.11416330028155222,0.09295507406047251
2,81,0.12199779654792509,-0.11416330028155222,0.09295507406047251
2,82,0.1218631411433468,-0.11423062798384136,0.09312645366629943
2,83,0.12172848573876852,-0.11398579997551721,0.09312033296609132
2,84,0.12172848573876852,-0.11398579997551721,0.09312033296609132
2,85,0.12189374464438732,-0.11405312767780633,0.09206757253029747
2,86,0.1218386583425144,-0.11407761047863876,0.09113722609866569
2,87,0.12168564083731179,-0.11399804137593342,0.0937385236871098
2,88,0.12168564083731179,-0.11399804137593342,0.0937385236871098
2,89,0.12185089974293059,-0.11425511078467376,0.09128412290366018
2,90,0.12212633125229526,-0.11442649039050068,0.09236748684049455
2,91,0.12212633125229526,-0.11442649039050068,0.09236748684049455
2,92,0.12193046884563594,-0.11427347288529807,0.09335904027420737
2,93,0.12180805484147386,-0.11373485126698495,0.0927530909536051
2,94,0.12180805484147386,-0.11373485126698495,0.0927530909536051
2,95,0.12163055453543885,-0.11401640347655773,0.09290610845880769
2,96,0.12192434814542782,-0.11440200758966826,0.09081894968784429
2,97,0.12192434814542782,-0.11440200758966826,0.09081894968784429
2,98,0.12177133064022524,-0.11390011017260375,0.09288774635818338
2,99,0.12173460643897663,-0.11417554168196842,0.09091076019096585
3,0,-0.1034031093157057,-0.0495225853837679,0.02472762884073938
3,1,-0.10339086791528951,-0.04988982739625413,0.02461745623699351
3,2,-0.10339086791528951,-0.04988982739625413,0.02461745623699351
3,3,-0.10356224752111642,-0.049914310197086545,0.02486840494552577
3,4,-0.10318276410821399,-0.049895948096462236,0.024794956543028525
3,5,-0.10318276410821399,-0.049895948096462236,0.024794956543028525
3,6,-0.10331741951279225,-0.05008568980291346,0.024623576937201616
3,7,-0.10332966091320847,-0.04990206879667034,0.02451952503366385
3,8,-0.10332966091320847,-0.04990206879667034,0.02451952503366385
3,9,-0.10333578161341657,-0.04962051658709756,0.02478883584282042
3,10,-0.10329293671195985,-0.04962051658709756,0.024752111641571796
3,11,-0.10329293671195985,-0.04962051658709756,0.024752111641571796
3,12,-0.10330517811237605,-0.04979189619292447,0.02480719794344473
3,13,-0.10318276410821399,-0.04956543028522463,0.024782715142612315
3,14,-0.10317052270779777,-0.04946137838168686,0.024880646345941976
3,15,-0.10317052270779777,-0.04946137838168686,0.024880646345941976
3,16,-0.1033480230138328,-0.04996327579875138,0.024813318643652833
3,17,-0.1033847472150814,-0.04982249969396499,0.024703146039906965
3,18,-0.1033847472150814,-0.04982249969396499,0.024703146039906965
3,19,-0.10360509242257314,-0.049687844289386704,0.024739870241155586
3,20,-0.1034031093157057,-0.04982249969396499,0.024715387440323172
3,21,-0.1034031093157057,-0.04982249969396499,0.024715387440323172
3,22,-0.10325009181050313,-0.05007344840249724,0.02488676704615008
3,23,-0.10340923001591382,-0.05009793120332966,0.024703146039906965
3,24,-0.10340923001591382,-0.05009793120332966,0.024703146039906965
3,25,-0.10345207491737055,-0.04969396498959481,0.024801077243236627
3,26,-0.1032256090096707,-0.04996327579875138,0.024911249846982494
3,27,-0.10356836822132451,-0.04961439588688946,0.02487452564573387
3,28,-0.10356836822132451,-0.04961439588688946,0.02487452564573387
3,29,-0.10348879911861916,-0.0500061207002081,0.02481943934386094
3,30,-0.10324397111029501,-0.049430774880646344,0.024739870241155586
3,31,-0.10324397111029501,-0.049430774880646344,0.024739870241155586
3,32,-0.10350716121924348,-0.04962663728730567,0.02480719794344473
3,33,-0.10327457461133553,-0.04973680989105154,0.02478883584282042
3,34,-0.10327457461133553,-0.04973680989105154,0.02478883584282042
3,35,-0.10329293671195985,-0.04976129269188395,0.024672542538866447
3,36,-0.10339086791528951,-0.04963275798751377,0.024654180438242135
3,37,-0.10339086791528951,-0.04963275798751377,0.024654180438242135
3,38,-0.10332354021300036,-0.04930836087648427,0.02469090463949076
3,39,-0.10339698861549762,-0.049871465295629816,0.02498469824947974
3,40,-0.10333578161341657,-0.0496817235891786,0.024813318643652833
3,41,-0.10333578161341657,-0.0496817235891786,0.024813318643652833
3,42,-0.1030481087036357,-0.04987758599583793,0.02461745623699351
3,43,-0.10347043701799485,-0.04958379238584894,0.024715387440323172
3,44,-0.10347043701799485,-0.04958379238584894,0.024715387440323172
3,45,-0.10318888480842207,-0.05007956910270535,0.024623576937201616
3,46,-0.10331129881258416,-0.04956543028522463,0.024556249234912474
3,47,-0.10331129881258416,-0.04956543028522463,0.024556249234912474
3,48,-0.10343371281674622,-0.04965112008813809,0.0249173705471906
3,49,-0.10355612682090831,-0.04963275798751377,0.024544007834496267
3,50,-0.10355612682090831,-0.04963275798751377,0.024544007834496267
3,51,-0.1034031093157057,-0.04973680989105154,0.02481943934386094
3,52,-0.10339698861549762,-0.049424654180438246,0.024758232341779898
3,53,-0.10365405802423797,-0.04977353409230016,0.024715387440323172
3,54,-0.10365405802423797,-0.04977353409230016,0.024715387440323172
3,55,-0.1033480230138328,-0.04981637899375689,0.024458318031582812
3,56,-0.10325621251071122,-0.04957767168564084,0.024592973436161097
3,57,-0.10325621251071122,-0.04957767168564084,0.024592973436161097
3,58,-0.10341535071612193,-0.04977353409230016,0.024794956543028525
3,59,-0.10347655771820297,-0.049687844289386704,0.02486840494552577
3,60,-0.10347655771820297,-0.049687844289386704,0.02486840494552577
3,61,-0.10340923001591382,-0.04948586118251928,0.02487452564573387
3,62,-0.10328681601175174,-0.04997551719916758,0.024801077243236627
3,63,-0.10328681601175174,-0.04997551719916758,0.024801077243236627
3,64,-0.10335414371404088,-0.04971844779042722,0.02469702533969886
3,65,-0.1035132819194516,-0.04974905129146774,0.024813318643652833
3,66,-0.10341535071612193,-0.04961439588688946,0.024862284245317664
3,67,-0.10341535071612193,-0.04961439588688946,0.024862284245317664
3,68,-0.10348879911861916,-0.04987758599583793,0.02474599094136369
3,69,-0.10330517811237605,-0.04977965479250827,0.024586852735952992
3,70,-0.10330517811237605,-0.04977965479250827,0.024586852735952992
3,71,-0.10318888480842207,-0.04971844779042722,0.024721508140531277
3,72,-0.10335414371404088,-0.04957767168564084,0.02481943934386094
3,73,-0.10335414371404088,-0.04957767168564084,0.02481943934386094
3,74,-0.1035255233198678,-0.04944913698127066,0.024801077243236627
3,75,-0.1032072469090464,-0.04946749908189497,0.024850042844901457
3,76,-0.1032072469090464,-0.04946749908189497,0.024850042844901457
3,77,-0.10350104051903537,-0.049687844289386704,0.024770473742196108
3,78,-0.10342147141633003,-0.04958379238584894,0.02469702533969886
3,79,-0.10359285102215694,-0.04949810258293549,0.02498469824947974
3,80,-0.10359285102215694,-0.04949810258293549,0.02498469824947974
3,81,-0.10310319500550864,-0.04977965479250827,0.024972456849063532
3,82,-0.10337862651487331,-0.04966336148855429,0.024599094136369203
3,83,-0.10337862651487331,-0.04966336148855429,0.024599094136369203
3,84,-0.10347043701799485,-0.04966336148855429,0.024703146039906965
3,85,-0.10340923001591382,-0.04949198188272738,0.024703146039906965
3,86,-0.10340923001591382,-0.04949198188272738,0.024703146039906965
3,87,-0.10317664340800588,-0.050067327702289145,0.024427714530542294
3,88,-0.1034031093157057,-0.049926551597502755,0.02480719794344473
3,89,-0.1034031093157057,-0.049926551597502755,0.02480719794344473
3,90,-0.10356836822132451,-0.04966336148855429,0.024721508140531277
3,91,-0.10318888480842207,-0.049553188884808426,0.024813318643652833
3,92,-0.1033663851144571,-0.049540947484392216,0.024635818337617823
3,93,-0.1033663851144571,-0.049540947484392216,0.024635818337617823
3,94,-0.10321336760925451,-0.04992043089729465,0.024703146039906965
3,95,-0.10326233321091934,-0.049755171991675846,0.024635818337617823
3,96,-0.10326233321091934,-0.049755171991675846,0.024635818337617823
3,97,-0.10350104051903537,-0.04973068919084343,0.02469702533969886
3,98,-0.10329293671195985,-0.04940629207981393,0.024843922144693352
3,99,-0.10329293671195985,-0.04940629207981393,0.024843922144693352
