values,,Magnetometer,Magnetometer,Magnetometer
axis,,x,y,z
Sensor,Sample,,,
0,0,0.05053862161831314,0.08893377402374832,0.02142857142857143
0,1,0.0506426735218509,0.08920920553311298,0.020926674011506916
0,2,0.0506426735218509,0.08920920553311298,0.020926674011506916
0,3,0.05044069041498347,0.08934386093769128,0.021587709633982127
0,4,0.05052025951768883,0.08904394662749418,0.02109805361733382
0,5,0.05052025951768883,0.08904394662749418,0.02109805361733382
0,6,0.05060594932060227,0.08896437752478883,0.02139796792753091
0,7,0.05029991431019709,0.08909291222915902,0.021257191822744523
0,8,0.05029991431019709,0.08909291222915902,0.021257191822744523
0,9,0.0506426735218509,0.08916023993144816,0.020938915411923123
0,10,0.05043456971477537,0.08917860203207248,0.021055208715877096
0,11,0.05043456971477537,0.08917860203207248,0.021055208715877096
0,12,0.05070388052393193,0.08903170522707797,0.020847104908801567
0,13,0.050495776716856414,0.08909291222915902,0.021263312522952625
0,14,0.050495776716856414,0.08909291222915902,0.021263312522952625
0,15,0.050422328314359166,0.08946015424164525,0.021710123638144205
0,16,0.05031827641082139,0.0892459297343616,0.021189864120455378
0,17,0.05031827641082139,0.0890684294283266,0.021379605826906598
0,18,0.05062431142122659,0.0890684294283266,0.021379605826906598
0,19,0.05044681111519158,0.08931325743665075,0.021593830334190232
0,20,0.05051413881748072,0.08896437752478883,0.021410209327947117
0,21,0.05051413881748072,0.08896437752478883,0.021410209327947117
0,22,0.05050801811727261,0.08901946382666177,0.021765209940017138
0,23,0.05058146651976986,0.08913575713061575,0.021520381931692985
0,24,0.05058146651976986,0.08913575713061575,0.021520381931692985
0,25,0.05059370792018607,0.08929489533602644,0.021648916636063165
0,26,0.05060594932060227,0.08905618802791039,0.021067450116293303
0,27,0.05060594932060227,0.08905618802791039,0.021067450116293303
0,28,0.050667156322683315,0.08927653323540213,0.021373485126698493
0,29,0.0504774146162321,0.08917860203207248,0.021342881625657974
0,30,0.0504774146162321,0.08917860203207248,0.021342881625657974
0,31,0.05051413881748072,0.08902558452686987,0.021079691516709513
0,32,0.050428449014567264,0.08884808422083487,0.020773656506304323
0,33,0.050428449014567264,0.08884808422083487,0.020773656506304323
0,34,0.05077732892642919,0.08905618802791039,0.021746847839392826
0,35,0.050428449014567264,0.08925817113477783,0.021673399436895578
0,36,0.050428449014567264,0.08925817113477783,0.021673399436895578
0,37,0.050428449014567264,0.08933774023748317,0.021771330640225243
0,38,0.05070388052393193,0.0890623087281185,0.021508140531276778
0,39,0.05070388052393193,0.08915411923124006,0.021697882237728
0,40,0.05025706940874036,0.08915411923124006,0.021697882237728
0,41,0.05022034520749173,0.08893377402374832,0.02157546823356592
0,42,0.05069163912351573,0.08886644632145918,0.021195984820663483
0,43,0.05069163912351573,0.08886644632145918,0.021195984820663483
0,44,0.05037336271269434,0.0890684294283266,0.021030725915044683
0,45,0.05079569102705349,0.08928265393561023,0.021306157424409354
0,46,0.05079569102705349,0.08928265393561023,0.021306157424409354
0,47,0.05039784551352675,0.08892765332354022,0.02086546700942588
0,48,0.050556983718937444,0.08911127432978333,0.021165381319622964
0,49,0.050556983718937444,0.08911127432978333,0.021165381319622964
0,50,0.05045905251560778,0.0890806708287428,0.021563226833149714
0,51,0.05050801811727261,0.08928877463581833,0.021587709633982127
0,52,0.05050801811727261,0.08928877463581833,0.021587709633982127
0,53,0.05062431142122659,0.08927041253519402,0.021110295017750032
0,54,0.05052025951768883,0.08898886032562126,0.02164279593585506
0,55,0.05052025951768883,0.08898886032562126,0.02164279593585506
0,56,0.05039172481331864,0.08898886032562126,0.021361243726282286
0,57,0.05062431142122659,0.08930713673644265,0.021324519525033662
0,58,0.05062431142122659,0.08930713673644265,0.021324519525033662
0,59,0.05062431142122659,0.08933774023748317,0.021697882237728
0,60,0.050483535316440196,0.08911127432978333,0.021673399436895578
0,61,0.05037948341290244,0.0890806708287428,0.02157546823356592
0,62,0.05037948341290244,0.0890806708287428,0.02157546823356592
0,63,0.05059370792018607,0.08909291222915902,0.021599951034398334
0,64,0.05058758721997797,0.08918472273228058,0.021759089239809036
0,65,0.05058758721997797,0.08918472273228058,0.021759089239809036
0,66,0.050569225119353654,0.08912963643040764,0.021673399436895578
0,67,0.05029379360998898,0.0892214469335292,0.021532623332109195
0,68,0.05029379360998898,0.0892214469335292,0.021532623332109195
0,69,0.05036112131227812,0.08917860203207248,0.02149589913086057
0,70,0.05051413881748072,0.089386705839148,0.021404088627739012
0,71,0.05051413881748072,0.089386705839148,0.021404088627739012
0,72,0.05044681111519158,0.08912963643040764,0.021679520137103683
0,73,0.05048965601664831,0.08891541192312401,0.021312278124617456
0,74,0.05048965601664831,0.08891541192312401,0.021312278124617456
0,75,0.05077732892642919,0.08917248133186437,0.021599951034398334
0,76,0.05043456971477537,0.08917860203207248,0.021195984820663483
0,77,0.05048965601664831,0.08916023993144816,0.021287795323785042
0,78,0.05048965601664831,0.08916023993144816,0.021287795323785042
0,79,0.050410086913942956,0.08915411923124006,0.021055208715877096
0,80,0.05050801811727261,0.08908679152895091,0.021342881625657974
0,81,0.05050801811727261,0.08908679152895091,0.021342881625657974
0,82,0.05047129391602399,0.08909291222915902,0.021006243114212265
0,83,0.05043456971477537,0.08928265393561023,0.02135512302607418
0,84,0.05043456971477537,0.08928265393561023,0.02135512302607418
0,85,0.05033663851144571,0.0893805851389399,0.021697882237728
0,86,0.05026319010894846,0.08919696413269677,0.02157546823356592
0,87,0.05026319010894846,0.08919696413269677,0.02157546823356592
0,88,0.05040396621373485,0.08903782592728608,0.021244950422328317
0,89,0.05066103562247522,0.08893989472395643,0.02112865711837434
0,90,0.05066103562247522,0.08893989472395643,0.02112865711837434
0,91,0.05047129391602399,0.08912351573019953,0.021410209327947117
0,92,0.05057534581956176,0.0890684294283266,0.021330640225241768
0,93,0.05057534581956176,0.0890684294283266,0.021330640225241768
0,94,0.05028767290978088,0.08908679152895091,0.02123882972212021
0,95,0.050385604113110535,0.08917248133186437,0.02075529440568001
0,96,0.050385604113110535,0.08917248133186437,0.02075529440568001
0,97,0.05072224262455625,0.08929489533602644,0.021116415717958133
0,98,0.05047129391602399,0.08916023993144816,0.02143469212877953
0,99,0.050355000612070024,0.08897049822499695,0.02101236381442037
1,0,-0.06211286571183744,0.07306891908434325,0.016929856775615128
1,1,-0.06225976251683193,0.07301383278247031,0.017327702289141877
1,2,-0.06225976251683193,0.07301383278247031,0.017327702289141877
1,3,-0.062088382911005026,0.07286081527726772,0.017939772309952258
1,4,-0.06195984820663484,0.07275064267352185,0.017707185702044315
1,5,-0.06195984820663484,0.07275064267352185,0.017707185702044315
1,6,-0.06220467621495899,0.07288529807810014,0.01678295997062064
1,7,-0.06228424531766434,0.07303831558330273,0.01765209940017138
1,8,-0.06228424531766434,0.07303831558330273,0.01765209940017138
1,9,-0.062180193414126575,0.07280572897539479,0.017578650997674132
1,10,-0.06188027910392949,0.07257926306769494,0.017590892398090342
1,11,-0.06188027910392949,0.07257926306769494,0.017590892398090342
1,12,-0.0620639001101726,0.07273840127310564,0.017786754804749665
1,13,-0.06202717590892398,0.0728302117762272,0.017584771697882237
1,14,-0.0620577794099645,0.07292814297955687,0.017872444607663115
1,15,-0.0620577794099645,0.07292814297955687,0.017872444607663115
1,16,-0.06218631411433469,0.07277512547435426,0.017615375198922756
1,17,-0.06217407271391847,0.07298322928142979,0.01749296119476068
1,18,-0.06217407271391847,0.07298322928142979,0.01749296119476068
1,19,-0.06199657240788346,0.07289141877830824,0.017658220100379485
1,20,-0.06210062431142123,0.07281184967560289,0.017284857387685152
1,21,-0.06210062431142123,0.07281184967560289,0.017284857387685152
1,22,-0.06231484881870486,0.07298322928142979,0.017952013710368468
1,23,-0.06241890072224262,0.07274452197331374,0.016844166972701677
1,24,-0.06241890072224262,0.07274452197331374,0.017033908679152894
1,25,-0.062223038315583304,0.07282409107601909,0.017033908679152894
1,26,-0.0620639001101726,0.07263434936956788,0.01708899498102583
1,27,-0.06216183131350227,0.07290366017872445,0.016764597869996328
1,28,-0.06216183131350227,0.07290366017872445,0.016764597869996328
1,29,-0.06207614151058881,0.07297098788101358,0.0168808911739503
1,30,-0.06199657240788346,0.07289141877830824,0.017113477781858243
1,31,-0.06199657240788346,0.07289141877830824,0.017113477781858243
1,32,-0.06216183131350227,0.07301383278247031,0.01716856408373118
1,33,-0.06214346921287796,0.07257314236748684,0.016850287672909782
1,34,-0.06214346921287796,0.07257314236748684,0.016850287672909782
1,35,-0.062382176520994,0.07291590157914066,0.01729709878810136
1,36,-0.06181907210184845,0.07281184967560289,0.016648304566042355
1,37,-0.06181907210184845,0.07281184967560289,0.016648304566042355
1,38,-0.06211286571183744,0.07285469457705962,0.016887011874158402
1,39,-0.06213122781246174,0.07277512547435426,0.01668502876729098
1,40,-0.061953727506426734,0.07295874648059739,0.017046150079569104
1,41,-0.061953727506426734,0.07295874648059739,0.017046150079569104
1,42,-0.062253641816623816,0.07292202227934876,0.017272615987268945
1,43,-0.06211898641204554,0.07294038437997306,0.017223650385604115
1,44,-0.06211898641204554,0.07294038437997306,0.017223650385604115
1,45,-0.06213734851266985,0.07281797037581099,0.01808666911494675
1,46,-0.062088382911005026,0.07288529807810014,0.017517443995593095
1,47,-0.062088382911005026,0.07288529807810014,0.017517443995593095
1,48,-0.06216183131350227,0.07275676337372997,0.018190721018484516
1,49,-0.06199045170767535,0.07282409107601909,0.017768392704125353
1,50,-0.06199657240788346,0.07264659076998409,0.017982617211408987
1,51,-0.06199657240788346,0.07264659076998409,0.017982617211408987
1,52,-0.062088382911005026,0.07253641816623821,0.01741339209205533
1,53,-0.06219855551475088,0.07275676337372997,0.017505202595176888
1,54,-0.06219855551475088,0.07275676337372997,0.017505202595176888
1,55,-0.062039417309340185,0.07298934998163789,0.017590892398090342
1,56,-0.06191700330517811,0.07274452197331374,0.017358305790182396
1,57,-0.06191700330517811,0.07274452197331374,0.017358305790182396
1,58,-0.06219855551475088,0.0728302117762272,0.01740115069163912
1,59,-0.062155710613294154,0.07262822866935978,0.017945893010160363
1,60,-0.062155710613294154,0.07262822866935978,0.017945893010160363
1,61,-0.06198433100746725,0.07284245317664341,0.016978822377279962
1,62,-0.06195984820663484,0.07295262578038927,0.01760313379850655
1,63,-0.06207614151058881,0.07256702166727874,0.01767046150079569
1,64,-0.06207614151058881,0.07256702166727874,0.01767046150079569
1,65,-0.062155710613294154,0.07290978087893255,0.017805116905373973
1,66,-0.06228424531766434,0.07296486718080548,0.01810503121557106
1,67,-0.06228424531766434,0.07296486718080548,0.01810503121557106
1,68,-0.06191700330517811,0.07273228057289753,0.017896927408495533
1,69,-0.06211898641204554,0.07271391847227324,0.017584771697882237
1,70,-0.06211898641204554,0.07271391847227324,0.017584771697882237
1,71,-0.062088382911005026,0.07270779777206512,0.017578650997674132
1,72,-0.06220467621495899,0.07284245317664341,0.01782959970620639
1,73,-0.06258415962786143,0.07272615987268943,0.017743909903292936
1,74,-0.06258415962786143,0.07272615987268943,0.017743909903292936
1,75,-0.0622291590157914,0.07294038437997306,0.017033908679152894
1,76,-0.06181907210184845,0.07321581588933775,0.01809278981515485
1,77,-0.06181907210184845,0.07321581588933775,0.01809278981515485
1,78,-0.062088382911005026,0.07305667768392704,0.01782959970620639
1,79,-0.06207614151058881,0.07243848696290855,0.018227445219733136
1,80,-0.06207614151058881,0.07243848696290855,0.018227445219733136
1,81,-0.06190476190476191,0.07276900477414616,0.017566409597257925
1,82,-0.06227200391724813,0.07287917737789204,0.017707185702044315
1,83,-0.06227200391724813,0.07287917737789204,0.017707185702044315
1,84,-0.062223038315583304,0.07306279838413514,0.01808666911494675
1,85,-0.06225976251683193,0.07286693597747582,0.01686252907332599
1,86,-0.062223038315583304,0.07286081527726772,0.017535806096217407
1,87,-0.062223038315583304,0.07286081527726772,0.017535806096217407
1,88,-0.061935365405802426,0.0729771085812217,0.018453911127432977
1,89,-0.062149589913086056,0.07297098788101358,0.01787856530787122
1,90,-0.062149589913086056,0.07297098788101358,0.01787856530787122
1,91,-0.062051658709756395,0.07270779777206512,0.01779899620516587
1,92,-0.062149589913086056,0.07293426367976497,0.017358305790182396
1,93,-0.062149589913086056,0.07293426367976497,0.017358305790182396
1,94,-0.06202105520871588,0.07284245317664341,0.01779899620516587
1,95,-0.06211898641204554,0.07305667768392704,0.017811237605582078
1,96,-0.06211898641204554,0.07305667768392704,0.017811237605582078
1,97,-0.062253641816623816,0.07303831558330273,0.01749296119476068
1,98,-0.0622107969151671,0.07283633247643531,0.017486840494552576
1,99,-0.06200269310809157,0.07279348757497858,0.017707185702044315
2,0,0.0940568000979312,-0.09641326967805117,0.07384012731056433
2,1,0.09409352429917983,-0.09650508018117274,0.07352797159995103
2,2,0.09407516219855552,-0.09651120088138083,0.0734728852980781
2,3,0.09407516219855552,-0.09670094258783204,0.07382176520994002
2,4,0.09429550740604725,-0.09670094258783204,0.07382176520994002
2,5,0.09407516219855552,-0.09667033908679153,0.07409107601909658
2,6,0.0943628351083364,-0.0964744766801322,0.07365650630432122
2,7,0.0943628351083364,-0.0964744766801322,0.07365650630432122
2,8,0.09398335169543395,-0.09652956298200514,0.0731484881870486
2,9,0.09376300648794222,-0.09651732158158893,0.07343004039662138
2,10,0.09376300648794222,-0.09651732158158893,0.07343004039662138
2,11,0.0938976618925205,-0.09649283878075651,0.07259762516831926
2,12,0.09400783449626637,-0.09626025217284857,0.07188762394417922
2,13,0.09400783449626637,-0.09626025217284857,0.07188762394417922
2,14,0.09409964499938793,-0.09651120088138083,0.0734790059982862
2,15,0.09411800710001225,-0.0964744766801322,0.07409107601909658
2,16,0.09411800710001225,-0.0964744766801322,0.07409107601909658
2,17,0.0937262822866936,-0.09638878687721876,0.07255478026686253
2,18,0.09394050679397722,-0.09621740727139186,0.07236503856041131
2,19,0.09414248990084466,-0.09629085567388909,0.07415228302117763
2,20,0.09414248990084466,-0.09629085567388909,0.07415228302117763
2,21,0.09415473130126087,-0.09640102827763496,0.07367486840494553
2,22,0.09398335169543395,-0.09619904517076754,0.07425021422450728
2,23,0.09398335169543395,-0.09619904517076754,0.07425021422450728
2,24,0.0937201615864855,-0.09656016648304566,0.07406047251805606
2,25,0.09406904149834741,-0.09643163177867548,0.07407271391847228
2,26,0.09406904149834741,-0.09643163177867548,0.07407271391847228
2,27,0.09357938548169911,-0.09674378748928877,0.0741400416207614
2,28,0.09391602399314482,-0.09644387317909169,0.07145305422940385
2,29,0.09391602399314482,-0.09644387317909169,0.07145305422940385
2,30,0.09428326600563104,-0.09635818337617823,0.07182641694209818
2,31,0.09373240298690169,-0.0962969763740972,0.07339943689558084
2,32,0.09373240298690169,-0.0962969763740972,0.07423797282409109
2,33,0.09379973068919084,-0.09640714897784305,0.07423797282409109
2,34,0.09404455869751499,-0.09634594197576203,0.07369323050556983
2,35,0.09408128289876362,-0.0961439588688946,0.0736259028032807
2,36,0.09408128289876362,-0.0961439588688946,0.0736259028032807
2,37,0.0940506793977231,-0.09652344228179703,0.07418288652221813
2,38,0.09381809278981515,-0.09638266617701065,0.07228546945770596
2,39,0.09381809278981515,-0.09638266617701065,0.07228546945770596
2,40,0.09413636920063655,-0.09623576937201615,0.0739564206145183
2,41,0.0940323172970988,-0.0964561145795079,0.07388909291222916
2,42,0.0940323172970988,-0.0964561145795079,0.07388909291222916
2,43,0.09400171379605828,-0.09652956298200514,0.07262822866935978
2,44,0.09395886889460155,-0.0964561145795079,0.0725058146651977
2,45,0.09395886889460155,-0.0964561145795079,0.0725058146651977
2,46,0.09385481699106378,-0.0966213734851267,0.07263434936956788
2,47,0.09362223038315584,-0.09640714897784305,0.07417064512180194
2,48,0.09395886889460155,-0.09656016648304566,0.07318521238829721
2,49,0.09395886889460155,-0.09656016648304566,0.07318521238829721
2,50,0.09406904149834741,-0.09644999387929978,0.07410331741951279
2,51,0.09392826539356103,-0.0962969763740972,0.0737850410086914
2,52,0.09392826539356103,-0.0962969763740972,0.0737850410086914
2,53,0.09400783449626637,-0.0963030970743053,0.07343616109682947
2,54,0.09402619659689068,-0.09636430407638634,0.07407271391847228
2,55,0.09402619659689068,-0.09636430407638634,0.07407271391847228
2,56,0.09376912718815032,-0.09653568368221324,0.07406659321826417
2,57,0.09415473130126087,-0.09649283878075651,0.07260374586852736
2,58,0.09415473130126087,-0.09649283878075651,0.07260374586852736
2,59,0.09379360998898274,-0.09644387317909169,0.0741400416207614
2,60,0.09392214469335292,-0.09659076998408618,0.07109193291712572
2,61,0.09379973068919084,-0.09658464928387808,0.07355245440078345
2,62,0.09379973068919084,-0.09658464928387808,0.07355245440078345
2,63,0.09377524788835842,-0.09658464928387808,0.07431142122658832
2,64,0.09395274819439345,-0.09608275186681356,0.07412167952013711
2,65,0.09395274819439345,-0.09608275186681356,0.07412167952013711
2,66,0.09398335169543395,-0.09660301138450239,0.07431754192679643
2,67,0.09447300771208225,-0.09637654547680255,0.07256090096707063
2,68,0.09447300771208225,-0.09637654547680255,0.07256090096707063
2,69,0.09379360998898274,-0.09656016648304566,0.07351573019953482
2,70,0.09386705839147999,-0.09661525278491859,0.07424409352429918
2,71,0.09386705839147999,-0.09661525278491859,0.07431142122658832
2,72,0.09402007589668257,-0.09638266617701065,0.07431142122658832
2,73,0.09379360998898274,-0.09627861427347288,0.07399926551597504
2,74,0.09394050679397722,-0.0964683559799241,0.07406659321826417
2,75,0.09394050679397722,-0.0964683559799241,0.07406659321826417
2,76,0.09404455869751499,-0.09643163177867548,0.0736381442036969
2,77,0.09416697270167708,-0.09649895948096462,0.07289141877830824
2,78,0.09416697270167708,-0.09649895948096462,0.07289141877830824
2,79,0.09402619659689068,-0.09649283878075651,0.07428693842575591
2,80,0.09381197208960705,-0.09671930468845637,0.07416452442159382
2,81,0.09381197208960705,-0.09671930468845637,0.07416452442159382
2,82,0.09398335169543395,-0.09640714897784305,0.07115926061941487
2,83,0.09394662749418534,-0.09660913208471049,0.07421961072346676
2,84,0.09394662749418534,-0.09660913208471049,0.07421961072346676
2,85,0.09392214469335292,-0.09657240788346186,0.07294650508018116
2,86,0.0938976618925205,-0.09671318398824826,0.07366262700452932
2,87,0.09394050679397722,-0.09648059738034032,0.07409107601909658
2,88,0.09394050679397722,-0.09648059738034032,0.07409107601909658
2,89,0.09411188639980414,-0.09657240788346186,0.0741400416207614
2,90,0.09411800710001225,-0.09625413147264048,0.07432978332721263
2,91,0.09411800710001225,-0.09625413147264048,0.07432978332721263
2,92,0.0940568000979312,-0.09670706328804016,0.07218753825437631
2,93,0.09400783449626637,-0.09649283878075651,0.07391357571306158
2,94,0.09400783449626637,-0.09649283878075651,0.07391357571306158
2,95,0.09398947239564207,-0.09627861427347288,0.07448280083241524
2,96,0.09365895458440446,-0.09658464928387808,0.07259150446811116
2,97,0.09365895458440446,-0.09658464928387808,0.07259150446811116
2,98,0.09413636920063655,-0.09625413147264048,0.07213245195250337
2,99,0.09386093769127188,-0.09648671808054841,0.07419512792263436
3,0,-0.08599583792385848,-0.0448586118251928,0.020743053005263804
3,1,-0.08599583792385848,-0.0448586118251928,0.020743053005263804
3,2,-0.08589790672052883,-0.04483412902436039,0.020743053005263804
3,3,-0.08581221691761538,-0.04463214591749296,0.02086546700942588
3,4,-0.08591014812094504,-0.04493206022769004,0.02091443261109071
3,5,-0.08591014812094504,-0.04493206022769004,0.02091443261109071
3,6,-0.08588566532011263,-0.04468111151915779,0.02091443261109071
3,7,-0.08579385481699106,-0.04468111151915779,0.0207369323050557
3,8,-0.08579385481699106,-0.04468111151915779,0.0207369323050557
3,9,-0.08573876851511812,-0.04480964622352797,0.020853225609009672
3,10,-0.0860142000244828,-0.04481576692373608,0.021189864120455378
3,11,-0.0860142000244828,-0.04481576692373608,0.021189864120455378
3,12,-0.08594075162198556,-0.04502999143101971,0.020792018606928635
3,13,-0.08582445831803158,-0.044913698127065735,0.020712449504223282
3,14,-0.08582445831803158,-0.044913698127065735,0.020712449504223282
3,15,-0.08597135512302607,-0.04480352552331987,0.02083486350838536
3,16,-0.08574488921532623,-0.04460766311666055,0.02069408740359897
3,17,-0.08594075162198556,-0.0448586118251928,0.02061451830089362
3,18,-0.08594075162198556,-0.0448586118251928,0.02061451830089362
3,19,-0.0858734239196964,-0.04496878442893867,0.020743053005263804
3,20,-0.0858428204186559,-0.044956543028522464,0.020792018606928635
3,21,-0.0858428204186559,-0.044956543028522464,0.020792018606928635
3,22,-0.08624066593218263,-0.04497490512914677,0.021036846615252784
3,23,-0.08597135512302607,-0.04482188762394418,0.020908311910882604
3,24,-0.08597135512302607,-0.04482188762394418,0.020908311910882604
3,25,-0.08574488921532623,-0.04491981882727384,0.020932794711715018
3,26,-0.08578161341657485,-0.04477904272248745,0.020828742808177255
3,27,-0.08578161341657485,-0.04477904272248745,0.020828742808177255
3,28,-0.08594687232219365,-0.04460154241645244,0.02080426000734484
3,29,-0.08581833761782348,-0.0445342147141633,0.0207369323050557
3,30,-0.08573264781491002,-0.04488921532623332,0.020651242502142245
3,31,-0.08573264781491002,-0.04488921532623332,0.020651242502142245
3,32,-0.08603868282531521,-0.0448586118251928,0.02092055331129881
3,33,-0.0858550618190721,-0.044956543028522464,0.02083486350838536
3,34,-0.0858550618190721,-0.044956543028522464,0.02083486350838536
3,35,-0.08598359652344228,-0.04488921532623332,0.020779777206512424
3,36,-0.08565919941241278,-0.0448524911249847,0.020822622107969153
3,37,-0.08565919941241278,-0.0448524911249847,0.020822622107969153
3,38,-0.08586730321948831,-0.044785163422695555,0.02088382911005019
3,39,-0.0856775615130371,-0.044754559921655036,0.02080426000734484
3,40,-0.0856775615130371,-0.044754559921655036,0.02080426000734484
3,41,-0.08575100991553433,-0.04480352552331987,0.0209021912106745
3,42,-0.08579997551719917,-0.04496878442893867,0.02086546700942588
3,43,-0.08586118251928021,-0.04463214591749296,0.02087158770963398
3,44,-0.08586118251928021,-0.04463214591749296,0.02087158770963398
3,45,-0.0858734239196964,-0.04452197331374709,0.021024605214836577
3,46,-0.0860080793242747,-0.044883094626025216,0.02095115681233933
3,47,-0.0860080793242747,-0.044883094626025216,0.02095115681233933
3,48,-0.08588566532011263,-0.044785163422695555,0.021073570816501408
3,49,-0.08597135512302607,-0.0448586118251928,0.02115926061941486
3,50,-0.08597135512302607,-0.0448586118251928,0.02115926061941486
3,51,-0.08589178602032073,-0.044693352919574,0.020510466397355858
3,52,-0.08593463092177746,-0.04454645611457951,0.02060839760068552
3,53,-0.08593463092177746,-0.04454645611457951,0.02060839760068552
3,54,-0.0860080793242747,-0.044693352919574,0.020877708409842086
3,55,-0.0861672175296854,-0.04491981882727384,0.02096951891296364
3,56,-0.08608152772677194,-0.044870853225609006,0.020822622107969153
3,57,-0.08608152772677194,-0.044870853225609006,0.020822622107969153
3,58,-0.08587954461990452,-0.04530542294038438,0.020847104908801567
3,59,-0.08595911372260986,-0.04473007712082262,0.020571673399436895
3,60,-0.08595911372260986,-0.04473007712082262,0.020571673399436895
3,61,-0.08590402742073693,-0.04481576692373608,0.020773656506304323
3,62,-0.08615497612926919,-0.04480352552331987,0.020712449504223282
3,63,-0.08615497612926919,-0.04480352552331987,0.020712449504223282
3,64,-0.08583669971844779,-0.04473007712082262,0.02081650140776105
3,65,-0.0857081650140776,-0.04484637042477659,0.02060839760068552
3,66,-0.0857081650140776,-0.04484637042477659,0.02060839760068552
3,67,-0.08606316562614763,-0.04491981882727384,0.02086546700942588
3,68,-0.08579997551719917,-0.04466274941853348,0.020859346309217774
3,69,-0.0856836822132452,-0.04468111151915779,0.020706328804015177
3,70,-0.0856836822132452,-0.04468111151915779,0.020706328804015177
3,71,-0.08575100991553433,-0.04461990451707675,0.02068796670339087
3,72,-0.08592851022156935,-0.04497490512914677,0.020773656506304323
3,73,-0.08592851022156935,-0.04497490512914677,0.020773656506304323
3,74,-0.08605092422573143,-0.04473007712082262,0.020889949810258292
3,75,-0.0860203207246909,-0.04480352552331987,0.02086546700942588
3,76,-0.0860203207246909,-0.04480352552331987,0.02086546700942588
3,77,-0.08592851022156935,-0.04473619782103073,0.020706328804015177
3,78,-0.08595911372260986,-0.045023870730811606,0.020669604602766557
3,79,-0.08586730321948831,-0.0447055943199902,0.021036846615252784
3,80,-0.08586730321948831,-0.0447055943199902,0.021036846615252784
3,81,-0.08572040641449383,-0.04458930101603624,0.02083486350838536
3,82,-0.08574488921532623,-0.04476068062186314,0.02075529440568001
3,83,-0.08574488921532623,-0.04476068062186314,0.02075529440568001
3,84,-0.08598359652344228,-0.04496266372873057,0.020632880401517933
3,85,-0.08589790672052883,-0.04476068062186314,0.02091443261109071
3,86,-0.08589790672052883,-0.04476068062186314,0.02091443261109071
3,87,-0.08598359652344228,-0.04480964622352797,0.020975639613171747
3,88,-0.085848941118864,-0.0447055943199902,0.0207369323050557
3,89,-0.085848941118864,-0.0447055943199902,0.0207369323050557
3,90,-0.0858428204186559,-0.044883094626025216,0.020847104908801567
3,91,-0.08614885542906109,-0.044668870118741585,0.020908311910882604
3,92,-0.08597747582323417,-0.04482188762394418,0.020822622107969153
3,93,-0.08597747582323417,-0.04482188762394418,0.020822622107969153
3,94,-0.08589178602032073,-0.04480964622352797,0.020810380707552943
3,95,-0.08563471661158037,-0.044883094626025216,0.02091443261109071
3,96,-0.08563471661158037,-0.044883094626025216,0.02091443261109071
3,97,-0.08605704492593953,-0.044785163422695555,0.020945036112131228
3,98,-0.08575100991553433,-0.04500550863018729,0.021036846615252784
3,99,-0.08575100991553433,-0.04500550863018729,0.021036846615252784
