values,,Magnetometer,Magnetometer,Magnetometer
axis,,x,y,z
Sensor,Sample,,,
0,0,0.04024360386828253,0.07152650263190109,0.026416942098176032
0,1,0.04007834496266373,0.07167952013710369,0.026698494307748805
0,2,0.040029379360998894,0.07115926061941487,0.026520994001713795
0,3,0.040029379360998894,0.07115926061941487,0.026520994001713795
0,4,0.04004774146162321,0.07151426123148488,0.026729097808789327
0,5,0.04010282776349615,0.07144081282898763,0.026453666299424656
0,6,0.04010282776349615,0.07117150201983106,0.026747459909413636
0,7,0.040053862161831315,0.07117150201983106,0.026747459909413636
0,8,0.040084465662871833,0.07144081282898763,0.026539356102338107
0,9,0.04009670706328804,0.0712082262210797,0.026820908311910883
0,10,0.04009670706328804,0.0712082262210797,0.026820908311910883
0,11,0.04010282776349615,0.07122046762149589,0.026875994613783816
0,12,0.03996817235891786,0.07132451952503366,0.026306769494430164
0,13,0.03996817235891786,0.07132451952503366,0.026306769494430164
0,14,0.04009670706328804,0.0713857265271147,0.026600563104419144
0,15,0.04012118986412046,0.07128779532378504,0.026459786999632758
0,16,0.04012118986412046,0.07128779532378504,0.026459786999632758
0,17,0.04004774146162321,0.07135512302607419,0.026820908311910883
0,18,0.03985187905496389,0.07163055453543885,0.026741339209205534
0,19,0.03985187905496389,0.07163055453543885,0.026741339209205534
0,20,0.040084465662871833,0.07145305422940385,0.02634961439588689
0,21,0.04014567266495287,0.07126943322316073,0.026465907699840863
0,22,0.04014567266495287,0.07126943322316073,0.026465907699840863
0,23,0.04013343126453666,0.07150814053127677,0.026643408005875873
0,24,0.0403476557718203,0.07123270902191212,0.02625780389276533
0,25,0.0403476557718203,0.07123270902191212,0.02625780389276533
0,26,0.04009058636307994,0.07155710613294161,0.026551597502754314
0,27,0.040182396866201495,0.07159995103439834,0.026649528706083975
0,28,0.04012731056432856,0.0715509854327335,0.02666789080670829
0,29,0.04012731056432856,0.0715509854327335,0.02666789080670829
0,30,0.040139551964744766,0.07146529562982004,0.026490390500673276
0,31,0.040268086669114946,0.0713734851266985,0.02638633859713551
0,32,0.040268086669114946,0.0713734851266985,0.02638633859713551
0,33,0.03996817235891786,0.07127555392336883,0.026319010894846374
0,34,0.040139551964744766,0.07142245072836333,0.026600563104419144
0,35,0.040139551964744766,0.07142245072836333,0.026600563104419144
0,36,0.04036601787244461,0.07135512302607419,0.02667401150691639
0,37,0.03998653445954217,0.07141633002815521,0.02610478638756274
0,38,0.03998653445954217,0.07141633002815521,0.02610478638756274
0,39,0.04012731056432856,0.07151426123148488,0.026680132207124497
0,40,0.04007834496266373,0.07134900232586608,0.026759701309829843
0,41,0.04007834496266373,0.07134900232586608,0.026759701309829843
0,42,0.04010894846370425,0.0715509854327335,0.026165993389643778
0,43,0.04009058636307994,0.07142245072836333,0.026110907087770842
0,44,0.04017627616599339,0.07152650263190109,0.026025217284857387
0,45,0.04017627616599339,0.07152650263190109,0.026025217284857387
0,46,0.040041620761415105,0.07127555392336883,0.026110907087770842
0,47,0.04017627616599339,0.07128779532378504,0.026520994001713795
0,48,0.04017627616599339,0.07128779532378504,0.026520994001713795
0,49,0.040035500061207,0.07158770963398213,0.026980046517321582
0,50,0.040408862773901336,0.07150201983106867,0.02638633859713551
0,51,0.040408862773901336,0.07150201983106867,0.02638633859713551
0,52,0.04010894846370425,0.07127555392336883,0.026465907699840863
0,53,0.03991920675725303,0.07127555392336883,0.02657608030358673
0,54,0.03991920675725303,0.07127555392336883,0.02657608030358673
0,55,0.040292569469947366,0.07130615742440935,0.0263679764965112
0,56,0.04024972456849064,0.07145305422940385,0.026582201003794836
0,57,0.04024972456849064,0.07145305422940385,0.026582201003794836
0,58,0.040023258660790796,0.07161831313502265,0.02647814910025707
0,59,0.0403598971722365,0.07149589913086057,0.026582201003794836
0,60,0.0403598971722365,0.07149589913086057,0.026582201003794836
0,61,0.040053862161831315,0.07148365773044436,0.02661892520504346
0,62,0.040255845268698735,0.07132451952503366,0.02638633859713551
0,63,0.040255845268698735,0.07132451952503366,0.02638633859713551
0,64,0.04017627616599339,0.07147141633002815,0.026490390500673276
0,65,0.040084465662871833,0.07161219243481455,0.025749785775492716
0,66,0.04010894846370425,0.07164279593585507,0.026520994001713795
0,67,0.04010894846370425,0.07164279593585507,0.026520994001713795
0,68,0.04010282776349615,0.07144693352919575,0.026325131595054473
0,69,0.04026196596890684,0.07156934753335782,0.026520994001713795
0,70,0.04026196596890684,0.07156934753335782,0.026520994001713795
0,71,0.04021912106745011,0.07128779532378504,0.026416942098176032
0,72,0.039937568857877345,0.07145305422940385,0.026459786999632758
0,73,0.039937568857877345,0.07145305422940385,0.026459786999632758
0,74,0.040139551964744766,0.07140408862773902,0.026778063410454155
0,75,0.040182396866201495,0.07122046762149589,0.026178234790059984
0,76,0.040182396866201495,0.07122046762149589,0.026178234790059984
0,77,0.040151793365160976,0.0715448647325254,0.026643408005875873
0,78,0.0403537764720284,0.0713796058269066,0.026055820785897903
0,79,0.0403537764720284,0.0713796058269066,0.026055820785897903
0,80,0.040298690170155464,0.07150814053127677,0.026337372995470683
0,81,0.0401885175664096,0.07120210552087158,0.026520994001713795
0,82,0.0401885175664096,0.07120210552087158,0.026520994001713795
0,83,0.04023136246786632,0.07161831313502265,0.026423062798384134
0,84,0.04012118986412046,0.07131227812461746,0.02653323540213
0,85,0.04012118986412046,0.07131227812461746,0.02653323540213
0,86,0.04021912106745011,0.07126331252295262,0.02648426980046517
0,87,0.04000489656016648,0.07155710613294161,0.026416942098176032
0,88,0.04000489656016648,0.071520381931693,0.02614151058881136
0,89,0.03998041375933407,0.071520381931693,0.02614151058881136
0,90,0.040139551964744766,0.0713734851266985,0.02665564940629208
0,91,0.04013343126453666,0.07139184722732281,0.026539356102338107
0,92,0.04013343126453666,0.07139184722732281,0.026539356102338107
0,93,0.040029379360998894,0.07128167462357694,0.026472028400048964
0,94,0.039925327457461135,0.07118374342024728,0.026306769494430164
0,95,0.039925327457461135,0.07118374342024728,0.026306769494430164
0,96,0.040023258660790796,0.07126331252295262,0.026221079691516706
0,97,0.04010894846370425,0.07125107112253641,0.026465907699840863
0,98,0.04010894846370425,0.07125107112253641,0.026465907699840863
0,99,0.04012731056432856,0.07150201983106867,0.027035132819194518
1,0,-0.05558819928999877,0.06434080058758722,0.022744521973313746
1,1,-0.055753458195617576,0.06415105888113601,0.02295262578038928
1,2,-0.055680009793120336,0.06437752478883584,0.022970987881013587
1,3,-0.05556371648916636,0.06441424899008447,0.02295874648059738
1,4,-0.05556371648916636,0.06441424899008447,0.02295874648059738
1,5,-0.05560044069041499,0.06413269678051169,0.023368833394540336
1,6,-0.055722854694577065,0.06426123148488187,0.02286081527726772
1,7,-0.055722854694577065,0.06426123148488187,0.02286081527726772
1,8,-0.055655526992287915,0.06456114579507896,0.0228302117762272
1,9,-0.05551475088750153,0.06444485249112498,0.023032194883094624
1,10,-0.05551475088750153,0.06444485249112498,0.023032194883094624
1,11,-0.055796303097074305,0.06427347288529808,0.022854694577059614
1,12,-0.05561880279103929,0.06427347288529808,0.022677194271024607
1,13,-0.05561880279103929,0.06427347288529808,0.022677194271024607
1,14,-0.05564940629207982,0.06451218019341412,0.022915901579140655
1,15,-0.05580242379728241,0.06438364548904395,0.022707797772065125
1,16,-0.05580242379728241,0.06450605949320602,0.02318521238829722
1,17,-0.05588811360019587,0.06450605949320602,0.02318521238829722
1,18,-0.05574121679520137,0.06453666299424654,0.02289141877830824
1,19,-0.05573509609499326,0.06423674868404947,0.02313012608642429
1,20,-0.05573509609499326,0.06423674868404947,0.02313012608642429
1,21,-0.05560044069041499,0.06418166238217651,0.023068919084343248
1,22,-0.055943199902068794,0.0644632145917493,0.02273228057289754
1,23,-0.055943199902068794,0.0644632145917493,0.02273228057289754
1,24,-0.05574733749540948,0.06450605949320602,0.02372995470681846
1,25,-0.05552699228791774,0.06451830089362223,0.02339331619537275
1,26,-0.05555759578895826,0.06440200758966826,0.0234728852980781
1,27,-0.05555759578895826,0.06440200758966826,0.0234728852980781
1,28,-0.05567388909291223,0.0641571795813441,0.02369935120577794
1,29,-0.0556310441914555,0.06456114579507896,0.023497368098910516
1,30,-0.0556310441914555,0.06456114579507896,0.023497368098910516
1,31,-0.05586975149957155,0.0643101970865467,0.023723834006610357
1,32,-0.05566776839270412,0.06452442159383034,0.023417798996205167
1,33,-0.05566776839270412,0.06452442159383034,0.023417798996205167
1,34,-0.05609009670706329,0.06429795568613049,0.02318521238829722
1,35,-0.05579018239686621,0.06448157669237362,0.02382176520994002
1,36,-0.05579018239686621,0.06448157669237362,0.02382176520994002
1,37,-0.05556371648916636,0.06413269678051169,0.02391969641326968
1,38,-0.0554719059860448,0.06457338719549517,0.023448402497245686
1,39,-0.05557595788958257,0.06429183498592239,0.023479005998286204
1,40,-0.05557595788958257,0.06429183498592239,0.023479005998286204
1,41,-0.055692251193536546,0.0644632145917493,0.023509609499326723
1,42,-0.05551475088750153,0.06445097319133308,0.023803403109315703
1,43,-0.05551475088750153,0.06445097319133308,0.023803403109315703
1,44,-0.05566776839270412,0.06426123148488187,0.023289264291834984
1,45,-0.05580242379728241,0.0644632145917493,0.02391969641326968
1,46,-0.05580242379728241,0.0644632145917493,0.02391969641326968
1,47,-0.05590647570082017,0.0644632145917493,0.023687109805361733
1,48,-0.055722854694577065,0.06433467988737912,0.02309340188517566
1,49,-0.055722854694577065,0.06433467988737912,0.02309340188517566
1,50,-0.05570449259395275,0.06427959358550618,0.022738401273105644
1,51,-0.05579018239686621,0.06424899008446566,0.02295874648059738
1,52,-0.05584526869873914,0.06435916268821154,0.023001591382054105
1,53,-0.05584526869873914,0.06435916268821154,0.023001591382054105
1,54,-0.05573509609499326,0.06423674868404947,0.023068919084343248
1,55,-0.05572897539478516,0.0646345941975762,0.023325988493083608
1,56,-0.05572897539478516,0.0646345941975762,0.023325988493083608
1,57,-0.05571061329416085,0.06449993879299792,0.02262210796915167
1,58,-0.055624923491247404,0.06435916268821154,0.022915901579140655
1,59,-0.055624923491247404,0.06435916268821154,0.022915901579140655
1,60,-0.05566164769249602,0.06413881748071978,0.02289141877830824
1,61,-0.05579018239686621,0.06448769739258171,0.023509609499326723
1,62,-0.05579018239686621,0.06448769739258171,0.023509609499326723
1,63,-0.05580854449749051,0.0643101970865467,0.023607540702656384
1,64,-0.055826906598114824,0.06432243848696291,0.023283143591626882
1,65,-0.05577182029624189,0.06426735218508997,0.023754437507650876
1,66,-0.05577182029624189,0.06426735218508997,0.023754437507650876
1,67,-0.055655526992287915,0.0644754559921655,0.02392581711347778
1,68,-0.05556983718937446,0.0641449381809279,0.023172970987881014
1,69,-0.05556983718937446,0.0641449381809279,0.023172970987881014
1,70,-0.055612682090831186,0.0641449381809279,0.0239564206145183
1,71,-0.05570449259395275,0.06440200758966826,0.023534092300159137
1,72,-0.05570449259395275,0.06440200758966826,0.023534092300159137
1,73,-0.055722854694577065,0.06452442159383034,0.02366262700452932
1,74,-0.05550250948708533,0.06448769739258171,0.023852368710980537
1,75,-0.05550250948708533,0.06448769739258171,0.023852368710980537
1,76,-0.05567388909291223,0.06434692128779532,0.023601420002448283
1,77,-0.05574121679520137,0.06437140408862774,0.023974782715142612
1,78,-0.05559431999020688,0.06461623209695189,0.023895213612437263
1,79,-0.05559431999020688,0.06461623209695189,0.023895213612437263
1,80,-0.055643285591871705,0.06441424899008447,0.023938058513893988
1,81,-0.055643285591871705,0.06442036969029256,0.02365038560411311
1,82,-0.055643285591871705,0.06442036969029256,0.02365038560411311
1,83,-0.05558819928999877,0.06430407638633859,0.023497368098910516
1,84,-0.055839147998531034,0.06425511078467376,0.023399436895580855
1,85,-0.055839147998531034,0.06425511078467376,0.023399436895580855
1,86,-0.055398457583547556,0.06426123148488187,0.023852368710980537
1,87,-0.05582078589790672,0.06416942098176032,0.02361978210307259
1,88,-0.05582078589790672,0.06416942098176032,0.02361978210307259
1,89,-0.05567388909291223,0.06431631778675481,0.023576937201615862
1,90,-0.05550250948708533,0.06442036969029256,0.02313012608642429
1,91,-0.055624923491247404,0.06432243848696291,0.02337495409474844
1,92,-0.055624923491247404,0.06432243848696291,0.02337495409474844
1,93,-0.055839147998531034,0.06443261109070877,0.022854694577059614
1,94,-0.05572897539478516,0.06415105888113601,0.023656506304321215
1,95,-0.05572897539478516,0.06415105888113601,0.023656506304321215
1,96,-0.05556983718937446,0.06415105888113601,0.02343616109682948
1,97,-0.05560044069041499,0.06441424899008447,0.023754437507650876
1,98,-0.05560044069041499,0.06441424899008447,0.023754437507650876
1,99,-0.055900355000612065,0.06445097319133308,0.023338229893499814
2,0,0.07183865834251438,-0.07280572897539479,0.06211286571183744
2,1,0.07150201983106867,-0.07295262578038927,0.06198433100746725
2,2,0.07183253764230628,-0.07333822989349982,0.061941486106010524
2,3,0.07183253764230628,-0.07333822989349982,0.061941486106010524
2,4,0.07163667523564696,-0.07336883339454034,0.06211898641204554
2,5,0.07156322683314971,-0.07335659199412413,0.062223038315583304
2,6,0.07156322683314971,-0.07335659199412413,0.062223038315583304
2,7,0.07167952013710369,-0.07328314359162688,0.06054596645856286
2,8,0.07167339943689557,-0.07324641939037826,0.06218631411433469
2,9,0.07167339943689557,-0.07324641939037826,0.06218631411433469
2,10,0.07153262333210919,-0.0729771085812217,0.06048475945648182
2,11,0.07176520994001714,-0.0731546088872567,0.06211898641204554
2,12,0.07172848573876851,-0.07296486718080548,0.061953727506426734
2,13,0.07172848573876851,-0.07296486718080548,0.061953727506426734
2,14,0.07139796792753092,-0.07305667768392704,0.06202105520871588
2,15,0.0717101236381442,-0.07288529807810014,0.06167217529685396
2,16,0.0717101236381442,-0.07288529807810014,0.06167217529685396
2,17,0.07159995103439834,-0.07320357448892154,0.0615803647937324
2,18,0.07170400293793609,-0.07317909168808912,0.06196596890684294
2,19,0.07170400293793609,-0.07317909168808912,0.06196596890684294
2,20,0.07182029624189007,-0.07335659199412413,0.0622107969151671
2,21,0.0718692618435549,-0.07325254009058636,0.06094381197208961
2,22,0.0718692618435549,-0.07325254009058636,0.06094381197208961
2,23,0.07146529562982004,-0.07306279838413514,0.06212510711225364
2,24,0.07142245072836333,-0.07308116048475946,0.06175174439955931
2,25,0.07167339943689557,-0.07277512547435426,0.06121924348145428
2,26,0.07167339943689557,-0.07277512547435426,0.06121924348145428
2,27,0.0717162443383523,-0.07343616109682947,0.06210062431142123
2,28,0.07178969274084955,-0.07302607418288652,0.06214346921287796
2,29,0.07178969274084955,-0.07302607418288652,0.06214346921287796
2,30,0.07174684783939282,-0.07310564328559187,0.06086424286938426
2,31,0.07177133064022524,-0.07306279838413514,0.06211898641204554
2,32,0.07177133064022524,-0.07306279838413514,0.06211898641204554
2,33,0.07164279593585507,-0.07317909168808912,0.06167217529685396
2,34,0.07153874403231729,-0.07328314359162688,0.06219855551475088
2,35,0.0715448647325254,-0.07344840249724569,0.06203329660913208
2,36,0.0715448647325254,-0.07344840249724569,0.06203329660913208
2,37,0.0718815032439711,-0.0731607295874648,0.061978210307259154
2,38,0.07180193414126576,-0.07320969518912963,0.062235279715999514
2,39,0.07180193414126576,-0.07320969518912963,0.062235279715999514
2,40,0.07181417554168197,-0.07301995348267842,0.06216183131350227
2,41,0.07172848573876851,-0.0731423674868405,0.06127432978332721
2,42,0.07172848573876851,-0.0731423674868405,0.06127432978332721
2,43,0.0716917615375199,-0.07300159138205412,0.062082262210796914
2,44,0.07161219243481455,-0.0733137470926674,0.06190476190476191
2,45,0.07161219243481455,-0.0733137470926674,0.06190476190476191
2,46,0.07177133064022524,-0.07308116048475946,0.06175786509976742
2,47,0.0716917615375199,-0.07302607418288652,0.061494674990818954
2,48,0.0716917615375199,-0.07302607418288652,0.061494674990818954
2,49,0.07144081282898763,-0.07325866079079447,0.06128657118374342
2,50,0.0716856408373118,-0.07294650508018116,0.06216795201371037
2,51,0.0717162443383523,-0.07301383278247031,0.06014812094503611
2,52,0.0717162443383523,-0.07301383278247031,0.06014812094503611
2,53,0.07167952013710369,-0.07319133308850533,0.0610907087770841
2,54,0.07156934753335782,-0.07293426367976497,0.06039906965356837
2,55,0.07156934753335782,-0.07293426367976497,0.06039906965356837
2,56,0.07187538254376301,-0.07354021300036724,0.06211286571183744
2,57,0.07208960705104664,-0.07308116048475946,0.0620639001101726
2,58,0.07208960705104664,-0.07308116048475946,0.0620639001101726
2,59,0.07161831313502265,-0.07319133308850533,0.060454155955441305
2,60,0.07150814053127677,-0.07290978087893255,0.06115803647937325
2,61,0.07150814053127677,-0.07290978087893255,0.06115803647937325
2,62,0.0717162443383523,-0.07321581588933775,0.06214346921287796
2,63,0.07178357204064145,-0.0733198677928755,0.06218631411433469
2,64,0.07178357204064145,-0.07317909168808912,0.06224140041620761
2,65,0.07156934753335782,-0.07317909168808912,0.06224140041620761
2,66,0.07163055453543885,-0.07300159138205412,0.062155710613294154
2,67,0.07194883094626026,-0.07295262578038927,0.061690537397478276
2,68,0.07194883094626026,-0.07295262578038927,0.061690537397478276
2,69,0.07163667523564696,-0.07303831558330273,0.06210674501162933
2,70,0.07150814053127677,-0.0733076263924593,0.06218631411433469
2,71,0.07150814053127677,-0.0733076263924593,0.06218631411433469
2,72,0.07180193414126576,-0.0733076263924593,0.060852001468968055
2,73,0.07159995103439834,-0.07341167829599707,0.0622291590157914
2,74,0.07159995103439834,-0.07341167829599707,0.0622291590157914
2,75,0.07144081282898763,-0.07311788468600808,0.06181295140164035
2,76,0.07188762394417922,-0.0729771085812217,0.062394417921410206
2,77,0.07188762394417922,-0.0729771085812217,0.062394417921410206
2,78,0.07157546823356592,-0.07289753947851633,0.06251683192557228
2,79,0.07166727873668748,-0.07308116048475946,0.06087648426980047
2,80,0.07177745134043334,-0.0731607295874648,0.06106010527604357
2,81,0.07177745134043334,-0.0731607295874648,0.06106010527604357
2,82,0.07167952013710369,-0.07292202227934876,0.06203329660913208
2,83,0.07156934753335782,-0.07328314359162688,0.062296486718080545
2,84,0.07156934753335782,-0.07328314359162688,0.062296486718080545
2,85,0.07147753703023627,-0.07304443628351084,0.06199657240788346
2,86,0.07167952013710369,-0.07274452197331374,0.06203329660913208
2,87,0.07167952013710369,-0.07274452197331374,0.06203329660913208
2,88,0.07175296853960092,-0.07257926306769494,0.0620577794099645
2,89,0.07148977843065246,-0.07316685028767292,0.062051658709756395
2,90,0.07148977843065246,-0.07316685028767292,0.062051658709756395
2,91,0.0715509854327335,-0.07307503978455135,0.06139062308728118
2,92,0.07167952013710369,-0.07297098788101358,0.06210674501162933
2,93,0.07167952013710369,-0.07297098788101358,0.06210674501162933
2,94,0.07126331252295262,-0.07293426367976497,0.06219855551475088
2,95,0.07161219243481455,-0.07321581588933775,0.06151915779165137
2,96,0.07183253764230628,-0.07306279838413514,0.0620639001101726
2,97,0.07183253764230628,-0.07306279838413514,0.0620639001101726
2,98,0.07153874403231729,-0.07290366017872445,0.06087648426980047
2,99,0.07165503733627127,-0.07320357448892154,0.06214346921287796
3,0,-0.07060839760068552,-0.03643040763863386,0.020963398212755537
3,1,-0.07082262210796915,-0.036393683437385235,0.020718570204431387
3,2,-0.07082262210796915,-0.036393683437385235,0.020718570204431387
3,3,-0.07063288040151794,-0.03638144203696903,0.020853225609009672
3,4,-0.07086546700942588,-0.03636307993634472,0.020761415105888116
3,5,-0.07086546700942588,-0.03636307993634472,0.020761415105888116
3,6,-0.07087158770963399,-0.036632390745501286,0.020853225609009672
3,7,-0.07060839760068552,-0.03651609744154731,0.02109193291712572
3,8,-0.07060839760068552,-0.03651609744154731,0.02109193291712572
3,9,-0.07081650140776105,-0.03666911494674991,0.020926674011506916
3,10,-0.07078589790672053,-0.03638756273717713,0.020718570204431387
3,11,-0.07078589790672053,-0.036418166238217656,0.020730811604847594
3,12,-0.07056555269922879,-0.036418166238217656,0.020730811604847594
3,13,-0.07070020810380707,-0.03623454523197454,0.020853225609009672
3,14,-0.07080426000734484,-0.03660178724446077,0.02088382911005019
3,15,-0.07080426000734484,-0.03660178724446077,0.02088382911005019
3,16,-0.070577794099645,-0.03628963153384747,0.020957277512547435
3,17,-0.07076141510588811,-0.03632635573509609,0.020798139307136736
3,18,-0.07076141510588811,-0.03632635573509609,0.020798139307136736
3,19,-0.07090831191088261,-0.03611825192802057,0.020908311910882604
3,20,-0.07071857020443138,-0.03634471783572041,0.020798139307136736
3,21,-0.07071857020443138,-0.03634471783572041,0.020798139307136736
3,22,-0.07069408740359898,-0.03650385604113111,0.02114089851879055
3,23,-0.07087158770963399,-0.03657730444362835,0.021104174317541927
3,24,-0.07087158770963399,-0.03629575223405558,0.02088382911005019
3,25,-0.07055331129881258,-0.03629575223405558,0.02088382911005019
3,26,-0.07086546700942588,-0.036265148733015055,0.020510466397355858
3,27,-0.0705716733994369,-0.036307993634471784,0.020847104908801567
3,28,-0.0705716733994369,-0.036307993634471784,0.020847104908801567
3,29,-0.0707491737054719,-0.03638756273717713,0.02086546700942588
3,30,-0.07077977720651243,-0.03643040763863386,0.020840984208593462
3,31,-0.07077977720651243,-0.03643040763863386,0.020840984208593462
3,32,-0.07076141510588811,-0.03658342514383646,0.020675725302974658
3,33,-0.07085322560900967,-0.036534459542171625,0.020828742808177255
3,34,-0.07047374219610723,-0.03628351083363937,0.021147019218998652
3,35,-0.07047374219610723,-0.03628351083363937,0.021147019218998652
3,36,-0.07076753580609621,-0.03662627004529318,0.020963398212755537
3,37,-0.07068796670339086,-0.03644876973925817,0.020853225609009672
3,38,-0.07068796670339086,-0.03644876973925817,0.020853225609009672
3,39,-0.07063288040151794,-0.03658342514383646,0.020479862896315336
3,40,-0.07077365650630432,-0.03643040763863386,0.020810380707552943
3,41,-0.07077365650630432,-0.03643040763863386,0.020810380707552943
3,42,-0.0705716733994369,-0.03644264903905007,0.020945036112131228
3,43,-0.07082874280817726,-0.03648549394050679,0.021006243114212265
3,44,-0.07082874280817726,-0.03648549394050679,0.021006243114212265
3,45,-0.07088994981025828,-0.0363385971355123,0.020743053005263804
3,46,-0.07076141510588811,-0.036534459542171625,0.02099400171379606
3,47,-0.07060839760068552,-0.036418166238217656,0.020681846003182763
3,48,-0.07060839760068552,-0.036418166238217656,0.020681846003182763
3,49,-0.07059615620026931,-0.03650385604113111,0.020889949810258292
3,50,-0.07078589790672053,-0.03638756273717713,0.020761415105888116
3,51,-0.07078589790672053,-0.03638756273717713,0.020761415105888116
3,52,-0.07076753580609621,-0.03636307993634472,0.02078589790672053
3,53,-0.07059003550006121,-0.03638756273717713,0.020987881013587957
3,54,-0.07059003550006121,-0.03638756273717713,0.020987881013587957
3,55,-0.07067572530297465,-0.03644876973925817,0.020792018606928635
3,56,-0.07087158770963399,-0.03636307993634472,0.02060839760068552
3,57,-0.07087158770963399,-0.03636307993634472,0.02060839760068552
3,58,-0.0707491737054719,-0.036350838535928506,0.02081650140776105
3,59,-0.07079201860692863,-0.03652221814175542,0.020749173705471906
3,60,-0.07079201860692863,-0.03660790794466887,0.020822622107969153
3,61,-0.07079201860692863,-0.03660790794466887,0.020822622107969153
3,62,-0.0707369323050557,-0.03657730444362835,0.020987881013587957
3,63,-0.07076753580609621,-0.03648549394050679,0.02096951891296364
3,64,-0.07076753580609621,-0.03648549394050679,0.02096951891296364
3,65,-0.07069408740359898,-0.036552821642795934,0.02091443261109071
3,66,-0.0705716733994369,-0.036350838535928506,0.02083486350838536
3,67,-0.0705716733994369,-0.036350838535928506,0.02083486350838536
3,68,-0.07062675970130983,-0.03660178724446077,0.0207369323050557
3,69,-0.07060839760068552,-0.03635695923613662,0.020743053005263804
3,70,-0.07060839760068552,-0.03635695923613662,0.020743053005263804
3,71,-0.07090219121067451,-0.03657730444362835,0.020889949810258292
3,72,-0.07063288040151794,-0.03604480352552332,0.020987881013587957
3,73,-0.07063288040151794,-0.036497735340923,0.02083486350838536
3,74,-0.07081038070755294,-0.036497735340923,0.02083486350838536
3,75,-0.07049210429673156,-0.03648549394050679,0.020779777206512424
3,76,-0.07081650140776105,-0.03652833884196352,0.02104296731546089
3,77,-0.07081650140776105,-0.03652833884196352,0.02104296731546089
3,78,-0.07067572530297465,-0.03629575223405558,0.020651242502142245
3,79,-0.0708960705104664,-0.03635695923613662,0.020987881013587957
3,80,-0.0708960705104664,-0.03635695923613662,0.020987881013587957
3,81,-0.07068796670339086,-0.036534459542171625,0.020743053005263804
3,82,-0.07087158770963399,-0.03644876973925817,0.02096951891296364
3,83,-0.07087158770963399,-0.03644876973925817,0.02096951891296364
3,84,-0.07062063900110173,-0.03644264903905007,0.020822622107969153
3,85,-0.07076753580609621,-0.03650997674133921,0.020743053005263804
3,86,-0.07076753580609621,-0.03650997674133921,0.020743053005263804
3,87,-0.07098176031337985,-0.03654058024237973,0.02096951891296364
3,88,-0.07070632880401519,-0.03654058024237973,0.02120822622107969
3,89,-0.07071857020443138,-0.03660790794466887,0.020945036112131228
3,90,-0.07071857020443138,-0.03660790794466887,0.020945036112131228
3,91,-0.07067572530297465,-0.03644876973925817,0.02078589790672053
3,92,-0.07063900110172604,-0.036136614028644876,0.021018484514628476
3,93,-0.07063900110172604,-0.036136614028644876,0.021018484514628476
3,94,-0.07052882849798017,-0.03621618313135023,0.020859346309217774
3,95,-0.07085934630921778,-0.03643040763863386,0.020779777206512424
3,96,-0.07085934630921778,-0.03643040763863386,0.020779777206512424
3,97,-0.07085934630921778,-0.03636920063655282,0.020945036112131228
3,98,-0.07079813930713673,-0.036412045538009544,0.02081650140776105
3,99,-0.07079813930713673,-0.036412045538009544,0.020639001101726038
