values,,Magnetometer,Magnetometer,Magnetometer
axis,,x,y,z
Sensor,Sample,,,
0,0,0.021893744644387318,0.06421226588321703,-0.0019280205655526992
0,1,0.02193046884563594,0.06438364548904395,-0.0016648304566042355
0,2,0.02193046884563594,0.06438364548904395,-0.0016648304566042355
0,3,0.021905986044803524,0.06431631778675481,-0.001940261965968907
0,4,0.022065124250214223,0.06449993879299792,-0.0019892275676337374
0,5,0.022065124250214223,0.06449993879299792,-0.0019892275676337374
0,6,0.02201003794834129,0.06426123148488187,-0.0022707797772065124
0,7,0.021746847839392826,0.0644632145917493,-0.001744399559309585
0,8,0.021746847839392826,0.0644632145917493,-0.001744399559309585
0,9,0.02191822744521973,0.06420002448280084,-0.0021177622720039172
0,10,0.021893744644387318,0.06452442159383034,-0.0019218998653445954
0,11,0.021893744644387318,0.06452442159383034,-0.0019218998653445954
0,12,0.021936589545844046,0.06446933529195739,-0.0017199167584771697
0,13,0.021759089239809036,0.06422450728363324,-0.0015852613538988862
0,14,0.021759089239809036,0.06422450728363324,-0.0015852613538988862
0,15,0.021942710246052148,0.06458562859591137,-0.0018300893622230385
0,16,0.021985555147508877,0.06410209327947117,-0.0015975027543150937
0,17,0.021985555147508877,0.06410209327947117,-0.0015975027543150937
0,18,0.021942710246052148,0.06443873179091689,-0.0015607785530664707
0,19,0.021850899742930592,0.06413881748071978,-0.0019586240665932183
0,20,0.021967193046884565,0.0644632145917493,-0.002093279471171502
0,21,0.021967193046884565,0.0644632145917493,-0.002093279471171502
0,22,0.022034520749173704,0.06440812828987637,-0.0017199167584771697
0,23,0.021844779042722487,0.06432243848696291,-0.002001468968049945
0,24,0.021844779042722487,0.06432243848696291,-0.002001468968049945
0,25,0.021905986044803524,0.06435304198800343,-0.001964744766801322
0,26,0.021936589545844046,0.06461011139674379,-0.0017076753580609623
0,27,0.021936589545844046,0.06461011139674379,-0.0017076753580609623
0,28,0.02201003794834129,0.06424286938425756,-0.0018545721630554538
0,29,0.021893744644387318,0.06432243848696291,-0.0020443138695066714
0,30,0.021893744644387318,0.06432243848696291,-0.0020443138695066714
0,31,0.02180193414126576,0.06435916268821154,-0.0019586240665932183
0,32,0.02188150324397111,0.06420614518300893,-0.0018851756640959727
0,33,0.02188150324397111,0.06420614518300893,-0.0018851756640959727
0,34,0.021948830946260253,0.06419390378259274,-0.0021055208715877096
0,35,0.021795813441057656,0.06438364548904395,-0.0016954339576447544
0,36,0.021795813441057656,0.06438364548904395,-0.0016954339576447544
0,37,0.022071244950422328,0.06438976618925205,-0.0019892275676337374
0,38,0.022003917248133185,0.06416942098176032,-0.0018606928632635574
0,39,0.022003917248133185,0.06416942098176032,-0.0018606928632635574
0,40,0.021789692740849555,0.06424286938425756,-0.0019463826661770107
0,41,0.02192434814542784,0.06457950789570327,-0.0027114701921899867
0,42,0.0218692618435549,0.06433467988737912,-0.0020687966703390867
0,43,0.0218692618435549,0.06433467988737912,-0.0020687966703390867
0,44,0.021948830946260253,0.06396743787489288,-0.002019831068674256
0,45,0.021875382543763006,0.0644632145917493,-0.0019218998653445954
0,46,0.021875382543763006,0.0644632145917493,-0.0019218998653445954
0,47,0.02193046884563594,0.06443261109070877,-0.001903537764720284
0,48,0.02188150324397111,0.06440812828987637,-0.0017382788591014814
0,49,0.02188150324397111,0.06440812828987637,-0.0017382788591014814
0,50,0.02191210674501163,0.06435304198800343,-0.002056555269922879
0,51,0.021967193046884565,0.06449381809278981,-0.002276900477414616
0,52,0.021967193046884565,0.06449381809278981,-0.002276900477414616
0,53,0.02226710735708165,0.06418778308238463,-0.0019218998653445954
0,54,0.021979434447300772,0.0643101970865467,-0.00215448647325254
0,55,0.021979434447300772,0.0643101970865467,-0.00215448647325254
0,56,0.0218692618435549,0.06425511078467376,-0.002087158770963398
0,57,0.02213857265271147,0.06418778308238463,-0.002374831680744277
0,58,0.02213857265271147,0.06418778308238463,-0.002374831680744277
0,59,0.02196107234667646,0.06420614518300893,-0.0015975027543150937
0,60,0.02193046884563594,0.06443873179091689,-0.0017199167584771697
0,61,0.02193046884563594,0.06443873179091689,-0.0017199167584771697
0,62,0.02188150324397111,0.0644632145917493,-0.00146284734973681
0,63,0.021826416942098175,0.06461011139674379,-0.001836210062431142
0,64,0.022003917248133185,0.06426735218508997,-0.0020687966703390867
0,65,0.022003917248133185,0.06426735218508997,-0.0020687966703390867
0,66,0.022016158648549396,0.0644570938915412,-0.0016893132574366508
0,67,0.02195495164646836,0.06433467988737912,-0.001842330762639246
0,68,0.02195495164646836,0.06433467988737912,-0.001842330762639246
0,69,0.022230383155833026,0.06446933529195739,-0.0018790549638878686
0,70,0.02195495164646836,0.06433467988737912,-0.0026196596890684294
0,71,0.02195495164646836,0.06433467988737912,-0.0026196596890684294
0,72,0.021893744644387318,0.06429183498592239,-0.001652589056188028
0,73,0.02188150324397111,0.0642857142857143,-0.0018912963643040765
0,74,0.02188150324397111,0.0642857142857143,-0.0018912963643040765
0,75,0.0218692618435549,0.06456114579507896,-0.0021789692740849555
0,76,0.022156934753335782,0.06434080058758722,-0.0017015546578528582
0,77,0.022156934753335782,0.06434080058758722,-0.0017015546578528582
0,78,0.0218631411433468,0.06442649039050066,-0.0018178479618068306
0,79,0.021948830946260253,0.0642857142857143,-0.001781123760558208
0,80,0.021948830946260253,0.0642857142857143,-0.001781123760558208
0,81,0.022114089851879053,0.06426735218508997,-0.0019525033663851145
0,82,0.022132451952503365,0.06452442159383034,-0.001903537764720284
0,83,0.022132451952503365,0.06452442159383034,-0.001903537764720284
0,84,0.02199167584771698,0.06448157669237362,-0.0016770718570204434
0,85,0.02196107234667646,0.06434692128779532,-0.0017933651609744155
0,86,0.02196107234667646,0.06432855918717101,-0.0018300893622230385
0,87,0.02191822744521973,0.06432855918717101,-0.0018300893622230385
0,88,0.021826416942098175,0.06419390378259274,-0.0019157791651364918
0,89,0.02160607173460644,0.06427959358550618,-0.0019831068674256336
0,90,0.02160607173460644,0.06427959358550618,-0.0019831068674256336
0,91,0.021973313747092667,0.06432855918717101,-0.0016770718570204434
0,92,0.02208960705104664,0.06436528338841964,-0.002172848573876851
0,93,0.02208960705104664,0.06436528338841964,-0.002172848573876851
0,94,0.021765209940017138,0.06449993879299792,-0.0018851756640959727
0,95,0.021979434447300772,0.06424286938425756,-0.001995348267841841
0,96,0.021979434447300772,0.06424286938425756,-0.001995348267841841
0,97,0.021844779042722487,0.06427959358550618,-0.002056555269922879
0,98,0.021697882237728,0.06421838658342514,-0.0015607785530664707
0,99,0.021697882237728,0.06421838658342514,-0.0015607785530664707
1,0,-0.03940506793977231,0.06257803892765332,0.008581221691761537
1,1,-0.03949075774268576,0.06238829722120211,0.00906475700820174
1,2,-0.03949075774268576,0.06238829722120211,0.00906475700820174
1,3,-0.03966213734851267,0.06281674623576937,0.008862773901334314
1,4,-0.03963153384747215,0.062431142122658836,0.008985187905496388
1,5,-0.03963153384747215,0.062431142122658836,0.008985187905496388
1,6,-0.03950911984331008,0.06262088382911005,0.008923980903415351
1,7,-0.03958868894601543,0.06274329783327212,0.008709756396131718
1,8,-0.039643775247888355,0.06267597013098299,0.008379238584894113
1,9,-0.039643775247888355,0.06267597013098299,0.008379238584894113
1,10,-0.03960705104663974,0.06230872811849676,0.008709756396131718
1,11,-0.039753947851634226,0.06255967682702901,0.008832170400293795
1,12,-0.039753947851634226,0.06255967682702901,0.008832170400293795
1,13,-0.03964989594809647,0.06278002203452074,0.00913208471049088
1,14,-0.039423430040396626,0.0626882115313992,0.008348635083853593
1,15,-0.039423430040396626,0.0626882115313992,0.008348635083853593
1,16,-0.039558085444974904,0.06267597013098299,0.008942343004039661
1,17,-0.03957644754559922,0.06279838413514506,0.008452686987391357
1,18,-0.03957644754559922,0.06279838413514506,0.008452686987391357
1,19,-0.039668258048720775,0.06270045293181539,0.008679152895091198
1,20,-0.03945403354143714,0.06254743542661281,0.008269065981148243
1,21,-0.039656016648304565,0.06250459052515608,0.008838291100501898
1,22,-0.039656016648304565,0.06250459052515608,0.008838291100501898
1,23,-0.039656016648304565,0.06241278002203452,0.008844411800710002
1,24,-0.03957644754559922,0.06273105643285591,0.009187171012363816
1,25,-0.03957644754559922,0.06273105643285591,0.009187171012363816
1,26,-0.03977843065246664,0.06253519402619659,0.008813808299669481
1,27,-0.03968049944913698,0.06284734973680989,0.008403721385726527
1,28,-0.03968049944913698,0.06284734973680989,0.008403721385726527
1,29,-0.039429550740604724,0.06251683192557228,0.00858734239196964
1,30,-0.039882482556004406,0.06289631533847471,0.008415962786142735
1,31,-0.039882482556004406,0.06289631533847471,0.008415962786142735
1,32,-0.03979067205288285,0.06246786632390745,0.008348635083853593
1,33,-0.03980903415350716,0.06273105643285591,0.008336393683437384
1,34,-0.039570326845391114,0.06242502142245073,0.00834251438364549
1,35,-0.039570326845391114,0.06242502142245073,0.00834251438364549
1,36,-0.03963153384747215,0.06257191822744522,0.008287428081772555
1,37,-0.039668258048720775,0.06241890072224262,0.00882604970008569
1,38,-0.039668258048720775,0.06241890072224262,0.00882604970008569
1,39,-0.0398641204553801,0.0626943322316073,0.008403721385726527
1,40,-0.039656016648304565,0.06257803892765332,0.008165014077610479
1,41,-0.039656016648304565,0.06257803892765332,0.008165014077610479
1,42,-0.039784551352674745,0.062382176520994,0.00823234177989962
1,43,-0.03953360264414249,0.06252907332598849,0.008116048475945648
1,44,-0.03953360264414249,0.06252907332598849,0.008116048475945648
1,45,-0.03953360264414249,0.06257803892765332,0.008446566287183254
1,46,-0.03945403354143714,0.06259640102827764,0.008532256090096706
1,47,-0.03950299914310197,0.06242502142245073,0.008048720773656506
1,48,-0.03950299914310197,0.06242502142245073,0.008048720773656506
1,49,-0.03968049944913698,0.06232709021912107,0.00823234177989962
1,50,-0.03980903415350716,0.06246786632390745,0.008269065981148243
1,51,-0.03980903415350716,0.06246786632390745,0.008269065981148243
1,52,-0.03963153384747215,0.06236993512057779,0.008244583180315828
1,53,-0.040041620761415105,0.06291467743909904,0.008324152283021177
1,54,-0.040041620761415105,0.06291467743909904,0.008324152283021177
1,55,-0.0395519647447668,0.062449504223283145,0.008324152283021177
1,56,-0.039753947851634226,0.06271881503243971,0.008715877096339822
1,57,-0.039753947851634226,0.06271881503243971,0.008715877096339822
1,58,-0.03973558575100992,0.062333210919329175,0.00906475700820174
1,59,-0.03960093034643163,0.06251683192557228,0.00818337617823479
1,60,-0.039686620149345084,0.06259028032806954,0.008275186681356347
1,61,-0.039686620149345084,0.06259028032806954,0.008275186681356347
1,62,-0.03981515485371527,0.06236993512057779,0.008379238584894113
1,63,-0.03961929244705594,0.06275553923368833,0.008403721385726527
1,64,-0.03961929244705594,0.06275553923368833,0.008403721385726527
1,65,-0.03960093034643163,0.06244338352307503,0.00833027298322928
1,66,-0.03976006855184233,0.06282898763618558,0.008079324274697024
1,67,-0.03976006855184233,0.06282898763618558,0.008079324274697024
1,68,-0.03976618925205043,0.06245562492349125,0.008354755784061698
1,69,-0.03969274084955319,0.06265760803035866,0.008281307381564452
1,70,-0.03969274084955319,0.06265760803035866,0.008281307381564452
1,71,-0.03976006855184233,0.06283510833639369,0.008171134777818582
1,72,-0.03985187905496389,0.06241890072224262,0.008226221079691516
1,73,-0.039711102950177504,0.06262088382911005,0.0082017382788591
1,74,-0.039711102950177504,0.06262088382911005,0.0082017382788591
1,75,-0.03947851634226955,0.06252295262578039,0.008562859591137225
1,76,-0.03961317174684784,0.06260864242869384,0.008734239196964134
1,77,-0.03961317174684784,0.06260864242869384,0.008734239196964134
1,78,-0.039656016648304565,0.062437262822866935,0.008636307993634473
1,79,-0.039827396254131474,0.06238829722120211,0.008177255478026686
1,80,-0.039827396254131474,0.06238829722120211,0.008177255478026686
1,81,-0.03976618925205043,0.06260252172848574,0.008997429305912597
1,82,-0.039784551352674745,0.06273105643285591,0.008917860203207246
1,83,-0.039784551352674745,0.06273105643285591,0.008917860203207246
1,84,-0.03970498224996939,0.06271881503243971,0.009021912106745012
1,85,-0.03960093034643163,0.06261476312890195,0.008599583792385849
1,86,-0.03960705104663974,0.062382176520994,0.008679152895091198
1,87,-0.03960705104663974,0.062382176520994,0.008679152895091198
1,88,-0.03973558575100992,0.06257803892765332,0.008177255478026686
1,89,-0.03963765454768026,0.06240053862161832,0.008666911494674991
1,90,-0.03963765454768026,0.06240053862161832,0.008666911494674991
1,91,-0.03960093034643163,0.06259028032806954,0.00861794589301016
1,92,-0.0395519647447668,0.06267597013098299,0.008703635695923613
1,93,-0.0395519647447668,0.06267597013098299,0.008703635695923613
1,94,-0.039827396254131474,0.06274329783327212,0.008899498102582936
1,95,-0.03973558575100992,0.06270045293181539,0.008513893989472396
1,96,-0.03973558575100992,0.06270045293181539,0.008513893989472396
1,97,-0.0397172236503856,0.06278002203452074,0.008862773901334314
1,98,-0.03961929244705594,0.06264536662994247,0.008850532500918105
1,99,-0.03974782715142612,0.062437262822866935,0.008544497490512915
2,0,0.10440690414983474,-0.06954951646468356,0.10804260007344839
2,1,0.10440690414983474,-0.06954951646468356,0.10804260007344839
2,2,0.10404578283755661,-0.069751499571551,0.10720406414493817
2,3,0.10414371404088626,-0.0699473619782103,0.1069041498347411
2,4,0.10414371404088626,-0.06962296486718081,0.10730811604847594
2,5,0.10412535194026196,-0.06962296486718081,0.10730811604847594
2,6,0.10412535194026196,-0.06955563716489166,0.10743053005263803
2,7,0.1041804382421349,-0.06951279226343494,0.10762639245929735
2,8,0.1041804382421349,-0.06951279226343494,0.10762639245929735
2,9,0.10406414493818092,-0.06964744766801322,0.10748561635451095
2,10,0.10418655894234301,-0.06964744766801322,0.10750397845513526
2,11,0.10418655894234301,-0.06964744766801322,0.10750397845513526
2,12,0.10396621373485126,-0.06950055086301873,0.10763863385971355
2,13,0.1040029379360999,-0.06958624066593219,0.1070877708409842
2,14,0.1040029379360999,-0.06958624066593219,0.1070877708409842
2,15,0.10393561023381075,-0.0696107234667646,0.10766923736075407
2,16,0.1040213000367242,-0.0696107234667646,0.10742440935242992
2,17,0.1040213000367242,-0.0696107234667646,0.10742440935242992
2,18,0.10395397233443507,-0.06976374097196719,0.10753458195617578
2,19,0.10389888603256212,-0.06962908556738891,0.10831803158281308
2,20,0.10418655894234301,-0.06955563716489166,0.10720406414493817
2,21,0.10418655894234301,-0.06955563716489166,0.10720406414493817
2,22,0.10413759334067818,-0.06985555147508875,0.1072346676459787
2,23,0.10418655894234301,-0.0699473619782103,0.10638389031705227
2,24,0.10418655894234301,-0.0699473619782103,0.10638389031705227
2,25,0.10412535194026196,-0.06930468845635941,0.10765699596033787
2,26,0.10412535194026196,-0.06950667156322683,0.10590035500061208
2,27,0.10412535194026196,-0.06950667156322683,0.10590035500061208
2,28,0.10411311053984576,-0.06958011996572408,0.10748561635451095
2,29,0.10397845513526746,-0.06948830946260252,0.10762027175908924
2,30,0.10397845513526746,-0.06948830946260252,0.10762027175908924
2,31,0.10408862773901335,-0.0701003794834129,0.1073938058513894
2,32,0.10425388664463216,-0.06989839637654548,0.107075529440568
2,33,0.10425388664463216,-0.06989839637654548,0.107075529440568
2,34,0.10413759334067818,-0.06952503366385114,0.1077059615620027
2,35,0.10413147264047007,-0.06947606806218631,0.10532500918105032
2,36,0.10412535194026196,-0.06950055086301873,0.1062859591137226
2,37,0.10412535194026196,-0.06950055086301873,0.1062859591137226
2,38,0.10432733504712939,-0.06949443016281062,0.1075407026563839
2,39,0.1041804382421349,-0.06969029256946994,0.10747337495409474
2,40,0.1041804382421349,-0.06969029256946994,0.10747337495409474
2,41,0.10411923124005387,-0.06948830946260252,0.1072346676459787
2,42,0.10382543763006488,-0.06940261965968907,0.10651242502142244
2,43,0.10382543763006488,-0.06940261965968907,0.10651242502142244
2,44,0.1041681968417187,-0.06983106867425634,0.10749785775492718
2,45,0.10392336883339455,-0.06979434447300771,0.10775492716366752
2,46,0.10392336883339455,-0.06979434447300771,0.10775492716366752
2,47,0.10397233443505938,-0.06942710246052149,0.10757742685763252
2,48,0.10416207614151059,-0.0701003794834129,0.10711225364181662
2,49,0.10412535194026196,-0.06986779287550496,0.10665320112620884
2,50,0.10412535194026196,-0.06986779287550496,0.10665320112620884
2,51,0.1040274207369323,-0.0694515852613539,0.10733259884930837
2,52,0.1040029379360999,-0.06989839637654548,0.10750397845513526
2,53,0.1040029379360999,-0.06989839637654548,0.10750397845513526
2,54,0.10419880034275922,-0.06973313747092667,0.10747337495409474
2,55,0.10416207614151059,-0.06951279226343494,0.1072163055453544
2,56,0.10416207614151059,-0.06951279226343494,0.1072163055453544
2,57,0.10405190353776472,-0.06967805116905375,0.1054719059860448
2,58,0.10391112743297833,-0.06972089607051046,0.1072407883461868
2,59,0.10391112743297833,-0.06972089607051046,0.1072407883461868
2,60,0.10397233443505938,-0.06980046517321582,0.10718570204431388
2,61,0.10407638633859713,-0.06982494797404823,0.10566776839270413
2,62,0.10407638633859713,-0.06982494797404823,0.1072346676459787
2,63,0.10411311053984576,-0.06980046517321582,0.10782225486595667
2,64,0.10411923124005387,-0.06981270657363202,0.10795691027053496
2,65,0.10399681723589178,-0.069928999877586,0.10727751254743542
2,66,0.10399681723589178,-0.069928999877586,0.10727751254743542
2,67,0.10393561023381075,-0.0694454645611458,0.10684906353286816
2,68,0.10415595544130249,-0.06970253396988615,0.10745501285347044
2,69,0.10415595544130249,-0.06970253396988615,0.10745501285347044
2,70,0.10441302485004285,-0.06970253396988615,0.10807320357448894
2,71,0.1041681968417187,-0.06966580976863754,0.10692251193536542
2,72,0.1041681968417187,-0.06966580976863754,0.10692251193536542
2,73,0.1038621618313135,-0.06976986167217529,0.10485371526502632
2,74,0.10422940384379972,-0.06954951646468356,0.10672052882849799
2,75,0.10422940384379972,-0.06954951646468356,0.10672052882849799
2,76,0.10409474843922144,-0.06935365405802424,0.10752234055575957
2,77,0.10403966213734853,-0.06943322316072958,0.10571673399436896
2,78,0.10414983474109438,-0.06954951646468356,0.10768759946137837
2,79,0.10414983474109438,-0.06954951646468356,0.10768759946137837
2,80,0.10422940384379972,-0.06956175786509977,0.10760803035867303
2,81,0.10389276533235403,-0.06937201615864855,0.10650018362100624
2,82,0.10389276533235403,-0.06937201615864855,0.10650018362100624
2,83,0.10394173093401886,-0.06965356836822131,0.10763251315950544
2,84,0.10403966213734853,-0.06995348267841842,0.10768759946137837
2,85,0.10403966213734853,-0.06995348267841842,0.10768759946137837
2,86,0.10410698983963766,-0.06983106867425634,0.10543518178479619
2,87,0.10414983474109438,-0.06960460276655649,0.10765699596033787
2,88,0.10414983474109438,-0.06960460276655649,0.10765699596033787
2,89,0.1040213000367242,-0.06958624066593219,0.10673277022891418
2,90,0.10395397233443507,-0.06973925817113477,0.1062859591137226
2,91,0.10395397233443507,-0.06973925817113477,0.1062859591137226
2,92,0.10409474843922144,-0.06959236136614029,0.10746725425388663
2,93,0.10427224874525647,-0.07001468968049945,0.10732647814910026
2,94,0.10428449014567268,-0.06949443016281062,0.10595544130248499
2,95,0.10428449014567268,-0.06949443016281062,0.10595544130248499
2,96,0.10401517933651609,-0.069751499571551,0.10701432243848696
2,97,0.1040274207369323,-0.06954339576447546,0.1073938058513894
2,98,0.1040274207369323,-0.06954339576447546,0.1073938058513894
2,99,0.10410086913942955,-0.069751499571551,0.10698371893744645
3,0,-0.09316317786754805,-0.028773411678295994,0.03741584037213857
3,1,-0.09316317786754805,-0.028773411678295994,0.03741584037213857
3,2,-0.09324274697025339,-0.028718325376423066,0.037446443873179094
3,3,-0.09328559187171012,-0.02892030848329049,0.03748928877463582
3,4,-0.09328559187171012,-0.02892030848329049,0.03748928877463582
3,5,-0.09338964377524789,-0.028773411678295994,0.03766678908067082
3,6,-0.09319378136858857,-0.028540825070388055,0.037434202472762884
3,7,-0.09319378136858857,-0.028540825070388055,0.037434202472762884
3,8,-0.09324274697025339,-0.028644876973925815,0.0376117027787979
3,9,-0.09326110907087772,-0.02874892887746358,0.03767903048108704
3,10,-0.09319378136858857,-0.028626514873301506,0.03732402986901702
3,11,-0.09319378136858857,-0.028626514873301506,0.03732402986901702
3,12,-0.09331007467254254,-0.02870608397600686,0.037648426980046515
3,13,-0.09332231607295874,-0.028724446076631167,0.037672909780878935
3,14,-0.09332231607295874,-0.028724446076631167,0.037672909780878935
3,15,-0.09322438486962908,-0.028669359774758228,0.037519892275676335
3,16,-0.09323050556983718,-0.028785653078712205,0.03753825437630065
3,17,-0.09323050556983718,-0.028785653078712205,0.03753825437630065
3,18,-0.09329171257191823,-0.028675480474966337,0.0374525645733872
3,19,-0.09326110907087772,-0.02892030848329049,0.03749540947484392
3,20,-0.09326110907087772,-0.02892030848329049,0.03749540947484392
3,21,-0.09328559187171012,-0.02865711837434202,0.0374586852735953
3,22,-0.09326110907087772,-0.028767290978087896,0.03772187538254376
3,23,-0.09313869506671564,-0.028865222181417554,0.03749540947484392
3,24,-0.09313869506671564,-0.028865222181417554,0.03749540947484392
3,25,-0.09312033296609132,-0.028718325376423066,0.037532133676092545
3,26,-0.09337128167462358,-0.028871342881625656,0.037746358183376176
3,27,-0.09337128167462358,-0.028871342881625656,0.037746358183376176
3,28,-0.09304688456359408,-0.028761170277879788,0.03776472028400049
3,29,-0.09318153996817236,-0.0286142734728853,0.037691271881503244
3,30,-0.09318153996817236,-0.0286142734728853,0.037691271881503244
3,31,-0.09327335047129391,-0.028767290978087896,0.037617823479005996
3,32,-0.09319990206879666,-0.02892030848329049,0.03755049577671686
3,33,-0.09319990206879666,-0.02892030848329049,0.03755049577671686
3,34,-0.09309585016525891,-0.02869996327579875,0.037519892275676335
3,35,-0.09327335047129391,-0.028883584282041862,0.037519892275676335
3,36,-0.09337128167462358,-0.028681601175174442,0.037746358183376176
3,37,-0.09337128167462358,-0.028681601175174442,0.037746358183376176
3,38,-0.0930836087648427,-0.028736687477047374,0.03734851266984943
3,39,-0.09297955686130494,-0.02895091198433101,0.0376117027787979
3,40,-0.09297955686130494,-0.02895091198433101,0.0376117027787979
3,41,-0.09334067817358306,-0.02870608397600686,0.0376239441792141
3,42,-0.09332231607295874,-0.028871342881625656,0.03758109927775737
3,43,-0.09332231607295874,-0.028871342881625656,0.03758109927775737
3,44,-0.09305300526380218,-0.028669359774758228,0.037403598971722365
3,45,-0.09338964377524789,-0.028767290978087896,0.03764230627983841
3,46,-0.09338964377524789,-0.028767290978087896,0.03764230627983841
3,47,-0.09329783327212633,-0.02865099767413392,0.037660668380462725
3,48,-0.09319990206879666,-0.02869384257559065,0.03734239196964133
3,49,-0.0934080058758722,-0.028724446076631167,0.03754437507650875
3,50,-0.0934080058758722,-0.028724446076631167,0.03754437507650875
3,51,-0.09326722977108581,-0.0286203941730934,0.0374648059738034
3,52,-0.09345085077732893,-0.028755049577671686,0.03764230627983841
3,53,-0.09345085077732893,-0.028755049577671686,0.03764230627983841
3,54,-0.09338352307503979,-0.028712204676214957,0.03755661647692496
3,55,-0.0930897294650508,-0.028669359774758228,0.03741584037213857
3,56,-0.0930897294650508,-0.028669359774758228,0.03741584037213857
3,57,-0.09328559187171012,-0.028773411678295994,0.03783816868649774
3,58,-0.09331007467254254,-0.028718325376423066,0.037746358183376176
3,59,-0.09331007467254254,-0.028718325376423066,0.037746358183376176
3,60,-0.0932488676704615,-0.0286142734728853,0.037532133676092545
3,61,-0.0934018851756641,-0.028981515485371527,0.03753825437630065
3,62,-0.09305300526380218,-0.0286203941730934,0.037605582078589786
3,63,-0.09305300526380218,-0.0286203941730934,0.037605582078589786
3,64,-0.09334067817358306,-0.028828497980168934,0.037532133676092545
3,65,-0.0930836087648427,-0.02851634226955564,0.03758109927775737
3,66,-0.0930836087648427,-0.02851634226955564,0.03758109927775737
3,67,-0.09326110907087772,-0.02865711837434202,0.03747704737421961
3,68,-0.09324274697025339,-0.029146774390990327,0.03777084098420859
3,69,-0.09324274697025339,-0.029146774390990327,0.03777084098420859
3,70,-0.09319378136858857,-0.028865222181417554,0.03735463337005753
3,71,-0.09329783327212633,-0.028804015179336517,0.03763618557963031
3,72,-0.09329783327212633,-0.028804015179336517,0.03763618557963031
3,73,-0.09329171257191823,-0.028865222181417554,0.03744032317297098
3,74,-0.09312645366629943,-0.02874892887746358,0.037532133676092545
3,75,-0.09316317786754805,-0.02879177377892031,0.037305667768392704
3,76,-0.09316317786754805,-0.02879177377892031,0.037305667768392704
3,77,-0.09330395397233443,-0.02865099767413392,0.037519892275676335
3,78,-0.09329783327212633,-0.02879177377892031,0.037403598971722365
3,79,-0.09329783327212633,-0.02879177377892031,0.037403598971722365
3,80,-0.09338352307503979,-0.02852246296976374,0.03758109927775737
3,81,-0.09317541926796426,-0.028871342881625656,0.03755661647692496
3,82,-0.09317541926796426,-0.028871342881625656,0.03755661647692496
3,83,-0.09320602276900478,-0.02874280817725548,0.03780756518545721
3,84,-0.09338964377524789,-0.02879789447912841,0.03737299547068185
3,85,-0.09338964377524789,-0.02879789447912841,0.03737299547068185
3,86,-0.09334067817358306,-0.028804015179336517,0.037446443873179094
3,87,-0.09334679887379116,-0.028804015179336517,0.037691271881503244
3,88,-0.0932488676704615,-0.0286142734728853,0.03752601297588444
3,89,-0.0932488676704615,-0.0286142734728853,0.03752601297588444
3,90,-0.09349981637899377,-0.028767290978087896,0.03740971967193047
3,91,-0.09327335047129391,-0.029030481087036358,0.037562737177133064
3,92,-0.09327335047129391,-0.029030481087036358,0.037562737177133064
3,93,-0.09331007467254254,-0.028485738768515116,0.03756885787734117
3,94,-0.09331619537275064,-0.028583669971844777,0.03766678908067082
3,95,-0.09331619537275064,-0.028583669971844777,0.03766678908067082
3,96,-0.09320602276900478,-0.02869384257559065,0.03759334067817358
3,97,-0.09334679887379116,-0.02874280817725548,0.03731790916880891
3,98,-0.09334679887379116,-0.02874280817725548,0.03731790916880891
3,99,-0.09315093646713184,-0.02887746358183376,0.03750765087526013
