values,,Magnetometer,Magnetometer,Magnetometer
axis,,x,y,z
Sensor,Sample,,,
0,0,0.061837434202472764,0.08738523687109805,0.044742318521238826
0,1,0.061610968294772916,0.08767903048108704,0.04490145672664953
0,2,0.061610968294772916,0.08767903048108704,0.04490145672664953
0,3,0.061666054596645856,0.08741584037213858,0.04534826784184111
0,4,0.06164157179581344,0.08745868527359531,0.04518912963643041
0,5,0.06164157179581344,0.08745868527359531,0.04518912963643041
0,6,0.06164157179581344,0.0876423062798384,0.04509731913330885
0,7,0.06154364059248378,0.08755049577671685,0.04476068062186314
0,8,0.06154364059248378,0.08755049577671685,0.04476068062186314
0,9,0.06167829599706206,0.08739747827151426,0.045256457338719545
0,10,0.061690537397478276,0.0874464438731791,0.045140164034765576
0,11,0.061690537397478276,0.0874464438731791,0.045140164034765576
0,12,0.06164769249602155,0.0874525645733872,0.04484637042477659
0,13,0.06171502019831069,0.0874525645733872,0.045054474231852125
0,14,0.06171502019831069,0.0874525645733872,0.0451768882360142
0,15,0.06172726159872689,0.0874709266740115,0.0451768882360142
0,16,0.06162933039539723,0.08754437507650875,0.04524421593830334
0,17,0.0615681233933162,0.0871404088627739,0.045140164034765576
0,18,0.0615681233933162,0.0871404088627739,0.045140164034765576
0,19,0.06175786509976742,0.0874464438731791,0.045054474231852125
0,20,0.06185579630309708,0.08748316807442771,0.04525033663851145
0,21,0.06185579630309708,0.08748316807442771,0.04525033663851145
0,22,0.06167829599706206,0.08728730566776839,0.04506059493206023
0,23,0.06148855429061084,0.08717101236381442,0.04474843922144693
0,24,0.06148855429061084,0.08717101236381442,0.04474843922144693
0,25,0.0615864854939405,0.08756273717713306,0.04496266372873057
0,26,0.06165993389643776,0.08737299547068185,0.044828008324152284
0,27,0.06165993389643776,0.08737299547068185,0.044828008324152284
0,28,0.061696658097686374,0.0873117884686008,0.045354388542049213
0,29,0.06175174439955931,0.08731790916880891,0.045158526135389884
0,30,0.06175174439955931,0.08731790916880891,0.045158526135389884
0,31,0.06171502019831069,0.08749540947484392,0.04519525033663851
0,32,0.06148855429061084,0.08750153017505202,0.04479128412290366
0,33,0.06148855429061084,0.08750153017505202,0.04479128412290366
0,34,0.06162933039539723,0.0873056677683927,0.04498102582935488
0,35,0.061549761292691886,0.08752601297588444,0.045023870730811606
0,36,0.061549761292691886,0.08752601297588444,0.045023870730811606
0,37,0.0617456236993512,0.08736687477047375,0.04468111151915779
0,38,0.061439588688946015,0.08735463337005753,0.04511568123393316
0,39,0.06199045170767535,0.0874464438731791,0.04513404333455747
0,40,0.06199045170767535,0.0874464438731791,0.04513404333455747
0,41,0.061733382298935005,0.0874464438731791,0.04520137103684661
0,42,0.06203329660913208,0.08741584037213858,0.04420369690292569
0,43,0.06203329660913208,0.08741584037213858,0.04420369690292569
0,44,0.0620577794099645,0.08734851266984943,0.04506059493206023
0,45,0.06177010650018362,0.08768515118129513,0.04509119843310075
0,46,0.06177010650018362,0.08768515118129513,0.04509119843310075
0,47,0.06177622720039172,0.08748928877463583,0.04499938792997919
0,48,0.061696658097686374,0.08731790916880891,0.04509119843310075
0,49,0.061696658097686374,0.08731790916880891,0.04509119843310075
0,50,0.06162320969518913,0.0874464438731791,0.04509731913330885
0,51,0.061696658097686374,0.08759946137838168,0.044870853225609006
0,52,0.061592606194148615,0.0873056677683927,0.044711715020198314
0,53,0.061513037091443255,0.08775247888358428,0.04528706083976007
0,54,0.06183131350226466,0.08740359897172237,0.04545844044558697
0,55,0.061794589301016035,0.0872811849675603,0.04488921532623332
0,56,0.06168441669727017,0.08766066838046273,0.045140164034765576
0,57,0.06167829599706206,0.0874648059738034,0.04510343983351696
0,58,0.061868037703513276,0.08739135757130616,0.045011629330395396
0,59,0.061868037703513276,0.08739135757130616,0.045140164034765576
0,60,0.06147019218998654,0.0876239441792141,0.045140164034765576
0,61,0.06171502019831069,0.0876423062798384,0.04521361243726282
0,62,0.06172114089851879,0.0877769616844167,0.04491981882727384
0,63,0.06183131350226466,0.08751989227567633,0.04534826784184111
0,64,0.06148855429061084,0.08734239196964133,0.044442404211041744
0,65,0.061696658097686374,0.08739135757130616,0.04499938792997919
0,66,0.06160484759456482,0.08753825437630065,0.0450177500306035
0,67,0.06165993389643776,0.08733627126943322,0.044828008324152284
0,68,0.06152527849185947,0.08739747827151426,0.044925939527481945
0,69,0.06152527849185947,0.08723221936589545,0.04477292202227935
0,70,0.061653813196229645,0.0872995470681846,0.04523197453788713
0,71,0.061653813196229645,0.0872995470681846,0.04512180193414127
0,72,0.06133553678540825,0.08752601297588444,0.04512180193414127
0,73,0.06171502019831069,0.08756885787734117,0.044742318521238826
0,74,0.06167829599706206,0.08769739258171136,0.04479128412290366
0,75,0.061690537397478276,0.08753213367609256,0.04465050801811728
0,76,0.0617395029991431,0.0874464438731791,0.04493206022769004
0,77,0.061708899498102585,0.08737299547068185,0.04534826784184111
0,78,0.061837434202472764,0.08740359897172237,0.044742318521238826
0,79,0.06178234790059983,0.08737299547068185,0.04526869873913576
0,80,0.061935365405802426,0.0874525645733872,0.04521973313747092
0,81,0.06177622720039172,0.08741584037213858,0.04555025094870853
0,82,0.061549761292691886,0.08753825437630065,0.045342147141633
0,83,0.061549761292691886,0.08753825437630065,0.046909046394907575
0,84,0.06153751989227567,0.08741584037213858,0.04544619904517076
0,85,0.0615803647937324,0.08739135757130616,0.04578895825682458
0,86,0.06165993389643776,0.08748928877463583,0.044742318521238826
0,87,0.0617456236993512,0.08733015056922512,0.045164646835597996
0,88,0.06168441669727017,0.08752601297588444,0.04507283633247643
0,89,0.06168441669727017,0.08753213367609256,0.044925939527481945
0,90,0.06167829599706206,0.08742808177255477,0.04540335414371404
0,91,0.06182519280205655,0.0874525645733872,0.04509119843310075
0,92,0.06168441669727017,0.08759946137838168,0.04497490512914677
0,93,0.061696658097686374,0.0874648059738034,0.04520137103684661
0,94,0.06136614028644877,0.08755661647692496,0.045140164034765576
0,95,0.06164157179581344,0.08728730566776839,0.04482188762394418
0,96,0.06160484759456482,0.08741584037213858,0.04525033663851145
0,97,0.06172114089851879,0.08760558207858979,0.044895336026441426
0,98,0.06172114089851879,0.08760558207858979,0.04520749173705472
0,99,0.06161708899498103,0.0874464438731791,0.04520749173705472
1,0,-0.07131227812461746,0.06884563594075163,0.028449014567266496
1,1,-0.07114701921899866,0.06883339454033541,0.027488064634594196
1,2,-0.07131227812461746,0.06874158403721385,0.028485738768515116
1,3,-0.07132451952503366,0.06863141143346799,0.028142979556861302
1,4,-0.07132451952503366,0.06863141143346799,0.028142979556861302
1,5,-0.07133064022524177,0.0686436528338842,0.028210307259150448
1,6,-0.07125719182274452,0.06837434202472763,0.028106255355612682
1,7,-0.07125719182274452,0.06837434202472763,0.028106255355612682
1,8,-0.07143469212877954,0.06859468723221937,0.028222548659566655
1,9,-0.07126943322316073,0.06857020443138695,0.027739013343126458
1,10,-0.07126943322316073,0.06857020443138695,0.027739013343126458
1,11,-0.07123270902191212,0.06879667033908679,0.0279654792508263
1,12,-0.07130615742440935,0.06856408373117885,0.028240910760190967
1,13,-0.07130615742440935,0.06856408373117885,0.028240910760190967
1,14,-0.07111641571795814,0.06870485983596523,0.028173583057901824
1,15,-0.071226588321704,0.0684967560288897,0.028442893867058394
1,16,-0.07136736442649039,0.06899865344595421,0.028669359774758228
1,17,-0.07136736442649039,0.06899865344595421,0.028669359774758228
1,18,-0.07132451952503366,0.06868037703513283,0.028191945158526133
1,19,-0.07114089851879055,0.0686436528338842,0.027714530542294037
1,20,-0.07114089851879055,0.0686436528338842,0.027714530542294037
1,21,-0.07126943322316073,0.06868649773534093,0.028546945770596154
1,22,-0.07131227812461746,0.06855796303097075,0.028357204064144936
1,23,-0.07131227812461746,0.06855796303097075,0.028357204064144936
1,24,-0.07123882972212021,0.06872934263679766,0.028142979556861302
1,25,-0.07131227812461746,0.06868649773534093,0.027836944546456115
1,26,-0.07131227812461746,0.06868649773534093,0.027836944546456115
1,27,-0.07136124372628229,0.06894968784428938,0.02741461623209695
1,28,-0.07107969151670951,0.06883339454033541,0.028026686252907336
1,29,-0.07130003672420124,0.06889460154241646,0.02778185824458318
1,30,-0.07130003672420124,0.06889460154241646,0.02778185824458318
1,31,-0.07109805361733382,0.0686436528338842,0.02822866935977476
1,32,-0.07136124372628229,0.06877218753825438,0.027953237850410085
1,33,-0.07136124372628229,0.06877218753825438,0.027953237850410085
1,34,-0.07139184722732281,0.06895580854449748,0.02827763496143959
1,35,-0.07122046762149589,0.06868037703513283,0.028063410454155956
1,36,-0.07122046762149589,0.06868037703513283,0.028063410454155956
1,37,-0.07095115681233934,0.06878442893867058,0.028259272860815275
1,38,-0.07140408862773902,0.06868649773534093,0.02827763496143959
1,39,-0.07140408862773902,0.06868649773534093,0.02827763496143959
1,40,-0.07130615742440935,0.06877218753825438,0.02769616844166973
1,41,-0.07126943322316073,0.06865589423430041,0.028559187171012364
1,42,-0.07139184722732281,0.06877218753825438,0.028032806953115434
1,43,-0.07139184722732281,0.06877218753825438,0.028032806953115434
1,44,-0.07135512302607419,0.06874158403721385,0.028528583669971845
1,45,-0.07130003672420124,0.06899253274574611,0.027983841351450607
1,46,-0.07130003672420124,0.06899253274574611,0.027983841351450607
1,47,-0.07123270902191212,0.06882115313991921,0.027665564940629207
1,48,-0.07127555392336883,0.06874770473742196,0.02726771942710246
1,49,-0.07127555392336883,0.06874770473742196,0.02726771942710246
1,50,-0.07113477781858245,0.06842942832660057,0.02773289264291835
1,51,-0.0713796058269066,0.06838658342514384,0.027628840739380583
1,52,-0.07112865711837434,0.06888236014200025,0.02713918472273228
1,53,-0.07147141633002815,0.06879667033908679,0.027855306647080424
1,54,-0.07115926061941487,0.06878442893867058,0.027708409842085936
1,55,-0.07122046762149589,0.06839270412535195,0.027335047129391603
1,56,-0.07129391602399314,0.0686436528338842,0.02776349614395887
1,57,-0.07124495042232831,0.06870485983596523,0.027371771330640227
1,58,-0.07123882972212021,0.06877218753825438,0.027304443628351084
1,59,-0.07123270902191212,0.06860692863263558,0.02768392704125352
1,60,-0.0715448647325254,0.06877218753825438,0.027475823234177986
1,61,-0.07117150201983106,0.06844166972701678,0.027237115926061938
1,62,-0.07135512302607419,0.0686497735340923,0.027836944546456115
1,63,-0.07135512302607419,0.0686497735340923,0.027836944546456115
1,64,-0.07132451952503366,0.06891296364304075,0.027855306647080424
1,65,-0.07132451952503366,0.06878442893867058,0.027598237238340068
1,66,-0.0712143469212878,0.06879667033908679,0.027708409842085936
1,67,-0.07116538131962297,0.0686436528338842,0.02767168564083731
1,68,-0.07131839882482556,0.06893132574366508,0.02763496143958869
1,69,-0.07115926061941487,0.06868649773534093,0.027500306035010406
1,70,-0.0712143469212878,0.06890684294283266,0.027787978944791285
1,71,-0.07130003672420124,0.06865589423430041,0.028240910760190967
1,72,-0.07102460521483658,0.0686375321336761,0.02762272003917248
1,73,-0.07110417431754193,0.06872934263679766,0.02814910025706941
1,74,-0.07139796792753092,0.06850899742930591,0.02823479005998286
1,75,-0.07118374342024728,0.0688027910392949,0.028173583057901824
1,76,-0.07125719182274452,0.0686497735340923,0.028271514261231485
1,77,-0.07125719182274452,0.0686497735340923,0.028271514261231485
1,78,-0.07105520871587709,0.06871710123638144,0.028357204064144936
1,79,-0.07116538131962297,0.06878442893867058,0.027567633737299545
1,80,-0.0712143469212878,0.06882727384012731,0.02763496143958869
1,81,-0.07127555392336883,0.06875382543763006,0.028020565552699227
1,82,-0.07110417431754193,0.068808911739503,0.028534704370179947
1,83,-0.07151426123148488,0.06878442893867058,0.028130738156445095
1,84,-0.07114701921899866,0.06878442893867058,0.028026686252907336
1,85,-0.07112253641816624,0.0685028767290978,0.02809401395519647
1,86,-0.07111641571795814,0.06885175664095973,0.028479618068307018
1,87,-0.07130003672420124,0.06879667033908679,0.02783082384624801
1,88,-0.07118374342024728,0.06860692863263558,0.02843677316685029
1,89,-0.07120210552087158,0.06867425633492472,0.028289876361855797
1,90,-0.07115313991920676,0.06877218753825438,0.027953237850410085
1,91,-0.07134900232586608,0.06884563594075163,0.02805728975394785
1,92,-0.07104908801566899,0.06874770473742196,0.027708409842085936
1,93,-0.07132451952503366,0.06902925694699473,0.028302117762272004
1,94,-0.07140408862773902,0.06875994613783817,0.028479618068307018
1,95,-0.07140408862773902,0.06875994613783817,0.028406169665809767
1,96,-0.07123270902191212,0.06873546333700575,0.028406169665809767
1,97,-0.07139184722732281,0.06890072224262456,0.02769004774146162
1,98,-0.07124495042232831,0.06857020443138695,0.027475823234177986
1,99,-0.07122046762149589,0.06861304933284368,0.02740849553188885
2,0,0.06956175786509977,-0.08451462847349736,0.0487207736565063
2,1,0.06983106867425634,-0.08485738768515119,0.0487146529562982
2,2,0.06976374097196719,-0.08467376667890807,0.048145427836944546
2,3,0.06976374097196719,-0.08467376667890807,0.048145427836944546
2,4,0.06984943077488065,-0.08482066348390256,0.048702411555881994
2,5,0.06999632757987514,-0.08474109438119722,0.048659566654425265
2,6,0.06969641326967804,-0.08513893989472396,0.04862284245317665
2,7,0.06969641326967804,-0.08513893989472396,0.04862284245317665
2,8,0.06984331007467254,-0.08491859468723222,0.04810870363569593
2,9,0.06988615497612927,-0.08477169788223773,0.04859223895213612
2,10,0.06988615497612927,-0.08477169788223773,0.04859223895213612
2,11,0.06985555147508875,-0.08497980168931327,0.048390255845268695
2,12,0.0699228791773779,-0.08491247398702412,0.04876973925817114
2,13,0.0699228791773779,-0.08491247398702412,0.04876973925817114
2,14,0.07005753458195617,-0.08458195617578651,0.048971722365038564
2,15,0.06986167217529685,-0.08475333578161341,0.04769861672175297
2,16,0.06986167217529685,-0.08475333578161341,0.04769861672175297
2,17,0.06980046517321582,-0.0845941975762027,0.04766801322071245
2,18,0.07006365528216428,-0.0847166115803648,0.04879422205900355
2,19,0.07006365528216428,-0.0847166115803648,0.04772309952258538
2,20,0.06984331007467254,-0.08494307748806464,0.04772309952258538
2,21,0.06969029256946994,-0.08469212877953239,0.04835353164402008
2,22,0.06965356836822131,-0.08495531888848085,0.04846982494797405
2,23,0.06965356836822131,-0.08495531888848085,0.04846982494797405
2,24,0.07006365528216428,-0.08482066348390256,0.047961806830701434
2,25,0.06997184477904272,-0.08475945648182151,0.04815154853715265
2,26,0.06997184477904272,-0.08475945648182151,0.04815154853715265
2,27,0.06974537887134288,-0.08516954339576448,0.047821030725915044
2,28,0.06976374097196719,-0.08450238707308116,0.0488676704615008
2,29,0.06976374097196719,-0.08450238707308116,0.0488676704615008
2,30,0.06989839637654548,-0.08467376667890807,0.0485555147508875
2,31,0.070106500183621,-0.0847166115803648,0.04902680866691149
2,32,0.070106500183621,-0.0847166115803648,0.04902680866691149
2,33,0.06976374097196719,-0.0847227322805729,0.04818215203819317
2,34,0.06958011996572408,-0.08470437017994858,0.0487085322560901
2,35,0.06969641326967804,-0.08445342147141634,0.04876361855796303
2,36,0.06969641326967804,-0.08445342147141634,0.04876361855796303
2,37,0.06976374097196719,-0.08484514628473497,0.047306891908434325
2,38,0.07016158648549395,-0.0845697147753703,0.0487085322560901
2,39,0.07016158648549395,-0.0845697147753703,0.0487085322560901
2,40,0.0699412412780022,-0.08484514628473497,0.04719671930468845
2,41,0.06980658587342392,-0.08498592238952137,0.0488737911617089
2,42,0.06980658587342392,-0.08498592238952137,0.0488737911617089
2,43,0.0697576202717591,-0.08486350838535929,0.04810258293548782
2,44,0.06978822377279961,-0.08469212877953239,0.046921287795323785
2,45,0.06978822377279961,-0.08469212877953239,0.046921287795323785
2,46,0.06983106867425634,-0.08465540457828376,0.04808422083486351
2,47,0.06990451707675358,-0.08504100869139429,0.04857999755171992
2,48,0.06990451707675358,-0.08504100869139429,0.04829232464193904
2,49,0.06980658587342392,-0.08503488799118619,0.04829232464193904
2,50,0.06979434447300771,-0.08475945648182151,0.04781491002570694
2,51,0.06970253396988615,-0.0848879911861917,0.04861060105276044
2,52,0.06980046517321582,-0.08508385359285102,0.04783939282653936
2,53,0.0699167584771698,-0.08485126698494308,0.047288529807810016
2,54,0.06959236136614029,-0.08477781858244583,0.0477414616232097
2,55,0.06978822377279961,-0.08476557718202962,0.04857387685151181
2,56,0.06988003427592117,-0.0845941975762027,0.0487146529562982
2,57,0.06971477537030236,-0.08482066348390256,0.04798016893132574
2,58,0.06984943077488065,-0.08480842208348635,0.04812094503611213
2,59,0.06970253396988615,-0.08501040519035377,0.04843922144693353
2,60,0.06970253396988615,-0.08501040519035377,0.04843922144693353
2,61,0.06986167217529685,-0.08477781858244583,0.04684783939282654
2,62,0.06969029256946994,-0.08492471538744031,0.04805361733382299
2,63,0.06962908556738891,-0.08464316317786755,0.0480719794344473
2,64,0.06990451707675358,-0.08461255967682703,0.04779654792508263
2,65,0.06983106867425634,-0.08496143958868894,0.047521116415717955
2,66,0.06981270657363202,-0.08464316317786755,0.04728240910760191
2,67,0.06972089607051046,-0.08483290488431876,0.04745378871342882
2,68,0.0699473619782103,-0.08482678418411066,0.0485555147508875
2,69,0.06976374097196719,-0.08476557718202962,0.04876973925817114
2,70,0.069751499571551,-0.08496756028889704,0.0487146529562982
2,71,0.0696107234667646,-0.08500428449014567,0.04832292814297955
2,72,0.06976374097196719,-0.08481454278369446,0.04849430774880646
2,73,0.06964132696780512,-0.08484514628473497,0.04850654914922267
2,74,0.06964132696780512,-0.08484514628473497,0.04850654914922267
2,75,0.06953115436405924,-0.08508997429305912,0.04763740971967193
2,76,0.06962296486718081,-0.0848879911861917,0.0488676704615008
2,77,0.06990451707675358,-0.08491859468723222,0.0487207736565063
2,78,0.0699412412780022,-0.08496143958868894,0.04829844534214714
2,79,0.07000244828008324,-0.08490635328681602,0.04832904884318766
2,80,0.06983106867425634,-0.08450238707308116,0.049002325866079076
2,81,0.06973925817113477,-0.08496143958868894,0.04851879054963888
2,82,0.06973313747092667,-0.08474109438119722,0.04820663483902558
2,83,0.0699228791773779,-0.08481454278369446,0.04884930836087649
2,84,0.06967805116905375,-0.08464928387807566,0.04872689435671441
2,85,0.0699228791773779,-0.08483290488431876,0.047888358428204186
2,86,0.07000856898029134,-0.08471049088015668,0.04832904884318766
2,87,0.0699473619782103,-0.08451462847349736,0.047606806218631406
2,88,0.06997796547925082,-0.08457583547557841,0.04768025462112866
2,89,0.07000244828008324,-0.08482066348390256,0.048684049455257686
2,90,0.06973925817113477,-0.08471049088015668,0.047888358428204186
2,91,0.06973925817113477,-0.08471049088015668,0.04945525768147876
2,92,0.06980658587342392,-0.08499204308972946,0.048818704859835964
2,93,0.07005753458195617,-0.08492471538744031,0.0477537030236259
2,94,0.0699228791773779,-0.08479618068307014,0.04880646345941976
2,95,0.06988615497612927,-0.0848818704859836,0.04792508262945281
2,96,0.06969029256946994,-0.08493083608764843,0.04900844656628718
2,97,0.06991063777696169,-0.08476557718202962,0.04846982494797405
2,98,0.06980046517321582,-0.08493083608764843,0.04847594564818215
2,99,0.06966580976863754,-0.08484514628473497,0.048659566654425265
3,0,-0.06909658464928388,-0.04171869261843555,0.01096217407271392
3,1,-0.06923736075407026,-0.04207981393071367,0.011115191577916513
3,2,-0.06923736075407026,-0.04207981393071367,0.011115191577916513
3,3,-0.06903537764720284,-0.04175541681968417,0.011084588076875995
3,4,-0.06905373974782715,-0.041804382421349,0.010796915167095116
3,5,-0.06905373974782715,-0.041804382421349,0.010796915167095116
3,6,-0.06901089484637044,-0.041834985922389524,0.011066225976251683
3,7,-0.06904761904761905,-0.041706451218019344,0.01102950177500306
3,8,-0.06904761904761905,-0.041706451218019344,0.01102950177500306
3,9,-0.06916391235157301,-0.04177377892030849,0.011005018974170645
3,10,-0.06898641204553801,-0.041908434324886765,0.010998898273962542
3,11,-0.06898641204553801,-0.041908434324886765,0.010998898273962542
3,12,-0.06904761904761905,-0.04207369323050557,0.010833639368343738
3,13,-0.06918227445219734,-0.04185334802301383,0.011102950177500306
3,14,-0.06892520504345698,-0.041932917125719185,0.01098053617333823
3,15,-0.06892520504345698,-0.041932917125719185,0.01098053617333823
3,16,-0.06923124005386216,-0.04202472762884074,0.010711225364181662
3,17,-0.06908434324886767,-0.041865589423430036,0.0109315705716734
3,18,-0.06908434324886767,-0.041865589423430036,0.0109315705716734
3,19,-0.06909046394907578,-0.041639123515730195,0.011011139674378749
3,20,-0.06929856775615131,-0.041951279226343494,0.011078467376667891
3,21,-0.06929856775615131,-0.041951279226343494,0.011078467376667891
3,22,-0.06928020565552699,-0.0419696413269678,0.011005018974170645
3,23,-0.06901089484637044,-0.041792141020932795,0.011213122781246174
3,24,-0.06901089484637044,-0.041792141020932795,0.011213122781246174
3,25,-0.06921287795323786,-0.041951279226343494,0.011139674378748929
3,26,-0.06909658464928388,-0.04185334802301383,0.01098053617333823
3,27,-0.06907210184845146,-0.04184110662259762,0.011145795078957032
3,28,-0.06907210184845146,-0.04184110662259762,0.011145795078957032
3,29,-0.06900477414616232,-0.04198188272738401,0.010894846370424777
3,30,-0.0689619292447056,-0.041865589423430036,0.011096829477292203
3,31,-0.0689619292447056,-0.041865589423430036,0.011096829477292203
3,32,-0.06905373974782715,-0.04174929611947607,0.010956053372505815
3,33,-0.06909046394907578,-0.04192679642551107,0.011066225976251683
3,34,-0.06909046394907578,-0.04192679642551107,0.011066225976251683
3,35,-0.06910270534949198,-0.041804382421349,0.011115191577916513
3,36,-0.06910270534949198,-0.04209205533112988,0.010845880768759947
3,37,-0.06910270534949198,-0.04209205533112988,0.010845880768759947
3,38,-0.06921899865344595,-0.04209205533112988,0.010968294772922023
3,39,-0.06901701554657853,-0.0421165381319623,0.011011139674378749
3,40,-0.06904761904761905,-0.04182886522218142,0.010741828865222182
3,41,-0.06904761904761905,-0.04182886522218142,0.010741828865222182
3,42,-0.06939037825927286,-0.04174929611947607,0.011066225976251683
3,43,-0.06913942955074061,-0.041706451218019344,0.010784673766678908
3,44,-0.06913942955074061,-0.041706451218019344,0.010784673766678908
3,45,-0.06907822254865956,-0.042177745134043335,0.011023381074794957
3,46,-0.0691516709511568,-0.041890072224262456,0.010790794466887011
3,47,-0.0691516709511568,-0.041890072224262456,0.010790794466887011
3,48,-0.06919451585261353,-0.04185946872322194,0.01104786387562737
3,49,-0.06918839515240544,-0.04190231362467866,0.011182519280205656
3,50,-0.06920675725302974,-0.04165748561635451,0.0109315705716734
3,51,-0.06919451585261353,-0.04221446933529196,0.01094993267229771
3,52,-0.06894356714408129,-0.041908434324886765,0.010876484269800465
3,53,-0.06910270534949198,-0.04199412412780022,0.011084588076875995
3,54,-0.06910270534949198,-0.04164524421593831,0.010870363569592362
3,55,-0.06903537764720284,-0.04164524421593831,0.010974415473130127
3,56,-0.06912106745011629,-0.041694209817603134,0.010974415473130127
3,57,-0.06910882604970009,-0.04189619292447056,0.01110907087770841
3,58,-0.0691455502509487,-0.04187171012363815,0.011207002081038071
3,59,-0.06924348145427836,-0.04182886522218142,0.011011139674378749
3,60,-0.06920063655282165,-0.04167584771697882,0.010894846370424777
3,61,-0.0689802913453299,-0.04171869261843555,0.010766311666054598
3,62,-0.06934753335781614,-0.04193903782592728,0.01094993267229771
3,63,-0.0689680499449137,-0.041877830823846246,0.011072346676459786
3,64,-0.06911494674990819,-0.041920675725302975,0.011268209083119108
3,65,-0.06899865344595421,-0.04194515852613539,0.010943811972089606
3,66,-0.06902313624678663,-0.041908434324886765,0.01085200146896805
3,67,-0.0691516709511568,-0.04172481331864365,0.011041743175419267
3,68,-0.06888848084220835,-0.041834985922389524,0.0110907087770841
3,69,-0.07045538009548293,-0.042018606928632636,0.010888725670216672
3,70,-0.06903537764720284,-0.042018606928632636,0.010888725670216672
3,71,-0.0692740849553189,-0.041920675725302975,0.011182519280205656
3,72,-0.06932917125719182,-0.041963520626759704,0.011096829477292203
3,73,-0.0691455502509487,-0.0419573999265516,0.010937691271881503
3,74,-0.06912106745011629,-0.041920675725302975,0.010876484269800465
3,75,-0.06904149834741094,-0.04209205533112988,0.010907087770840984
3,76,-0.06917615375198923,-0.041651364916146405,0.010766311666054598
3,77,-0.06920675725302974,-0.0419696413269678,0.010913208471049088
3,78,-0.06901701554657853,-0.041639123515730195,0.011011139674378749
3,79,-0.06925572285469458,-0.04184110662259762,0.010876484269800465
3,80,-0.06899253274574611,-0.04171257191822745,0.010870363569592362
3,81,-0.06900477414616232,-0.04173093401885176,0.011023381074794957
3,82,-0.06905986044803526,-0.041804382421349,0.01096217407271392
3,83,-0.06917615375198923,-0.041865589423430036,0.011078467376667891
3,84,-0.06917615375198923,-0.04217162443383523,0.010943811972089606
3,85,-0.06901701554657853,-0.04198800342759212,0.011011139674378749
3,86,-0.06904761904761905,-0.04198800342759212,0.011182519280205656
3,87,-0.06898641204553801,-0.041865589423430036,0.011182519280205656
3,88,-0.06906598114824336,-0.04206757253029746,0.011072346676459786
3,89,-0.06913942955074061,-0.04136981270657363,0.01117639857999755
3,90,-0.06883339454033541,-0.04199412412780022,0.010845880768759947
3,91,-0.06920063655282165,-0.04207981393071367,0.010827518668135635
3,92,-0.06926184355490268,-0.041651364916146405,0.011096829477292203
3,93,-0.06925572285469458,-0.04171869261843555,0.01085200146896805
3,94,-0.06884563594075163,-0.041822744521973314,0.011005018974170645
3,95,-0.06893744644387317,-0.04177377892030849,0.010943811972089606
3,96,-0.06918839515240544,-0.04200024482800833,0.010992777573754439
3,97,-0.06909658464928388,-0.041932917125719185,0.01104786387562737
3,98,-0.06902313624678663,-0.041963520626759704,0.011066225976251683
3,99,-0.06887623944179214,-0.041553433712816744,0.011102950177500306
