values,,Magnetometer,Magnetometer,Magnetometer
axis,,x,y,z
Sensor,Sample,,,
0,0,0.08005263802178969,0.090684294283266,0.06612804504835354
0,1,0.08005263802178969,0.090684294283266,0.06612804504835354
0,2,0.08008936222303832,0.09081894968784429,0.06566899253274575
0,3,0.07995470681846004,0.09042722487452565,0.0652772677194271
0,4,0.07995470681846004,0.09042722487452565,0.0652772677194271
0,5,0.08022401762761659,0.09073325988493083,0.06601787244460766
0,6,0.07999755171991677,0.0908373117884686,0.06516097441547312
0,7,0.07999755171991677,0.0908373117884686,0.06516097441547312
0,8,0.08035255233198678,0.09073938058513895,0.06574856163545109
0,9,0.0802362590280328,0.09075162198555514,0.06571795813441059
0,10,0.0802362590280328,0.09075162198555514,0.06571795813441059
0,11,0.0802362590280328,0.09078222548659567,0.06581588933774024
0,12,0.079893499816379,0.0909964499938793,0.06591994124127801
0,13,0.0805545354388542,0.09092300159138206,0.06568123393316196
0,14,0.0805545354388542,0.09092300159138206,0.06568123393316196
0,15,0.08004651732158159,0.09086179458930102,0.06547925082629454
0,16,0.0802301383278247,0.09075774268576325,0.06579140653690782
0,17,0.0802301383278247,0.09075774268576325,0.06579140653690782
0,18,0.08011996572407884,0.0906659321826417,0.06500183621006243
0,19,0.08032194883094626,0.0908311910882605,0.0662259762516832
0,20,0.08032194883094626,0.0908311910882605,0.0662259762516832
0,21,0.08024850042844901,0.09081282898763618,0.06608520014689681
0,22,0.08015668992532746,0.09070265638389031,0.06540580242379729
0,23,0.08015668992532746,0.09070265638389031,0.06540580242379729
0,24,0.07987513771575469,0.09069653568368222,0.06604235524544008
0,25,0.08009548292324642,0.09073938058513895,0.06535683682213245
0,26,0.08009548292324642,0.09073938058513895,0.06535683682213245
0,27,0.08025462112865712,0.09084955318888481,0.0660790794466887
0,28,0.08034643163177868,0.0906598114824336,0.06580364793732403
0,29,0.08034643163177868,0.0906598114824336,0.06580364793732403
0,30,0.08011996572407884,0.09056800097931203,0.06613416574856164
0,31,0.08026686252907332,0.09065369078222549,0.0659260619414861
0,32,0.08026686252907332,0.09065369078222549,0.0659260619414861
0,33,0.08012608642428694,0.0906904149834741,0.06604847594564818
0,34,0.08027910392948953,0.09088627739013343,0.06582813073815644
0,35,0.08027910392948953,0.08931937813685885,0.06610356224752112
0,36,0.07983841351450606,0.09078222548659567,0.06610356224752112
0,37,0.0802301383278247,0.09073325988493083,0.06598114824335904
0,38,0.08011996572407884,0.09056800097931203,0.06618313135022647
0,39,0.08011996572407884,0.09056800097931203,0.06618313135022647
0,40,0.0802056555269923,0.09078222548659567,0.06580976863753213
0,41,0.0802301383278247,0.09084955318888481,0.06571183743420247
0,42,0.0802301383278247,0.09084955318888481,0.06571183743420247
0,43,0.08015056922511934,0.09072713918472272,0.06590157914065368
0,44,0.08016893132574367,0.0910086913942955,0.06569959603378626
0,45,0.08016893132574367,0.0910086913942955,0.06569959603378626
0,46,0.08027298322928142,0.09087403598971723,0.06580976863753213
0,47,0.079893499816379,0.0909964499938793,0.0655955441302485
0,48,0.079893499816379,0.0909964499938793,0.0655955441302485
0,49,0.08018117272615988,0.0908434324886767,0.06587097563961317
0,50,0.08022401762761659,0.09060472518056065,0.06604235524544008
0,51,0.08022401762761659,0.09060472518056065,0.06604235524544008
0,52,0.08005875872199779,0.09092300159138206,0.06541804382421348
0,53,0.08009548292324642,0.0908373117884686,0.06585873423919696
0,54,0.08016281062553557,0.0906904149834741,0.06594442404211041
0,55,0.08005263802178969,0.09086179458930102,0.06543028522462971
0,56,0.08002815522095727,0.0906659321826417,0.06569347533357817
0,57,0.08025462112865712,0.09081282898763618,0.06507528461255968
0,58,0.08047496633614885,0.09062920798139307,0.06570571673399436
0,59,0.08010772432366263,0.09081894968784429,0.06500183621006243
0,60,0.08034643163177868,0.09081894968784429,0.06522218141755418
0,61,0.08022401762761659,0.090684294283266,0.0660790794466887
0,62,0.08032194883094626,0.09078834618680377,0.06603623454523197
0,63,0.08041988003427593,0.09076998408617945,0.06580364793732403
0,64,0.08041988003427593,0.09076998408617945,0.06596890684294283
0,65,0.08035867303219488,0.09075162198555514,0.06596890684294283
0,66,0.08016893132574367,0.09058024237972824,0.06612804504835354
0,67,0.0802117762272004,0.09070877708409843,0.06586485493940507
0,68,0.08002815522095727,0.09060472518056065,0.0650997674133921
0,69,0.08010772432366263,0.09062308728118497,0.06593218264169422
0,70,0.08028522462969764,0.0908311910882605,0.06550373362712694
0,71,0.0802362590280328,0.09080670828742808,0.06551597502754315
0,72,0.08024850042844901,0.09076998408617945,0.06566899253274575
0,73,0.08029746603011384,0.0908373117884686,0.06584037213857266
0,74,0.08015668992532746,0.09092300159138206,0.06563226833149713
0,75,0.0802301383278247,0.09086179458930102,0.06596278614273474
0,76,0.0802301383278247,0.09086179458930102,0.06596278614273474
0,77,0.0802178969274085,0.0905190353776472,0.06626270045293181
0,78,0.08009548292324642,0.09091688089117395,0.06566287183253763
0,79,0.08016281062553557,0.09088627739013343,0.0657546823356592
0,80,0.07999755171991677,0.09062308728118497,0.06604235524544008
0,81,0.08027298322928142,0.0906720528828498,0.06577916513649161
0,82,0.08012608642428694,0.09092300159138206,0.0659076998408618
0,83,0.08013220712449505,0.09054963887868772,0.06583425143836455
0,84,0.08042600073448403,0.09054351817847962,0.06587709633982128
0,85,0.08031582813073815,0.09072101848451462,0.06529562982005141
0,86,0.0802117762272004,0.09059248378014445,0.06582201003794834
0,87,0.08035867303219488,0.09056800097931203,0.06584649283878076
0,88,0.08026074182886522,0.090684294283266,0.0652833884196352
0,89,0.07997306891908434,0.09058024237972824,0.06548537152650263
0,90,0.08033419023136247,0.09058024237972824,0.06499571550985432
0,91,0.08033419023136247,0.09058024237972824,0.06499571550985432
0,92,0.07994246541804383,0.09090463949075775,0.06568123393316196
0,93,0.08019341412657607,0.09045170767535807,0.06579752723711593
0,94,0.08008324152283021,0.09078834618680377,0.06552821642795936
0,95,0.08018117272615988,0.09091688089117395,0.06567511323295386
0,96,0.0802056555269923,0.09056800097931203,0.06600563104419147
0,97,0.08002203452074917,0.09088627739013343,0.06580976863753213
0,98,0.08019341412657607,0.09102093279471171,0.06563226833149713
0,99,0.08000979312033296,0.09075162198555514,0.06597502754315093
1,0,-0.08415350716121925,0.06785408250703881,0.034514628473497365
1,1,-0.08399436895580854,0.06829477292202228,0.03505937079201861
1,2,-0.08399436895580854,0.06829477292202228,0.03505937079201861
1,3,-0.08401885175664095,0.06836822132451953,0.03564083731178847
1,4,-0.08411066225976252,0.06845391112743297,0.03490635328681601
1,5,-0.08396376545476802,0.06803158281307382,0.03555514750887502
1,6,-0.08396376545476802,0.06803158281307382,0.03555514750887502
1,7,-0.08412902436038683,0.0678479618068307,0.035763251315950546
1,8,-0.0839147998531032,0.06790916880891174,0.03535928510221569
1,9,-0.0839147998531032,0.06790916880891174,0.03535928510221569
1,10,-0.08387807565185457,0.06799485861182519,0.03496756028889705
1,11,-0.08398824825560045,0.06806830701432244,0.035848941118864
1,12,-0.08398824825560045,0.06806830701432244,0.035848941118864
1,13,-0.08403721385726527,0.06820296241890073,0.03483290488431877
1,14,-0.0843983351695434,0.06776839270412535,0.034881870485983596
1,15,-0.0843983351695434,0.06776839270412535,0.034881870485983596
1,16,-0.08420247276288408,0.06820296241890073,0.035298078100134654
1,17,-0.08403721385726527,0.06807442771453054,0.03528583669971845
1,18,-0.08403721385726527,0.06804382421349002,0.03519402619659689
1,19,-0.08399436895580854,0.06804382421349002,0.03519402619659689
1,20,-0.08410454155955441,0.06791528950911985,0.03544497490512914
1,21,-0.08385971355123026,0.06803158281307382,0.03572040641449382
1,22,-0.08385971355123026,0.06803158281307382,0.03572040641449382
1,23,-0.08395764475455993,0.06803770351328192,0.03534092300159138
1,24,-0.084080058758722,0.06820296241890073,0.03496143958868895
1,25,-0.084080058758722,0.06820296241890073,0.03496143958868895
1,26,-0.08417798996205166,0.06809891051536296,0.03514506059493206
1,27,-0.08410454155955441,0.06827641082139797,0.03550618190721018
1,28,-0.08410454155955441,0.06827641082139797,0.03550618190721018
1,29,-0.0839147998531032,0.06812339331619537,0.03496756028889705
1,30,-0.08385359285102215,0.06828865222181417,0.03494919818827274
1,31,-0.08385359285102215,0.06829477292202228,0.035181784796180685
1,32,-0.08394540335414372,0.06829477292202228,0.035181784796180685
1,33,-0.0839392826539356,0.06820296241890073,0.035151181295140166
1,34,-0.0842514383645489,0.068160117517444,0.03523687109805362
1,35,-0.0842514383645489,0.068160117517444,0.03523687109805362
1,36,-0.08431264536662994,0.0681539968172359,0.035181784796180685
1,37,-0.08417798996205166,0.06828253152160607,0.0345635940751622
1,38,-0.08417798996205166,0.06828253152160607,0.0345635940751622
1,39,-0.08414738646101114,0.06806830701432244,0.035169543395764474
1,40,-0.08402497245684906,0.06806218631411434,0.03511445709389154
1,41,-0.08402497245684906,0.06806218631411434,0.03511445709389154
1,42,-0.08401885175664095,0.06806218631411434,0.03508385359285102
1,43,-0.08426367976496511,0.06828253152160607,0.03560411311053985
1,44,-0.08412902436038683,0.06793977230995227,0.03570816501407761
1,45,-0.08412902436038683,0.06793977230995227,0.03570816501407761
1,46,-0.0839209205533113,0.06809891051536296,0.03491859468723222
1,47,-0.08397600685518423,0.06783572040641449,0.0353654058024238
1,48,-0.08397600685518423,0.06783572040641449,0.0353654058024238
1,49,-0.08395152405435183,0.06809891051536296,0.03551842330762639
1,50,-0.08420859346309217,0.0681539968172359,0.03523075039784551
1,51,-0.08420859346309217,0.0681539968172359,0.03523075039784551
1,52,-0.08431876606683805,0.06825192802056555,0.0352123882972212
1,53,-0.08412902436038683,0.06778063410454156,0.03474721508140531
1,54,-0.08414738646101114,0.06825192802056555,0.03513281919451585
1,55,-0.08403721385726527,0.06818460031827642,0.03543273350471294
1,56,-0.08405557595788958,0.06793365160974416,0.03544497490512914
1,57,-0.08430040396621373,0.06831313502264659,0.035010405190353776
1,58,-0.08415350716121925,0.06794589301016037,0.034796180683070145
1,59,-0.08400048965601666,0.06799485861182519,0.034796180683070145
1,60,-0.0839331619537275,0.06814175541681969,0.035041008691394294
1,61,-0.08414126576080304,0.06831313502264659,0.03507161219243481
1,62,-0.08398212755539233,0.06829477292202228,0.03520014689680499
1,63,-0.08431876606683805,0.06760313379850655,0.03557350960949933
1,64,-0.0839331619537275,0.06776839270412535,0.035396009303464315
1,65,-0.08414126576080304,0.0680132207124495,0.03554902680866691
1,66,-0.08405557595788958,0.06810503121557107,0.035138939894723956
1,67,-0.08405557595788958,0.06810503121557107,0.03509609499326723
1,68,-0.08413514506059493,0.06789692740849554,0.03509609499326723
1,69,-0.08402497245684906,0.06782959970620639,0.03513281919451585
1,70,-0.08406169665809768,0.06797037581099277,0.03559187171012364
1,71,-0.08419635206267598,0.06831313502264659,0.035383767903048105
1,72,-0.08420247276288408,0.06822132451952503,0.03556126820908312
1,73,-0.08420859346309217,0.06808054841473865,0.03544497490512914
1,74,-0.08413514506059493,0.06787244460766312,0.03527359529930224
1,75,-0.08404333455747337,0.06855796303097075,0.03530419880034276
1,76,-0.08379850654914922,0.06803158281307382,0.03555514750887502
1,77,-0.08389031705227078,0.068160117517444,0.03537764720284001
1,78,-0.08404333455747337,0.06814787611702779,0.03526135389888603
1,79,-0.08405557595788958,0.06787856530787122,0.0350532500918105
1,80,-0.08397600685518423,0.06828865222181417,0.03550006120700208
1,81,-0.08397600685518423,0.06788468600807931,0.03565919941241278
1,82,-0.0842453176643408,0.06788468600807931,0.03565919941241278
1,83,-0.08398212755539233,0.06817235891786019,0.035396009303464315
1,84,-0.08395152405435183,0.06822744521973315,0.03500428449014567
1,85,-0.08396988615497612,0.06806830701432244,0.035683682213245194
1,86,-0.08417186926184356,0.06814175541681969,0.03496756028889705
1,87,-0.08402497245684906,0.06800710001224139,0.03512669849430775
1,88,-0.0840739380585139,0.06811727261598727,0.03503488799118619
1,89,-0.08384135145060595,0.06790304810870364,0.03510221569347534
1,90,-0.08395764475455993,0.0681539968172359,0.03524299179826172
1,91,-0.08402497245684906,0.06795813441057656,0.035653078712204675
1,92,-0.08398212755539233,0.06807442771453054,0.03506549149222671
1,93,-0.08403109315705717,0.06825804872077365,0.03560411311053985
1,94,-0.0837495409474844,0.06823968662014934,0.03545721630554535
1,95,-0.08396376545476802,0.06786632390745502,0.03496143958868895
1,96,-0.08401885175664095,0.06780511690537397,0.035383767903048105
1,97,-0.08410454155955441,0.06780511690537397,0.03498592238952136
1,98,-0.08395152405435183,0.06790304810870364,0.035438854204921044
1,99,-0.08395152405435183,0.06783572040641449,0.03524911249846983
2,0,0.06071734606438976,-0.08153996817235892,0.030823846248010774
2,1,0.06071734606438976,-0.08153996817235892,0.030823846248010774
2,2,0.060429673154608884,-0.08177255478026686,0.03157057167339944
2,3,0.06083363936834374,-0.081662382176521,0.03172358917860203
2,4,0.060852001468968055,-0.08141755416819683,0.031839882482556
2,5,0.060852001468968055,-0.08141755416819683,0.031839882482556
2,6,0.0604602766556494,-0.08157669237360754,0.03144815766923736
2,7,0.06048475945648182,-0.0816746235769372,0.03171746847839393
2,8,0.06048475945648182,-0.0816746235769372,0.03171746847839393
2,9,0.060870363569592356,-0.08159505447423185,0.031564450973191334
2,10,0.060674501162933034,-0.08169910637776961,0.031833761782347904
2,11,0.060674501162933034,-0.08169910637776961,0.031833761782347904
2,12,0.060882604970008566,-0.08161341657485617,0.03202350348879912
2,13,0.060711225364181665,-0.0816807442771453,0.03185824458318032
2,14,0.060711225364181665,-0.0816807442771453,0.03185824458318032
2,15,0.06083363936834374,-0.08155220957277512,0.0308728118496756
2,16,0.06072346676459787,-0.08171134777818582,0.03193781368588566
2,17,0.06072346676459787,-0.08171134777818582,0.03193781368588566
2,18,0.06069286326355735,-0.081839882482556,0.03184600318276411
2,19,0.06085812216917615,-0.08159505447423185,0.03209083119108826
2,20,0.06060717346064389,-0.08148488187048598,0.031227812461745625
2,21,0.06060717346064389,-0.08148488187048598,0.031227812461745625
2,22,0.0607663116660546,-0.08160117517443996,0.031662382176520995
2,23,0.06072346676459787,-0.08185212388297222,0.03158893377402375
2,24,0.06072346676459787,-0.08185212388297222,0.03158893377402375
2,25,0.06096217407271391,-0.08174807197943444,0.03146039906965357
2,26,0.060558207858979064,-0.08154608887256702,0.03194393438609377
2,27,0.060558207858979064,-0.08154608887256702,0.03194393438609377
2,28,0.060705104663973566,-0.08163177867548047,0.03174195127922634
2,29,0.060680621863141146,-0.081662382176521,0.03221936589545844
2,30,0.060680621863141146,-0.081662382176521,0.03221936589545844
2,31,0.06071734606438976,-0.08147876117027789,0.03125229526257804
2,32,0.06082139796792753,-0.08169298567756152,0.03148488187048598
2,33,0.06082139796792753,-0.08172358917860204,0.03211531399192068
2,34,0.060852001468968055,-0.08172358917860204,0.03211531399192068
2,35,0.06065001836210062,-0.08157669237360754,0.03087893254988371
2,36,0.060570449259395275,-0.08146651976986166,0.03168686497735341
2,37,0.060570449259395275,-0.08146651976986166,0.03168686497735341
2,38,0.06082139796792753,-0.0815154853715265,0.0316685028767291
2,39,0.060870363569592356,-0.08160117517443996,0.03189496878442894
2,40,0.060870363569592356,-0.08160117517443996,0.03189496878442894
2,41,0.06062553556126821,-0.08160117517443996,0.030719794344473007
2,42,0.060668380462724936,-0.08176031337985065,0.03169910637776961
2,43,0.060668380462724936,-0.08176031337985065,0.03169910637776961
2,44,0.06065001836210062,-0.08135634716611581,0.03194393438609377
2,45,0.060711225364181665,-0.08157669237360754,0.03155833027298323
2,46,0.060711225364181665,-0.08157669237360754,0.03155833027298323
2,47,0.06068674256334925,-0.08161953727506427,0.03187048598359653
2,48,0.060680621863141146,-0.08152160607173461,0.031007467254253886
2,49,0.06047863875627372,-0.081839882482556,0.03208471049088016
2,50,0.06047863875627372,-0.081839882482556,0.03208471049088016
2,51,0.060815277267719424,-0.08152772677194271,0.031619537275064266
2,52,0.060698983963765454,-0.08137470926674012,0.03211531399192068
2,53,0.06083363936834374,-0.08185824458318032,0.031227812461745625
2,54,0.06059493206022769,-0.08141143346798874,0.031772554780266866
2,55,0.06069286326355735,-0.08208471049088015,0.031264536662994245
2,56,0.06080303586730322,-0.08169298567756152,0.03207246909046395
2,57,0.060674501162933034,-0.08163789937568858,0.030530052638021787
2,58,0.06064389766189252,-0.0816746235769372,0.031760313379850656
2,59,0.060570449259395275,-0.08146039906965356,0.03198065858734239
2,60,0.06073570816501408,-0.08160117517443996,0.03202350348879912
2,61,0.06073570816501408,-0.08157057167339944,0.03209083119108826
2,62,0.06059493206022769,-0.08157057167339944,0.03209083119108826
2,63,0.06060105276043579,-0.08157669237360754,0.032017382788591016
2,64,0.06043579385481699,-0.0818276410821398,0.030683070143224384
2,65,0.060705104663973566,-0.08152160607173461,0.03155833027298323
2,66,0.06072346676459787,-0.08157669237360754,0.03181539968172359
2,67,0.06062553556126821,-0.08161953727506427,0.03165626147631289
2,68,0.06060717346064389,-0.08161953727506427,0.031680744277145304
2,69,0.06078467376667891,-0.08164402007589669,0.03194393438609377
2,70,0.06073570816501408,-0.08157057167339944,0.031405312767780635
2,71,0.06078467376667891,-0.08147876117027789,0.0319928999877586
2,72,0.060570449259395275,-0.08152772677194271,0.03195005508630187
2,73,0.06073570816501408,-0.08138082996694822,0.03179703758109928
2,74,0.06069286326355735,-0.08174807197943444,0.03189496878442894
2,75,0.06069286326355735,-0.08174807197943444,0.03185824458318032
2,76,0.06062553556126821,-0.08163177867548047,0.03185824458318032
2,77,0.0607663116660546,-0.08142979556861304,0.030328069531154363
2,78,0.06098665687354633,-0.08139307136736443,0.03189496878442894
2,79,0.060815277267719424,-0.08156445097319134,0.031564450973191334
2,80,0.060925449871465295,-0.08179091688089117,0.0308728118496756
2,81,0.06086424286938426,-0.08158281307381564,0.03188272738401273
2,82,0.06065001836210062,-0.08143591626882116,0.032145917492961196
2,83,0.06063777696168442,-0.08172358917860204,0.03153996817235892
2,84,0.06062553556126821,-0.08198677928755049,0.03171746847839393
2,85,0.060613294160852,-0.08155833027298323,0.03197453788713429
2,86,0.0607663116660546,-0.08140531276778064,0.031705227077977724
2,87,0.0607663116660546,-0.08147264047006977,0.031919451585261355
2,88,0.060656139062308725,-0.08150324397111029,0.030732035744889214
2,89,0.06079691516709511,-0.08159505447423185,0.031215571061329418
2,90,0.060992777573754445,-0.08157057167339944,0.03145427836944546
2,91,0.060564328559187176,-0.08157057167339944,0.03187048598359653
2,92,0.060564328559187176,-0.08157057167339944,0.03187048598359653
2,93,0.060631656261476305,-0.08174807197943444,0.03213979679275309
2,94,0.06057656995960338,-0.08136246786632391,0.031240053862161832
2,95,0.06101726037458686,-0.08158281307381564,0.031692985677561514
2,96,0.06071734606438976,-0.08149100257069408,0.032005141388174806
2,97,0.06071734606438976,-0.08147264047006977,0.03194393438609377
2,98,0.0609193291712572,-0.08164402007589669,0.03202350348879912
2,99,0.06080303586730322,-0.08150936467131839,0.03162565797527237
3,0,-0.061800710001224134,-0.042428693842575596,0.0032745746113355366
3,1,-0.061800710001224134,-0.042428693842575596,0.0032745746113355366
3,2,-0.062039417309340185,-0.04208593463092178,0.0031460399069653568
3,3,-0.06172726159872689,-0.042287917737789206,0.0029624189007222425
3,4,-0.06172726159872689,-0.042287917737789206,0.0029624189007222425
3,5,-0.06201493450850777,-0.042061451830089365,0.0030603501040519033
3,6,-0.06202717590892398,-0.042306279838413514,0.0033908679152895088
3,7,-0.06202717590892398,-0.042306279838413514,0.0033908679152895088
3,8,-0.061690537397478276,-0.04232464193903783,0.003262333210919329
3,9,-0.06192924470559432,-0.04225731423674868,0.0031031950055086304
3,10,-0.0620455380095483,-0.04225119353654058,0.003262333210919329
3,11,-0.0620455380095483,-0.04225119353654058,0.003262333210919329
3,12,-0.06171502019831069,-0.04208593463092178,0.0031521606071734606
3,13,-0.061947606806218636,-0.04200024482800833,0.0030725915044681113
3,14,-0.061947606806218636,-0.04200024482800833,0.0030725915044681113
3,15,-0.061708899498102585,-0.04237360754070266,0.0030542294038438
3,16,-0.06196596890684294,-0.04231852123882972,0.0030542294038438
3,17,-0.06196596890684294,-0.04231852123882972,0.0030542294038438
3,18,-0.062039417309340185,-0.0421226588321704,0.0031031950055086304
3,19,-0.06181295140164035,-0.04219610723466764,0.0030542294038438
3,20,-0.06181295140164035,-0.04219610723466764,0.0030542294038438
3,21,-0.062088382911005026,-0.04222671073570817,0.002913453299057412
3,22,-0.06184355490268086,-0.042189986534459545,0.0032684539111274328
3,23,-0.061868037703513276,-0.042287917737789206,0.0032317297098788103
3,24,-0.061868037703513276,-0.042287917737789206,0.0032317297098788103
3,25,-0.06202717590892398,-0.04230015913820541,0.0030603501040519033
3,26,-0.06198433100746725,-0.042294038437997304,0.0032684539111274328
3,27,-0.06198433100746725,-0.042294038437997304,0.0032684539111274328
3,28,-0.06198433100746725,-0.04204308972946505,0.003207246909046395
3,29,-0.06184355490268086,-0.042202227934875755,0.0029991431019708655
3,30,-0.06184355490268086,-0.042202227934875755,0.0029991431019708655
3,31,-0.0620577794099645,-0.042018606928632636,0.0033541437140408867
3,32,-0.06211898641204554,-0.042147141633002816,0.002980781001346554
3,33,-0.06211898641204554,-0.042147141633002816,0.002980781001346554
3,34,-0.062180193414126575,-0.042153262333210914,0.003164402007589668
3,35,-0.06187415840372139,-0.04231852123882972,0.0031582813073815644
3,36,-0.06216795201371037,-0.04225731423674868,0.0032317297098788103
3,37,-0.06216795201371037,-0.04225731423674868,0.0032317297098788103
3,38,-0.06189864120455381,-0.041920675725302975,0.0030725915044681113
3,39,-0.06201493450850777,-0.041963520626759704,0.003201126208838291
3,40,-0.06201493450850777,-0.041963520626759704,0.003201126208838291
3,41,-0.06200269310809157,-0.042189986534459545,0.0030542294038438
3,42,-0.061868037703513276,-0.0422817970375811,0.0030970743053005266
3,43,-0.061868037703513276,-0.0422817970375811,0.0030970743053005266
3,44,-0.061868037703513276,-0.04236748684049455,0.00348879911861917
3,45,-0.062180193414126575,-0.04223283143591627,0.0029624189007222425
3,46,-0.062180193414126575,-0.04223283143591627,0.0029624189007222425
3,47,-0.06199045170767535,-0.04223895213612437,0.0031827641082139797
3,48,-0.061978210307259154,-0.04221446933529196,0.003329660913208471
3,49,-0.06175786509976742,-0.04214102093279471,0.0032317297098788103
3,50,-0.06175786509976742,-0.04214102093279471,0.0032317297098788103
3,51,-0.06198433100746725,-0.042391969641326965,0.003207246909046395
3,52,-0.06192312400538622,-0.04220834863508385,0.0031521606071734606
3,53,-0.06178846860080793,-0.04218386583425144,0.0030848329048843185
3,54,-0.06186191700330518,-0.04206757253029746,0.0031276778063410457
3,55,-0.06196596890684294,-0.042306279838413514,0.0031705227077977725
3,56,-0.061953727506426734,-0.04239809034153507,0.0032317297098788103
3,57,-0.06214346921287796,-0.04217162443383523,0.0029991431019708655
3,58,-0.061849675602888975,-0.04226955563716489,0.0031705227077977725
3,59,-0.061690537397478276,-0.042153262333210914,0.003305178112376056
3,60,-0.061868037703513276,-0.04238584894111887,0.0032684539111274328
3,61,-0.061978210307259154,-0.04200024482800833,0.003225609009670706
3,62,-0.062149589913086056,-0.04233076263924593,0.0032806953115436404
3,63,-0.062149589913086056,-0.04233076263924593,0.0032806953115436404
3,64,-0.06199045170767535,-0.04248990084465663,0.0029318153996817234
3,65,-0.062051658709756395,-0.0419573999265516,0.0032684539111274328
3,66,-0.0620455380095483,-0.04230015913820541,0.003201126208838291
3,67,-0.06207002081038071,-0.04241645244215938,0.003219488309462602
3,68,-0.06199045170767535,-0.04236748684049455,0.0030419880034275922
3,69,-0.061953727506426734,-0.04255110784673767,0.003048108703635696
3,70,-0.0622107969151671,-0.04238584894111887,0.0031950055086301873
3,71,-0.06212510711225364,-0.04249602154486473,0.0030419880034275922
3,72,-0.061868037703513276,-0.04206757253029746,0.0028461255967682703
3,73,-0.06200269310809157,-0.0421226588321704,0.003219488309462602
3,74,-0.062051658709756395,-0.04231240053862162,0.003207246909046395
3,75,-0.06187415840372139,-0.0421165381319623,0.0030236259028032808
3,76,-0.061935365405802426,-0.0421287795323785,0.003323540213000367
3,77,-0.061935365405802426,-0.0421287795323785,0.003323540213000367
3,78,-0.062149589913086056,-0.04236136614028645,0.003452074917370547
3,79,-0.06186191700330518,-0.04206757253029746,0.003305178112376056
3,80,-0.06175786509976742,-0.042220590035500064,0.003305178112376056
3,81,-0.06201493450850777,-0.042134900232586606,0.002980781001346554
3,82,-0.06191700330517811,-0.04234300403966214,0.0032500918105031217
3,83,-0.06207002081038071,-0.04237360754070266,0.0034398335169543394
3,84,-0.06177010650018362,-0.042147141633002816,0.0032684539111274328
3,85,-0.061978210307259154,-0.04221446933529196,0.003078712204676215
3,86,-0.06212510711225364,-0.04246541804382421,0.0030664708042600075
3,87,-0.06178846860080793,-0.04214102093279471,0.0031766434080058763
3,88,-0.06197208960705105,-0.04211041743175419,0.0032317297098788103
3,89,-0.061696658097686374,-0.0421287795323785,0.0031705227077977725
3,90,-0.06168441669727017,-0.04226955563716489,0.0031276778063410457
3,91,-0.06195984820663484,-0.042147141633002816,0.0030419880034275922
3,92,-0.061935365405802426,-0.04235524544007834,0.003201126208838291
3,93,-0.0622107969151671,-0.04207369323050557,0.0030419880034275922
3,94,-0.06192924470559432,-0.04220834863508385,0.003305178112376056
3,95,-0.06192924470559432,-0.04220834863508385,0.003305178112376056
3,96,-0.06211898641204554,-0.042153262333210914,0.0030970743053005266
3,97,-0.06187415840372139,-0.04249602154486473,0.0031521606071734606
3,98,-0.062051658709756395,-0.042049210429673155,0.003237850410086914
3,99,-0.06202105520871588,-0.04205533112988126,0.0035132819194515852
