values,,Magnetometer,Magnetometer,Magnetometer
axis,,x,y,z
Sensor,Sample,,,
0,0,0.03013220712449504,0.0815154853715265,-0.007399926551597502
0,1,0.03013220712449504,0.0815154853715265,-0.007399926551597502
0,2,0.03004651732158159,0.08156445097319134,-0.007393805851389398
0,3,0.030309707430530054,0.08139919206757254,-0.0075162198555514745
0,4,0.030309707430530054,0.08139919206757254,-0.0075162198555514745
0,5,0.030254621128657115,0.08116660545966459,-0.007399926551597502
0,6,0.03018729342636798,0.08135634716611581,-0.007112253641816624
0,7,0.03018729342636798,0.08135634716611581,-0.007112253641816624
0,8,0.030205655526992288,0.08147876117027789,-0.007993634471783572
0,9,0.030009793120332966,0.08147876117027789,-0.007626392459297343
0,10,0.030009793120332966,0.08121557106132941,-0.007375443750765087
0,11,0.030058758721997796,0.08121557106132941,-0.007375443750765087
0,12,0.030334190231362468,0.08137470926674012,-0.0071795813441057664
0,13,0.030058758721997796,0.08150324397111029,-0.007503978455135267
0,14,0.030058758721997796,0.08150324397111029,-0.007503978455135267
0,15,0.030071000122414003,0.08139919206757254,-0.007112253641816624
0,16,0.029985310319500552,0.08136858856653201,-0.006891908434324886
0,17,0.029985310319500552,0.08136858856653201,-0.006891908434324886
0,18,0.030113845023870732,0.08117884686008078,-0.007357081650140776
0,19,0.029862896315338477,0.08141755416819683,-0.007136736442649038
0,20,0.029862896315338477,0.08141755416819683,-0.007136736442649038
0,21,0.030119965724078834,0.08119108826049701,-0.0074244093524299185
0,22,0.03005263802178969,0.08140531276778064,-0.007087770840984209
0,23,0.03005263802178969,0.08140531276778064,-0.007087770840984209
0,24,0.030126086424286942,0.08154608887256702,-0.007308116048475946
0,25,0.030340310931570573,0.08137470926674012,-0.007485616354510956
0,26,0.030340310931570573,0.08137470926674012,-0.007485616354510956
0,27,0.030303586730321946,0.08136858856653201,-0.007485616354510956
0,28,0.029930224017627616,0.08124005386216183,-0.007253029746603011
0,29,0.029930224017627616,0.08124005386216183,-0.0072713918472273225
0,30,0.0302301383278247,0.08125841596278614,-0.0072713918472273225
0,31,0.029783327212633125,0.08140531276778064,-0.007479495654302852
0,32,0.0302301383278247,0.08146039906965356,-0.007540702656383891
0,33,0.0302301383278247,0.08146039906965356,-0.007540702656383891
0,34,0.029979189619292447,0.08133798506549149,-0.007418288652221815
0,35,0.030040396621373484,0.08109927775737544,-0.007381564450973191
0,36,0.030040396621373484,0.08109927775737544,-0.007381564450973191
0,37,0.030126086424286942,0.08129514016403476,-0.007810013465540458
0,38,0.030034275921165383,0.08124005386216183,-0.007344840249724568
0,39,0.030034275921165383,0.08124005386216183,-0.007344840249724568
0,40,0.03014444852491125,0.08124005386216183,-0.00715509854327335
0,41,0.030107724323662627,0.08139919206757254,-0.007277512547435426
0,42,0.030107724323662627,0.08139919206757254,-0.007277512547435426
0,43,0.03024237972824091,0.08130738156445097,-0.007522340555759578
0,44,0.03014444852491125,0.08138695066715632,-0.007601909658464928
0,45,0.03014444852491125,0.08138695066715632,-0.007601909658464928
0,46,0.030328069531154363,0.08141755416819683,-0.007393805851389398
0,47,0.03013220712449504,0.08116660545966459,-0.007595788958256825
0,48,0.03013220712449504,0.08116660545966459,-0.007595788958256825
0,49,0.03018117272615987,0.08125229526257803,-0.007136736442649038
0,50,0.03009548292324642,0.08161953727506427,-0.007253029746603011
0,51,0.03009548292324642,0.08161953727506427,-0.007253029746603011
0,52,0.030040396621373484,0.08123393316195374,-0.007277512547435426
0,53,0.03017505202595177,0.08112988125841596,-0.007871220467621495
0,54,0.03018117272615987,0.0815154853715265,-0.007357081650140776
0,55,0.03018117272615987,0.0815154853715265,-0.007357081650140776
0,56,0.03017505202595177,0.08109927775737544,-0.007503978455135267
0,57,0.029991431019708654,0.08147264047006977,-0.007473374954094748
0,58,0.029991431019708654,0.08147264047006977,-0.007473374954094748
0,59,0.030113845023870732,0.08130126086424287,-0.007393805851389398
0,60,0.030113845023870732,0.08150324397111029,-0.007277512547435426
0,61,0.030113845023870732,0.08150324397111029,-0.007277512547435426
0,62,0.03035867303219488,0.08152772677194271,-0.0070265638389031704
0,63,0.0302240176276166,0.08133798506549149,-0.007467254253886645
0,64,0.0302240176276166,0.08133798506549149,-0.007467254253886645
0,65,0.030058758721997796,0.08141143346798874,-0.007381564450973191
0,66,0.030217896927408495,0.08113600195862407,-0.007032684539111274
0,67,0.030217896927408495,0.08113600195862407,-0.007032684539111274
0,68,0.03041988003427592,0.08122169176153751,-0.007510099155343371
0,69,0.030168931325743664,0.08127065736320235,-0.007381564450973191
0,70,0.030168931325743664,0.08127065736320235,-0.007381564450973191
0,71,0.030266862529073325,0.08137470926674012,-0.007601909658464928
0,72,0.03018729342636798,0.08141755416819683,-0.007571306157424409
0,73,0.03018729342636798,0.08141755416819683,-0.007571306157424409
0,74,0.030303586730321946,0.08138695066715632,-0.007638633859713551
0,75,0.03009548292324642,0.08128901946382666,-0.007522340555759578
0,76,0.03013220712449504,0.08147264047006977,-0.007467254253886645
0,77,0.03013220712449504,0.08147264047006977,-0.007467254253886645
0,78,0.03013832782470315,0.08127677806341045,-0.007399926551597502
0,79,0.03008936222303831,0.0810380707552944,-0.007920186069286326
0,80,0.03008936222303831,0.0810380707552944,-0.007920186069286326
0,81,0.030236259028032807,0.08145427836944547,-0.007999755171991677
0,82,0.030028155220957274,0.08125229526257803,-0.007681478761170278
0,83,0.030028155220957274,0.08125229526257803,-0.007681478761170278
0,84,0.03013832782470315,0.08136858856653201,-0.007552944056800098
0,85,0.030193414126576078,0.08144815766923737,-0.007858979067205289
0,86,0.030193414126576078,0.08144815766923737,-0.007858979067205289
0,87,0.030315828130738152,0.08141143346798874,-0.007638633859713551
0,88,0.030064879422205898,0.08149100257069408,-0.007253029746603011
0,89,0.030064879422205898,0.08149100257069408,-0.007253029746603011
0,90,0.03005263802178969,0.08174195127922634,-0.0074611335536785405
0,91,0.030077120822622105,0.08126453666299424,-0.007112253641816624
0,92,0.030077120822622105,0.08126453666299424,-0.007112253641816624
0,93,0.02993634471783572,0.08125229526257803,-0.007430530052638022
0,94,0.030083241522830213,0.08146039906965356,-0.007883461868037704
0,95,0.030083241522830213,0.08146039906965356,-0.007883461868037704
0,96,0.030260741828865224,0.08107479495654303,-0.007375443750765087
0,97,0.030303586730321946,0.08139919206757254,-0.007412167952013711
0,98,0.03013832782470315,0.08122781246174562,-0.007418288652221815
0,99,0.03013832782470315,0.08122781246174562,-0.007418288652221815
1,0,-0.04564206145183009,0.06899253274574611,0.0014138817480719794
1,1,-0.04559309585016526,0.068808911739503,0.001487330150569225
1,2,-0.04559309585016526,0.068808911739503,0.001487330150569225
1,3,-0.045568613049332844,0.06898641204553801,0.0012302607418288652
1,4,-0.04555025094870853,0.06875994613783817,0.0015852613538988862
1,5,-0.045684906353286814,0.06886399804137593,0.0016648304566042355
1,6,-0.045684906353286814,0.06886399804137593,0.0016648304566042355
1,7,-0.04553188884808422,0.06869873913575712,0.0017872444607663115
1,8,-0.04559921655037336,0.06905986044803526,0.001236381442036969
1,9,-0.04559921655037336,0.06905986044803526,0.001236381442036969
1,10,-0.045354388542049213,0.06906598114824336,0.0018484514628473495
1,11,-0.0453299057412168,0.06910882604970009,0.0015607785530664707
1,12,-0.0453299057412168,0.06910882604970009,0.0015607785530664707
1,13,-0.0454951646468356,0.06875994613783817,0.001426123148488187
1,14,-0.04543395764475456,0.06885175664095973,0.0015975027543150937
1,15,-0.04543395764475456,0.06885175664095973,0.0015975027543150937
1,16,-0.045684906353286814,0.0684967560288897,0.0016648304566042355
1,17,-0.045666544252662505,0.06850899742930591,0.002393193781368589
1,18,-0.04577059615620027,0.06893132574366508,0.00202595176888236
1,19,-0.04577059615620027,0.06893132574366508,0.00202595176888236
1,20,-0.04557473374954095,0.06888848084220835,0.0024666421838658342
1,21,-0.04554413024850043,0.06893132574366508,0.002032072469090464
1,22,-0.04554413024850043,0.06893132574366508,0.002032072469090464
1,23,-0.04557473374954095,0.06874158403721385,0.002742073693230506
1,24,-0.04558697514995715,0.06875382543763006,0.0016281062553556128
1,25,-0.04558697514995715,0.06875382543763006,0.0016281062553556128
1,26,-0.04543395764475456,0.06901089484637044,0.0018668135634716612
1,27,-0.0455012853470437,0.06887011874158404,0.0013893989472395642
1,28,-0.0455012853470437,0.06887011874158404,0.0013893989472395642
1,29,-0.0454951646468356,0.06875994613783817,0.0015485371526502633
1,30,-0.04564818215203819,0.06870485983596523,0.0015056922511935366
1,31,-0.04554413024850043,0.06886399804137593,0.001493450850777329
1,32,-0.04554413024850043,0.06886399804137593,0.001493450850777329
1,33,-0.045807320357448895,0.06860692863263558,0.0016158648549394051
1,34,-0.045672664952870604,0.06870485983596523,0.0014750887501530177
1,35,-0.045672664952870604,0.06870485983596523,0.0014750887501530177
1,36,-0.04540335414371404,0.06874158403721385,0.0013465540457828376
1,37,-0.04544619904517076,0.06901089484637044,0.0012180193414126576
1,38,-0.04544619904517076,0.06901089484637044,0.0012180193414126576
1,39,-0.04542171624433835,0.06846003182764107,0.0016587097563961317
1,40,-0.045354388542049213,0.06894968784428938,0.002038193169298568
1,41,-0.045354388542049213,0.06894968784428938,0.0017382788591014814
1,42,-0.0453299057412168,0.06868037703513283,0.0017382788591014814
1,43,-0.04572163055453544,0.06876606683804627,0.0017076753580609623
1,44,-0.04555025094870853,0.06885175664095973,0.0019157791651364918
1,45,-0.04555025094870853,0.06885175664095973,0.0019157791651364918
1,46,-0.045482923246419386,0.06899253274574611,0.002191210674501163
1,47,-0.04537887134288163,0.06924348145427836,0.002001468968049945
1,48,-0.04537887134288163,0.06924348145427836,0.002001468968049945
1,49,-0.04541559554413025,0.06883339454033541,0.002436038682825315
1,50,-0.045568613049332844,0.06882115313991921,0.001964744766801322
1,51,-0.045568613049332844,0.06882115313991921,0.001964744766801322
1,52,-0.045678785653078716,0.06890684294283266,0.001940261965968907
1,53,-0.045482923246419386,0.06858856653201126,0.001621985555147509
1,54,-0.045482923246419386,0.06858856653201126,0.001621985555147509
1,55,-0.045795078957032685,0.06883951524054352,0.0020626759701309833
1,56,-0.045299302240176274,0.06886399804137593,0.0025523319867792873
1,57,-0.04554413024850043,0.06875994613783817,0.0016036234545231975
1,58,-0.04554413024850043,0.06875994613783817,0.0016036234545231975
1,59,-0.04551964744766802,0.06872934263679766,0.0015424164524421593
1,60,-0.04539111274329784,0.06853960093034643,0.0014506059493206024
1,61,-0.04539111274329784,0.06853960093034643,0.0014506059493206024
1,62,-0.04544619904517076,0.06889460154241646,0.001426123148488187
1,63,-0.04576447545599217,0.06910882604970009,0.0015730199534826784
1,64,-0.04576447545599217,0.06910882604970009,0.0015730199534826784
1,65,-0.04555637164891664,0.0689741706451218,0.0015852613538988862
1,66,-0.04545844044558697,0.06869261843554902,0.002246296976374097
1,67,-0.04545844044558697,0.06869261843554902,0.002246296976374097
1,68,-0.04556249234912474,0.06899253274574611,0.002246296976374097
1,69,-0.04556249234912474,0.06877830823846248,0.001683192557228547
1,70,-0.04559921655037336,0.06868037703513283,0.0018300893622230385
1,71,-0.04559921655037336,0.06868037703513283,0.0018300893622230385
1,72,-0.04537275064267352,0.06875382543763006,0.002032072469090464
1,73,-0.04550740604725181,0.06861917003305178,0.001940261965968907
1,74,-0.04550740604725181,0.06861917003305178,0.001940261965968907
1,75,-0.04555637164891664,0.0688150324397111,0.002289141877830824
1,76,-0.04574611335536786,0.06879667033908679,0.0019892275676337374
1,77,-0.04574611335536786,0.06879667033908679,0.0019892275676337374
1,78,-0.045452319745378875,0.06879054963887868,0.002160607173460644
1,79,-0.04554413024850043,0.06906598114824336,0.0015424164524421593
1,80,-0.04554413024850043,0.06906598114824336,0.0015424164524421593
1,81,-0.045684906353286814,0.06874158403721385,0.0015975027543150937
1,82,-0.045654302852246295,0.06878442893867058,0.0018668135634716612
1,83,-0.04562982005141388,0.0689680499449137,0.0017321581588933773
1,84,-0.04562982005141388,0.0689680499449137,0.0017321581588933773
1,85,-0.045678785653078716,0.06901701554657853,0.0018178479618068306
1,86,-0.045538009548292326,0.0688150324397111,0.0014750887501530177
1,87,-0.045538009548292326,0.0688150324397111,0.0014750887501530177
1,88,-0.04563594075162199,0.06888848084220835,0.0014812094503611213
1,89,-0.04553188884808422,0.06858856653201126,0.001493450850777329
1,90,-0.04553188884808422,0.06858856653201126,0.001493450850777329
1,91,-0.04551964744766802,0.06872934263679766,0.0013281919451585261
1,92,-0.045354388542049213,0.06887011874158404,0.0014016403476557718
1,93,-0.045354388542049213,0.06887011874158404,0.0014016403476557718
1,94,-0.0454951646468356,0.06867425633492472,0.0016342269555637164
1,95,-0.04534826784184111,0.06891908434324887,0.0016036234545231975
1,96,-0.04564818215203819,0.06877218753825438,0.0017199167584771697
1,97,-0.04564818215203819,0.06877218753825438,0.0017199167584771697
1,98,-0.04559309585016526,0.06899865344595421,0.002099400171379606
1,99,-0.04548904394662749,0.06863141143346799,0.0018239686620149347
2,0,0.14412412780022035,-0.10717958134410577,0.13364548904394663
2,1,0.1437324029869017,-0.1071061329416085,0.13322928142979557
2,2,0.14376912718815033,-0.10648182152038192,0.13479005998286203
2,3,0.1442159383033419,-0.10685518423307627,0.13508997429305913
2,4,0.1442159383033419,-0.10685518423307627,0.13508997429305913
2,5,0.1441914555025095,-0.10668380462724936,0.13335169543395764
2,6,0.14355490268086668,-0.1069286326355735,0.134080058758722
2,7,0.14355490268086668,-0.1069286326355735,0.134080058758722
2,8,0.14411800710001224,-0.10712449504223283,0.13512669849430775
2,9,0.14378136858856655,-0.10692251193536542,0.13426367976496512
2,10,0.14378136858856655,-0.10692251193536542,0.13426367976496512
2,11,0.1440261965968907,-0.10697759823723833,0.13338229893499814
2,12,0.14382421349002325,-0.10683682213245196,0.13138695066715633
2,13,0.14382421349002325,-0.10683682213245196,0.13138695066715633
2,14,0.14398335169543394,-0.10724690904639492,0.13112988125841596
2,15,0.1437017994858612,-0.10693475333578162,0.13325376423062799
2,16,0.1437017994858612,-0.10693475333578162,0.1316868649773534
2,17,0.14396498959480966,-0.10736320235034888,0.13226833149712328
2,18,0.1435793854816991,-0.10684294283266005,0.13472885298078102
2,19,0.14381809278981514,-0.10697147753703025,0.13526135389888602
2,20,0.14381809278981514,-0.10697147753703025,0.13526135389888602
2,21,0.1440384379973069,-0.1074182886522218,0.13531031950055086
2,22,0.1438792997918962,-0.10711837434202473,0.13493695678785653
2,23,0.1438792997918962,-0.10711837434202473,0.13493695678785653
2,24,0.14412412780022035,-0.10680009793120333,0.13490635328681602
2,25,0.1438976618925205,-0.10635940751621986,0.1329416085200147
2,26,0.1438976618925205,-0.10635940751621986,0.1329416085200147
2,27,0.14379973068919086,-0.10696535683682214,0.13241522830211777
2,28,0.1437324029869017,-0.1071061329416085,0.13264169420981758
2,29,0.1437324029869017,-0.1071061329416085,0.13240910760190966
2,30,0.1437568857877341,-0.10696535683682214,0.13240910760190966
2,31,0.14406292079813932,-0.10695923613661402,0.13515118129514017
2,32,0.14394050679397724,-0.10664095972579264,0.13319867792875506
2,33,0.14394050679397724,-0.10664095972579264,0.13319867792875506
2,34,0.14400783449626636,-0.10678173583057901,0.13322316072958745
2,35,0.14378748928877463,-0.10655526992287918,0.13500428449014568
2,36,0.14378748928877463,-0.10655526992287918,0.13500428449014568
2,37,0.1437630064879422,-0.10704492593952748,0.13346186803770352
2,38,0.14414861060105275,-0.1070510466397356,0.13419023136246785
2,39,0.14414861060105275,-0.1070510466397356,0.13419023136246785
2,40,0.14391602399314482,-0.10705716733994368,0.1348879911861917
2,41,0.1438976618925205,-0.1072407883461868,0.133608764842698
2,42,0.1438976618925205,-0.1072407883461868,0.133608764842698
2,43,0.14384257559064756,-0.10705716733994368,0.13191945158526136
2,44,0.14391602399314482,-0.10711837434202473,0.13302729832292814
2,45,0.1440874035989717,-0.10710001224140042,0.13374342024727628
2,46,0.1440874035989717,-0.10710001224140042,0.13374342024727628
2,47,0.1440690414983474,-0.10709389154119231,0.1337311788468601
2,48,0.14400171379605825,-0.10712449504223283,0.13286816011751745
2,49,0.14400171379605825,-0.10712449504223283,0.13286816011751745
2,50,0.1440200758966826,-0.10686742563349247,0.13465540457828376
2,51,0.1438609376912719,-0.10696535683682214,0.1333088505325009
2,52,0.1438609376912719,-0.10696535683682214,0.1333088505325009
2,53,0.14409964499938793,-0.1072346676459787,0.13550618190721017
2,54,0.1440874035989717,-0.10687966703390868,0.13512669849430775
2,55,0.1440874035989717,-0.10687966703390868,0.13512669849430775
2,56,0.14372016158648548,-0.10680621863141145,0.13431876606683804
2,57,0.14347533357816133,-0.10691639123515731,0.13515118129514017
2,58,0.14347533357816133,-0.10691639123515731,0.13515118129514017
2,59,0.14394050679397724,-0.10654914922267107,0.13541437140408863
2,60,0.144044558697515,-0.10695923613661402,0.13329660913208471
2,61,0.14429550740604724,-0.10675725302974662,0.1341106622597625
2,62,0.14429550740604724,-0.10675725302974662,0.1341106622597625
2,63,0.1438609376912719,-0.10682458073203574,0.13301505692251195
2,64,0.14417309340188517,-0.10680621863141145,0.13318031582813075
2,65,0.14417309340188517,-0.10680621863141145,0.13318031582813075
2,66,0.14398947239564205,-0.10736932305055698,0.1341106622597625
2,67,0.14376912718815033,-0.10704492593952748,0.13338229893499814
2,68,0.14376912718815033,-0.10704492593952748,0.13338229893499814
2,69,0.14399559309585017,-0.10700208103807077,0.13251315950544743
2,70,0.1437140408862774,-0.1070510466397356,0.13398212755539235
2,71,0.1437140408862774,-0.1070510466397356,0.13398212755539235
2,72,0.14393438609376913,-0.10682458073203574,0.13489411188639983
2,73,0.1437630064879422,-0.10685518423307627,0.13469212877953238
2,74,0.1439037825927286,-0.10703880523931937,0.13524911249846983
2,75,0.1439037825927286,-0.10703880523931937,0.13524911249846983
2,76,0.1439099032929367,-0.10706328804015179,0.1324703146039907
2,77,0.14416697270167705,-0.10661647692496021,0.1352246296976374
2,78,0.14416697270167705,-0.10661647692496021,0.1352246296976374
2,79,0.144044558697515,-0.10662259762516832,0.13499204308972948
2,80,0.14413636920063655,-0.10668380462724936,0.13426367976496512
2,81,0.14413636920063655,-0.10668380462724936,0.13426367976496512
2,82,0.1442036969029257,-0.10733259884930837,0.13479005998286203
2,83,0.1440874035989717,-0.10680621863141145,0.1347472150814053
2,84,0.1440874035989717,-0.10680621863141145,0.1347472150814053
2,85,0.14398335169543394,-0.10676949443016281,0.13366385114457094
2,86,0.14377524788835844,-0.1067388909291223,0.13548781980658586
2,87,0.14377524788835844,-0.1067388909291223,0.13548781980658586
2,88,0.1438731790916881,-0.10685518423307627,0.13457583547557841
2,89,0.14403231729709878,-0.10703268453911127,0.13495531888848084
2,90,0.14412412780022035,-0.10691639123515731,0.13426367976496512
2,91,0.14412412780022035,-0.10691639123515731,0.13426367976496512
2,92,0.144044558697515,-0.10687354633370058,0.13527359529930222
2,93,0.1438731790916881,-0.1067756151303709,0.13508997429305913
2,94,0.1438731790916881,-0.1067756151303709,0.13508997429305913
2,95,0.1439037825927286,-0.10684906353286816,0.13351695433957644
2,96,0.1439221446933529,-0.10713061574244094,0.13523075039784552
2,97,0.1439221446933529,-0.10713061574244094,0.13523075039784552
2,98,0.14399559309585017,-0.10722242624556248,0.13229893499816378
2,99,0.14397723099522586,-0.10698371893744645,0.13475945648182153
3,0,-0.11489778430652467,-0.03800954829232464,0.03378014444852491
3,1,-0.11489778430652467,-0.03800954829232464,0.03378014444852491
3,2,-0.11456726649528706,-0.037917737789203085,0.03371281674623577
3,3,-0.11445097319133309,-0.03808299669482189,0.03359040274207369
3,4,-0.11445097319133309,-0.03809523809523809,0.03383523075039784
3,5,-0.11478149100257069,-0.03809523809523809,0.03383523075039784
3,6,-0.11470804260007346,-0.03799730689190843,0.033871954951646466
3,7,-0.1149651120088138,-0.03799118619170033,0.033829110050189744
3,8,-0.1149651120088138,-0.03799118619170033,0.033829110050189744
3,9,-0.11502631901089484,-0.03809523809523809,0.033969886154976134
3,10,-0.11462847349736809,-0.03797282409107602,0.03393928265393561
3,11,-0.11462847349736809,-0.03797282409107602,0.03393928265393561
3,12,-0.11467131839882483,-0.038187048598359655,0.033627126943322316
3,13,-0.11478149100257069,-0.03793609988982739,0.033688333945403354
3,14,-0.11478149100257069,-0.03793609988982739,0.033688333945403354
3,15,-0.11490390500673278,-0.03793609988982739,0.03379238584894112
3,16,-0.11468968049944914,-0.03779532378504101,0.03363936834373853
3,17,-0.11468968049944914,-0.03779532378504101,0.03365160974415473
3,18,-0.11483045660423552,-0.03818092789815155,0.03365160974415473
3,19,-0.11488554290610846,-0.03795446199045171,0.03356591994124128
3,20,-0.11486106010527604,-0.03799730689190843,0.0335965234422818
3,21,-0.11486106010527604,-0.03799730689190843,0.0335965234422818
3,22,-0.11473252540090587,-0.03784428938670584,0.033859713551230256
3,23,-0.11484269800465172,-0.03802178969274085,0.03394540335414371
3,24,-0.11484269800465172,-0.03802178969274085,0.03394540335414371
3,25,-0.11506916391235159,-0.038144203696902926,0.0336026441424899
3,26,-0.1147753703023626,-0.037917737789203085,0.033767903048108706
3,27,-0.1147753703023626,-0.037917737789203085,0.033767903048108706
3,28,-0.11458562859591137,-0.03796670339086792,0.033682213245195256
3,29,-0.11482433590402744,-0.03802178969274085,0.0339209205533113
3,30,-0.11475700820173829,-0.03811360019586241,0.03379850654914922
3,31,-0.11475700820173829,-0.03811360019586241,0.03379850654914922
3,32,-0.11460399069653568,-0.03785653078712205,0.03379850654914922
3,33,-0.1147753703023626,-0.037758599583792386,0.033669971844779045
3,34,-0.1147753703023626,-0.037758599583792386,0.033669971844779045
3,35,-0.11481209450361121,-0.03800954829232464,0.03363936834373853
3,36,-0.11460399069653568,-0.038131962296486716,0.033908679152895096
3,37,-0.11460399069653568,-0.038131962296486716,0.033908679152895096
3,38,-0.11482433590402744,-0.038089117395029994,0.033633247643530415
3,39,-0.11484881870485983,-0.03809523809523809,0.033498592238952137
3,40,-0.11484881870485983,-0.03809523809523809,0.033498592238952137
3,41,-0.11462847349736809,-0.03806463459419758,0.03384135145060595
3,42,-0.11483657730444363,-0.0381013587954462,0.033859713551230256
3,43,-0.11465907699840863,-0.03804015179336516,0.03374342024727629
3,44,-0.11465907699840863,-0.03804015179336516,0.03374342024727629
3,45,-0.11466519769861672,-0.038015668992532746,0.033529195739992655
3,46,-0.11464071489778431,-0.03796670339086792,0.033700575345819564
3,47,-0.11464071489778431,-0.03796670339086792,0.033700575345819564
3,48,-0.11461623209695189,-0.03806463459419758,0.033529195739992655
3,49,-0.11468355979924102,-0.038046272493573265,0.03357204064144938
3,50,-0.11468355979924102,-0.038046272493573265,0.03357204064144938
3,51,-0.11473252540090587,-0.0381013587954462,0.03380462724935733
3,52,-0.11452442159383033,-0.03791161708899498,0.03357816134165749
3,53,-0.11452442159383033,-0.03791161708899498,0.03357816134165749
3,54,-0.11462235279716,-0.038119720896070505,0.03379850654914922
3,55,-0.1147753703023626,-0.03819316929856776,0.03357816134165749
3,56,-0.1147753703023626,-0.03798506549149223,0.033908679152895096
3,57,-0.11450605949320602,-0.03798506549149223,0.033908679152895096
3,58,-0.11482433590402744,-0.03799118619170033,0.033541437140408865
3,59,-0.11464683559799241,-0.03780756518545721,0.033412902436038686
3,60,-0.11464683559799241,-0.03780756518545721,0.033412902436038686
3,61,-0.11472640470069777,-0.03805239319378137,0.033541437140408865
3,62,-0.11470804260007346,-0.0381013587954462,0.033902558452686984
3,63,-0.11470804260007346,-0.0381013587954462,0.033902558452686984
3,64,-0.1147876117027788,-0.03799730689190843,0.03359040274207369
3,65,-0.11461011139674379,-0.037942220590035505,0.033774023748316805
3,66,-0.11461011139674379,-0.037942220590035505,0.033774023748316805
3,67,-0.11492226710735709,-0.037948341290243603,0.03373729954706818
3,68,-0.11472640470069777,-0.03813808299669482,0.033645489043946625
3,69,-0.11472640470069777,-0.03813808299669482,0.033786265148733015
3,70,-0.11474476680132206,-0.03838291100501897,0.033786265148733015
3,71,-0.11498347410943813,-0.037948341290243603,0.033755661647692496
3,72,-0.11475088750153017,-0.03821765209940017,0.0334496266372873
3,73,-0.11475088750153017,-0.03821765209940017,0.0334496266372873
3,74,-0.11464071489778431,-0.038027910392948956,0.03359040274207369
3,75,-0.11472640470069777,-0.037899375688578776,0.0337617823479006
3,76,-0.11472640470069777,-0.037899375688578776,0.0337617823479006
3,77,-0.11454278369445466,-0.03812584159627862,0.033486350838535926
3,78,-0.11495287060839761,-0.038089117395029994,0.03373729954706818
3,79,-0.11495287060839761,-0.038089117395029994,0.03373729954706818
3,80,-0.11461011139674379,-0.037942220590035505,0.03341902313624679
3,81,-0.11486718080548415,-0.038027910392948956,0.03351695433957645
3,82,-0.11486718080548415,-0.038027910392948956,0.03351695433957645
3,83,-0.11473864610111398,-0.03805851389398947,0.033927041253519405
3,84,-0.11486718080548415,-0.03793609988982739,0.03371281674623577
3,85,-0.11486718080548415,-0.03772187538254376,0.033774023748316805
3,86,-0.11486718080548415,-0.03772187538254376,0.033774023748316805
3,87,-0.11467743909903291,-0.03811360019586241,0.033969886154976134
3,88,-0.11455502509487085,-0.037893254988370664,0.03384747215081405
3,89,-0.11455502509487085,-0.037893254988370664,0.03384747215081405
3,90,-0.1144815766923736,-0.03799118619170033,0.03357816134165749
3,91,-0.11456114579507896,-0.03791161708899498,0.033357816134165746
3,92,-0.11456114579507896,-0.03791161708899498,0.033357816134165746
3,93,-0.11487942220590035,-0.03791161708899498,0.033682213245195256
3,94,-0.11469580119965724,-0.03811360019586241,0.033608764842698
3,95,-0.11469580119965724,-0.03811360019586241,0.033608764842698
3,96,-0.11482433590402744,-0.038015668992532746,0.03349247153874403
3,97,-0.11486106010527604,-0.03800954829232464,0.033645489043946625
3,98,-0.11483045660423552,-0.037905496388786875,0.03384747215081405
3,99,-0.11483045660423552,-0.037905496388786875,0.03384747215081405
