values,,Magnetometer,Magnetometer,Magnetometer
axis,,x,y,z
Sensor,Sample,,,
0,0,0.05969518912963643,0.09318153996817236,0.03977843065246664
0,1,0.059682947729220226,0.09338964377524789,0.039870241155588196
0,2,0.059682947729220226,0.09338964377524789,0.039870241155588196
0,3,0.05990329293671196,0.09304688456359408,0.04021912106745011
0,4,0.059670706328804016,0.09304076386338597,0.040151793365160976
0,5,0.059670706328804016,0.09304076386338597,0.040151793365160976
0,6,0.05962174072713918,0.09319990206879666,0.04056188027910393
0,7,0.059756396131717474,0.09310809156567511,0.0401885175664096
0,8,0.05975027543150937,0.09301016036234545,0.040255845268698735
0,9,0.05975027543150937,0.09301016036234545,0.040255845268698735
0,10,0.05952380952380952,0.09321826416942099,0.04084343248867671
0,11,0.059744154731301256,0.0930836087648427,0.04069041498347411
0,12,0.059744154731301256,0.0930836087648427,0.04069041498347411
0,13,0.05975027543150937,0.09284490145672665,0.040825070388052394
0,14,0.05965846492838781,0.0932549883706696,0.040164034765577186
0,15,0.05965846492838781,0.0932549883706696,0.040164034765577186
0,16,0.05989717223650386,0.09316317786754805,0.04047006977598237
0,17,0.05970743053005264,0.09304688456359408,0.04050067327702289
0,18,0.05970743053005264,0.09304688456359408,0.04050067327702289
0,19,0.0598114824335904,0.09302240176276166,0.04024360386828253
0,20,0.05973803403109316,0.09319378136858857,0.03959480964622353
0,21,0.05973803403109316,0.09319378136858857,0.03959480964622353
0,22,0.05956053372505815,0.09300403966213736,0.04044558697514995
0,23,0.0597992410331742,0.09326722977108581,0.040268086669114946
0,24,0.0597992410331742,0.09326722977108581,0.040268086669114946
0,25,0.059682947729220226,0.09324274697025339,0.04059248378014445
0,26,0.059756396131717474,0.09300403966213736,0.04039050067327703
0,27,0.059756396131717474,0.09300403966213736,0.04039050067327703
0,28,0.05975027543150937,0.09315093646713184,0.04065981148243359
0,29,0.05985432733504713,0.09304076386338597,0.03988860325621251
0,30,0.059891051536295745,0.09310809156567511,0.04012731056432856
0,31,0.059891051536295745,0.09310809156567511,0.04012731056432856
0,32,0.060068551842330765,0.09336516097441547,0.03996817235891786
0,33,0.059933896437752474,0.09326722977108581,0.04032929367119599
0,34,0.059933896437752474,0.09326722977108581,0.04032929367119599
0,35,0.059744154731301256,0.09282041865589423,0.04037825927286082
0,36,0.05955441302485004,0.0932549883706696,0.04013343126453666
0,37,0.05955441302485004,0.0932549883706696,0.04013343126453666
0,38,0.05973803403109316,0.09326110907087772,0.04050679397723099
0,39,0.059725792630676955,0.09309585016525891,0.039839637654547684
0,40,0.059725792630676955,0.09309585016525891,0.039839637654547684
0,41,0.05966458562859591,0.09310197086546701,0.040684294283266004
0,42,0.059891051536295745,0.09312645366629943,0.04043334557473375
0,43,0.059891051536295745,0.09312645366629943,0.04043334557473375
0,44,0.05973191333088505,0.09322438486962908,0.040653690782225485
0,45,0.05971967193046884,0.09302852246296976,0.04050679397723099
0,46,0.05971967193046884,0.09302852246296976,0.04050679397723099
0,47,0.059682947729220226,0.09297955686130494,0.04054963887868772
0,48,0.059725792630676955,0.09307136736442649,0.04063532868160118
0,49,0.059725792630676955,0.09307136736442649,0.0405129146774391
0,50,0.059817603133798504,0.09294895336026442,0.0405129146774391
0,51,0.059713551230260745,0.09318153996817236,0.04060472518056066
0,52,0.05952380952380952,0.09310197086546701,0.039870241155588196
0,53,0.05952380952380952,0.09310197086546701,0.039870241155588196
0,54,0.059646223527971595,0.0932488676704615,0.04061696658097687
0,55,0.05970743053005264,0.0930836087648427,0.04044558697514995
0,56,0.05970743053005264,0.0930836087648427,0.04044558697514995
0,57,0.05992165503733628,0.09304076386338597,0.04037825927286082
0,58,0.05984208593463092,0.09310197086546701,0.04060472518056066
0,59,0.05984208593463092,0.09310197086546701,0.04060472518056066
0,60,0.05966458562859591,0.0930897294650508,0.0401885175664096
0,61,0.05973191333088505,0.09309585016525891,0.0403476557718203
0,62,0.05973191333088505,0.09309585016525891,0.0403476557718203
0,63,0.059511568123393324,0.09302852246296976,0.04023136246786632
0,64,0.05973803403109316,0.0931142122658832,0.040451707675358065
0,65,0.05973803403109316,0.0931142122658832,0.040451707675358065
0,66,0.05999510343983352,0.09320602276900478,0.04070265638389032
0,67,0.059603378626514866,0.09331619537275064,0.04069041498347411
0,68,0.059603378626514866,0.09331619537275064,0.04069041498347411
0,69,0.05957889582568245,0.09307136736442649,0.040427224874525644
0,70,0.05990941363692006,0.0930836087648427,0.04009058636307994
0,71,0.05990941363692006,0.0930836087648427,0.04009058636307994
0,72,0.059529930224017626,0.09309585016525891,0.040965846492838784
0,73,0.05970743053005264,0.09312645366629943,0.04064144938180928
0,74,0.05979312033296609,0.09315705716733994,0.040537397478271515
0,75,0.05979312033296609,0.09315705716733994,0.040537397478271515
0,76,0.0596401028277635,0.09301016036234545,0.04036601787244461
0,77,0.05969518912963643,0.09324274697025339,0.04047006977598237
0,78,0.05969518912963643,0.09324274697025339,0.04047006977598237
0,79,0.05973803403109316,0.09318153996817236,0.040011017260374586
0,80,0.05976251683192557,0.09326722977108581,0.04028644876973926
0,81,0.05976251683192557,0.09326722977108581,0.04028644876973926
0,82,0.05949932672297711,0.09310197086546701,0.040439466274941854
0,83,0.05950544742318521,0.09300403966213736,0.040580242379728244
0,84,0.05950544742318521,0.09300403966213736,0.040580242379728244
0,85,0.05973191333088505,0.09312645366629943,0.040170155465785284
0,86,0.05973191333088505,0.09327335047129391,0.04044558697514995
0,87,0.05973191333088505,0.09327335047129391,0.04044558697514995
0,88,0.05994613783816869,0.09303464316317786,0.040537397478271515
0,89,0.059756396131717474,0.09314481576692374,0.040164034765577186
0,90,0.059756396131717474,0.09314481576692374,0.040164034765577186
0,91,0.059725792630676955,0.09295507406047251,0.040880156689925326
0,92,0.05985432733504713,0.09321214346921289,0.04086791528950912
0,93,0.05985432733504713,0.09321214346921289,0.04086791528950912
0,94,0.05999510343983352,0.09321826416942099,0.04069041498347411
0,95,0.05975027543150937,0.09303464316317786,0.04021912106745011
0,96,0.06005631044191455,0.09326722977108581,0.040537397478271515
0,97,0.06005631044191455,0.09326722977108581,0.040537397478271515
0,98,0.05971967193046884,0.09286326355735096,0.040439466274941854
0,99,0.059646223527971595,0.09318766066838047,0.04055575957889583
1,0,-0.06918839515240544,0.06984331007467254,0.02324641939037826
1,1,-0.0689680499449137,0.06968417186926185,0.023228057289753946
1,2,-0.06921287795323786,0.06980658587342392,0.023454523197453787
1,3,-0.06921287795323786,0.06980658587342392,0.023454523197453787
1,4,-0.06933529195739993,0.06984943077488065,0.02316685028767291
1,5,-0.06915779165136492,0.06953727506426735,0.023760558207858978
1,6,-0.06915779165136492,0.06953727506426735,0.023760558207858978
1,7,-0.06917615375198923,0.06995348267841842,0.02324641939037826
1,8,-0.0692924470559432,0.06968417186926185,0.023160729587464807
1,9,-0.06772554780266862,0.06954339576447546,0.02329538499204309
1,10,-0.06891296364304075,0.06954339576447546,0.02329538499204309
1,11,-0.0691455502509487,0.06942098176031339,0.023411678295997062
1,12,-0.06913330885053251,0.06954339576447546,0.023111763985799977
1,13,-0.06913330885053251,0.06954339576447546,0.023111763985799977
1,14,-0.06890072224262456,0.06962908556738891,0.023301505692251194
1,15,-0.06924348145427836,0.06959848206634839,0.023160729587464807
1,16,-0.06924348145427836,0.06959848206634839,0.023160729587464807
1,17,-0.06894968784428938,0.069928999877586,0.02340555759578896
1,18,-0.06900477414616232,0.06951891296364304,0.023509609499326723
1,19,-0.06900477414616232,0.06951891296364304,0.023509609499326723
1,20,-0.06893132574366508,0.06979434447300771,0.023301505692251194
1,21,-0.06902313624678663,0.06946382666177012,0.023319867792875502
1,22,-0.06907210184845146,0.06939649895948097,0.02313624678663239
1,23,-0.06907210184845146,0.06939649895948097,0.02313624678663239
1,24,-0.0689619292447056,0.06936589545844044,0.02337495409474844
1,25,-0.06908434324886767,0.06959236136614029,0.022787366874770475
1,26,-0.06908434324886767,0.06959236136614029,0.022787366874770475
1,27,-0.06917003305178113,0.06972701677071858,0.023576937201615862
1,28,-0.06923124005386216,0.06970253396988615,0.023564695801199655
1,29,-0.06923124005386216,0.06970253396988615,0.023564695801199655
1,30,-0.06916391235157301,0.06958011996572408,0.023527971599951035
1,31,-0.06917003305178113,0.06958624066593219,0.02316685028767291
1,32,-0.06917003305178113,0.06958624066593219,0.02316685028767291
1,33,-0.06938425755906476,0.06973313747092667,0.022511935365405803
1,34,-0.06907822254865956,0.06951891296364304,0.02343616109682948
1,35,-0.06904149834741094,0.06934141265760803,0.02287305667768393
1,36,-0.06904149834741094,0.06934141265760803,0.02287305667768393
1,37,-0.06910270534949198,0.06984331007467254,0.023191333088505326
1,38,-0.06908434324886767,0.06968417186926185,0.02269555637164892
1,39,-0.06908434324886767,0.06968417186926185,0.02269555637164892
1,40,-0.06911494674990819,0.06940261965968907,0.023368833394540336
1,41,-0.06891296364304075,0.06972089607051046,0.02273228057289754
1,42,-0.06891296364304075,0.06972089607051046,0.02273228057289754
1,43,-0.06910270534949198,0.06936589545844044,0.022977108581221692
1,44,-0.06911494674990819,0.06963520626759702,0.023319867792875502
1,45,-0.06911494674990819,0.06963520626759702,0.023319867792875502
1,46,-0.06924960215448647,0.0699473619782103,0.02344228179703758
1,47,-0.06893744644387317,0.06964744766801322,0.022707797772065125
1,48,-0.06916391235157301,0.06957399926551597,0.022505814665197698
1,49,-0.06916391235157301,0.06957399926551597,0.022505814665197698
1,50,-0.0689802913453299,0.06963520626759702,0.022340555759578894
1,51,-0.06907210184845146,0.0697821030725915,0.02252417676582201
1,52,-0.06907210184845146,0.0697821030725915,0.02252417676582201
1,53,-0.06895580854449748,0.06981270657363202,0.022144693352919572
1,54,-0.06901701554657853,0.06967805116905375,0.023430040396621374
1,55,-0.06901701554657853,0.06967805116905375,0.023430040396621374
1,56,-0.06911494674990819,0.06980658587342392,0.022787366874770475
1,57,-0.06891296364304075,0.06974537887134288,0.0229893499816379
1,58,-0.06891296364304075,0.06974537887134288,0.0229893499816379
1,59,-0.06909658464928388,0.06964132696780512,0.023221936589545845
1,60,-0.06905986044803526,0.06969029256946994,0.022389521361243725
1,61,-0.06917003305178113,0.0696168441669727,0.02321581588933774
1,62,-0.06917003305178113,0.0696168441669727,0.02321581588933774
1,63,-0.06923124005386216,0.06948218876239441,0.023301505692251194
1,64,-0.06904149834741094,0.06943322316072958,0.02295874648059738
1,65,-0.06904149834741094,0.06943322316072958,0.02295874648059738
1,66,-0.06887623944179214,0.06936589545844044,0.02339331619537275
1,67,-0.06921287795323786,0.06943322316072958,0.023344350593707923
1,68,-0.06921287795323786,0.06943322316072958,0.023344350593707923
1,69,-0.06904149834741094,0.06957399926551597,0.022915901579140655
1,70,-0.06903537764720284,0.06966580976863754,0.02326478149100257
1,71,-0.06903537764720284,0.06966580976863754,0.02326478149100257
1,72,-0.0691271881503244,0.06947606806218631,0.023197453788713428
1,73,-0.06921899865344595,0.0699228791773779,0.023277022891418777
1,74,-0.06919451585261353,0.06964744766801322,0.02289141877830824
1,75,-0.06919451585261353,0.06964744766801322,0.02289141877830824
1,76,-0.0689619292447056,0.06920675725302974,0.023117884686008082
1,77,-0.06920063655282165,0.06964744766801322,0.023203574488921533
1,78,-0.06920063655282165,0.06964744766801322,0.023203574488921533
1,79,-0.06907210184845146,0.069457705961562,0.023050556983718936
1,80,-0.06872934263679766,0.06951279226343494,0.023068919084343248
1,81,-0.06872934263679766,0.06951279226343494,0.023068919084343248
1,82,-0.0691516709511568,0.06982494797404823,0.022585383767903047
1,83,-0.06910270534949198,0.0694515852613539,0.023595299302240177
1,84,-0.06910270534949198,0.0694515852613539,0.02249357326478149
1,85,-0.06904149834741094,0.06959236136614029,0.02249357326478149
1,86,-0.06906598114824336,0.06947606806218631,0.023454523197453787
1,87,-0.06934141265760803,0.06979434447300771,0.023203574488921533
1,88,-0.06934141265760803,0.06979434447300771,0.023203574488921533
1,89,-0.06907210184845146,0.06966580976863754,0.022970987881013587
1,90,-0.0691455502509487,0.06920675725302974,0.023197453788713428
1,91,-0.0691455502509487,0.06920675725302974,0.023197453788713428
1,92,-0.0691516709511568,0.06998408617945892,0.02257314236748684
1,93,-0.06905986044803526,0.06971477537030236,0.022940384379973068
1,94,-0.06905986044803526,0.06971477537030236,0.022940384379973068
1,95,-0.06920675725302974,0.06959848206634839,0.023172970987881014
1,96,-0.06909658464928388,0.06946382666177012,0.02309340188517566
1,97,-0.06909658464928388,0.06946382666177012,0.02369323050556984
1,98,-0.06895580854449748,0.06969641326967804,0.02369323050556984
1,99,-0.06907210184845146,0.06962296486718081,0.022658832170400295
2,0,0.07657608030358673,-0.09253886644632145,0.056139062308728116
2,1,0.07657608030358673,-0.09253886644632145,0.056139062308728116
2,2,0.07682702901211899,-0.09268576325131596,0.05761415105888114
2,3,0.07679030481087037,-0.09265515975027543,0.056665442526625046
2,4,0.07679030481087037,-0.09265515975027543,0.056665442526625046
2,5,0.07659444240421104,-0.09280205655526992,0.05761415105888114
2,6,0.07676582201003794,-0.0922940384379973,0.05765087526012976
2,7,0.07676582201003794,-0.0922940384379973,0.05765087526012976
2,8,0.07663116660545967,-0.09237360754070265,0.057522340555759575
2,9,0.07660056310441915,-0.0925939527481944,0.05777328926429184
2,10,0.07660056310441915,-0.0925939527481944,0.05777328926429184
2,11,0.07672297710858123,-0.09261843554902681,0.05697759823723834
2,12,0.07686375321336761,-0.09266128045048354,0.057675358060962176
2,13,0.07686375321336761,-0.09266128045048354,0.05768147876117028
2,14,0.07678418411066226,-0.09232464193903782,0.05768147876117028
2,15,0.07680254621128657,-0.0926061941486106,0.05684906353286816
2,16,0.07642918349859223,-0.09255110784673767,0.05754682335659199
2,17,0.07642918349859223,-0.09255110784673767,0.05754682335659199
2,18,0.07658832170400294,-0.09261843554902681,0.05747337495409475
2,19,0.07696168441669728,-0.09256946994736198,0.05785285836699718
2,20,0.07696168441669728,-0.09256946994736198,0.05785285836699718
2,21,0.07671073570816501,-0.09253886644632145,0.05791406536907823
2,22,0.07660668380462725,-0.09263679764965112,0.05719182274452197
2,23,0.07660668380462725,-0.09263679764965112,0.05719182274452197
2,24,0.07666177010650019,-0.09264903905006733,0.057026563838903165
2,25,0.07690659811482434,-0.09280205655526992,0.05773044436283511
2,26,0.07690659811482434,-0.09280205655526992,0.05773044436283511
2,27,0.07654547680254621,-0.09283878075651855,0.05644509731913331
2,28,0.07679030481087037,-0.09252662504590525,0.05651242502142245
2,29,0.07673521850899742,-0.09267964255110785,0.05779165136491614
2,30,0.07673521850899742,-0.09267964255110785,0.05779165136491614
2,31,0.07659444240421104,-0.0927530909536051,0.05773656506304321
2,32,0.0768515118129514,-0.09239809034153507,0.05777328926429184
2,33,0.0768515118129514,-0.09239809034153507,0.05777328926429184
2,34,0.07690659811482434,-0.09294895336026442,0.05657363202350348
2,35,0.07680866691149467,-0.09288162565797528,0.057803892765332356
2,36,0.07680866691149467,-0.09288162565797528,0.057803892765332356
2,37,0.07675358060962174,-0.09268576325131596,0.0567572530297466
2,38,0.07649039050067327,-0.0926061941486106,0.057767168564083725
2,39,0.07649039050067327,-0.0926061941486106,0.057767168564083725
2,40,0.07672909780878932,-0.09274697025339698,0.05673277022891419
2,41,0.07669237360754069,-0.09250214224507283,0.05795691027053494
2,42,0.07669237360754069,-0.0925939527481944,0.057265271147019216
2,43,0.0765087526012976,-0.0925939527481944,0.057265271147019216
2,44,0.07690659811482434,-0.09290610845880769,0.057026563838903165
2,45,0.07691883951524055,-0.09256334924715387,0.05749785775492716
2,46,0.07691883951524055,-0.09256334924715387,0.05749785775492716
2,47,0.07670461500795692,-0.0927592116538132,0.05689802913453299
2,48,0.07690659811482434,-0.09267964255110785,0.05703268453911128
2,49,0.07690659811482434,-0.09267964255110785,0.05703268453911128
2,50,0.07690659811482434,-0.09253274574611335,0.0577182029624189
2,51,0.07670461500795692,-0.09263679764965112,0.05777328926429184
2,52,0.07670461500795692,-0.09263679764965112,0.05777328926429184
2,53,0.0766801322071245,-0.09278981515485371,0.056432855918717106
2,54,0.07670461500795692,-0.09265515975027543,0.05764475455992165
2,55,0.07670461500795692,-0.09265515975027543,0.05764475455992165
2,56,0.07649651120088138,-0.09283878075651855,0.05741216795201372
2,57,0.07676582201003794,-0.09282041865589423,0.058018117272615986
2,58,0.07687599461378382,-0.09217162443383523,0.05747337495409475
2,59,0.07687599461378382,-0.09217162443383523,0.05747337495409475
2,60,0.07666177010650019,-0.09266740115069164,0.057448892153262335
2,61,0.07688823601420003,-0.09267964255110785,0.05521483657730445
2,62,0.07688823601420003,-0.09267964255110785,0.05521483657730445
2,63,0.07697392581711347,-0.09302852246296976,0.056824580732035744
2,64,0.0768392704125352,-0.09267964255110785,0.05757130615742441
2,65,0.0768392704125352,-0.09267964255110785,0.05757130615742441
2,66,0.07658220100379484,-0.09269800465173215,0.056677683927041256
2,67,0.07707797772065125,-0.09284490145672665,0.05760803035867303
2,68,0.07707797772065125,-0.09284490145672665,0.05760803035867303
2,69,0.07655771820296242,-0.09280817725547803,0.05773044436283511
2,70,0.07700452931815399,-0.0927592116538132,0.05772432366262701
2,71,0.07664340800587587,-0.09307748806463459,0.05782837556616477
2,72,0.07664340800587587,-0.09307748806463459,0.05782837556616477
2,73,0.07642918349859223,-0.09261843554902681,0.05785897906720529
2,74,0.07679030481087037,-0.09258171134777818,0.05711225364181662
2,75,0.07679030481087037,-0.09258171134777818,0.05711225364181662
2,76,0.07670461500795692,-0.09269800465173215,0.056567511323295384
2,77,0.07679030481087037,-0.09272860815277267,0.057491737054719064
2,78,0.07679030481087037,-0.09272860815277267,0.057491737054719064
2,79,0.0766801322071245,-0.09289998775859959,0.057705961562002694
2,80,0.07687599461378382,-0.0924592973436161,0.05761415105888114
2,81,0.07687599461378382,-0.0924592973436161,0.05761415105888114
2,82,0.07680254621128657,-0.09241033174195128,0.05683070143224385
2,83,0.07662504590525157,-0.09282653935610233,0.057350960949932674
2,84,0.07662504590525157,-0.09282653935610233,0.057767168564083725
2,85,0.07666177010650019,-0.09280205655526992,0.057767168564083725
2,86,0.07675358060962174,-0.09278369445464561,0.057063288040151795
2,87,0.07693108091565674,-0.09267964255110785,0.05640225241767658
2,88,0.07693108091565674,-0.09267964255110785,0.05640225241767658
2,89,0.07674745990941365,-0.09278981515485371,0.05601664830456604
2,90,0.07675970130982984,-0.0927775737544375,0.056139062308728116
2,91,0.07675970130982984,-0.0927775737544375,0.056139062308728116
2,92,0.07644754559921654,-0.09273472885298079,0.05773044436283511
2,93,0.07674133920920553,-0.09296731546088872,0.05699596033786265
2,94,0.07674133920920553,-0.09296731546088872,0.05699596033786265
2,95,0.0768576325131595,-0.09258783204798629,0.05732647814910026
2,96,0.07671073570816501,-0.09255722854694577,0.057963030970743054
2,97,0.07671073570816501,-0.09255722854694577,0.057963030970743054
2,98,0.07665564940629208,-0.09250826294528094,0.057669237360754064
2,99,0.07694944301628107,-0.09270412535194025,0.05754682335659199
3,0,-0.0739441792141021,-0.0421165381319623,0.011690537397478272
3,1,-0.07414616232096952,-0.042049210429673155,0.011880279103929489
3,2,-0.07414616232096952,-0.042049210429673155,0.011880279103929489
3,3,-0.07368710980536172,-0.04232464193903783,0.011610968294772922
3,4,-0.07376055820785898,-0.04225731423674868,0.011568123393316195
3,5,-0.07376055820785898,-0.04225731423674868,0.011568123393316195
3,6,-0.0739625413147264,-0.04233076263924593,0.011696658097686375
3,7,-0.07376667890806708,-0.042379728240910755,0.011506916391235158
3,8,-0.07376667890806708,-0.042379728240910755,0.011506916391235158
3,9,-0.07387073081160485,-0.04203696902925695,0.011776227200391724
3,10,-0.07393805851389398,-0.04220834863508385,0.011696658097686375
3,11,-0.0741339209205533,-0.04218386583425144,0.011439588688946015
3,12,-0.0741339209205533,-0.04218386583425144,0.011439588688946015
3,13,-0.07383400661035623,-0.042189986534459545,0.011861917003305179
3,14,-0.07405435181784796,-0.04204308972946505,0.01162320969518913
3,15,-0.07405435181784796,-0.04204308972946505,0.01162320969518913
3,16,-0.07398702411555882,-0.04189619292447056,0.01162320969518913
3,17,-0.07384012731056433,-0.04221446933529196,0.011733382298934999
3,18,-0.07384012731056433,-0.04221446933529196,0.011733382298934999
3,19,-0.0737911617088995,-0.041890072224262456,0.01162320969518913
3,20,-0.07371771330640225,-0.041975762027175914,0.011604847594564819
3,21,-0.07371771330640225,-0.041975762027175914,0.011604847594564819
3,22,-0.0741094381197209,-0.042018606928632636,0.011500795691027053
3,23,-0.07366874770473743,-0.04236136614028645,0.01170277879789448
3,24,-0.0736320235034888,-0.041975762027175914,0.0114151058881136
3,25,-0.0736320235034888,-0.041975762027175914,0.0114151058881136
3,26,-0.07398702411555882,-0.04204308972946505,0.011708899498102584
3,27,-0.07377892030848329,-0.04207981393071367,0.011580364793732404
3,28,-0.07377892030848329,-0.04207981393071367,0.011580364793732404
3,29,-0.07385236871098053,-0.04203696902925695,0.011641571795813441
3,30,-0.07384624801077243,-0.04233688333945403,0.011678295997062065
3,31,-0.07384624801077243,-0.04233688333945403,0.011678295997062065
3,32,-0.07390745501285348,-0.04226343493695679,0.01162320969518913
3,33,-0.07377892030848329,-0.0421226588321704,0.01172114089851879
3,34,-0.07377892030848329,-0.0421226588321704,0.01172114089851879
3,35,-0.0737850410086914,-0.0421287795323785,0.011598726894356714
3,36,-0.07391969641326968,-0.04220834863508385,0.011782347900599828
3,37,-0.07370547190598604,-0.042165503733627124,0.01172114089851879
3,38,-0.07370547190598604,-0.042165503733627124,0.01172114089851879
3,39,-0.0739686620149345,-0.04225731423674868,0.011806830701432245
3,40,-0.0739625413147264,-0.04207369323050557,0.011733382298934999
3,41,-0.0739625413147264,-0.04207369323050557,0.011733382298934999
3,42,-0.07371159260619416,-0.04218386583425144,0.011531399192067571
3,43,-0.07374831680744277,-0.04223895213612437,0.011837434202472763
3,44,-0.07374831680744277,-0.04223895213612437,0.011837434202472763
3,45,-0.07380952380952381,-0.04233688333945403,0.011727261598726894
3,46,-0.07377279960827518,-0.042189986534459545,0.011727261598726894
3,47,-0.07377279960827518,-0.042189986534459545,0.011727261598726894
3,48,-0.07399314481576692,-0.04225731423674868,0.011788468600807931
3,49,-0.07387685151181295,-0.04222671073570817,0.011861917003305179
3,50,-0.07390133431264537,-0.042202227934875755,0.011751744399559309
3,51,-0.07390133431264537,-0.042202227934875755,0.011751744399559309
3,52,-0.07398090341535071,-0.04217162443383523,0.011727261598726894
3,53,-0.07404211041743175,-0.041963520626759704,0.011580364793732404
3,54,-0.07404211041743175,-0.041963520626759704,0.011580364793732404
3,55,-0.07381564450973191,-0.041804382421349,0.011641571795813441
3,56,-0.07401150691639123,-0.04223283143591627,0.011751744399559309
3,57,-0.07401150691639123,-0.04223283143591627,0.011751744399559309
3,58,-0.0738034031093157,-0.042134900232586606,0.011843554902680867
3,59,-0.07390133431264537,-0.042306279838413514,0.011488554290610846
3,60,-0.07390133431264537,-0.042306279838413514,0.011580364793732404
3,61,-0.07395029991431021,-0.041951279226343494,0.011580364793732404
3,62,-0.0739686620149345,-0.04218386583425144,0.011500795691027053
3,63,-0.07393193781368589,-0.0422817970375811,0.01162320969518913
3,64,-0.07393193781368589,-0.0422817970375811,0.01162320969518913
3,65,-0.07375443750765087,-0.04203084832904884,0.011617088994981026
3,66,-0.07385848941118864,-0.04224507283633248,0.011733382298934999
3,67,-0.07385848941118864,-0.04224507283633248,0.011733382298934999
3,68,-0.07372995470681845,-0.04222671073570817,0.011610968294772922
3,69,-0.07382176520994002,-0.04198800342759212,0.011659933896437751
3,70,-0.07382176520994002,-0.04198800342759212,0.011659933896437751
3,71,-0.07402374831680744,-0.04203084832904884,0.011610968294772922
3,72,-0.07360142000244828,-0.042177745134043335,0.011757865099767412
3,73,-0.07360142000244828,-0.042177745134043335,0.011757865099767412
3,74,-0.07377892030848329,-0.042287917737789206,0.011666054596645856
3,75,-0.07388297221202106,-0.04182886522218142,0.01184967560288897
3,76,-0.07398090341535071,-0.04223283143591627,0.011482433590402743
3,77,-0.07398090341535071,-0.04223283143591627,0.011482433590402743
3,78,-0.07377892030848329,-0.042049210429673155,0.011604847594564819
3,79,-0.07368098910515362,-0.042018606928632636,0.011708899498102584
3,80,-0.07368098910515362,-0.042018606928632636,0.011708899498102584
3,81,-0.0737972824091076,-0.04211041743175419,0.011549761292691883
3,82,-0.0739686620149345,-0.04219610723466764,0.01184967560288897
3,83,-0.0739686620149345,-0.04219610723466764,0.01184967560288897
3,84,-0.07400538621618313,-0.04220834863508385,0.01154364059248378
3,85,-0.07384624801077243,-0.042061451830089365,0.011690537397478272
3,86,-0.07384624801077243,-0.042061451830089365,0.011690537397478272
3,87,-0.07382788591014812,-0.041890072224262456,0.011868037703513282
3,88,-0.07380952380952381,-0.04214102093279471,0.01162320969518913
3,89,-0.07385236871098053,-0.04236136614028645,0.011562002693108092
3,90,-0.07385236871098053,-0.04236136614028645,0.011562002693108092
3,91,-0.07402374831680744,-0.042147141633002816,0.01143346798873791
3,92,-0.0739686620149345,-0.04207981393071367,0.011727261598726894
3,93,-0.0739686620149345,-0.04207981393071367,0.011727261598726894
3,94,-0.07404211041743175,-0.042061451830089365,0.011659933896437751
3,95,-0.07387685151181295,-0.042006365528216426,0.011598726894356714
3,96,-0.07387685151181295,-0.042006365528216426,0.011598726894356714
3,97,-0.07422573142367486,-0.042018606928632636,0.0115742440935243
3,98,-0.07412780022034521,-0.04203696902925695,0.01146407148977843
3,99,-0.07412780022034521,-0.04203696902925695,0.01146407148977843
