values,,Magnetometer,Magnetometer,Magnetometer
axis,,x,y,z
Sensor,Sample,,,
0,0,0.07279348757497858,0.1072407883461868,0.04381197208960705
0,1,0.07289753947851633,0.10755294405680009,0.043658954584404455
0,2,0.07290978087893255,0.10732035744889215,0.043916023993144815
0,3,0.07290978087893255,0.10732035744889215,0.043916023993144815
0,4,0.072995470681846,0.10722242624556248,0.04399559309585017
0,5,0.07295262578038927,0.1072407883461868,0.04398947239564206
0,6,0.07295262578038927,0.1072407883461868,0.04398947239564206
0,7,0.07275064267352185,0.10761415105888114,0.04394050679397723
0,8,0.07286081527726772,0.10736932305055698,0.043616109682947726
0,9,0.07286081527726772,0.10736932305055698,0.043616109682947726
0,10,0.07296486718080548,0.10748561635451095,0.04386705839147999
0,11,0.07289141877830824,0.1072163055453544,0.04402619659689068
0,12,0.07289141877830824,0.1072163055453544,0.04402619659689068
0,13,0.07307503978455135,0.10732035744889215,0.043701799485861184
0,14,0.07284857387685151,0.10750397845513526,0.04397723099522585
0,15,0.07284857387685151,0.10750397845513526,0.04397723099522585
0,16,0.07294038437997306,0.10733871954951646,0.04423430040396621
0,17,0.07295874648059739,0.10747949565430286,0.04345085077732892
0,18,0.07295874648059739,0.10747949565430286,0.04345085077732892
0,19,0.07294038437997306,0.10733871954951646,0.04397723099522585
0,20,0.07282409107601909,0.10728975394785163,0.04448524911249847
0,21,0.07282409107601909,0.10735708165014077,0.0440506793977231
0,22,0.07285469457705962,0.10735708165014077,0.0440506793977231
0,23,0.072995470681846,0.10752846125596768,0.043444730077120824
0,24,0.07281797037581099,0.10759578895825683,0.044056800097931205
0,25,0.07281797037581099,0.10759578895825683,0.044056800097931205
0,26,0.0728302117762272,0.10728363324764353,0.04430774880646346
0,27,0.07275064267352185,0.10752846125596768,0.043830334190231364
0,28,0.07275064267352185,0.10752846125596768,0.043830334190231364
0,29,0.0729771085812217,0.10753458195617578,0.04390990329293672
0,30,0.07296486718080548,0.10747949565430286,0.043775247888358425
0,31,0.07296486718080548,0.10747949565430286,0.043775247888358425
0,32,0.07284245317664341,0.10733259884930837,0.04395274819439344
0,33,0.0731423674868405,0.10731423674868405,0.043897661892520506
0,34,0.0731423674868405,0.10731423674868405,0.043897661892520506
0,35,0.07257926306769494,0.10737544375076509,0.04386705839147999
0,36,0.07276288407393806,0.10769984086179459,0.04407516219855551
0,37,0.07276288407393806,0.10769984086179459,0.04407516219855551
0,38,0.07302607418288652,0.10728975394785163,0.04384869629085568
0,39,0.07305667768392704,0.10757130615742441,0.04400783449626637
0,40,0.07305667768392704,0.10757130615742441,0.0424409352429918
0,41,0.07296486718080548,0.10736932305055698,0.04371404088627739
0,42,0.07290366017872445,0.10743665075284611,0.043548781980658584
0,43,0.07290366017872445,0.10730811604847594,0.044173093401885175
0,44,0.07290366017872445,0.10730811604847594,0.044173093401885175
0,45,0.07294038437997306,0.1075651854572163,0.043683437385236876
0,46,0.07307503978455135,0.10737544375076509,0.04385481699106378
0,47,0.07307503978455135,0.10737544375076509,0.04385481699106378
0,48,0.07279348757497858,0.10740604725180561,0.04364671318398825
0,49,0.07302607418288652,0.10719794344473008,0.04396498959480964
0,50,0.07302607418288652,0.10719794344473008,0.04396498959480964
0,51,0.0726649528706084,0.10758966825804872,0.04433835230750398
0,52,0.07294038437997306,0.10716121924348146,0.04396498959480964
0,53,0.07290366017872445,0.10735096094993268,0.04416697270167707
0,54,0.07304443628351084,0.107546823356592,0.043775247888358425
0,55,0.07270779777206512,0.10761415105888114,0.043671195984820665
0,56,0.07309340188517567,0.10743665075284611,0.04403843799730689
0,57,0.07286081527726772,0.1074182886522218,0.0437262822866936
0,58,0.07300771208226221,0.10736320235034888,0.04387317909168809
0,59,0.07301995348267842,0.10744889215326234,0.04402619659689068
0,60,0.07301995348267842,0.10744889215326234,0.04402619659689068
0,61,0.07295874648059739,0.10748561635451095,0.04399559309585017
0,62,0.07327702289141877,0.10731423674868405,0.04429550740604725
0,63,0.07301995348267842,0.10751621985555146,0.04400783449626637
0,64,0.07300159138205412,0.10747337495409474,0.04417921410209328
0,65,0.0729771085812217,0.10755294405680009,0.04310809156567511
0,66,0.07276900477414616,0.10746725425388663,0.04378136858856653
0,67,0.07275064267352185,0.10763251315950544,0.043971110295017754
0,68,0.0729771085812217,0.10726527114701923,0.04384257559064757
0,69,0.07279960827518668,0.10737544375076509,0.043316195372750645
0,70,0.07293426367976497,0.1075590647570082,0.043775247888358425
0,71,0.07286693597747582,0.10738768515118129,0.0440506793977231
0,72,0.07278736687477047,0.10747337495409474,0.04381197208960705
0,73,0.07289753947851633,0.10744277145305423,0.044099644999387934
0,74,0.07301995348267842,0.1073815644509732,0.04396498959480964
0,75,0.07301995348267842,0.1073815644509732,0.04447300771208226
0,76,0.07289753947851633,0.10747949565430286,0.04447300771208226
0,77,0.07298934998163789,0.1072407883461868,0.04411800710001224
0,78,0.07283633247643531,0.10705716733994368,0.044173093401885175
0,79,0.07302607418288652,0.10706328804015179,0.04355490268086669
0,80,0.07303831558330273,0.10746725425388663,0.04395274819439344
0,81,0.07319133308850533,0.10735096094993268,0.04384257559064757
0,82,0.07292814297955687,0.10730199534826783,0.04439343860937691
0,83,0.07295874648059739,0.10742440935242992,0.04417921410209328
0,84,0.07284857387685151,0.10730811604847594,0.04334067817358306
0,85,0.07284857387685151,0.10730811604847594,0.04334067817358306
0,86,0.07276900477414616,0.1073938058513894,0.04402619659689068
0,87,0.07293426367976497,0.10745501285347044,0.04426490390500673
0,88,0.07286693597747582,0.10738768515118129,0.04358550618190721
0,89,0.07278124617456237,0.1072407883461868,0.04384869629085568
0,90,0.07295874648059739,0.10729587464805974,0.0437324029869017
0,91,0.07282409107601909,0.1073815644509732,0.043946627494185334
0,92,0.07310564328559187,0.10768759946137837,0.04396498959480964
0,93,0.0726771942710246,0.10743665075284611,0.04384869629085568
0,94,0.07294038437997306,0.10745501285347044,0.04384257559064757
0,95,0.07286693597747582,0.10753458195617578,0.0440629207981393
0,96,0.07311788468600808,0.10747949565430286,0.04350593707920186
0,97,0.07305667768392704,0.10758354755784061,0.04397723099522585
0,98,0.07292814297955687,0.10743665075284611,0.04414861060105276
0,99,0.07292814297955687,0.10733871954951646,0.04380585138939895
1,0,-0.07709633982127555,0.07450728363324764,0.02180193414126576
1,1,-0.07728608152772677,0.07467866323907454,0.021281674623576937
1,2,-0.07714530542294037,0.07462357693720162,0.021967193046884565
1,3,-0.07714530542294037,0.07462357693720162,0.021967193046884565
1,4,-0.07721875382543762,0.0747398702411556,0.02149589913086057
1,5,-0.07721263312522952,0.07470926674011506,0.021489778430652466
1,6,-0.07721263312522952,0.07470926674011506,0.021489778430652466
1,7,-0.07743909903292936,0.0744277145305423,0.020669604602766557
1,8,-0.07694944301628107,0.0747459909413637,0.021202105520871588
1,9,-0.07694944301628107,0.0747459909413637,0.021202105520871588
1,10,-0.07689435671440813,0.07461133553678541,0.02109193291712572
1,11,-0.07703513281919452,0.07458685273595299,0.021244950422328317
1,12,-0.07703513281919452,0.07458685273595299,0.021244950422328317
1,13,-0.07697392581711347,0.07436650752846126,0.020877708409842086
1,14,-0.07696780511690537,0.07453176643408006,0.020718570204431387
1,15,-0.07721263312522952,0.07469702533969887,0.021287795323785042
1,16,-0.07721263312522952,0.07469702533969887,0.021287795323785042
1,17,-0.07688211531399192,0.07446443873179091,0.02092055331129881
1,18,-0.07713918472273228,0.07460521483657731,0.02096951891296364
1,19,-0.07713918472273228,0.07460521483657731,0.02096951891296364
1,20,-0.07735340923001591,0.07449504223283143,0.02136736442649039
1,21,-0.07711470192189987,0.0746174562369935,0.020700208103807075
1,22,-0.07711470192189987,0.0746174562369935,0.020700208103807075
1,23,-0.07711470192189987,0.07458685273595299,0.021293916023993144
1,24,-0.07682702901211899,0.07478271514261231,0.02091443261109071
1,25,-0.07682702901211899,0.07478271514261231,0.02091443261109071
1,26,-0.0771697882237728,0.0744460766311666,0.021226588321704005
1,27,-0.07712082262210797,0.07448892153262333,0.02117150201983107
1,28,-0.0771575468233566,0.07464805973803404,0.02112253641816624
1,29,-0.0771575468233566,0.07464805973803404,0.02112253641816624
1,30,-0.07697392581711347,0.07439099032929367,0.021850899742930592
1,31,-0.07710858122169176,0.07453788713428816,0.0218692618435549
1,32,-0.07710858122169176,0.07453788713428816,0.0218692618435549
1,33,-0.07710858122169176,0.07438486962908557,0.021887623944179212
1,34,-0.07702901211898641,0.07453176643408006,0.021544864732525402
1,35,-0.07702901211898641,0.07453176643408006,0.021544864732525402
1,36,-0.077182029624189,0.07477047374219611,0.021691761537519894
1,37,-0.07727384012731056,0.07499081894968784,0.021483657730444364
1,38,-0.07727384012731056,0.07499081894968784,0.021483657730444364
1,39,-0.07696168441669728,0.07453176643408006,0.021563226833149714
1,40,-0.07706573632023503,0.07461133553678541,0.021648916636063165
1,41,-0.07702901211898641,0.07469090463949077,0.021244950422328317
1,42,-0.07702901211898641,0.07469090463949077,0.021244950422328317
1,43,-0.07708409842085935,0.07469702533969887,0.021275553923368835
1,44,-0.07705349491981883,0.07440935242991799,0.02195495164646836
1,45,-0.07705349491981883,0.07440935242991799,0.02195495164646836
1,46,-0.07709633982127555,0.07456236993512058,0.021287795323785042
1,47,-0.07722487452564573,0.0744460766311666,0.02149589913086057
1,48,-0.07722487452564573,0.0744460766311666,0.02149589913086057
1,49,-0.07708409842085935,0.07457461133553679,0.021808054841473863
1,50,-0.07721263312522952,0.07456849063532868,0.0218631411433468
1,51,-0.07721263312522952,0.07456849063532868,0.0218631411433468
1,52,-0.07721263312522952,0.07470926674011506,0.02162443383523075
1,53,-0.07720039172481333,0.07470314603990696,0.021391847227322805
1,54,-0.07696780511690537,0.07475823234177989,0.02192434814542784
1,55,-0.07694332231607295,0.07477047374219611,0.021636675235646958
1,56,-0.07706573632023503,0.07448280083241524,0.021471416330028158
1,57,-0.07711470192189987,0.07447668013220712,0.021850899742930592
1,58,-0.07702901211898641,0.0746174562369935,0.021257191822744523
1,59,-0.0770106500183621,0.07455012853470437,0.02168564083731179
1,60,-0.0771636675235647,0.0744277145305423,0.02173460643897662
1,61,-0.07713918472273228,0.07470314603990696,0.021679520137103683
1,62,-0.07719427102460522,0.07464193903782593,0.021593830334190232
1,63,-0.07708409842085935,0.07450116293303954,0.021581588933774022
1,64,-0.07702901211898641,0.07438486962908557,0.02117762272003917
1,65,-0.07720651242502143,0.07462357693720162,0.021483657730444364
1,66,-0.0770106500183621,0.07449504223283143,0.020669604602766557
1,67,-0.07713918472273228,0.07473374954094748,0.021263312522952625
1,68,-0.07709633982127555,0.0746174562369935,0.021342881625657974
1,69,-0.07693720161586486,0.07489288774635819,0.020908311910882604
1,70,-0.07710858122169176,0.0745990941363692,0.02087158770963398
1,71,-0.07712082262210797,0.07454400783449626,0.02088382911005019
1,72,-0.07713918472273228,0.07448892153262333,0.02112253641816624
1,73,-0.07713918472273228,0.07448892153262333,0.020859346309217774
1,74,-0.0771881503243971,0.0744277145305423,0.020859346309217774
1,75,-0.07707797772065125,0.07451340433345574,0.02083486350838536
1,76,-0.07723711592606194,0.07472762884073939,0.020620639001101726
1,77,-0.07725547802668625,0.07432366262700453,0.021036846615252784
1,78,-0.07702901211898641,0.07472762884073939,0.020779777206512424
1,79,-0.07712082262210797,0.07468478393928266,0.021116415717958133
1,80,-0.07709633982127555,0.07493573264781492,0.020957277512547435
1,81,-0.07722487452564573,0.074764353041988,0.02115926061941486
1,82,-0.07710246052148366,0.07446443873179091,0.02104296731546089
1,83,-0.07691271881503245,0.07462969763740972,0.021104174317541927
1,84,-0.07735340923001591,0.07450728363324764,0.020571673399436895
1,85,-0.07735340923001591,0.07450728363324764,0.02149589913086057
1,86,-0.07725547802668625,0.07477047374219611,0.02149589913086057
1,87,-0.0771697882237728,0.07453788713428816,0.021808054841473863
1,88,-0.07686987391357572,0.07439099032929367,0.021459174929611947
1,89,-0.07734728852980781,0.07468478393928266,0.021838658342514382
1,90,-0.07690659811482434,0.07441547313012609,0.02175296853960093
1,91,-0.07722487452564573,0.07477047374219611,0.021648916636063165
1,92,-0.07703513281919452,0.07470314603990696,0.021440812828987636
1,93,-0.07714530542294037,0.07457461133553679,0.021110295017750032
1,94,-0.07729832292814298,0.07469702533969887,0.02087158770963398
1,95,-0.07707185702044314,0.07439099032929367,0.0217040029379361
1,96,-0.07719427102460522,0.07456236993512058,0.021887623944179212
1,97,-0.07705349491981883,0.07467254253886645,0.02149589913086057
1,98,-0.07717590892398091,0.07467866323907454,0.021777451340433344
1,99,-0.07738401273105643,0.07488064634594196,0.021765209940017138
2,0,0.0832843677316685,-0.10442526625045905,0.05374586852735953
2,1,0.0832843677316685,-0.10442526625045905,0.05374586852735953
2,2,0.08322928142979556,-0.10443138695066716,0.054517076753580605
2,3,0.08321704002937937,-0.10452931815399683,0.054798628963153385
2,4,0.08321704002937937,-0.10452931815399683,0.054798628963153385
2,5,0.08339454033541437,-0.10425388664463216,0.05442526625045905
2,6,0.08319867792875504,-0.10444362835108337,0.054455869751499575
2,7,0.08319867792875504,-0.10444362835108337,0.054455869751499575
2,8,0.08330272983229281,-0.10458440445586976,0.054474231852123876
2,9,0.08325376423062798,-0.10443138695066716,0.05454155955441302
2,10,0.08325376423062798,-0.10443138695066716,0.05454155955441302
2,11,0.08317419512792264,-0.10455380095482922,0.05462724935732648
2,12,0.08314359162688212,-0.10432733504712939,0.05462724935732648
2,13,0.08309462602521729,-0.10444974905129148,0.05410698983963765
2,14,0.08309462602521729,-0.10444974905129148,0.05410698983963765
2,15,0.08340066103562246,-0.10480474966336148,0.05400293793609989
2,16,0.08311298812584159,-0.10432733504712939,0.053415350716121926
2,17,0.08311298812584159,-0.10432733504712939,0.053415350716121926
2,18,0.08320479862896316,-0.10439466274941853,0.05474966336148855
2,19,0.08340678173583058,-0.1046762149589913,0.05347655771820296
2,20,0.08340678173583058,-0.1046762149589913,0.05347655771820296
2,21,0.08310074672542539,-0.10432121434692129,0.054804749663361484
2,22,0.08349859223895215,-0.104657852858367,0.05439466274941853
2,23,0.08349859223895215,-0.104657852858367,0.05439466274941853
2,24,0.08322928142979556,-0.10459664585628596,0.054755784061696657
2,25,0.083431264536663,-0.10442526625045905,0.05474966336148855
2,26,0.08321091932917127,-0.10460888725670217,0.05425388664463214
2,27,0.08321091932917127,-0.10460888725670217,0.05425388664463214
2,28,0.08340678173583058,-0.10432121434692129,0.053562247521116414
2,29,0.08329660913208471,-0.10447423185212387,0.05378259272860815
2,30,0.08329660913208471,-0.10447423185212387,0.05378259272860815
2,31,0.08327212633125229,-0.10460888725670217,0.054162076141510584
2,32,0.08331497123270902,-0.10463337005753459,0.054486473252540094
2,33,0.08331497123270902,-0.10463337005753459,0.054486473252540094
2,34,0.0832598849308361,-0.1043334557473375,0.052962418900722244
2,35,0.08324152283021177,-0.10463949075774268,0.053176643408005875
2,36,0.08324152283021177,-0.10463949075774268,0.053176643408005875
2,37,0.08334557473374954,-0.1044987146529563,0.052472762884073945
2,38,0.08309462602521729,-0.1046762149589913,0.054455869751499575
2,39,0.08309462602521729,-0.1046762149589913,0.054455869751499575
2,40,0.08340678173583058,-0.10462724935732648,0.054688456359407514
2,41,0.08337617823479006,-0.10443750765087526,0.05423552454400783
2,42,0.08315583302729831,-0.10463949075774268,0.054131472640470066
2,43,0.08315583302729831,-0.10463949075774268,0.054131472640470066
2,44,0.08333945403354144,-0.10444974905129148,0.054474231852123876
2,45,0.08333945403354144,-0.1043456971477537,0.054131472640470066
2,46,0.08333945403354144,-0.1043456971477537,0.054131472640470066
2,47,0.08330272983229281,-0.10460888725670217,0.05329905741216795
2,48,0.08314971232709022,-0.10456604235524544,0.05452319745378872
2,49,0.08314971232709022,-0.10456604235524544,0.05452319745378872
2,50,0.08324764353041988,-0.10451707675358062,0.05457216305545355
2,51,0.08340066103562246,-0.10493328436773167,0.05348879911861917
2,52,0.08327212633125229,-0.10430897294650507,0.05452931815399682
2,53,0.08349859223895215,-0.10436405924837802,0.05296853960093034
2,54,0.08349247153874403,-0.10444362835108337,0.053947851634226954
2,55,0.08333333333333334,-0.10452931815399683,0.05444974905129146
2,56,0.08318643652833885,-0.10452931815399683,0.054688456359407514
2,57,0.08324152283021177,-0.1045109560533725,0.0543518178479618
2,58,0.08332109193291712,-0.10450483535316439,0.05446199045170767
2,59,0.08332109193291712,-0.10441302485004285,0.05428449014567267
2,60,0.08316807442771454,-0.10441302485004285,0.05428449014567267
2,61,0.08302117762272004,-0.1041681968417187,0.054027420736932306
2,62,0.0832843677316685,-0.10460888725670217,0.05463337005753458
2,63,0.08325376423062798,-0.1045109560533725,0.05422328314359163
2,64,0.08314971232709022,-0.10452319745378871,0.05476190476190477
2,65,0.08330885053250092,-0.10430285224629698,0.054413024850042846
2,66,0.08333945403354144,-0.10459052515607785,0.05453543885420492
2,67,0.0834435059370792,-0.1043334557473375,0.05471905986044804
2,68,0.08321704002937937,-0.10442526625045905,0.053317419512792265
2,69,0.08316807442771454,-0.10426000734484024,0.05335414371404089
2,70,0.08346186803770352,-0.10423552454400783,0.05429061084588077
2,71,0.08327212633125229,-0.10446199045170768,0.054657852858366995
2,72,0.0832660056310442,-0.10424776594442405,0.0543395764475456
2,73,0.08316195372750643,-0.10433957644754559,0.05343983351695434
2,74,0.08341902313624679,-0.10463337005753459,0.05452319745378872
2,75,0.08320479862896316,-0.10443750765087526,0.054694577059615626
2,76,0.08329660913208471,-0.1043334557473375,0.053733627126943316
2,77,0.08329660913208471,-0.1043334557473375,0.05410698983963765
2,78,0.08335169543395764,-0.10452931815399683,0.05410698983963765
2,79,0.0832660056310442,-0.10421716244338353,0.05379483412902436
2,80,0.08333945403354144,-0.10452319745378871,0.054553800954829236
2,81,0.08317419512792264,-0.10432121434692129,0.053176643408005875
2,82,0.0827947117150202,-0.10446199045170768,0.053568368221324526
2,83,0.08337005753458196,-0.10463949075774268,0.05361733382298935
2,84,0.08330885053250092,-0.10448647325254008,0.054376300648794215
2,85,0.08316195372750643,-0.10448647325254008,0.05459052515607785
2,86,0.0832843677316685,-0.10438242134900233,0.054486473252540094
2,87,0.08321704002937937,-0.10448647325254008,0.05360509242257314
2,88,0.08321704002937937,-0.10456604235524544,0.0527359529930224
2,89,0.08330885053250092,-0.10456604235524544,0.0527359529930224
2,90,0.08298445342147141,-0.10438242134900233,0.05459052515607785
2,91,0.08340066103562246,-0.10429673154608887,0.05384379973068919
2,92,0.08357816134165749,-0.10461500795691028,0.054798628963153385
2,93,0.08323540213000367,-0.10438242134900233,0.05377035132819195
2,94,0.08322928142979556,-0.10438854204921041,0.05452319745378872
2,95,0.08320479862896316,-0.10415595544130249,0.05414983474109438
2,96,0.08318031582813074,-0.10475578406169665,0.05444974905129146
2,97,0.08307014322438487,-0.10468233565919942,0.054688456359407514
2,98,0.08335781613416575,-0.10446811115191579,0.054670094258783206
2,99,0.08332109193291712,-0.10468845635940752,0.054663973558575094
3,0,-0.07775125474354266,-0.04675602888970498,0.007871220467621495
3,1,-0.07761047863875628,-0.047062063900110175,0.007852858366997183
3,2,-0.07761047863875628,-0.047062063900110175,0.007852858366997183
3,3,-0.07774513404333457,-0.04658464928387808,0.0077182029624189
3,4,-0.0776655649406292,-0.046688701187415846,0.007810013465540458
3,5,-0.07772677194271024,-0.046651976986167215,0.007754927163667523
3,6,-0.07772677194271024,-0.046651976986167215,0.007754927163667523
3,7,-0.07784918594687232,-0.04698861549761293,0.007999755171991677
3,8,-0.07791039294895336,-0.04671318398824826,0.007907944668870119
3,9,-0.07791039294895336,-0.04671318398824826,0.007907944668870119
3,10,-0.07797159995103439,-0.04684171869261843,0.007816134165748561
3,11,-0.07760435793854817,-0.04664585628595912,0.00813441057656996
3,12,-0.07760435793854817,-0.04664585628595912,0.00813441057656996
3,13,-0.07777573754437508,-0.0467866323907455,0.007920186069286326
3,14,-0.07773901334312645,-0.04656016648304566,0.008128289876361857
3,15,-0.07773901334312645,-0.04656016648304566,0.008128289876361857
3,16,-0.07778185824458318,-0.04680499449136981,0.00800587587219978
3,17,-0.07757375443750765,-0.04674990818949688,0.007699840861794589
3,18,-0.07758599583792386,-0.046964132696780514,0.007693720161586486
3,19,-0.07758599583792386,-0.046964132696780514,0.007693720161586486
3,20,-0.07800220345207491,-0.04687232219365896,0.007883461868037704
3,21,-0.07765944424042111,-0.04674990818949688,0.007920186069286326
3,22,-0.07765944424042111,-0.04674990818949688,0.007920186069286326
3,23,-0.07779409964499939,-0.04660913208471049,0.0076692373607540705
3,24,-0.07786754804749664,-0.04688456359407516,0.007889582568245807
3,25,-0.07786754804749664,-0.04688456359407516,0.007889582568245807
3,26,-0.07801444485249112,-0.04665809768637532,0.007883461868037704
3,27,-0.07770228914187784,-0.04657240788346187,0.007791651364916147
3,28,-0.07770228914187784,-0.04657240788346187,0.007791651364916147
3,29,-0.07777573754437508,-0.04671930468845636,0.007816134165748561
3,30,-0.07788591014812093,-0.04672542538866446,0.007981393071367363
3,31,-0.07768392704125351,-0.046651976986167215,0.00810380707552944
3,32,-0.07768392704125351,-0.046651976986167215,0.00810380707552944
3,33,-0.07776349614395886,-0.04684783939282654,0.007761047863875628
3,34,-0.07792263434936957,-0.046554045782837554,0.00782837556616477
3,35,-0.07792263434936957,-0.046554045782837554,0.00782837556616477
3,36,-0.07783082384624801,-0.0467743909903293,0.0078038927653323546
3,37,-0.07789815154853716,-0.04660301138450239,0.007938548169910638
3,38,-0.07789815154853716,-0.04660301138450239,0.007938548169910638
3,39,-0.07783694454645611,-0.046762149589913087,0.007840616966580977
3,40,-0.07776349614395886,-0.04714163300281552,0.007822254865956665
3,41,-0.07776349614395886,-0.04714163300281552,0.007822254865956665
3,42,-0.07757987513771576,-0.046547925082629456,0.007699840861794589
3,43,-0.07753703023625903,-0.04690292569469947,0.007901823968662016
3,44,-0.07810625535561269,-0.04659689068429428,0.007675358060962175
3,45,-0.07810625535561269,-0.04659689068429428,0.007675358060962175
3,46,-0.07783082384624801,-0.046682580487207734,0.00784673766678908
3,47,-0.07758599583792386,-0.046535683682213246,0.007816134165748561
3,48,-0.07758599583792386,-0.046535683682213246,0.007816134165748561
3,49,-0.07770840984208593,-0.04674990818949688,0.007614151058881136
3,50,-0.07781858244583181,-0.046621373485126696,0.007895703268453912
3,51,-0.07781858244583181,-0.04673766678908067,0.0077426857632513155
3,52,-0.07785530664708043,-0.04661525278491859,0.007638633859713551
3,53,-0.07775125474354266,-0.04661525278491859,0.007840616966580977
3,54,-0.07794099644999389,-0.046664218386583425,0.007840616966580977
3,55,-0.07802668625290733,-0.0467866323907455,0.007810013465540458
3,56,-0.07778797894479128,-0.04675602888970498,0.007583547557840617
3,57,-0.07794711715020199,-0.04673766678908067,0.007889582568245807
3,58,-0.07791039294895336,-0.04652344228179704,0.007969151670951156
3,59,-0.07769004774146163,-0.04674990818949688,0.007675358060962175
3,60,-0.07789203084832905,-0.047006977598237236,0.007681478761170278
3,61,-0.07791651364916147,-0.046780511690537395,0.007865099767413392
3,62,-0.0776655649406292,-0.04648671808054842,0.007614151058881136
3,63,-0.07794099644999389,-0.046780511690537395,0.007865099767413392
3,64,-0.07798384135145062,-0.04675602888970498,0.007840616966580977
3,65,-0.07797159995103439,-0.046621373485126696,0.007981393071367363
3,66,-0.07776961684416697,-0.04651120088138083,0.008048720773656506
3,67,-0.07775737544375076,-0.04648059738034031,0.007858979067205289
3,68,-0.07778797894479128,-0.04675602888970498,0.007920186069286326
3,69,-0.07795323785041008,-0.04649283878075652,0.007987513771575468
3,70,-0.07775125474354266,-0.04651732158158893,0.0078038927653323546
3,71,-0.07798384135145062,-0.046462235279716005,0.008079324274697024
3,72,-0.07740237483168075,-0.0467743909903293,0.00779777206512425
3,73,-0.07740237483168075,-0.0467743909903293,0.008030358673032196
3,74,-0.07794711715020199,-0.0467743909903293,0.008030358673032196
3,75,-0.0776716856408373,-0.04671930468845636,0.007767168564083732
3,76,-0.07775737544375076,-0.046419390378259276,0.007595788958256825
3,77,-0.0776716856408373,-0.0464683559799241,0.0077426857632513155
3,78,-0.07781858244583181,-0.046664218386583425,0.007754927163667523
3,79,-0.07780634104541559,-0.046762149589913087,0.007730444362835108
3,80,-0.07784918594687232,-0.04676827029012119,0.0077182029624189
3,81,-0.07778185824458318,-0.04680499449136981,0.007987513771575468
3,82,-0.07783082384624801,-0.04657852858366997,0.007987513771575468
3,83,-0.0776472028400049,-0.04647447668013221,0.007773289264291836
3,84,-0.07785530664708043,-0.04667645978699963,0.007656995960337863
3,85,-0.07785530664708043,-0.04667645978699963,0.00784673766678908
3,86,-0.07780022034520749,-0.046664218386583425,0.00784673766678908
3,87,-0.0779777206512425,-0.04674378748928877,0.00779777206512425
3,88,-0.07788591014812093,-0.04665809768637532,0.007767168564083732
3,89,-0.07782470314603991,-0.04675602888970498,0.0077426857632513155
3,90,-0.07780634104541559,-0.04684171869261843,0.008067082874280818
3,91,-0.07770228914187784,-0.04667033908679153,0.007944668870118741
3,92,-0.07777573754437508,-0.04684171869261843,0.007895703268453912
3,93,-0.07774513404333457,-0.046651976986167215,0.007595788958256825
3,94,-0.07765332354021301,-0.0467743909903293,0.0074978577549271634
3,95,-0.07798996205165871,-0.046792753090953605,0.0076508752601297594
3,96,-0.07753703023625903,-0.046407148977843066,0.007810013465540458
3,97,-0.07775125474354266,-0.04704370179948586,0.0077243236626270044
3,98,-0.07783694454645611,-0.04652956298200514,0.008024237972824092
3,99,-0.07781858244583181,-0.04663361488554291,0.008011996572407884
