values,,Magnetometer,Magnetometer,Magnetometer
axis,,x,y,z
Sensor,Sample,,,
0,0,0.051150691639123516,0.08303953972334435,0.03946627494185335
0,1,0.051266984943077486,0.08310074672542539,0.0392214469335292
0,2,0.051266984943077486,0.08310074672542539,0.03999877585995838
0,3,0.05119965724078834,0.08312522952625781,0.03999877585995838
0,4,0.05105888113600195,0.08337617823479006,0.03990084465662872
0,5,0.051413881748071974,0.08329660913208471,0.03998653445954217
0,6,0.051413881748071974,0.08329660913208471,0.03998653445954217
0,7,0.051126208838291096,0.08308238462480108,0.039894723956420616
0,8,0.05118741584037214,0.08303953972334435,0.03987636185579631
0,9,0.05118741584037214,0.08303953972334435,0.03987636185579631
0,10,0.051371036846615245,0.08305178112376056,0.0395458440445587
0,11,0.0512914677439099,0.08302729832292814,0.03917860203207247
0,12,0.0512914677439099,0.08302729832292814,0.03917860203207247
0,13,0.051169053739747825,0.08321091932917127,0.039558085444974904
0,14,0.0512914677439099,0.08337005753458196,0.03937446443873179
0,15,0.0512914677439099,0.08337005753458196,0.03937446443873179
0,16,0.051303709144326116,0.08302117762272004,0.03998653445954217
0,17,0.051407761047863876,0.08316807442771454,0.03987636185579631
0,18,0.051407761047863876,0.08316807442771454,0.03987636185579631
0,19,0.05123026074182887,0.08317419512792264,0.03980291345329905
0,20,0.0512914677439099,0.08317419512792264,0.03976006855184233
0,21,0.0512914677439099,0.08317419512792264,0.03976006855184233
0,22,0.05118129514016403,0.08324764353041988,0.03943567144081283
0,23,0.05132819194515853,0.08319867792875504,0.03997429305912596
0,24,0.05132819194515853,0.08319867792875504,0.03997429305912596
0,25,0.05110784673766679,0.08307014322438487,0.03943567144081283
0,26,0.05151793365160975,0.08329048843187661,0.03981515485371527
0,27,0.05132207124495042,0.08310074672542539,0.039913086057044925
0,28,0.05132207124495042,0.08310074672542539,0.039913086057044925
0,29,0.05142612314848819,0.08340066103562246,0.039882482556004406
0,30,0.05122414004162076,0.08314971232709022,0.039870241155588196
0,31,0.05122414004162076,0.08314971232709022,0.039870241155588196
0,32,0.051266984943077486,0.08321091932917127,0.039870241155588196
0,33,0.051303709144326116,0.08303341902313624,0.040066103562247525
0,34,0.051303709144326116,0.08303341902313624,0.040066103562247525
0,35,0.051126208838291096,0.08311298812584159,0.03972946505080181
0,36,0.05093646713183988,0.0831191088260497,0.03974782715142612
0,37,0.05093646713183988,0.0831191088260497,0.03974782715142612
0,38,0.05137715754682336,0.08315583302729831,0.03924592973436161
0,39,0.051211898641204553,0.08303341902313624,0.03930713673644265
0,40,0.051211898641204553,0.08303341902313624,0.03930713673644265
0,41,0.0511323295384992,0.08324152283021177,0.039894723956420616
0,42,0.05152405435181785,0.0831191088260497,0.04007222426245562
0,43,0.05137715754682336,0.08322316072958746,0.03969274084955319
0,44,0.05137715754682336,0.08322316072958746,0.03969274084955319
0,45,0.05123026074182887,0.08321091932917127,0.040029379360998894
0,46,0.05151793365160975,0.0832843677316685,0.03980903415350716
0,47,0.05151793365160975,0.0832843677316685,0.03980903415350716
0,48,0.051205777940996455,0.08333333333333334,0.03967437874892888
0,49,0.051309829844534215,0.08332109193291712,0.03996205165870976
0,50,0.051309829844534215,0.08332109193291712,0.03996205165870976
0,51,0.05134655404578283,0.08320479862896316,0.040023258660790796
0,52,0.05135879544619905,0.08329048843187661,0.04023136246786632
0,53,0.05135879544619905,0.08329048843187661,0.04023136246786632
0,54,0.05154241645244216,0.08302729832292814,0.03980903415350716
0,55,0.05137715754682336,0.08313135022646591,0.040182396866201495
0,56,0.05137715754682336,0.08313135022646591,0.040182396866201495
0,57,0.05134043334557473,0.08332109193291712,0.03990084465662872
0,58,0.051169053739747825,0.08308238462480108,0.039913086057044925
0,59,0.051169053739747825,0.08308238462480108,0.039913086057044925
0,60,0.051395519647447666,0.08315583302729831,0.03933161953727506
0,61,0.051205777940996455,0.08299669482188762,0.039698861549761294
0,62,0.051205777940996455,0.08299669482188762,0.039698861549761294
0,63,0.051150691639123516,0.08335781613416575,0.03972946505080181
0,64,0.051309829844534215,0.08297221202105522,0.039870241155588196
0,65,0.05150569225119354,0.08310074672542539,0.03914799853103195
0,66,0.05150569225119354,0.08310074672542539,0.03914799853103195
0,67,0.05138939894723956,0.0831191088260497,0.039839637654547684
0,68,0.0512853470437018,0.08307626392459297,0.03950299914310197
0,69,0.0512853470437018,0.08307626392459297,0.03950299914310197
0,70,0.05117517443995593,0.08322316072958746,0.040157914065369074
0,71,0.05143224384869629,0.08302117762272004,0.03933774023748317
0,72,0.05143224384869629,0.08302117762272004,0.03933774023748317
0,73,0.05131595054474232,0.08313135022646591,0.03976006855184233
0,74,0.051407761047863876,0.08316195372750643,0.03984575835475578
0,75,0.051407761047863876,0.08316195372750643,0.03984575835475578
0,76,0.051266984943077486,0.08297221202105522,0.03963153384747215
0,77,0.051303709144326116,0.08332109193291712,0.039356102338107476
0,78,0.051303709144326116,0.08332109193291712,0.039356102338107476
0,79,0.05137715754682336,0.08322928142979556,0.04004774146162321
0,80,0.05138939894723956,0.08294160852001468,0.03974782715142612
0,81,0.05138939894723956,0.08294160852001468,0.03974782715142612
0,82,0.05134043334557473,0.08308238462480108,0.039741706451218016
0,83,0.051266984943077486,0.08280695311543641,0.03926429183498592
0,84,0.051266984943077486,0.08280695311543641,0.03926429183498592
0,85,0.05142000244828008,0.08319255722854695,0.040084465662871833
0,86,0.05157301995348268,0.08302117762272004,0.039913086057044925
0,87,0.05157301995348268,0.082959970620639,0.040268086669114946
0,88,0.051205777940996455,0.082959970620639,0.040268086669114946
0,89,0.05096094993267229,0.08309462602521729,0.03976006855184233
0,90,0.0512914677439099,0.08306402252417676,0.0397172236503856
0,91,0.0512914677439099,0.08306402252417676,0.0397172236503856
0,92,0.05132207124495042,0.08292324641939038,0.039784551352674745
0,93,0.05133431264536663,0.08325376423062798,0.039711102950177504
0,94,0.05133431264536663,0.08325376423062798,0.039711102950177504
0,95,0.0512914677439099,0.08310074672542539,0.039796792753090955
0,96,0.051052760435793855,0.08319867792875504,0.039870241155588196
0,97,0.051052760435793855,0.08319867792875504,0.039870241155588196
0,98,0.05105888113600195,0.08348023013832782,0.03993144815766923
0,99,0.051211898641204553,0.08325376423062798,0.03998653445954217
1,0,-0.06396743787489288,0.065271147019219,0.025064267352185088
1,1,-0.0639919206757253,0.06515485371526503,0.024635818337617823
1,2,-0.06393071367364427,0.06506304321214347,0.024225731423674866
1,3,-0.06420002448280084,0.0654364059248378,0.024850042844901457
1,4,-0.06420002448280084,0.0654364059248378,0.024850042844901457
1,5,-0.06400416207614151,0.0655894234300404,0.024739870241155586
1,6,-0.06427959358550618,0.06546088872567021,0.024703146039906965
1,7,-0.06427959358550618,0.06546088872567021,0.024703146039906965
1,8,-0.06420614518300893,0.06505080181172726,0.02490512914677439
1,9,-0.06444485249112498,0.06517321581588933,0.023980903415350717
1,10,-0.06444485249112498,0.06517321581588933,0.023980903415350717
1,11,-0.06401028277634961,0.06520381931692985,0.02511323295384992
1,12,-0.06406536907822255,0.0654425266250459,0.024121679520137104
1,13,-0.06406536907822255,0.0654425266250459,0.024121679520137104
1,14,-0.06408373117884686,0.06524054351817848,0.02513159505447423
1,15,-0.06402864487697393,0.06536907822254866,0.024911249846982494
1,16,-0.06397967927530909,0.0654241645244216,0.024482800832415226
1,17,-0.06397967927530909,0.0654241645244216,0.024482800832415226
1,18,-0.0639919206757253,0.06520381931692985,0.02474599094136369
1,19,-0.06394295507406048,0.06529562982005141,0.024715387440323172
1,20,-0.06394295507406048,0.06529562982005141,0.024715387440323172
1,21,-0.06396743787489288,0.06500795691027053,0.024929611947606806
1,22,-0.06390623087281186,0.0651303709144326,0.024782715142612315
1,23,-0.06390623087281186,0.0651303709144326,0.024782715142612315
1,24,-0.06375321336760925,0.06546700942587833,0.024966336148855427
1,25,-0.06393683437385236,0.06546088872567021,0.02511323295384992
1,26,-0.06393683437385236,0.06546088872567021,0.02511323295384992
1,27,-0.06412657608030359,0.06551597502754315,0.024482800832415226
1,28,-0.06421226588321703,0.06553433712816746,0.02453176643408006
1,29,-0.06407761047863876,0.06533847472150814,0.02416452442159383
1,30,-0.06407761047863876,0.06533847472150814,0.02416452442159383
1,31,-0.06393071367364427,0.06517321581588933,0.02453176643408006
1,32,-0.06392459297343615,0.06572407883461868,0.024476680132207124
1,33,-0.06392459297343615,0.06572407883461868,0.024476680132207124
1,34,-0.06419390378259274,0.06531399192067573,0.024415473130126087
1,35,-0.06404700697759824,0.06535071612192435,0.024574611335536786
1,36,-0.06404700697759824,0.06535071612192435,0.024574611335536786
1,37,-0.06409597257926307,0.06502019831068674,0.024654180438242135
1,38,-0.06396131717468478,0.06529562982005141,0.02464805973803403
1,39,-0.06378381686864978,0.06549149222671073,0.02448892153262333
1,40,-0.06378381686864978,0.06549149222671073,0.02448892153262333
1,41,-0.06402864487697393,0.06545476802546212,0.024813318643652833
1,42,-0.06402252417676582,0.06533235402130003,0.024880646345941976
1,43,-0.06402252417676582,0.06533235402130003,0.024880646345941976
1,44,-0.06400416207614151,0.06529562982005141,0.02481943934386094
1,45,-0.06381442036969029,0.06522218141755418,0.02448892153262333
1,46,-0.06381442036969029,0.06522218141755418,0.02448892153262333
1,47,-0.06391235157301996,0.06532623332109193,0.024966336148855427
1,48,-0.06413269678051169,0.06563226833149713,0.024599094136369203
1,49,-0.06413269678051169,0.06563226833149713,0.024599094136369203
1,50,-0.0639857999755172,0.0652833884196352,0.024739870241155586
1,51,-0.06393071367364427,0.06535683682213245,0.025021422450728366
1,52,-0.06395519647447669,0.06536907822254866,0.023974782715142612
1,53,-0.06395519647447669,0.06536907822254866,0.023974782715142612
1,54,-0.06400416207614151,0.06530787122046762,0.0249234912473987
1,55,-0.06422450728363324,0.06549149222671073,0.024801077243236627
1,56,-0.06422450728363324,0.06549149222671073,0.024801077243236627
1,57,-0.06402864487697393,0.0651120088138083,0.02467866323907455
1,58,-0.06420614518300893,0.06539968172358918,0.023760558207858978
1,59,-0.06420614518300893,0.06539968172358918,0.023760558207858978
1,60,-0.0639919206757253,0.06536295752234056,0.024801077243236627
1,61,-0.06404700697759824,0.0654425266250459,0.024843922144693352
1,62,-0.06404700697759824,0.0654425266250459,0.024843922144693352
1,63,-0.06404700697759824,0.06555269922879178,0.024672542538866447
1,64,-0.06413269678051169,0.06543028522462971,0.024739870241155586
1,65,-0.06406536907822255,0.0654241645244216,0.024972456849063532
1,66,-0.06406536907822255,0.0654241645244216,0.024972456849063532
1,67,-0.06424286938425756,0.06545476802546212,0.02481943934386094
1,68,-0.06426123148488187,0.06553433712816746,0.02456236993512058
1,69,-0.06426123148488187,0.06553433712816746,0.02456236993512058
1,70,-0.06404700697759824,0.06555269922879178,0.024568490635328684
1,71,-0.06394907577426857,0.06546700942587833,0.025205043456971478
1,72,-0.06394907577426857,0.06546700942587833,0.025205043456971478
1,73,-0.06401640347655771,0.06566899253274575,0.025039784551352674
1,74,-0.06396131717468478,0.06546088872567021,0.02467866323907455
1,75,-0.06396131717468478,0.06546088872567021,0.02467866323907455
1,76,-0.06413269678051169,0.0655955441302485,0.02487452564573387
1,77,-0.06431631778675481,0.06549761292691883,0.02458073203574489
1,78,-0.06410821397967928,0.0657608030358673,0.024501162933039538
1,79,-0.06410821397967928,0.0657608030358673,0.024501162933039538
1,80,-0.06390623087281186,0.06538131962296487,0.024990818949687844
1,81,-0.06392459297343615,0.06541804382421348,0.02495409474843922
1,82,-0.06392459297343615,0.06541804382421348,0.02495409474843922
1,83,-0.06426735218508997,0.06535071612192435,0.024189007222426246
1,84,-0.06401028277634961,0.065448647325254,0.02406659321826417
1,85,-0.06401028277634961,0.065448647325254,0.02406659321826417
1,86,-0.0642857142857143,0.06525278491859468,0.02472762884073938
1,87,-0.06400416207614151,0.06550373362712694,0.024966336148855427
1,88,-0.06400416207614151,0.06550373362712694,0.024966336148855427
1,89,-0.06410209327947117,0.06512425021422451,0.024794956543028525
1,90,-0.06389398947239563,0.0654241645244216,0.024733749540947484
1,91,-0.06402252417676582,0.0652772677194271,0.02466030113845024
1,92,-0.06402252417676582,0.0652772677194271,0.02466030113845024
1,93,-0.06390623087281186,0.0652650263190109,0.025205043456971478
1,94,-0.06420002448280084,0.06547925082629454,0.024476680132207124
1,95,-0.06420002448280084,0.06547925082629454,0.024476680132207124
1,96,-0.06405312767780634,0.0652772677194271,0.02483780144448525
1,97,-0.0639857999755172,0.06543028522462971,0.024586852735952992
1,98,-0.0639857999755172,0.06543028522462971,0.024586852735952992
1,99,-0.06395519647447669,0.06541804382421348,0.024794956543028525
2,0,0.069457705961562,-0.0829477292202228,0.0569102705349492
2,1,0.06938425755906476,-0.08280695311543641,0.05669604602766557
2,2,0.06887623944179214,-0.0829538499204309,0.05683682213245195
2,3,0.06887623944179214,-0.0829538499204309,0.05683682213245195
2,4,0.0692740849553189,-0.08274574611335536,0.0569286326355735
2,5,0.06959236136614029,-0.08273350471293917,0.055012853470437016
2,6,0.06959236136614029,-0.08273350471293917,0.055012853470437016
2,7,0.06932305055698372,-0.08281307381564451,0.056579752723711595
2,8,0.06931080915656751,-0.08278247031460399,0.05629820051413882
2,9,0.06931080915656751,-0.08278247031460399,0.05629820051413882
2,10,0.06931692985677561,-0.08273350471293917,0.05697759823723834
2,11,0.06951279226343494,-0.08289876361855796,0.056071734606438974
2,12,0.06951279226343494,-0.08289876361855796,0.056071734606438974
2,13,0.0692740849553189,-0.08294160852001468,0.05626147631289019
2,14,0.06953115436405924,-0.08287428081772555,0.05667156322683316
2,15,0.06954339576447546,-0.08284979801689313,0.05687354633370058
2,16,0.06954339576447546,-0.08284979801689313,0.05687354633370058
2,17,0.06925572285469458,-0.08281307381564451,0.05677561513037092
2,18,0.0694454645611458,-0.08290488431876607,0.055612682090831186
2,19,0.0694454645611458,-0.08290488431876607,0.055612682090831186
2,20,0.06918839515240544,-0.08283755661647693,0.056279838413514506
2,21,0.06940874035989716,-0.08308238462480108,0.056481821520381933
2,22,0.06940874035989716,-0.08308238462480108,0.056481821520381933
2,23,0.06959848206634839,-0.08275186681356347,0.05683682213245195
2,24,0.06926184355490268,-0.08291100501897417,0.05663483902558453
2,25,0.06926184355490268,-0.08291100501897417,0.05663483902558453
2,26,0.06950055086301873,-0.08286816011751744,0.05661035622475211
2,27,0.06943322316072958,-0.08282531521606071,0.05660423552454401
2,28,0.06943322316072958,-0.08282531521606071,0.05669604602766557
2,29,0.06946994736197822,-0.0826600563104419,0.05669604602766557
2,30,0.06928632635573509,-0.08261721140898519,0.05685518423307626
2,31,0.06957399926551597,-0.08300893622230383,0.05629820051413882
2,32,0.06957399926551597,-0.08300893622230383,0.05629820051413882
2,33,0.06935365405802424,-0.08281919451585261,0.05677561513037092
2,34,0.069457705961562,-0.08292936711959849,0.05673277022891419
2,35,0.069457705961562,-0.08292936711959849,0.05673277022891419
2,36,0.06939037825927286,-0.08311298812584159,0.05680009793120333
2,37,0.06931692985677561,-0.08291100501897417,0.056720528828497985
2,38,0.06931692985677561,-0.08291100501897417,0.056720528828497985
2,39,0.06932917125719182,-0.08284367731668503,0.05669604602766557
2,40,0.0692924470559432,-0.08301505692251193,0.05687354633370058
2,41,0.06921287795323786,-0.08286203941730934,0.056677683927041256
2,42,0.06921287795323786,-0.08286203941730934,0.056677683927041256
2,43,0.0692924470559432,-0.08297833272126331,0.05601664830456604
2,44,0.069457705961562,-0.08297221202105522,0.0559493206022769
2,45,0.069457705961562,-0.08297221202105522,0.0559493206022769
2,46,0.06931692985677561,-0.0829538499204309,0.05550863018729343
2,47,0.06931692985677561,-0.0829477292202228,0.05501897417064512
2,48,0.06931692985677561,-0.0829477292202228,0.05501897417064512
2,49,0.06934753335781614,-0.08283755661647693,0.05558819928999877
2,50,0.06926184355490268,-0.08286203941730934,0.05680621863141143
2,51,0.06926184355490268,-0.08286203941730934,0.05680621863141143
2,52,0.0694393438609377,-0.08284979801689313,0.05646958011996572
2,53,0.06928020565552699,-0.08297833272126331,0.05588811360019587
2,54,0.06928020565552699,-0.08297833272126331,0.05588811360019587
2,55,0.06936589545844044,-0.08259884930836088,0.05588811360019587
2,56,0.06948218876239441,-0.08275186681356347,0.05655526992287918
2,57,0.06916391235157301,-0.08297833272126331,0.05691639123515731
2,58,0.06916391235157301,-0.08297833272126331,0.05691639123515731
2,59,0.06939037825927286,-0.08251315950544742,0.05538621618313135
2,60,0.06919451585261353,-0.08289876361855796,0.05650018362100624
2,61,0.06919451585261353,-0.08289876361855796,0.05650018362100624
2,62,0.06918227445219734,-0.08297221202105522,0.05667156322683316
2,63,0.06931692985677561,-0.0826600563104419,0.05670216672787367
2,64,0.06931692985677561,-0.0826600563104419,0.05670216672787367
2,65,0.06931692985677561,-0.08264169420981761,0.05663483902558453
2,66,0.06934753335781614,-0.08272738401273105,0.056720528828497985
2,67,0.06934753335781614,-0.08272738401273105,0.056720528828497985
2,68,0.06926796425511078,-0.08281307381564451,0.05684906353286816
2,69,0.06935977475823234,-0.08289264291834986,0.056396131717468476
2,70,0.06940874035989716,-0.08293548781980659,0.0567572530297466
2,71,0.06940874035989716,-0.08293548781980659,0.0567572530297466
2,72,0.06924960215448647,-0.08291100501897417,0.056812339331619534
2,73,0.06931692985677561,-0.08270290121189863,0.0567572530297466
2,74,0.06931692985677561,-0.08270290121189863,0.0567572530297466
2,75,0.06946994736197822,-0.08272738401273105,0.05677561513037092
2,76,0.06934753335781614,-0.08275798751377159,0.05647570082017382
2,77,0.06934753335781614,-0.08275798751377159,0.05647570082017382
2,78,0.0692740849553189,-0.08304566042355246,0.05590647570082017
2,79,0.06953115436405924,-0.08312522952625781,0.056708287428081774
2,80,0.06953115436405924,-0.08312522952625781,0.056708287428081774
2,81,0.0694515852613539,-0.08275798751377159,0.05582078589790672
2,82,0.06931080915656751,-0.08292936711959849,0.05656139062308728
2,83,0.06931080915656751,-0.08292936711959849,0.05656139062308728
2,84,0.06948830946260252,-0.08292936711959849,0.0559309585016526
2,85,0.06920675725302974,-0.08300893622230383,0.056781735830579015
2,86,0.0694515852613539,-0.08292936711959849,0.05684294283266006
2,87,0.0694515852613539,-0.08292936711959849,0.05684294283266006
2,88,0.06940261965968907,-0.0829477292202228,0.056194148610601055
2,89,0.0692924470559432,-0.08280695311543641,0.056579752723711595
2,90,0.0692924470559432,-0.08280695311543641,0.056579752723711595
2,91,0.06946382666177012,-0.082959970620639,0.05689802913453299
2,92,0.06940874035989716,-0.0831191088260497,0.05683682213245195
2,93,0.06940874035989716,-0.0831191088260497,0.05683682213245195
2,94,0.06939037825927286,-0.08281307381564451,0.055582078589790675
2,95,0.06959848206634839,-0.08276410821397968,0.05680621863141143
2,96,0.06959848206634839,-0.08276410821397968,0.05680621863141143
2,97,0.06932917125719182,-0.08294160852001468,0.05662871832537643
2,98,0.06940874035989716,-0.08302729832292814,0.056738890929122286
2,99,0.06940874035989716,-0.08302729832292814,0.05645733871954952
3,0,-0.06924348145427836,-0.03818092789815155,0.013135022646590768
3,1,-0.06924348145427836,-0.03818092789815155,0.013135022646590768
3,2,-0.06911494674990819,-0.037942220590035505,0.012951401640347656
3,3,-0.06920675725302974,-0.03827885910148121,0.012871832537642305
3,4,-0.06920675725302974,-0.03827885910148121,0.012871832537642305
3,5,-0.06918839515240544,-0.038174807197943444,0.013190108948463706
3,6,-0.06911494674990819,-0.0381074794956543,0.01293916023993145
3,7,-0.06931080915656751,-0.03819928999877586,0.013037091443261109
3,8,-0.06931080915656751,-0.03819928999877586,0.013037091443261109
3,9,-0.06907822254865956,-0.038131962296486716,0.013355367854082506
3,10,-0.06893744644387317,-0.038144203696902926,0.012951401640347656
3,11,-0.06893744644387317,-0.038144203696902926,0.012951401640347656
3,12,-0.06905373974782715,-0.038034031093157054,0.012890194638266617
3,13,-0.06909658464928388,-0.0382543763006488,0.013024850042844902
3,14,-0.06909658464928388,-0.0382543763006488,0.013024850042844902
3,15,-0.06920063655282165,-0.037960582690659814,0.013416574856163547
3,16,-0.06920675725302974,-0.038413514506059496,0.013294160852001469
3,17,-0.06920675725302974,-0.038413514506059496,0.013294160852001469
3,18,-0.06943322316072958,-0.03820541069898396,0.013037091443261109
3,19,-0.06907210184845146,-0.0381013587954462,0.013037091443261109
3,20,-0.0689741706451218,-0.03824213490023259,0.013239074550128535
3,21,-0.0689741706451218,-0.03824213490023259,0.013239074550128535
3,22,-0.06908434324886767,-0.03791161708899498,0.01321459174929612
3,23,-0.06924348145427836,-0.03837066960460277,0.0131839882482556
3,24,-0.06924348145427836,-0.03837066960460277,0.0131839882482556
3,25,-0.06893744644387317,-0.038046272493573265,0.013135022646590768
3,26,-0.06905373974782715,-0.037905496388786875,0.013110539845758353
3,27,-0.06905373974782715,-0.037905496388786875,0.013110539845758353
3,28,-0.06908434324886767,-0.038358428204186557,0.013294160852001469
3,29,-0.0692740849553189,-0.03797282409107602,0.013018729342636797
3,30,-0.0692740849553189,-0.03797282409107602,0.013018729342636797
3,31,-0.06905986044803526,-0.038131962296486716,0.012963643040763865
3,32,-0.06919451585261353,-0.0381013587954462,0.01295752234055576
3,33,-0.06917615375198923,-0.03807687599461378,0.013092177745134043
3,34,-0.06917615375198923,-0.03807687599461378,0.013092177745134043
3,35,-0.06909658464928388,-0.038131962296486716,0.013239074550128535
3,36,-0.06919451585261353,-0.03802178969274085,0.013055453543885421
3,37,-0.06919451585261353,-0.03802178969274085,0.013055453543885421
3,38,-0.0692924470559432,-0.03805851389398947,0.01316562614763129
3,39,-0.06931692985677561,-0.03795446199045171,0.013122781246174562
3,40,-0.06931692985677561,-0.03795446199045171,0.013122781246174562
3,41,-0.06918839515240544,-0.038260497000856895,0.013177867548047497
3,42,-0.06921899865344595,-0.038015668992532746,0.012737177133064024
3,43,-0.0691516709511568,-0.03832170400293793,0.013226833149712328
3,44,-0.0691516709511568,-0.03832170400293793,0.013226833149712328
3,45,-0.0691271881503244,-0.038303341902313624,0.013135022646590768
3,46,-0.06888236014200025,-0.03796670339086792,0.012994246541804384
3,47,-0.06888236014200025,-0.03796670339086792,0.012994246541804384
3,48,-0.06892520504345698,-0.038089117395029994,0.013226833149712328
3,49,-0.06919451585261353,-0.03797894479128412,0.012865711837434202
3,50,-0.06919451585261353,-0.03797894479128412,0.012865711837434202
3,51,-0.06903537764720284,-0.038260497000856895,0.012731056432855919
3,52,-0.06917003305178113,-0.03818092789815155,0.01291467743909903
3,53,-0.06917003305178113,-0.03818092789815155,0.01291467743909903
3,54,-0.06907210184845146,-0.0381074794956543,0.01291467743909903
3,55,-0.0689619292447056,-0.038027910392948956,0.01316562614763129
3,56,-0.06922511935365407,-0.03802178969274085,0.012951401640347656
3,57,-0.06922511935365407,-0.03802178969274085,0.012951401640347656
3,58,-0.06935977475823234,-0.03804015179336516,0.013092177745134043
3,59,-0.0691271881503244,-0.03848084220834864,0.01316562614763129
3,60,-0.0691271881503244,-0.03848084220834864,0.01316562614763129
3,61,-0.06923736075407026,-0.03785041008691394,0.013159505447423187
3,62,-0.06895580854449748,-0.03811360019586241,0.013220712449504225
3,63,-0.06895580854449748,-0.03811360019586241,0.013220712449504225
3,64,-0.06910882604970009,-0.03797282409107602,0.01316562614763129
3,65,-0.06901701554657853,-0.03819316929856776,0.012902436038682824
3,66,-0.06901701554657853,-0.03819316929856776,0.012902436038682824
3,67,-0.0689802913453299,-0.03833394540335414,0.01326355735096095
3,68,-0.06920675725302974,-0.03795446199045171,0.01316562614763129
3,69,-0.06920675725302974,-0.038229893499816384,0.013128901946382665
3,70,-0.06908434324886767,-0.038229893499816384,0.013128901946382665
3,71,-0.06931080915656751,-0.038156445097319136,0.013257436650752847
3,72,-0.06934141265760803,-0.037948341290243603,0.01319622964867181
3,73,-0.06934141265760803,-0.037948341290243603,0.01319622964867181
3,74,-0.06899865344595421,-0.03815032439711103,0.013012608642428694
3,75,-0.06920063655282165,-0.03823601420002448,0.013079936344717834
3,76,-0.06920063655282165,-0.03823601420002448,0.013079936344717834
3,77,-0.06918227445219734,-0.03807075529440568,0.012761659933896437
3,78,-0.06926184355490268,-0.03784428938670584,0.013147264047006977
3,79,-0.06926184355490268,-0.03784428938670584,0.013147264047006977
3,80,-0.06911494674990819,-0.03818092789815155,0.013116660545966458
3,81,-0.06913942955074061,-0.038144203696902926,0.013239074550128535
3,82,-0.06913942955074061,-0.038144203696902926,0.013220712449504225
3,83,-0.06901089484637044,-0.0382543763006488,0.013220712449504225
3,84,-0.0691271881503244,-0.038034031093157054,0.013220712449504225
3,85,-0.06916391235157301,-0.03805239319378137,0.013098298445342146
3,86,-0.06916391235157301,-0.03805239319378137,0.013098298445342146
3,87,-0.06907822254865956,-0.03812584159627862,0.01308605704492594
3,88,-0.06902925694699473,-0.038156445097319136,0.01310441914555025
3,89,-0.06902925694699473,-0.038156445097319136,0.01310441914555025
3,90,-0.06921899865344595,-0.03822377279960827,0.01300648794222059
3,91,-0.06928632635573509,-0.03802178969274085,0.012963643040763865
3,92,-0.06928632635573509,-0.03802178969274085,0.012963643040763865
3,93,-0.0691455502509487,-0.038015668992532746,0.013012608642428694
3,94,-0.06917003305178113,-0.03833394540335414,0.013177867548047497
3,95,-0.06917003305178113,-0.03833394540335414,0.013177867548047497
3,96,-0.0691455502509487,-0.037960582690659814,0.013024850042844902
3,97,-0.06919451585261353,-0.03828497980168931,0.012841229036601787
3,98,-0.06913330885053251,-0.03824213490023259,0.013159505447423187
3,99,-0.06913330885053251,-0.03824213490023259,0.013159505447423187
