values,,Magnetometer,Magnetometer,Magnetometer
axis,,x,y,z
Sensor,Sample,,,
0,0,0.06910882604970009,0.09446076631166606,0.0548292324641939
0,1,0.06929856775615131,0.0943750765087526,0.053960093034643164
0,2,0.06929856775615131,0.0943750765087526,0.053960093034643164
0,3,0.06925572285469458,0.09481576692373608,0.053929489533602645
0,4,0.06921899865344595,0.09473619782103072,0.05440690414983475
0,5,0.06921899865344595,0.09473619782103072,0.05440690414983475
0,6,0.06921287795323786,0.09462602521728486,0.054804749663361484
0,7,0.06901701554657853,0.09442404211041742,0.05467621495899131
0,8,0.06901701554657853,0.09442404211041742,0.05467621495899131
0,9,0.06911494674990819,0.09466887011874159,0.054357938548169914
0,10,0.06920675725302974,0.09451585261353898,0.05451095605337251
0,11,0.06920675725302974,0.09451585261353898,0.05451095605337251
0,12,0.06929856775615131,0.09457093891541193,0.05484759456481821
0,13,0.06910270534949198,0.09425878320479862,0.05459052515607785
0,14,0.06910270534949198,0.09425878320479862,0.0543518178479618
0,15,0.06913942955074061,0.09457705961562003,0.0543518178479618
0,16,0.06942710246052149,0.09465662871832538,0.05452931815399682
0,17,0.06919451585261353,0.09439955930958502,0.054670094258783206
0,18,0.06919451585261353,0.09439955930958502,0.054670094258783206
0,19,0.0692740849553189,0.09451585261353898,0.05457216305545355
0,20,0.06917003305178113,0.09450973191333088,0.054517076753580605
0,21,0.06917003305178113,0.09450973191333088,0.054517076753580605
0,22,0.06934141265760803,0.09444240421104175,0.0548169910637777
0,23,0.06928020565552699,0.09435671440812829,0.054413024850042846
0,24,0.06928020565552699,0.09435671440812829,0.054413024850042846
0,25,0.06913330885053251,0.09428326600563104,0.05403354143714041
0,26,0.06932917125719182,0.09447912841229036,0.054657852858366995
0,27,0.06932917125719182,0.09447912841229036,0.054657852858366995
0,28,0.06921287795323786,0.0945280940139552,0.05458440445586975
0,29,0.0691455502509487,0.09444852491124985,0.054945525768147874
0,30,0.0691455502509487,0.09444852491124985,0.054945525768147874
0,31,0.06948830946260252,0.09444240421104175,0.05500673277022892
0,32,0.06883339454033541,0.09450361121312278,0.054443628351083365
0,33,0.06883339454033541,0.09450361121312278,0.054443628351083365
0,34,0.06916391235157301,0.09449136981270657,0.05451095605337251
0,35,0.06918839515240544,0.09456481821520382,0.0541681968417187
0,36,0.06918839515240544,0.09456481821520382,0.0541681968417187
0,37,0.06929856775615131,0.09465050801811728,0.054670094258783206
0,38,0.06937201615864855,0.09432611090708777,0.054694577059615626
0,39,0.06915779165136492,0.09458318031582813,0.054198800342759215
0,40,0.06915779165136492,0.09458318031582813,0.054198800342759215
0,41,0.06918839515240544,0.09448524911249848,0.05449871465295629
0,42,0.06917003305178113,0.09447912841229036,0.054455869751499575
0,43,0.06917003305178113,0.09447912841229036,0.054455869751499575
0,44,0.06943322316072958,0.09450973191333088,0.05432121434692129
0,45,0.06940261965968907,0.09450361121312278,0.0543334557473375
0,46,0.06940261965968907,0.09450361121312278,0.0543334557473375
0,47,0.06946382666177012,0.09460154241645244,0.054186558942343
0,48,0.06928020565552699,0.09441792141020933,0.05338474721508141
0,49,0.06928020565552699,0.09441792141020933,0.05338474721508141
0,50,0.06940261965968907,0.0945464561145795,0.05471293916023993
0,51,0.06929856775615131,0.09446688701187415,0.054694577059615626
0,52,0.06929856775615131,0.09446688701187415,0.054694577059615626
0,53,0.06935365405802424,0.09443016281062554,0.054455869751499575
0,54,0.06920063655282165,0.09460154241645244,0.05452931815399682
0,55,0.06920063655282165,0.09460154241645244,0.05452931815399682
0,56,0.06909658464928388,0.09438731790916881,0.05449259395274819
0,57,0.06909658464928388,0.09446688701187415,0.05421104174317541
0,58,0.06909658464928388,0.09446688701187415,0.05421104174317541
0,59,0.06921899865344595,0.09460154241645244,0.05452931815399682
0,60,0.06940874035989716,0.09438119720896071,0.05476190476190477
0,61,0.06910270534949198,0.09457705961562003,0.05404578283755662
0,62,0.06910270534949198,0.09457705961562003,0.05404578283755662
0,63,0.06902925694699473,0.09464438731790917,0.05436405924837802
0,64,0.06902313624678663,0.09472395642061451,0.05454768025462113
0,65,0.06902313624678663,0.09472395642061451,0.05454768025462113
0,66,0.06920063655282165,0.09435059370792018,0.054657852858366995
0,67,0.06899865344595421,0.09456481821520382,0.05471905986044804
0,68,0.06899865344595421,0.09456481821520382,0.05471905986044804
0,69,0.06902925694699473,0.09466274941853348,0.054357938548169914
0,70,0.06917615375198923,0.09458318031582813,0.054443628351083365
0,71,0.06917615375198923,0.09458318031582813,0.054443628351083365
0,72,0.06923736075407026,0.09450361121312278,0.05393561023381075
0,73,0.06935365405802424,0.09456481821520382,0.05397845513526748
0,74,0.06935365405802424,0.09456481821520382,0.05397845513526748
0,75,0.0694515852613539,0.09433835230750398,0.054841473864610114
0,76,0.06934753335781614,0.09444852491124985,0.054553800954829236
0,77,0.06934753335781614,0.09444852491124985,0.054553800954829236
0,78,0.06921899865344595,0.09452197331374709,0.05462724935732648
0,79,0.06909046394907578,0.09441792141020933,0.05474354266128045
0,80,0.06909046394907578,0.09441792141020933,0.05474354266128045
0,81,0.06920675725302974,0.0945403354143714,0.054872077365650626
0,82,0.06931692985677561,0.09442404211041742,0.05439466274941853
0,83,0.06928632635573509,0.09438731790916881,0.054670094258783206
0,84,0.06928632635573509,0.09438731790916881,0.054670094258783206
0,85,0.06920675725302974,0.09462602521728486,0.05444974905129146
0,86,0.0692924470559432,0.09446076631166606,0.05427836944546456
0,87,0.0692924470559432,0.09446076631166606,0.05427836944546456
0,88,0.06931080915656751,0.09440568000979313,0.05477414616232097
0,89,0.06890684294283266,0.09441180071000123,0.05484759456481821
0,90,0.06890684294283266,0.09441180071000123,0.05484759456481821
0,91,0.06898641204553801,0.09452197331374709,0.054755784061696657
0,92,0.06920675725302974,0.09463826661770106,0.05442526625045905
0,93,0.06920675725302974,0.09463826661770106,0.05442526625045905
0,94,0.0692924470559432,0.0945280940139552,0.054345697147753703
0,95,0.06909658464928388,0.09451585261353898,0.054376300648794215
0,96,0.06909658464928388,0.09451585261353898,0.054376300648794215
0,97,0.0692924470559432,0.09433835230750398,0.05459052515607785
0,98,0.06926184355490268,0.09449749051291467,0.05399069653568368
0,99,0.06926184355490268,0.09449749051291467,0.05399069653568368
1,0,-0.07609866568735464,0.06842942832660057,0.027745134043334556
1,1,-0.07593952748194394,0.06842942832660057,0.027745134043334556
1,2,-0.07608030358673032,0.06861917003305178,0.028289876361855797
1,3,-0.07593340678173584,0.06844779042722487,0.027720651242502142
1,4,-0.07593340678173584,0.06844779042722487,0.027720651242502142
1,5,-0.07576202717590892,0.06838658342514384,0.028124617456236994
1,6,-0.07568857877341167,0.06844779042722487,0.02838780756518546
1,7,-0.07568857877341167,0.06844779042722487,0.02838780756518546
1,8,-0.07585995837923859,0.06831313502264659,0.028179703758109926
1,9,-0.0762027175908924,0.06834373852368711,0.028032806953115434
1,10,-0.07592728608152773,0.06838046272493573,0.0279654792508263
1,11,-0.07592728608152773,0.06838046272493573,0.0279654792508263
1,12,-0.07599461378381686,0.06850899742930591,0.028198065858734238
1,13,-0.07582323417798996,0.06828865222181417,0.027904272248745254
1,14,-0.07582323417798996,0.06828865222181417,0.027904272248745254
1,15,-0.07588444118007101,0.06867425633492472,0.02787366874770474
1,16,-0.07589056188027911,0.06834373852368711,0.028142979556861302
1,17,-0.07589056188027911,0.06834373852368711,0.028142979556861302
1,18,-0.07585995837923859,0.06820296241890073,0.028191945158526133
1,19,-0.07584159627861428,0.06839270412535195,0.027769616844166973
1,20,-0.07584159627861428,0.06839270412535195,0.027769616844166973
1,21,-0.07579263067694944,0.06872322193658956,0.027775737544375078
1,22,-0.07606194148610601,0.0686497735340923,0.027420736932305057
1,23,-0.07594564818215203,0.0684967560288897,0.027390133431264535
1,24,-0.07594564818215203,0.0684967560288897,0.027390133431264535
1,25,-0.07588444118007101,0.06842330762639245,0.027714530542294037
1,26,-0.0755600440690415,0.0681662382176521,0.027898151548537153
1,27,-0.0755600440690415,0.0681662382176521,0.027898151548537153
1,28,-0.07596401028277636,0.06822744521973315,0.027818582445831803
1,29,-0.07580487207736565,0.06858244583180316,0.0274941853348023
1,30,-0.07580487207736565,0.06858244583180316,0.0274941853348023
1,31,-0.07594564818215203,0.06856408373117885,0.02753703023625903
1,32,-0.07569469947361979,0.06844166972701678,0.02769004774146162
1,33,-0.07569469947361979,0.06844166972701678,0.02769004774146162
1,34,-0.07600685518423309,0.06809278981515485,0.02726771942710246
1,35,-0.07570694087403598,0.06829477292202228,0.027457461133553678
1,36,-0.07560288897049823,0.06858856653201126,0.027420736932305057
1,37,-0.07560288897049823,0.06858856653201126,0.027420736932305057
1,38,-0.07582323417798996,0.0684906353286816,0.027653323540213
1,39,-0.07593952748194394,0.06851511812951402,0.027488064634594196
1,40,-0.07593952748194394,0.06851511812951402,0.027488064634594196
1,41,-0.07598849308360876,0.06809278981515485,0.02768392704125352
1,42,-0.07589668258048721,0.06835597992410332,0.027549271636675237
1,43,-0.07589668258048721,0.06835597992410332,0.027549271636675237
1,44,-0.07630064879422206,0.06853348023013833,0.027151426123148487
1,45,-0.07599461378381686,0.06846003182764107,0.027341167829599704
1,46,-0.07599461378381686,0.06846003182764107,0.027341167829599704
1,47,-0.07568857877341167,0.06829477292202228,0.02763496143958869
1,48,-0.07611702778797894,0.06844166972701678,0.027702289141877827
1,49,-0.07614763128901947,0.06869873913575712,0.027989962051658712
1,50,-0.07614763128901947,0.06869873913575712,0.027989962051658712
1,51,-0.07580487207736565,0.06875994613783817,0.028173583057901824
1,52,-0.07623332109193291,0.06838046272493573,0.0282959970620639
1,53,-0.07623332109193291,0.06838046272493573,0.0282959970620639
1,54,-0.07594564818215203,0.06842942832660057,0.027953237850410085
1,55,-0.0757314236748684,0.06825192802056555,0.02838780756518546
1,56,-0.0757314236748684,0.06825192802056555,0.02838780756518546
1,57,-0.07606806218631411,0.06860080793242747,0.027989962051658712
1,58,-0.07588444118007101,0.06830089362223038,0.02726159872689436
1,59,-0.07588444118007101,0.06830089362223038,0.02726159872689436
1,60,-0.07584159627861428,0.06834985922389522,0.028534704370179947
1,61,-0.0757253029746603,0.06844166972701678,0.027977720651242505
1,62,-0.07579263067694944,0.06818460031827642,0.028222548659566655
1,63,-0.07579263067694944,0.06818460031827642,0.028222548659566655
1,64,-0.07622107969151672,0.06839882482556005,0.02839392826539356
1,65,-0.07595176888236013,0.0684783939282654,0.028351083363936835
1,66,-0.07595176888236013,0.0684783939282654,0.028351083363936835
1,67,-0.07599461378381686,0.06839270412535195,0.028191945158526133
1,68,-0.07600685518423309,0.06869873913575712,0.028626514873301506
1,69,-0.07600685518423309,0.06869873913575712,0.028626514873301506
1,70,-0.07591504468111152,0.06825804872077365,0.028418411066225974
1,71,-0.07577426857632513,0.06826416942098176,0.02786754804749663
1,72,-0.07577426857632513,0.06826416942098176,0.02786754804749663
1,73,-0.07610478638756274,0.06858244583180316,0.027647202840004898
1,74,-0.07578038927653323,0.06807442771453054,0.028491859468723225
1,75,-0.07576202717590892,0.06853348023013833,0.028442893867058394
1,76,-0.07576202717590892,0.06853348023013833,0.028442893867058394
1,77,-0.07582323417798996,0.0684845146284735,0.02815522095727751
1,78,-0.0759028032806953,0.0684783939282654,0.028142979556861302
1,79,-0.0759028032806953,0.0684783939282654,0.028142979556861302
1,80,-0.07597013098298445,0.06836822132451953,0.02832660056310442
1,81,-0.07605582078589791,0.06838658342514384,0.027592116538131962
1,82,-0.07605582078589791,0.06838658342514384,0.027592116538131962
1,83,-0.0758783204798629,0.06850899742930591,0.028308238462480106
1,84,-0.07603745868527359,0.06844166972701678,0.02735340923001591
1,85,-0.07603745868527359,0.06844166972701678,0.02735340923001591
1,86,-0.07581711347778186,0.06843554902680866,0.028014444852491126
1,87,-0.07597625168319255,0.06824580732035744,0.027861427347288532
1,88,-0.07606806218631411,0.06844166972701678,0.027843065246664217
1,89,-0.07606806218631411,0.06844166972701678,0.027843065246664217
1,90,-0.07613538988860326,0.0686681356347166,0.028210307259150448
1,91,-0.07615375198922757,0.06856408373117885,0.028112376055820787
1,92,-0.07615375198922757,0.06856408373117885,0.028112376055820787
1,93,-0.0757314236748684,0.06823356591994124,0.02731668502876729
1,94,-0.07585995837923859,0.06821520381931692,0.02832660056310442
1,95,-0.07585995837923859,0.06821520381931692,0.02832660056310442
1,96,-0.0758783204798629,0.0684967560288897,0.02800220345207492
1,97,-0.07590892398090342,0.0683253764230628,0.028467376667890808
1,98,-0.07590892398090342,0.0683253764230628,0.028467376667890808
1,99,-0.07615375198922757,0.06860692863263558,0.028063410454155956
2,0,0.06787856530787122,-0.08878687721875382,0.04427714530542294
2,1,0.06787856530787122,-0.08878687721875382,0.04427714530542294
2,2,0.06779899620516587,-0.08871342881625657,0.04431999020687967
2,3,0.06759701309829844,-0.08844411800710002,0.04511568123393316
2,4,0.06759701309829844,-0.08844411800710002,0.04511568123393316
2,5,0.06762149589913086,-0.0889215326233321,0.045054474231852125
2,6,0.06801934141265761,-0.0890684294283266,0.0453299057412168
2,7,0.06760925449871466,-0.08867670461500796,0.045066715632268335
2,8,0.06760925449871466,-0.08867670461500796,0.045066715632268335
2,9,0.06781735830579019,-0.0890623087281185,0.04504223283143592
2,10,0.06766434080058759,-0.08857877341167829,0.045225853837679034
2,11,0.06766434080058759,-0.08857877341167829,0.045225853837679034
2,12,0.06773778920308483,-0.08862161831313502,0.04527481943934386
2,13,0.06750520259517688,-0.08862161831313502,0.04534826784184111
2,14,0.06750520259517688,-0.08862161831313502,0.04534826784184111
2,15,0.06767046150079568,-0.08879299791896192,0.045299302240176274
2,16,0.06803158281307382,-0.08865834251438365,0.044828008324152284
2,17,0.06803158281307382,-0.08865834251438365,0.044828008324152284
2,18,0.06775003060350104,-0.08860937691271882,0.04520749173705472
2,19,0.06764597869996328,-0.08869506671563226,0.044797404823111765
2,20,0.06790916880891174,-0.08857877341167829,0.045085077732892644
2,21,0.06790916880891174,-0.08857877341167829,0.045085077732892644
2,22,0.0675296853960093,-0.08863385971355123,0.04520749173705472
2,23,0.06761537519892276,-0.08862773901334313,0.04500550863018729
2,24,0.06761537519892276,-0.08862773901334313,0.04500550863018729
2,25,0.0676827029012119,-0.08881748071979434,0.04410576569959603
2,26,0.06796425511078467,-0.08881136001958624,0.04482188762394418
2,27,0.06796425511078467,-0.08881136001958624,0.04482188762394418
2,28,0.06805606561390623,-0.08861549761292692,0.04519525033663851
2,29,0.06795813441057656,-0.08869506671563226,0.044301628106255354
2,30,0.06795813441057656,-0.08869506671563226,0.044301628106255354
2,31,0.06781123760558208,-0.088737911617089,0.04525033663851145
2,32,0.06779899620516587,-0.08870730811604847,0.04506059493206023
2,33,0.06779899620516587,-0.08870730811604847,0.04506059493206023
2,34,0.06807442771453054,-0.08865834251438365,0.04527481943934386
2,35,0.06762761659933897,-0.08861549761292692,0.04487697392581712
2,36,0.06782347900599829,-0.08866446321459175,0.0438915411923124
2,37,0.06782347900599829,-0.08866446321459175,0.0438915411923124
2,38,0.06771330640225241,-0.08880523931937814,0.04408128289876362
2,39,0.06787856530787122,-0.0887562737177133,0.04514628473497368
2,40,0.06787856530787122,-0.0887562737177133,0.04514628473497368
2,41,0.06763985799975517,-0.08903782592728608,0.04520137103684661
2,42,0.0676827029012119,-0.08878075651854572,0.04490757742685763
2,43,0.0676827029012119,-0.08878075651854572,0.04490757742685763
2,44,0.06772554780266862,-0.0884318766066838,0.04481576692373608
2,45,0.06803158281307382,-0.08846860080793242,0.0437262822866936
2,46,0.06803158281307382,-0.08846860080793242,0.0437262822866936
2,47,0.06793977230995227,-0.08886644632145918,0.04509119843310075
2,48,0.0678418411066226,-0.08866446321459175,0.043830334190231364
2,49,0.06750520259517688,-0.08852980781001346,0.044797404823111765
2,50,0.06750520259517688,-0.08852980781001346,0.044797404823111765
2,51,0.06792753090953604,-0.08857877341167829,0.04398335169543396
2,52,0.06783572040641449,-0.08874403231729709,0.04403231729709879
2,53,0.06783572040641449,-0.08874403231729709,0.04403231729709879
2,54,0.06760925449871466,-0.0887501530175052,0.045256457338719545
2,55,0.06806830701432244,-0.08876239441792141,0.04507895703268454
2,56,0.06806830701432244,-0.08876239441792141,0.04507895703268454
2,57,0.06778675480474966,-0.088737911617089,0.04495042232831436
2,58,0.06757253029746603,-0.08860325621251071,0.04503611213122781
2,59,0.06757253029746603,-0.08860325621251071,0.04503611213122781
2,60,0.06743175419267963,-0.08870730811604847,0.04427714530542294
2,61,0.06797649651120088,-0.08878075651854572,0.04444852491124985
2,62,0.06797649651120088,-0.08878075651854572,0.04444852491124985
2,63,0.06778675480474966,-0.0889215326233321,0.04420369690292569
2,64,0.06759089239809034,-0.08903782592728608,0.04417921410209328
2,65,0.06763985799975517,-0.08863385971355123,0.044870853225609006
2,66,0.06763985799975517,-0.08863385971355123,0.044870853225609006
2,67,0.06782959970620639,-0.08846860080793242,0.04497490512914677
2,68,0.06798261721140898,-0.08884196352062676,0.04452197331374709
2,69,0.06798261721140898,-0.08884196352062676,0.04452197331374709
2,70,0.06762149589913086,-0.08832782470314604,0.04498714652956298
2,71,0.0676949443016281,-0.08852980781001346,0.043916023993144815
2,72,0.0676949443016281,-0.08852980781001346,0.043916023993144815
2,73,0.06762761659933897,-0.08834618680377035,0.04518912963643041
2,74,0.0676765822010038,-0.08844411800710002,0.04329783327212633
2,75,0.0676765822010038,-0.08844411800710002,0.04329783327212633
2,76,0.06803158281307382,-0.08886032562125107,0.045164646835597996
2,77,0.06783572040641449,-0.08853592851022157,0.0440506793977231
2,78,0.06783572040641449,-0.08853592851022157,0.04514628473497368
2,79,0.06760925449871466,-0.0888970498224997,0.04514628473497368
2,80,0.06780511690537397,-0.08845635940751621,0.045158526135389884
2,81,0.06762149589913086,-0.08860937691271882,0.045140164034765576
2,82,0.06762149589913086,-0.08860937691271882,0.045140164034765576
2,83,0.06799485861182519,-0.08869506671563226,0.04465050801811728
2,84,0.06807442771453054,-0.08845635940751621,0.04414861060105276
2,85,0.06807442771453054,-0.08845635940751621,0.04414861060105276
2,86,0.06770106500183622,-0.08845635940751621,0.045140164034765576
2,87,0.06788468600807931,-0.08837066960460277,0.0450177500306035
2,88,0.06788468600807931,-0.08837066960460277,0.0450177500306035
2,89,0.06764597869996328,-0.088737911617089,0.04413636920063656
2,90,0.06781123760558208,-0.08874403231729709,0.04502999143101971
2,91,0.06781123760558208,-0.08874403231729709,0.04502999143101971
2,92,0.0676827029012119,-0.08857265271147019,0.04511568123393316
2,93,0.06762149589913086,-0.08891541192312401,0.045170767535806094
2,94,0.06766434080058759,-0.08862773901334313,0.045409474843922146
2,95,0.06766434080058759,-0.08862773901334313,0.045409474843922146
2,96,0.06781123760558208,-0.08834006610356224,0.045164646835597996
2,97,0.06741951279226344,-0.08868282531521607,0.04402619659689068
2,98,0.06741951279226344,-0.08868282531521607,0.04402619659689068
2,99,0.06771330640225241,-0.08877463581833762,0.044711715020198314
3,0,-0.06728485738768515,-0.041406536907822256,0.006475700820173828
3,1,-0.06750520259517688,-0.041822744521973314,0.006469580119965725
3,2,-0.06750520259517688,-0.041822744521973314,0.006469580119965725
3,3,-0.06774390990329293,-0.0416330028155221,0.0065919941241278
3,4,-0.06734606438976619,-0.04150446811115192,0.006769494430162811
3,5,-0.06734606438976619,-0.04150446811115192,0.006769494430162811
3,6,-0.06734606438976619,-0.04151670951156812,0.0067266495287060845
3,7,-0.06771942710246051,-0.04198188272738401,0.006622597625168319
3,8,-0.0675296853960093,-0.041779899620516585,0.006647080426000734
3,9,-0.0675296853960093,-0.041779899620516585,0.006647080426000734
3,10,-0.06736442649039051,-0.04164524421593831,0.006610356224752112
3,11,-0.06725425388664463,-0.041565675113232954,0.006665442526625045
3,12,-0.06725425388664463,-0.041565675113232954,0.006665442526625045
3,13,-0.06756640959725793,-0.041804382421349,0.006530787122046762
3,14,-0.06729097808789325,-0.041792141020932795,0.006634839025584527
3,15,-0.06729097808789325,-0.041792141020932795,0.005067939772309953
3,16,-0.06751744399559309,-0.04161464071489778,0.0062553556126820915
3,17,-0.06751132329538499,-0.041651364916146405,0.006487942220590036
3,18,-0.06754192679642551,-0.041792141020932795,0.006738890929122292
3,19,-0.06754192679642551,-0.041792141020932795,0.006738890929122292
3,20,-0.06724813318643653,-0.04129024360386828,0.006420614518300893
3,21,-0.06729709878810136,-0.04174929611947607,0.006390011017260375
3,22,-0.06729709878810136,-0.04174929611947607,0.006390011017260375
3,23,-0.06730321948830946,-0.04172481331864365,0.0064634594197576205
3,24,-0.06736442649039051,-0.04145550250948708,0.006432855918717101
3,25,-0.06736442649039051,-0.04145550250948708,0.006432855918717101
3,26,-0.06722977108581221,-0.04149834741094381,0.0065919941241278
3,27,-0.06754192679642551,-0.04165748561635451,0.006793977230995225
3,28,-0.06754192679642551,-0.04165748561635451,0.006793977230995225
3,29,-0.0676827029012119,-0.041681968417186924,0.006561390623087281
3,30,-0.06760925449871466,-0.04149834741094381,0.006445097319133309
3,31,-0.06746235769372017,-0.041834985922389524,0.006598114824335905
3,32,-0.06746235769372017,-0.041834985922389524,0.006598114824335905
3,33,-0.06733382298934998,-0.04176765822010038,0.006818460031827641
3,34,-0.06729097808789325,-0.041547313012608646,0.006524666421838658
3,35,-0.06729097808789325,-0.041547313012608646,0.006524666421838658
3,36,-0.06715632268331498,-0.041877830823846246,0.006610356224752112
3,37,-0.06738890929122292,-0.04178602032072469,0.006640959725792631
3,38,-0.06738890929122292,-0.04178602032072469,0.006640959725792631
3,39,-0.0675235646958012,-0.041547313012608646,0.006616476924960216
3,40,-0.06756028889704982,-0.04155955441302485,0.006579752723711594
3,41,-0.06756028889704982,-0.04155955441302485,0.006579752723711594
3,42,-0.06753580609621741,-0.04154119231240054,0.006885787734116783
3,43,-0.06735218508997429,-0.04181050312155711,0.006524666421838658
3,44,-0.06743787489288774,-0.04129636430407639,0.006683804627249356
3,45,-0.06743787489288774,-0.04129636430407639,0.006683804627249356
3,46,-0.06743787489288774,-0.04171257191822745,0.006659321826416942
3,47,-0.06729097808789325,-0.04177377892030849,0.006604235524544008
3,48,-0.06729097808789325,-0.04177377892030849,0.006604235524544008
3,49,-0.0673583057901824,-0.04152895091198433,0.0065919941241278
3,50,-0.06760313379850655,-0.04149834741094381,0.006622597625168319
3,51,-0.06760313379850655,-0.04149834741094381,0.006622597625168319
3,52,-0.06734606438976619,-0.04173093401885176,0.006383890317052271
3,53,-0.06739502999143102,-0.041412657608030354,0.006610356224752112
3,54,-0.06739502999143102,-0.041412657608030354,0.006610356224752112
3,55,-0.06745623699351205,-0.04154119231240054,0.006640959725792631
3,56,-0.06765209940017139,-0.041651364916146405,0.006610356224752112
3,57,-0.0673583057901824,-0.041565675113232954,0.006567511323295384
3,58,-0.0673583057901824,-0.041565675113232954,0.006567511323295384
3,59,-0.0675235646958012,-0.041932917125719185,0.006506304321214347
3,60,-0.06729709878810136,-0.04157791651364916,0.006738890929122292
3,61,-0.06729709878810136,-0.04157791651364916,0.006738890929122292
3,62,-0.06741339209205534,-0.04144938180927898,0.006640959725792631
3,63,-0.06773166850287674,-0.041834985922389524,0.0065919941241278
3,64,-0.06773166850287674,-0.041834985922389524,0.0065919941241278
3,65,-0.06740115069163913,-0.04150446811115192,0.006714408128289877
3,66,-0.06742563349247153,-0.04189619292447056,0.0064634594197576205
3,67,-0.06742563349247153,-0.04189619292447056,0.0064634594197576205
3,68,-0.06762149589913086,-0.041565675113232954,0.006818460031827641
3,69,-0.06751744399559309,-0.04121679520137104,0.006628718325376423
3,70,-0.06735218508997429,-0.041651364916146405,0.006512425021422451
3,71,-0.06735218508997429,-0.041651364916146405,0.006512425021422451
3,72,-0.0675235646958012,-0.04176765822010038,0.006610356224752112
3,73,-0.06726037458685273,-0.04144938180927898,0.006530787122046762
3,74,-0.06726037458685273,-0.04144938180927898,0.006530787122046762
3,75,-0.06744399559309586,-0.041975762027175914,0.006353286816011753
3,76,-0.06736442649039051,-0.04151058881136002,0.006616476924960216
3,77,-0.06736442649039051,-0.04151058881136002,0.006616476924960216
3,78,-0.06739502999143102,-0.041651364916146405,0.006610356224752112
3,79,-0.06734606438976619,-0.04185946872322194,0.006640959725792631
3,80,-0.06734606438976619,-0.04185946872322194,0.006640959725792631
3,81,-0.06757865099767414,-0.041620761415105886,0.006622597625168319
3,82,-0.06738890929122292,-0.04160239931448158,0.006622597625168319
3,83,-0.0673827885910148,-0.04162688211531399,0.006353286816011753
3,84,-0.0673827885910148,-0.04162688211531399,0.006353286816011753
3,85,-0.06725425388664463,-0.04159627861427347,0.006598114824335905
3,86,-0.06736442649039051,-0.041681968417186924,0.006524666421838658
3,87,-0.06736442649039051,-0.041681968417186924,0.006524666421838658
3,88,-0.06749908189496878,-0.04162688211531399,0.006604235524544008
3,89,-0.06735218508997429,-0.04155955441302485,0.0065919941241278
3,90,-0.06735218508997429,-0.04155955441302485,0.0065919941241278
3,91,-0.06698494307748806,-0.04150446811115192,0.006787856530787122
3,92,-0.06751132329538499,-0.04184722732280573,0.0065369078222548655
3,93,-0.06751132329538499,-0.04184722732280573,0.0065369078222548655
3,94,-0.06745623699351205,-0.041822744521973314,0.0065369078222548655
3,95,-0.06739502999143102,-0.04173093401885176,0.006365528216427959
3,96,-0.06753580609621741,-0.04171257191822745,0.0068000979312033295
3,97,-0.06753580609621741,-0.04171257191822745,0.0068000979312033295
3,98,-0.06740727139184723,-0.04178602032072469,0.006598114824335905
3,99,-0.06756640959725793,-0.04176765822010038,0.006738890929122292
