values,,Magnetometer,Magnetometer,Magnetometer
axis,,x,y,z
Sensor,Sample,,,
0,0,0.08721997796547926,0.11104174317541926,0.06603011384502387
0,1,0.08737299547068185,0.11104174317541926,0.06603011384502387
0,2,0.08739747827151426,0.11110295017750031,0.06616476924960216
0,3,0.08684661525278492,0.11069898396376546,0.06585873423919696
0,4,0.08684661525278492,0.11069898396376546,0.06585873423919696
0,5,0.08748316807442771,0.11118863998041376,0.06598726894356714
0,6,0.08710368466152528,0.11080303586730322,0.06590157914065368
0,7,0.08710368466152528,0.11080303586730322,0.06590157914065368
0,8,0.08737299547068185,0.11123760558207858,0.06584649283878076
0,9,0.08726894356714408,0.11112743297833272,0.06565675113232954
0,10,0.08726894356714408,0.11112743297833272,0.06565675113232954
0,11,0.0874525645733872,0.11115803647937324,0.06558330272983229
0,12,0.08725670216672787,0.11117639857999755,0.06520381931692985
0,13,0.08725670216672787,0.11117639857999755,0.06520381931692985
0,14,0.0872811849675603,0.11102950177500306,0.06531399192067573
0,15,0.08737299547068185,0.11091320847104909,0.06563838903170523
0,16,0.08737299547068185,0.11091320847104909,0.06563838903170523
0,17,0.08745868527359531,0.11131717468478394,0.06571183743420247
0,18,0.08732402986901702,0.11096829477292203,0.06557106132941608
0,19,0.08732402986901702,0.11096829477292203,0.06557106132941608
0,20,0.08716489166360632,0.11091320847104909,0.06618925205043456
0,21,0.08742196107234668,0.11090708777084099,0.06599338964377524
0,22,0.08742196107234668,0.11085200146896805,0.06536907822254866
0,23,0.08737299547068185,0.11085200146896805,0.06536907822254866
0,24,0.0871342881625658,0.11112743297833272,0.06556494062920798
0,25,0.08740359897172237,0.11119476068062187,0.06604235524544008
0,26,0.08740359897172237,0.11119476068062187,0.06604235524544008
0,27,0.08727506426735218,0.11093769127188151,0.06593218264169422
0,28,0.0874709266740115,0.11128657118374341,0.06580364793732403
0,29,0.0874709266740115,0.11128657118374341,0.06580364793732403
0,30,0.08721385726527114,0.11098053617333822,0.06566899253274575
0,31,0.0872995470681846,0.11099889827396255,0.06616476924960216
0,32,0.0872995470681846,0.11099889827396255,0.06616476924960216
0,33,0.08717101236381442,0.11106622597625168,0.06580364793732403
0,34,0.08720161586485495,0.11147631289019463,0.06585261353898886
0,35,0.08720161586485495,0.11147631289019463,0.06585261353898886
0,36,0.08745868527359531,0.11101726037458685,0.06588321704002939
0,37,0.08722609866568735,0.11123760558207858,0.0659138205410699
0,38,0.08722609866568735,0.11123760558207858,0.0659138205410699
0,39,0.08720773656506305,0.11095605337250583,0.06580364793732403
0,40,0.08720773656506305,0.1109193291712572,0.06543028522462971
0,41,0.08720773656506305,0.1109193291712572,0.06543028522462971
0,42,0.08742196107234668,0.11131105398457583,0.06531399192067573
0,43,0.08733015056922512,0.11087648426980046,0.06568123393316196
0,44,0.08733015056922512,0.11087648426980046,0.06568123393316196
0,45,0.08700575345819563,0.11086424286938426,0.06574856163545109
0,46,0.0872995470681846,0.11087036356959237,0.06593830334190232
0,47,0.08725058146651977,0.11081527726771942,0.06566899253274575
0,48,0.08725058146651977,0.11081527726771942,0.06566899253274575
0,49,0.08718325376423063,0.11114579507895703,0.06547313012608642
0,50,0.08717101236381442,0.11110907087770841,0.06532011262088383
0,51,0.08717101236381442,0.11110907087770841,0.06532011262088383
0,52,0.08752601297588444,0.11111519157791652,0.06595054474231851
0,53,0.08750153017505202,0.11099889827396255,0.06565063043212144
0,54,0.08750153017505202,0.11099889827396255,0.06565063043212144
0,55,0.0872995470681846,0.11100501897417066,0.06598726894356714
0,56,0.0872934263679765,0.11104174317541926,0.06589545844044559
0,57,0.0872934263679765,0.11104174317541926,0.06589545844044559
0,58,0.08754437507650875,0.11118251928020566,0.06613416574856164
0,59,0.08720773656506305,0.11116415717958135,0.06599338964377524
0,60,0.08720773656506305,0.11116415717958135,0.06599338964377524
0,61,0.08702411555881992,0.11110295017750031,0.06634226955563717
0,62,0.0873056677683927,0.11082751866813563,0.0662198555514751
0,63,0.08732402986901702,0.11098665687354634,0.06603623454523197
0,64,0.08732402986901702,0.11098665687354634,0.06603623454523197
0,65,0.08727506426735218,0.11117027787978946,0.06547925082629454
0,66,0.08727506426735218,0.11102338107479495,0.06615252784918595
0,67,0.08727506426735218,0.11102338107479495,0.06615252784918595
0,68,0.08733627126943322,0.11098053617333822,0.06609132084710491
0,69,0.08750765087526013,0.11096829477292203,0.06582813073815644
0,70,0.08750765087526013,0.11096829477292203,0.06582813073815644
0,71,0.08724446076631168,0.111084588076876,0.06565063043212144
0,72,0.08726894356714408,0.11101113967437874,0.06557718202962419
0,73,0.08726894356714408,0.11101113967437874,0.06557718202962419
0,74,0.08738523687109805,0.11099277757375443,0.0659260619414861
0,75,0.08726894356714408,0.11113355367854083,0.06550373362712694
0,76,0.08726894356714408,0.11113355367854083,0.06550373362712694
0,77,0.08748928877463583,0.11114579507895703,0.06529562982005141
0,78,0.08734239196964133,0.11111519157791652,0.065742440935243
0,79,0.08734239196964133,0.11111519157791652,0.065742440935243
0,80,0.0869629085567389,0.11080303586730322,0.06588321704002939
0,81,0.08704247765944424,0.11102338107479495,0.0660790794466887
0,82,0.08704247765944424,0.11093769127188151,0.06549761292691883
0,83,0.08721997796547926,0.11093769127188151,0.06549761292691883
0,84,0.0874648059738034,0.11082139796792753,0.06607295874648059
0,85,0.087146529562982,0.11102338107479495,0.06588321704002939
0,86,0.087146529562982,0.11102338107479495,0.06588321704002939
0,87,0.08717713306402253,0.11093769127188151,0.06564450973191334
0,88,0.08737299547068185,0.11101726037458685,0.0657608030358673
0,89,0.08737299547068185,0.11101726037458685,0.0657608030358673
0,90,0.0873056677683927,0.11097441547313011,0.06577304443628351
0,91,0.08717101236381442,0.1109193291712572,0.06530787122046762
0,92,0.08717101236381442,0.1109193291712572,0.06530787122046762
0,93,0.08710368466152528,0.11084588076875994,0.06596890684294283
0,94,0.0873056677683927,0.11107846737666789,0.06588933774023749
0,95,0.0873056677683927,0.11107846737666789,0.06588933774023749
0,96,0.08731790916880891,0.11096829477292203,0.06588321704002939
0,97,0.08718325376423063,0.11110907087770841,0.06571795813441059
0,98,0.08718325376423063,0.11110907087770841,0.06571795813441059
0,99,0.08731790916880891,0.11104174317541926,0.06565063043212144
1,0,-0.0861855796303097,0.07175296853960092,0.026851511812951402
1,1,-0.08588566532011263,0.07163055453543885,0.02713306402252418
1,2,-0.08607540702656384,0.07164279593585507,0.026765822010037948
1,3,-0.08607540702656384,0.07164279593585507,0.026765822010037948
1,4,-0.0861917003305178,0.07178969274084955,0.027347288529807813
1,5,-0.08590402742073693,0.0716856408373118,0.02712694332231607
1,6,-0.08591014812094504,0.07163667523564696,0.026961684416697267
1,7,-0.08591014812094504,0.07163667523564696,0.026961684416697267
1,8,-0.08588566532011263,0.07164279593585507,0.02736565063043212
1,9,-0.08611213122781246,0.07165503733627127,0.027347288529807813
1,10,-0.08611213122781246,0.07165503733627127,0.027347288529807813
1,11,-0.08595911372260986,0.07190598604480353,0.026325131595054473
1,12,-0.08605092422573143,0.07183865834251438,0.027047374219610724
1,13,-0.08605092422573143,0.07183865834251438,0.027047374219610724
1,14,-0.08583669971844779,0.07177133064022524,0.026924960215448646
1,15,-0.08613661402864488,0.07173460643897663,0.02617211408985188
1,16,-0.08613661402864488,0.07173460643897663,0.02617211408985188
1,17,-0.08617945893010161,0.07148977843065246,0.027249357326478145
1,18,-0.08610601052760436,0.07174072713918472,0.026759701309829843
1,19,-0.08594075162198556,0.07175908923980903,0.02688211531399192
1,20,-0.08594075162198556,0.07175908923980903,0.02688211531399192
1,21,-0.08609376912718815,0.071697882237728,0.027298322928142982
1,22,-0.08621618313135022,0.07181417554168197,0.026117027787978947
1,23,-0.08621618313135022,0.07181417554168197,0.026117027787978947
1,24,-0.08611825192802056,0.07176520994001714,0.026875994613783816
1,25,-0.08626514873301507,0.07183865834251438,0.026918839515240545
1,26,-0.08626514873301507,0.07183865834251438,0.026918839515240545
1,27,-0.08610601052760436,0.07200391724813318,0.02681478761170278
1,28,-0.08603256212510711,0.07183253764230628,0.026790304810870365
1,29,-0.08603256212510711,0.07183253764230628,0.026790304810870365
1,30,-0.08613049332843678,0.07173460643897663,0.027194271024605216
1,31,-0.0860203207246909,0.07174072713918472,0.027059615620026935
1,32,-0.08628963153384747,0.07179581344105765,0.027194271024605216
1,33,-0.08628963153384747,0.07179581344105765,0.027194271024605216
1,34,-0.08598971722365038,0.07189986534459543,0.027108581221691762
1,35,-0.08613049332843678,0.07165503733627127,0.02704125351940262
1,36,-0.08613049332843678,0.07165503733627127,0.02704125351940262
1,37,-0.08625902803280695,0.0717162443383523,0.027243236626270047
1,38,-0.08605704492593953,0.07182641694209818,0.027237115926061938
1,39,-0.08605704492593953,0.07182641694209818,0.027237115926061938
1,40,-0.08621618313135022,0.07164279593585507,0.026459786999632758
1,41,-0.08609376912718815,0.07164891663606317,0.027029012118986413
1,42,-0.08609376912718815,0.07164891663606317,0.027029012118986413
1,43,-0.08595911372260986,0.07180805484147387,0.026857632513159507
1,44,-0.08616109682947728,0.07163667523564696,0.02667401150691639
1,45,-0.08772799608275186,0.07216305545354389,0.027543150936467132
1,46,-0.08621006243114213,0.07216305545354389,0.027543150936467132
1,47,-0.08608764842698005,0.07173460643897663,0.027096339821275555
1,48,-0.08609988982739626,0.07177745134043334,0.026967805116905375
1,49,-0.08609988982739626,0.07177745134043334,0.026967805116905375
1,50,-0.08602644142489901,0.07163667523564696,0.027065736320235033
1,51,-0.08609376912718815,0.07166727873668748,0.026765822010037948
1,52,-0.08609376912718815,0.07166727873668748,0.026765822010037948
1,53,-0.08609376912718815,0.07174072713918472,0.027145305422940386
1,54,-0.08592238952136125,0.0718508997429306,0.026833149712327094
1,55,-0.08592238952136125,0.0718508997429306,0.026833149712327094
1,56,-0.08607540702656384,0.07182029624189007,0.0271759089239809
1,57,-0.08595299302240175,0.0716917615375199,0.026937201615864853
1,58,-0.08603868282531521,0.0716856408373118,0.02691271881503244
1,59,-0.08603868282531521,0.0716856408373118,0.02691271881503244
1,60,-0.0861917003305178,0.07191822744521972,0.027096339821275555
1,61,-0.08609988982739626,0.07174684783939282,0.02721875382543763
1,62,-0.08609988982739626,0.07174684783939282,0.02721875382543763
1,63,-0.08619782103072592,0.07166115803647938,0.027475823234177986
1,64,-0.08620394173093401,0.07143469212877954,0.027488064634594196
1,65,-0.08620394173093401,0.07143469212877954,0.027488064634594196
1,66,-0.08615497612926919,0.07178357204064145,0.027328926429183498
1,67,-0.08605704492593953,0.07162443383523075,0.027212633125229525
1,68,-0.08611825192802056,0.0721936589545844,0.026839270412535192
1,69,-0.08611825192802056,0.0721936589545844,0.026839270412535192
1,70,-0.08594687232219365,0.07166115803647938,0.027506426735218508
1,71,-0.08598971722365038,0.07166115803647938,0.026637287305667768
1,72,-0.08598971722365038,0.07166115803647938,0.026637287305667768
1,73,-0.08631411433467989,0.07166115803647938,0.027549271636675237
1,74,-0.0861917003305178,0.07199167584771697,0.027114701921899863
1,75,-0.0861917003305178,0.07199167584771697,0.027114701921899863
1,76,-0.08615497612926919,0.07167339943689557,0.027151426123148487
1,77,-0.0860142000244828,0.07204676214958991,0.027328926429183498
1,78,-0.0860142000244828,0.07204676214958991,0.027328926429183498
1,79,-0.08614273472885298,0.07150814053127677,0.027029012118986413
1,80,-0.08607540702656384,0.07142857142857142,0.027279960827518667
1,81,-0.0860019586240666,0.07193046884563595,0.027249357326478145
1,82,-0.0860019586240666,0.07193046884563595,0.027249357326478145
1,83,-0.08626514873301507,0.07172848573876851,0.026637287305667768
1,84,-0.08611213122781246,0.07193046884563595,0.026563838903170524
1,85,-0.08611213122781246,0.07193046884563595,0.026563838903170524
1,86,-0.08605704492593953,0.07136124372628229,0.02680254621128657
1,87,-0.08611213122781246,0.07175296853960092,0.02679642551107847
1,88,-0.08611213122781246,0.07175296853960092,0.02679642551107847
1,89,-0.08608764842698005,0.07153874403231729,0.026490390500673276
1,90,-0.0860019586240666,0.0717162443383523,0.026820908311910883
1,91,-0.0860019586240666,0.0717162443383523,0.026820908311910883
1,92,-0.08594075162198556,0.0716917615375199,0.02699228791773779
1,93,-0.08608152772677194,0.07191210674501163,0.026716856408373117
1,94,-0.08614273472885298,0.07141020932794712,0.027016770718570206
1,95,-0.08614273472885298,0.07141020932794712,0.027016770718570206
1,96,-0.08597747582323417,0.07190598604480353,0.02610478638756274
1,97,-0.08615497612926919,0.07212633125229526,0.02753703023625903
1,98,-0.08615497612926919,0.07212633125229526,0.02753703023625903
1,99,-0.08603256212510711,0.07178357204064145,0.025957889582568245
2,0,0.07000244828008324,-0.09834129024360387,0.03829722120210552
2,1,0.07000244828008324,-0.09834129024360387,0.03829722120210552
2,2,0.07032072469090464,-0.09829232464193903,0.03892153262333211
2,3,0.06999020687966703,-0.09798016893132575,0.03902558452686987
2,4,0.06999020687966703,-0.09820663483902559,0.03908067082874281
2,5,0.06986779287550496,-0.09820663483902559,0.03908067082874281
2,6,0.06999632757987514,-0.0979005998286204,0.03872567021667279
2,7,0.07033296609132085,-0.09831068674256335,0.03919084343248867
2,8,0.07033296609132085,-0.09831068674256335,0.03919084343248867
2,9,0.07029012118986412,-0.09848206634839025,0.038658342514383645
2,10,0.06980658587342392,-0.09818827273840128,0.039141877830823846
2,11,0.06980658587342392,-0.09818827273840128,0.039141877830823846
2,12,0.06973313747092667,-0.098408617945893,0.03921532623332109
2,13,0.06983106867425634,-0.09835965234422818,0.0374586852735953
2,14,0.06983106867425634,-0.09835965234422818,0.0374586852735953
2,15,0.07011874158403722,-0.09869629085567388,0.03880523931937814
2,16,0.07003917248133187,-0.09802301383278247,0.03916636063165626
2,17,0.07003917248133187,-0.09802301383278247,0.03916636063165626
2,18,0.0699167584771698,-0.09813930713673644,0.038927653323540215
2,19,0.06980658587342392,-0.09808422083486351,0.039001101726037456
2,20,0.06986167217529685,-0.09804137593340678,0.038768515118129517
2,21,0.06986167217529685,-0.09804137593340678,0.038768515118129517
2,22,0.06990451707675358,-0.09842698004651732,0.03908679152895091
2,23,0.06963520626759702,-0.09835965234422818,0.038229893499816384
2,24,0.06963520626759702,-0.09835965234422818,0.038229893499816384
2,25,0.06995960337862651,-0.09811482433590403,0.038156445097319136
2,26,0.06997796547925082,-0.09821275553923368,0.03903782592728608
2,27,0.06997796547925082,-0.09821275553923368,0.03903782592728608
2,28,0.07013710368466153,-0.098231117639858,0.03830946260252173
2,29,0.06986167217529685,-0.09837189374464439,0.039184722732280575
2,30,0.06986167217529685,-0.09837189374464439,0.039184722732280575
2,31,0.07000856898029134,-0.09815766923736076,0.03764230627983841
2,32,0.07020443138695068,-0.09796792753090953,0.03797282409107602
2,33,0.07020443138695068,-0.09796792753090953,0.03797282409107602
2,34,0.07018606928632636,-0.09804749663361488,0.038144203696902926
2,35,0.07000856898029134,-0.09835965234422818,0.03878075651854572
2,36,0.0701003794834129,-0.09851879054963888,0.039056188027910395
2,37,0.0701003794834129,-0.09851879054963888,0.039056188027910395
2,38,0.069928999877586,-0.09834129024360387,0.03884196352062676
2,39,0.07000244828008324,-0.09805973803403109,0.03880523931937814
2,40,0.07000244828008324,-0.09805973803403109,0.03880523931937814
2,41,0.06991063777696169,-0.09828008324152283,0.038131962296486716
2,42,0.06983718937446444,-0.09829844534214714,0.03797894479128412
2,43,0.06983718937446444,-0.09829844534214714,0.03797894479128412
2,44,0.06983106867425634,-0.09814542783694455,0.03795446199045171
2,45,0.06988615497612927,-0.0980719794344473,0.03856653201126209
2,46,0.06988615497612927,-0.0980719794344473,0.03856653201126209
2,47,0.070106500183621,-0.09805361733382298,0.037293426367976494
2,48,0.06979434447300771,-0.09812094503611213,0.038860325621251066
2,49,0.07004529318153997,-0.09820663483902559,0.038346186803770346
2,50,0.07004529318153997,-0.09820663483902559,0.038346186803770346
2,51,0.06970865467009427,-0.0980658587342392,0.037446443873179094
2,52,0.0699412412780022,-0.0980658587342392,0.03785653078712205
2,53,0.0699412412780022,-0.0980658587342392,0.03785653078712205
2,54,0.07005753458195617,-0.09831068674256335,0.03873791161708899
2,55,0.07013710368466153,-0.09835353164402008,0.03884808422083486
2,56,0.07013710368466153,-0.09835353164402008,0.03884808422083486
2,57,0.07002081038070755,-0.0985371526502632,0.03890929122291591
2,58,0.06998408617945892,-0.0983902558452687,0.038915411923124005
2,59,0.06998408617945892,-0.0983902558452687,0.038915411923124005
2,60,0.07000856898029134,-0.09808422083486351,0.03869506671563227
2,61,0.0702411555881993,-0.09816991063777696,0.03887256702166728
2,62,0.0701003794834129,-0.09835965234422818,0.038701187415840374
2,63,0.0701003794834129,-0.09835965234422818,0.038701187415840374
2,64,0.06995348267841842,-0.09804137593340678,0.03860937691271881
2,65,0.06999632757987514,-0.09802301383278247,0.0384257559064757
2,66,0.06999632757987514,-0.09802301383278247,0.0384257559064757
2,67,0.06986779287550496,-0.09817603133798507,0.038119720896070505
2,68,0.0701003794834129,-0.09847594564818216,0.0390684294283266
2,69,0.0701003794834129,-0.09847594564818216,0.0390684294283266
2,70,0.07005753458195617,-0.098231117639858,0.037899375688578776
2,71,0.07000856898029134,-0.09801689313257436,0.039172481331864364
2,72,0.07000856898029134,-0.09801689313257436,0.039172481331864364
2,73,0.07001468968049945,-0.09816378993756886,0.03808299669482189
2,74,0.069751499571551,-0.09815154853715266,0.03883584282041865
2,75,0.07000244828008324,-0.09836577304443629,0.03828497980168931
2,76,0.07000244828008324,-0.09836577304443629,0.03828497980168931
2,77,0.06995960337862651,-0.09820663483902559,0.03893377402374832
2,78,0.0697821030725915,-0.0977414616232097,0.038413514506059496
2,79,0.0697821030725915,-0.0977414616232097,0.038413514506059496
2,80,0.0699228791773779,-0.098231117639858,0.037152650263190104
2,81,0.07006365528216428,-0.0982433590402742,0.03905006732770229
2,82,0.07006365528216428,-0.0982433590402742,0.03905006732770229
2,83,0.07016770718570205,-0.09804137593340678,0.03820541069898396
2,84,0.06999632757987514,-0.09817603133798507,0.038756273717713306
2,85,0.06999632757987514,-0.09817603133798507,0.038756273717713306
2,86,0.06973925817113477,-0.09809646223527971,0.0382543763006488
2,87,0.06986779287550496,-0.09810870363569593,0.03881136001958624
2,88,0.06986779287550496,-0.09810870363569593,0.03806463459419758
2,89,0.06988003427592117,-0.09821275553923368,0.03806463459419758
2,90,0.07023503488799118,-0.09819439343860938,0.038119720896070505
2,91,0.06974537887134288,-0.09799853103195005,0.03806463459419758
2,92,0.06974537887134288,-0.09799853103195005,0.03806463459419758
2,93,0.07004529318153997,-0.0982433590402742,0.038119720896070505
2,94,0.06997796547925082,-0.0982249969396499,0.038701187415840374
2,95,0.06997796547925082,-0.0982249969396499,0.038701187415840374
2,96,0.0699412412780022,-0.09798628963153386,0.03889092912229159
2,97,0.07005753458195617,-0.09830456604235524,0.03781368588566532
2,98,0.07005753458195617,-0.09830456604235524,0.03781368588566532
2,99,0.069928999877586,-0.09816991063777696,0.039001101726037456
3,0,-0.0684967560288897,-0.04446688701187416,0.001009915534337128
3,1,-0.06860692863263558,-0.0442098176031338,0.001083363936834374
3,2,-0.06860692863263558,-0.0442098176031338,0.001083363936834374
3,3,-0.06842330762639245,-0.044313869506671565,0.0009670706328804015
3,4,-0.0684967560288897,-0.04430774880646346,0.0007834496266372873
3,5,-0.06841718692618436,-0.04460766311666055,0.0008201738278859101
3,6,-0.06841718692618436,-0.04460766311666055,0.0008201738278859101
3,7,-0.06885787734116783,-0.04448524911249847,0.000887501530175052
3,8,-0.06846003182764107,-0.044313869506671565,0.0009731913330885053
3,9,-0.06846003182764107,-0.044313869506671565,0.0009731913330885053
3,10,-0.0684906353286816,-0.04444852491124985,0.000856898029134533
3,11,-0.0684906353286816,-0.04438731790916881,0.0007038805239319378
3,12,-0.0684906353286816,-0.04438731790916881,0.0007038805239319378
3,13,-0.06857020443138695,-0.044283266005631046,0.0008079324274697026
3,14,-0.06865589423430041,-0.04433835230750398,0.0009119843310074673
3,15,-0.06865589423430041,-0.04433835230750398,0.0009119843310074673
3,16,-0.06853348023013833,-0.04434447300771208,0.0008507773289264291
3,17,-0.06836822132451953,-0.04446076631166605,0.0007895703268453911
3,18,-0.06836822132451953,-0.044301628106255354,0.0008324152283021177
3,19,-0.0686620149345085,-0.044301628106255354,0.0008324152283021177
3,20,-0.06855796303097075,-0.044142489900844656,0.0009425878320479863
3,21,-0.06846003182764107,-0.044130248500428446,0.0009548292324641939
3,22,-0.06846003182764107,-0.044130248500428446,0.0009548292324641939
3,23,-0.06863141143346799,-0.04427714530542294,0.000856898029134533
3,24,-0.06851511812951402,-0.04446076631166605,0.0008079324274697026
3,25,-0.06851511812951402,-0.04446076631166605,0.0008079324274697026
3,26,-0.06865589423430041,-0.044399559309585016,0.0009119843310074673
3,27,-0.06852123882972212,-0.04430774880646346,0.0010343983351695433
3,28,-0.06852123882972212,-0.04430774880646346,0.0010343983351695433
3,29,-0.06846615252784918,-0.04431999020687967,0.0009119843310074673
3,30,-0.06837434202472763,-0.04424654180438242,0.0010588811360019586
3,31,-0.06837434202472763,-0.04424654180438242,0.0010588811360019586
3,32,-0.0683314971232709,-0.04435671440812829,0.0010037948341290244
3,33,-0.06850899742930591,-0.04426490390500673,0.0007650875260129758
3,34,-0.0684783939282654,-0.044142489900844656,0.0006487942220590036
3,35,-0.0684783939282654,-0.044142489900844656,0.0006487942220590036
3,36,-0.0684722732280573,-0.044173093401885175,0.0006487942220590036
3,37,-0.06879667033908679,-0.044271024605214836,0.0007650875260129758
3,38,-0.06879667033908679,-0.044271024605214836,0.0007650875260129758
3,39,-0.06836822132451953,-0.04444852491124985,0.0010282776349614395
3,40,-0.06855184233076264,-0.0440629207981393,0.0006426735218508998
3,41,-0.06855184233076264,-0.0440629207981393,0.0006426735218508998
3,42,-0.06841718692618436,-0.04425878320479863,0.0010343983351695433
3,43,-0.06843554902680866,-0.04416085200146897,0.000918105031215571
3,44,-0.06843554902680866,-0.04416085200146897,0.000918105031215571
3,45,-0.0686436528338842,-0.04458930101603624,0.00094870853225609
3,46,-0.06852123882972212,-0.04452197331374709,0.0006793977230995226
3,47,-0.06857020443138695,-0.04424654180438242,0.000636552821642796
3,48,-0.06857020443138695,-0.04424654180438242,0.000636552821642796
3,49,-0.0684783939282654,-0.04426490390500673,0.0011568123393316196
3,50,-0.06872322193658956,-0.0442159383033419,0.0007222426245562493
3,51,-0.06872322193658956,-0.0442159383033419,0.0007222426245562493
3,52,-0.06834985922389522,-0.044424042110417436,0.0006487942220590036
3,53,-0.06830089362223038,-0.04403843799730689,0.0008324152283021177
3,54,-0.06830089362223038,-0.04403843799730689,0.0008324152283021177
3,55,-0.06851511812951402,-0.0443628351083364,0.0007344840249724568
3,56,-0.0685028767290978,-0.044289386705839144,0.0009609499326722977
3,57,-0.0685028767290978,-0.044289386705839144,0.0009609499326722977
3,58,-0.06855796303097075,-0.044130248500428446,0.0011078467376667892
3,59,-0.0685028767290978,-0.04416697270167707,0.0010405190353776472
3,60,-0.06838046272493573,-0.044515852613538985,0.0008446566287183254
3,61,-0.06838046272493573,-0.044515852613538985,0.0008446566287183254
3,62,-0.06860692863263558,-0.04444852491124985,0.0007406047251805606
3,63,-0.06844166972701678,-0.04427714530542294,0.0008079324274697026
3,64,-0.06844166972701678,-0.04427714530542294,0.0008079324274697026
3,65,-0.06872934263679766,-0.04410576569959603,0.0007467254253886645
3,66,-0.06855796303097075,-0.044271024605214836,0.0011139674378748928
3,67,-0.06855796303097075,-0.044271024605214836,0.0007467254253886645
3,68,-0.0684967560288897,-0.04414861060105276,0.0007467254253886645
3,69,-0.06838046272493573,-0.044301628106255354,0.001046639735585751
3,70,-0.06830089362223038,-0.04425266250459052,0.0009731913330885053
3,71,-0.06830089362223038,-0.04425266250459052,0.0009731913330885053
3,72,-0.06863141143346799,-0.04425266250459052,0.000918105031215571
3,73,-0.06821520381931692,-0.04430774880646346,0.0009793120332966092
3,74,-0.06821520381931692,-0.04430774880646346,0.0009793120332966092
3,75,-0.06844166972701678,-0.044283266005631046,0.0008997429305912597
3,76,-0.0686375321336761,-0.04433223160729587,0.00094870853225609
3,77,-0.0686375321336761,-0.04433223160729587,0.00094870853225609
3,78,-0.06855184233076264,-0.04450973191333089,0.0007161219243481455
3,79,-0.06861304933284368,-0.04417921410209328,0.0008385359285102217
3,80,-0.06861304933284368,-0.04417921410209328,0.0008385359285102217
3,81,-0.0686497735340923,-0.044430162810625534,0.0011568123393316196
3,82,-0.06845391112743297,-0.044056800097931205,0.0010527604357938548
3,83,-0.0686620149345085,-0.04434447300771208,0.0011139674378748928
3,84,-0.0686620149345085,-0.04434447300771208,0.0011139674378748928
3,85,-0.0688150324397111,-0.0443750765087526,0.00107724323662627
3,86,-0.06868649773534093,-0.04425266250459052,0.0008630187293426368
3,87,-0.06868649773534093,-0.04425266250459052,0.0008630187293426368
3,88,-0.06870485983596523,-0.044399559309585016,0.0008446566287183254
3,89,-0.0684967560288897,-0.04424042110417432,0.000887501530175052
3,90,-0.0684967560288897,-0.04424042110417432,0.000887501530175052
3,91,-0.0684967560288897,-0.04431999020687967,0.000918105031215571
3,92,-0.06842942832660057,-0.04430774880646346,0.0012669849430774881
3,93,-0.06842942832660057,-0.04430774880646346,0.0012669849430774881
3,94,-0.06837434202472763,-0.04411800710001224,0.0008018117272615987
3,95,-0.06867425633492472,-0.0442159383033419,0.000918105031215571
3,96,-0.0685028767290978,-0.044442404211041744,0.0010282776349614395
3,97,-0.0685028767290978,-0.044442404211041744,0.0010282776349614395
3,98,-0.06855184233076264,-0.0442159383033419,0.001016036234545232
3,99,-0.06860080793242747,-0.04402619659689068,0.000887501530175052
