values,,Magnetometer,Magnetometer,Magnetometer
axis,,x,y,z
Sensor,Sample,,,
0,0,0.048659566654425265,0.07756763373729955,-0.008721997796547925
0,1,0.048659566654425265,0.07756763373729955,-0.008721997796547925
0,2,0.04872689435671441,0.07756151303709144,-0.008575100991553434
0,3,0.048616721752968536,0.07751866813563471,-0.008936222303831558
0,4,0.048616721752968536,0.07751866813563471,-0.008936222303831558
0,5,0.04865344595421716,0.07743909903292936,-0.008287428081772555
0,6,0.048818704859835964,0.07724935732647815,-0.008709756396131718
0,7,0.04857999755171992,0.07714530542294037,-0.008544497490512915
0,8,0.04857999755171992,0.07714530542294037,-0.008544497490512915
0,9,0.04873913575713061,0.0773350471293916,-0.008979067205288285
0,10,0.048775859958379235,0.07720651242502143,-0.008611825192802057
0,11,0.048775859958379235,0.07720651242502143,-0.008611825192802057
0,12,0.04872689435671441,0.0773289264291835,-0.008550618190721018
0,13,0.04864732525400906,0.07726159872689435,-0.009150446811115192
0,14,0.04864732525400906,0.07726159872689435,-0.009150446811115192
0,15,0.04842698004651732,0.07723711592606194,-0.009205533112988126
0,16,0.048659566654425265,0.0773228057289754,-0.00874648059738034
0,17,0.048659566654425265,0.0773228057289754,-0.00874648059738034
0,18,0.0488737911617089,0.07725547802668625,-0.008581221691761537
0,19,0.04879422205900355,0.07707797772065125,-0.008783204798628963
0,20,0.04879422205900355,0.07707797772065125,-0.008783204798628963
0,21,0.04866568735463337,0.07737177133064023,-0.008960705104663975
0,22,0.04851879054963888,0.07712694332231608,-0.008899498102582936
0,23,0.04851879054963888,0.07712694332231608,-0.008899498102582936
0,24,0.04898396376545477,0.07751254743542661,-0.008850532500918105
0,25,0.048273962541314726,0.07725547802668625,-0.008795446199045171
0,26,0.048273962541314726,0.07725547802668625,-0.008789325498837066
0,27,0.04856775615130371,0.07744521973313748,-0.008789325498837066
0,28,0.048684049455257686,0.07720651242502143,-0.008783204798628963
0,29,0.048684049455257686,0.07753090953605093,-0.00908311910882605
0,30,0.048684049455257686,0.07753090953605093,-0.00908311910882605
0,31,0.04880034275921165,0.0774880646345942,-0.008428204186558942
0,32,0.0487146529562982,0.0774819439343861,-0.00858734239196964
0,33,0.0487146529562982,0.0774819439343861,-0.00858734239196964
0,34,0.048684049455257686,0.07734116782959971,-0.0082017382788591
0,35,0.0487146529562982,0.07727996082751867,-0.009444240421104175
0,36,0.0487146529562982,0.07727996082751867,-0.009444240421104175
0,37,0.04881258415962786,0.07738401273105643,-0.009034153507161219
0,38,0.04862284245317665,0.07723099522585383,-0.008972946505080182
0,39,0.04862284245317665,0.07723099522585383,-0.008972946505080182
0,40,0.048561635451095604,0.0774880646345942,-0.008495531888848084
0,41,0.0487207736565063,0.0771636675235647,-0.009138205410698983
0,42,0.0487207736565063,0.0771636675235647,-0.009138205410698983
0,43,0.04862284245317665,0.0773350471293916,-0.00858734239196964
0,44,0.048757497857754926,0.07736565063043213,-0.008960705104663975
0,45,0.048757497857754926,0.07736565063043213,-0.008960705104663975
0,46,0.048671808054841476,0.07724935732647815,-0.008679152895091198
0,47,0.04883706696046028,0.07724935732647815,-0.008464928387807564
0,48,0.048531031950055085,0.0773228057289754,-0.008354755784061698
0,49,0.048531031950055085,0.0773228057289754,-0.008354755784061698
0,50,0.048702411555881994,0.07735952993022402,-0.008991308605704493
0,51,0.04859835965234423,0.0774941853348023,-0.009009670706328804
0,52,0.04864732525400906,0.07735952993022402,-0.008575100991553434
0,53,0.04876973925817114,0.0773228057289754,-0.00908311910882605
0,54,0.04884318766066838,0.07720651242502143,-0.008495531888848084
0,55,0.048886032562125106,0.07731056432855918,-0.008960705104663975
0,56,0.048886032562125106,0.07721263312522952,-0.00845880768759946
0,57,0.048671808054841476,0.07721263312522952,-0.00845880768759946
0,58,0.04859223895213612,0.07737177133064023,-0.008562859591137225
0,59,0.048702411555881994,0.07731056432855918,-0.008844411800710002
0,60,0.0487146529562982,0.07752478883584282,-0.009058636307993634
0,61,0.04863508385359285,0.07728608152772677,-0.008764842698004652
0,62,0.04884930836087649,0.07721263312522952,-0.00861794589301016
0,63,0.048531031950055085,0.07740849553188885,-0.00864854939405068
0,64,0.048690170155465784,0.07739625413147264,-0.008703635695923613
0,65,0.04872689435671441,0.07739625413147264,-0.008642428693842576
0,66,0.048659566654425265,0.07722487452564573,-0.008593463092177745
0,67,0.0485555147508875,0.07734116782959971,-0.008936222303831558
0,68,0.04884318766066838,0.07754927163667523,-0.008673032194883095
0,69,0.04873301505692251,0.07720039172481333,-0.008985187905496388
0,70,0.048690170155465784,0.07740849553188885,-0.009144326110907087
0,71,0.048684049455257686,0.07719427102460522,-0.008740359897172237
0,72,0.048684049455257686,0.07719427102460522,-0.008740359897172237
0,73,0.04866568735463337,0.07737177133064023,-0.008630187293426368
0,74,0.04864732525400906,0.0775003060350104,-0.00861794589301016
0,75,0.04866568735463337,0.07746970253396988,-0.00895458440445587
0,76,0.04875137715754682,0.07739625413147264,-0.00856898029134533
0,77,0.04864120455380096,0.07724323662627004,-0.008630187293426368
0,78,0.048775859958379235,0.07713918472273228,-0.008764842698004652
0,79,0.048830946260252174,0.07757987513771576,-0.008403721385726527
0,80,0.04866568735463337,0.0773228057289754,-0.008446566287183254
0,81,0.048690170155465784,0.07726159872689435,-0.008526135389888603
0,82,0.04864732525400906,0.07742073693230506,-0.00844044558697515
0,83,0.048757497857754926,0.07727996082751867,-0.00882604970008569
0,84,0.048757497857754926,0.07727996082751867,-0.008348635083853593
0,85,0.04883706696046028,0.07724935732647815,-0.008348635083853593
0,86,0.048659566654425265,0.07739013343126454,-0.008709756396131718
0,87,0.04857387685151181,0.07726771942710246,-0.008477169788223774
0,88,0.04866568735463337,0.0771575468233566,-0.008789325498837066
0,89,0.04875137715754682,0.0773228057289754,-0.00839147998531032
0,90,0.048690170155465784,0.07758599583792386,-0.008703635695923613
0,91,0.04874525645733872,0.07729220222793488,-0.008611825192802057
0,92,0.04869629085567389,0.07725547802668625,-0.008483290488431878
0,93,0.04860448035255233,0.07739013343126454,-0.00918105031215571
0,94,0.0487146529562982,0.07734728852980781,-0.008379238584894113
0,95,0.04873301505692251,0.07746970253396988,-0.008538376790304811
0,96,0.04869629085567389,0.07739013343126454,-0.00861794589301016
0,97,0.048659566654425265,0.07713918472273228,-0.008752601297588444
0,98,0.048659566654425265,0.07713918472273228,-0.008752601297588444
0,99,0.048702411555881994,0.07727384012731056,-0.008709756396131718
1,0,-0.06098053617333823,0.09170645121801935,0.013471661158036479
1,1,-0.060668380462724936,0.09189007222426246,0.01435304198800343
1,2,-0.060668380462724936,0.09189007222426246,0.01435304198800343
1,3,-0.06118863998041376,0.09173705471905987,0.014034765577182029
1,4,-0.06089484637042477,0.09146774390990328,0.013906230872811851
1,5,-0.06089484637042477,0.09146774390990328,0.013906230872811851
1,6,-0.06103562247521116,0.09179214102093279,0.013496143958868894
1,7,-0.06111519157791652,0.09190231362467867,0.014010282776349614
1,8,-0.06111519157791652,0.09190231362467867,0.014010282776349614
1,9,-0.06118251928020566,0.0921165381319623,0.013783816868649773
1,10,-0.0609376912718815,0.09170033051781123,0.014102093279471173
1,11,-0.0609376912718815,0.09170033051781123,0.014102093279471173
1,12,-0.061053984575835475,0.09230627983841352,0.014102093279471173
1,13,-0.06107234667645979,0.09198188272738402,0.013667523564695801
1,14,-0.0611029501775003,0.09182274452197331,0.014267352185089973
1,15,-0.0611029501775003,0.09182274452197331,0.014267352185089973
1,16,-0.06113355367854082,0.09189007222426246,0.014297955686130492
1,17,-0.06084588076875994,0.09191455502509487,0.013887868772187539
1,18,-0.06084588076875994,0.09191455502509487,0.013887868772187539
1,19,-0.06110907087770841,0.09168196841718693,0.014151058881136002
1,20,-0.061053984575835475,0.09170033051781123,0.014071489778430651
1,21,-0.061053984575835475,0.09170033051781123,0.014071489778430651
1,22,-0.06096217407271391,0.09136369200636553,0.013924592973436161
1,23,-0.061023381074794956,0.09176153751989227,0.013887868772187539
1,24,-0.061023381074794956,0.09176153751989227,0.013887868772187539
1,25,-0.061023381074794956,0.09189007222426246,0.013998041375933407
1,26,-0.06090708777084099,0.09199412412780023,0.014040886277390132
1,27,-0.060698983963765454,0.09185334802301384,0.014383645489043948
1,28,-0.060698983963765454,0.09185334802301384,0.014383645489043948
1,29,-0.060913208471049085,0.09187783082384625,0.014426490390500674
1,30,-0.06098665687354633,0.09187171012363814,0.013918472273228058
1,31,-0.06098665687354633,0.09187171012363814,0.013918472273228058
1,32,-0.060882604970008566,0.09192067572530296,0.013288040151793365
1,33,-0.0611029501775003,0.09143101970865466,0.013949075774268576
1,34,-0.0611029501775003,0.09143101970865466,0.013949075774268576
1,35,-0.06099889827396254,0.09181050312155711,0.014144938180927899
1,36,-0.06080303586730322,0.09174929611947606,0.014010282776349614
1,37,-0.06080303586730322,0.09174929611947606,0.014010282776349614
1,38,-0.06099889827396254,0.09218386583425145,0.014346921287795324
1,39,-0.06115803647937325,0.09186558942343004,0.013606316562614762
1,40,-0.061341657485616354,0.09179214102093279,0.01393683437385237
1,41,-0.061341657485616354,0.09179214102093279,0.01393683437385237
1,42,-0.06098053617333823,0.09185334802301384,0.01442036969029257
1,43,-0.06100501897417064,0.09205533112988126,0.01400416207614151
1,44,-0.06100501897417064,0.09205533112988126,0.01400416207614151
1,45,-0.06115803647937325,0.09206145183008936,0.013949075774268576
1,46,-0.06115803647937325,0.09176153751989227,0.013257436650752847
1,47,-0.06115803647937325,0.09176153751989227,0.013257436650752847
1,48,-0.06089484637042477,0.09159627861427347,0.013251315950544743
1,49,-0.061011139674378746,0.09172481331864366,0.013061574244093524
1,50,-0.061011139674378746,0.09172481331864366,0.013061574244093524
1,51,-0.06112131227812462,0.09193291712571919,0.013557350960949932
1,52,-0.06118863998041376,0.0921226588321704,0.013722609866568735
1,53,-0.061127432978332716,0.0919512792263435,0.013073815644509731
1,54,-0.06126208838291101,0.09166972701677072,0.01336148855429061
1,55,-0.06104786387562737,0.0919696413269678,0.01358795446199045
1,56,-0.06098665687354633,0.09190231362467867,0.013863385971355124
1,57,-0.06104786387562737,0.09165136491614641,0.013092177745134043
1,58,-0.061053984575835475,0.09188395152405435,0.013355367854082506
1,59,-0.0609193291712572,0.09182886522218142,0.014304076386338595
1,60,-0.06098053617333823,0.09155955441302485,0.01336148855429061
1,61,-0.06097441547313013,0.09215938303341902,0.013814420369690291
1,62,-0.06101726037458686,0.09178602032072469,0.014242869384257558
1,63,-0.06104174317541927,0.09182274452197331,0.014236748684049455
1,64,-0.061213122781246174,0.09189007222426246,0.013514506059493206
1,65,-0.060956053372505814,0.09160239931448158,0.013728730566776839
1,66,-0.06090708777084099,0.09175541681968417,0.014071489778430651
1,67,-0.06107846737666789,0.09172481331864366,0.014102093279471173
1,68,-0.06094381197208961,0.0919573999265516,0.013967437874892888
1,69,-0.061213122781246174,0.09179214102093279,0.013655282164279595
1,70,-0.0609315705716734,0.09155955441302485,0.013832782470314603
1,71,-0.0609315705716734,0.09155955441302485,0.013832782470314603
1,72,-0.06104174317541927,0.09178602032072469,0.013967437874892888
1,73,-0.061023381074794956,0.09166360631656262,0.014248990084465663
1,74,-0.0609315705716734,0.09181050312155711,0.01395519647447668
1,75,-0.060680621863141146,0.0919573999265516,0.014487697392581711
1,76,-0.061053984575835475,0.0919512792263435,0.014144938180927899
1,77,-0.06104174317541927,0.09174317541926796,0.013924592973436161
1,78,-0.06082139796792753,0.09171257191822745,0.013900110172603748
1,79,-0.060949932672297716,0.09200636552821642,0.014248990084465663
1,80,-0.06101726037458686,0.09203696902925694,0.014279593585506182
1,81,-0.06098053617333823,0.09205533112988126,0.013814420369690291
1,82,-0.06088872567021667,0.09189619292447056,0.014151058881136002
1,83,-0.061023381074794956,0.09187171012363814,0.013979679275309095
1,84,-0.06114579507895703,0.09207369323050557,0.01374709266740115
1,85,-0.06086424286938426,0.09209205533112988,0.013673644264903907
1,86,-0.060705104663973566,0.09169420981760314,0.013930713673644266
1,87,-0.06103562247521116,0.09168196841718693,0.014108213979679277
1,88,-0.06077855306647081,0.09201248622842453,0.014095972579263066
1,89,-0.06106010527604357,0.091804382421349,0.014126576080303588
1,90,-0.06106010527604357,0.091804382421349,0.014126576080303588
1,91,-0.061237605582078594,0.091804382421349,0.014273472885298077
1,92,-0.06108458807687599,0.09172481331864366,0.013998041375933407
1,93,-0.06103562247521116,0.09179214102093279,0.014297955686130492
1,94,-0.06098665687354633,0.09163300281552209,0.01426123148488187
1,95,-0.0611029501775003,0.09172481331864366,0.014316317786754804
1,96,-0.06094381197208961,0.09207369323050557,0.013998041375933407
1,97,-0.06090708777084099,0.09169420981760314,0.01395519647447668
1,98,-0.06101726037458686,0.09175541681968417,0.013728730566776839
1,99,-0.06104786387562737,0.09182274452197331,0.013545109560533725
2,0,0.13334557473374956,-0.09173093401885177,0.06595054474231851
2,1,0.13332721263312525,-0.0914861060105276,0.06867425633492472
2,2,0.13332721263312525,-0.0914861060105276,0.06867425633492472
2,3,0.1334373852368711,-0.09172481331864366,0.0676827029012119
2,4,0.1334435059370792,-0.09133920920553311,0.06772554780266862
2,5,0.1334435059370792,-0.09133920920553311,0.06772554780266862
2,6,0.1331068674256335,-0.09140041620761416,0.06775615130370914
2,7,0.1331191088260497,-0.09139429550740605,0.06873546333700575
2,8,0.1331191088260497,-0.09139429550740605,0.06873546333700575
2,9,0.13337617823479006,-0.09121679520137103,0.06811727261598727
2,10,0.13314971232709022,-0.09168808911739504,0.06636675235646958
2,11,0.13338841963520626,-0.09182886522218142,0.06740727139184723
2,12,0.13338841963520626,-0.09182886522218142,0.06740727139184723
2,13,0.13333333333333333,-0.09155955441302485,0.06781735830579019
2,14,0.1333088505325009,-0.09110662259762517,0.06795813441057656
2,15,0.1333088505325009,-0.09110662259762517,0.06795813441057656
2,16,0.1334496266372873,-0.09178602032072469,0.06774390990329293
2,17,0.13343126453666299,-0.09183498592238952,0.06770106500183622
2,18,0.13343126453666299,-0.09183498592238952,0.06770106500183622
2,19,0.1334679887379116,-0.09170033051781123,0.06775003060350104
2,20,0.13305178112376054,-0.09155955441302485,0.06708899498102583
2,21,0.13305178112376054,-0.09155955441302485,0.06708899498102583
2,22,0.1335720406414494,-0.09149834741094381,0.06855796303097075
2,23,0.13334557473374956,-0.09155343371281674,0.0684845146284735
2,24,0.13334557473374956,-0.09155343371281674,0.0684845146284735
2,25,0.1331068674256335,-0.09135757130615743,0.068337617823479
2,26,0.13336393683437384,-0.09183498592238952,0.0685028767290978
2,27,0.13332721263312525,-0.09157179581344106,0.06722365038560411
2,28,0.13332721263312525,-0.09157179581344106,0.06722365038560411
2,29,0.1331252295262578,-0.09162076141510589,0.0676949443016281
2,30,0.13329660913208471,-0.09157791651364916,0.06665442526625046
2,31,0.13329660913208471,-0.09157791651364916,0.06665442526625046
2,32,0.13340066103562248,-0.09110662259762517,0.06637287305667769
2,33,0.13336393683437384,-0.09146774390990328,0.06809891051536296
2,34,0.13336393683437384,-0.09146774390990328,0.06809891051536296
2,35,0.13332721263312525,-0.09149222671073572,0.06870485983596523
2,36,0.13316195372750644,-0.09153507161219243,0.06865589423430041
2,37,0.13316195372750644,-0.09153507161219243,0.06865589423430041
2,38,0.1334373852368711,-0.09149834741094381,0.06768882360142
2,39,0.13323540213000368,-0.09130860570449259,0.0675296853960093
2,40,0.1331313502264659,-0.09165136491614641,0.06792141020932795
2,41,0.1331313502264659,-0.09165136491614641,0.06792141020932795
2,42,0.1332782470314604,-0.09171869261843554,0.06779899620516587
2,43,0.1332598849308361,-0.0913147264047007,0.0684967560288897
2,44,0.1332598849308361,-0.0913147264047007,0.0684967560288897
2,45,0.13316195372750644,-0.09102705349491982,0.0685028767290978
2,46,0.1336210062431142,-0.09167584771697881,0.06653201126208838
2,47,0.1336210062431142,-0.09167584771697881,0.06653201126208838
2,48,0.13307626392459299,-0.09137593340678174,0.06757253029746603
2,49,0.13307626392459299,-0.09145550250948709,0.06799485861182519
2,50,0.13307626392459299,-0.09145550250948709,0.06799485861182519
2,51,0.1332415228302118,-0.09143101970865466,0.06852735952993022
2,52,0.1334557473374954,-0.09155955441302485,0.06756640959725793
2,53,0.1332843677316685,-0.09162688211531399,0.06869873913575712
2,54,0.13320479862896314,-0.09144938180927899,0.06867425633492472
2,55,0.133137470926674,-0.09184110662259762,0.06740115069163913
2,56,0.13302729832292814,-0.09163300281552209,0.06846615252784918
2,57,0.1332843677316685,-0.09150446811115191,0.06627494185334802
2,58,0.13338229893499814,-0.09168196841718693,0.06814787611702779
2,59,0.13352919573999264,-0.09162076141510589,0.06710123638144204
2,60,0.13337005753458195,-0.09153507161219243,0.06637899375688579
2,61,0.13346186803770352,-0.09181050312155711,0.06824580732035744
2,62,0.13332109193291714,-0.09151670951156812,0.06853960093034643
2,63,0.13326600563104418,-0.09170645121801935,0.0684906353286816
2,64,0.13322928142979557,-0.09138205410698984,0.06818460031827642
2,65,0.1332782470314604,-0.0919573999265516,0.06555881992899988
2,66,0.13339454033541437,-0.09169420981760314,0.06740727139184723
2,67,0.1333088505325009,-0.09159627861427347,0.06855184233076264
2,68,0.13305790182396865,-0.09146162320969518,0.06792753090953604
2,69,0.1331068674256335,-0.09171869261843554,0.06782959970620639
2,70,0.1331068674256335,-0.09171869261843554,0.06782959970620639
2,71,0.13304566042355245,-0.09136981270657363,0.06857020443138695
2,72,0.13310074672542538,-0.09175541681968417,0.06854572163055453
2,73,0.13349247153874405,-0.09155343371281674,0.06806830701432244
2,74,0.13305178112376054,-0.09123515730199536,0.06774390990329293
2,75,0.1334251438364549,-0.09129636430407638,0.06744399559309586
2,76,0.13339454033541437,-0.09130248500428449,0.06795201371036846
2,77,0.13306402252417676,-0.09154731301260864,0.06677071857020443
2,78,0.13339454033541437,-0.09138817480719794,0.0670522707797772
2,79,0.1333027298322928,-0.09152283021177623,0.06775615130370914
2,80,0.13326600563104418,-0.09156567511323296,0.06850899742930591
2,81,0.13336393683437384,-0.09198188272738402,0.06770106500183622
2,82,0.13314971232709022,-0.09161464071489779,0.06777451340433346
2,83,0.1347166115803648,-0.09136369200636553,0.06718080548414739
2,84,0.13340066103562248,-0.09170033051781123,0.06766434080058759
2,85,0.13320479862896314,-0.09170033051781123,0.0686497735340923
2,86,0.13326600563104418,-0.09169420981760314,0.0686497735340923
2,87,0.13316807442771453,-0.09162076141510589,0.06820908311910882
2,88,0.13325376423062799,-0.09133308850532501,0.0676827029012119
2,89,0.1334435059370792,-0.09140041620761416,0.06823356591994124
2,90,0.13337617823479006,-0.09164524421593831,0.0673827885910148
2,91,0.13325376423062799,-0.09174929611947606,0.06791528950911985
2,92,0.13338841963520626,-0.09138205410698984,0.06634226955563717
2,93,0.13303341902313626,-0.0913208471049088,0.06708287428081773
2,94,0.13319867792875506,-0.09155343371281674,0.06731546088872567
2,95,0.1332782470314604,-0.09133308850532501,0.0675296853960093
2,96,0.13300281552209572,-0.09141265760803036,0.0672052882849798
2,97,0.13304566042355245,-0.0914738646101114,0.06682580487207737
2,98,0.13304566042355245,-0.09166360631656262,0.06728485738768515
2,99,0.13305790182396865,-0.09166360631656262,0.06728485738768515
3,0,-0.12268943567144082,-0.06995960337862651,0.05151793365160975
3,1,-0.12298934998163791,-0.06997184477904272,0.05184845146284735
3,2,-0.12298934998163791,-0.06997184477904272,0.05184845146284735
3,3,-0.12298934998163791,-0.06976986167217529,0.0517750030603501
3,4,-0.12289753947851634,-0.0700942587832048,0.0516036234545232
3,5,-0.12259762516831925,-0.07022891418778308,0.05185457216305546
3,6,-0.12259762516831925,-0.07022891418778308,0.05185457216305546
3,7,-0.12272615987268945,-0.07014322438486963,0.05171991675847717
3,8,-0.12274452197331373,-0.06989227567633736,0.05153017505202595
3,9,-0.12274452197331373,-0.06989227567633736,0.05153017505202595
3,10,-0.12253029746603013,-0.06967193046884564,0.05198310686742563
3,11,-0.12295262578038928,-0.06999020687966703,0.05186069286326356
3,12,-0.12295262578038928,-0.06999020687966703,0.05186069286326356
3,13,-0.12274452197331373,-0.06974537887134288,0.051909658464928385
3,14,-0.12254253886644632,-0.07017994858611826,0.051768882360142
3,15,-0.12254253886644632,-0.07017994858611826,0.051768882360142
3,16,-0.12278736687477047,-0.07000244828008324,0.05168319255722855
3,17,-0.12265271147019219,-0.06963520626759702,0.05178724446076631
3,18,-0.1228057289753948,-0.06983106867425634,0.051591382054106995
3,19,-0.1228057289753948,-0.06983106867425634,0.051591382054106995
3,20,-0.12272003917248134,-0.06976986167217529,0.0517566409597258
3,21,-0.12262210796915167,-0.06986779287550496,0.05189741706451219
3,22,-0.12262210796915167,-0.06986779287550496,0.05189741706451219
3,23,-0.12271391847227323,-0.07005753458195617,0.051689313257436656
3,24,-0.12264659076998408,-0.06997796547925082,0.05142612314848819
3,25,-0.12264659076998408,-0.06997796547925082,0.05142612314848819
3,26,-0.12266495287060838,-0.06965356836822131,0.051836210062431144
3,27,-0.12253641816623821,-0.06986167217529685,0.05157301995348268
3,28,-0.12253641816623821,-0.06986167217529685,0.05157301995348268
3,29,-0.12265271147019219,-0.07006365528216428,0.051866813563471656
3,30,-0.12299547068184599,-0.07007589668258049,0.05152405435181785
3,31,-0.12277512547435428,-0.07006365528216428,0.051750520259517686
3,32,-0.12277512547435428,-0.07006365528216428,0.051750520259517686
3,33,-0.12262822866935978,-0.06968417186926185,0.05216672787366875
3,34,-0.12270167707185702,-0.06962908556738891,0.05184233076263924
3,35,-0.12270167707185702,-0.06962908556738891,0.05184233076263924
3,36,-0.12260986656873547,-0.06960460276655649,0.05182396866201493
3,37,-0.12278124617456236,-0.06986779287550496,0.051695433957644754
3,38,-0.12278124617456236,-0.06986779287550496,0.051695433957644754
3,39,-0.1226588321704003,-0.06989839637654548,0.05195862406659322
3,40,-0.12281797037581099,-0.06983718937446444,0.05184233076263924
3,41,-0.12281797037581099,-0.06983718937446444,0.05184233076263924
3,42,-0.12283021177622719,-0.06981270657363202,0.05164646835597993
3,43,-0.12260986656873547,-0.06982494797404823,0.052050434569714775
3,44,-0.12268331497123271,-0.07015546578528584,0.05195862406659322
3,45,-0.12268331497123271,-0.07015546578528584,0.05195862406659322
3,46,-0.12235891786020321,-0.07002693108091565,0.05144448524911251
3,47,-0.12302607418288651,-0.06970253396988615,0.05174439955930958
3,48,-0.12302607418288651,-0.06970253396988615,0.05174439955930958
3,49,-0.12287917737789203,-0.0699167584771698,0.051750520259517686
3,50,-0.12287917737789203,-0.07032072469090464,0.051750520259517686
3,51,-0.12292814297955686,-0.07002081038070755,0.05187905496388787
3,52,-0.12273228057289753,-0.07012486228424532,0.05182396866201493
3,53,-0.12284245317664341,-0.07000244828008324,0.051891296364304076
3,54,-0.12290978087893253,-0.06997796547925082,0.05189741706451219
3,55,-0.12260986656873547,-0.07007589668258049,0.05178724446076631
3,56,-0.12284245317664341,-0.07008201738278859,0.05198310686742563
3,57,-0.12284245317664341,-0.07021055208715878,0.05178112376055821
3,58,-0.12279960827518668,-0.07021055208715878,0.05178112376055821
3,59,-0.12303219488309462,-0.07017994858611826,0.05188517566409597
3,60,-0.12271391847227323,-0.06967193046884564,0.051805606561390626
3,61,-0.12268331497123271,-0.070106500183621,0.051836210062431144
3,62,-0.12256702166727873,-0.07038805239319378,0.05191577916513649
3,63,-0.12273228057289753,-0.07007589668258049,0.051664830456604235
3,64,-0.12292814297955686,-0.06973925817113477,0.05198310686742563
3,65,-0.1226955563716489,-0.07024727628840739,0.0517566409597258
3,66,-0.12294650508018116,-0.06982494797404823,0.05216672787366875
3,67,-0.1228240910760191,-0.06969641326967804,0.0517627616599339
3,68,-0.12279960827518668,-0.06981270657363202,0.05181172726159873
3,69,-0.12279348757497859,-0.06986779287550496,0.05182396866201493
3,70,-0.12294650508018116,-0.07006365528216428,0.05187293426367976
3,71,-0.12264047006977599,-0.07019831068674257,0.052038193169298565
3,72,-0.12284245317664341,-0.06999020687966703,0.051621985555147507
3,73,-0.12287917737789203,-0.06981882727384012,0.052221814175541684
3,74,-0.12278736687477047,-0.06998408617945892,0.05199534826784184
3,75,-0.12278736687477047,-0.07022279348757497,0.0519218998653446
3,76,-0.12304443628351083,-0.07022279348757497,0.0519218998653446
3,77,-0.12287917737789203,-0.07005141388174807,0.05245440078344963
3,78,-0.12285469457705962,-0.07018606928632636,0.05183008936222304
3,79,-0.1226955563716489,-0.07017994858611826,0.05233810747949565
3,80,-0.12278124617456236,-0.0697759823723834,0.05173827885910148
3,81,-0.12289753947851634,-0.0700881380829967,0.05172603745868527
3,82,-0.1229709878810136,-0.07000856898029134,0.05195862406659322
3,83,-0.12256090096707065,-0.069928999877586,0.0517750030603501
3,84,-0.12295874648059738,-0.07001468968049945,0.05181784796180683
3,85,-0.12278736687477047,-0.0699167584771698,0.05187905496388787
3,86,-0.12295262578038928,-0.07008201738278859,0.0517750030603501
3,87,-0.12306279838413514,-0.07012486228424532,0.05165870975639612
3,88,-0.12289141877830825,-0.07006365528216428,0.0519218998653446
3,89,-0.12294038437997308,-0.06995960337862651,0.05187905496388787
3,90,-0.12290366017872445,-0.06980046517321582,0.051493450850777334
3,91,-0.12293426367976497,-0.07017382788591014,0.05184845146284735
3,92,-0.12294650508018116,-0.07020443138695068,0.05210552087158771
3,93,-0.1226588321704003,-0.069751499571551,0.0519218998653446
3,94,-0.1226588321704003,-0.069751499571551,0.0519218998653446
3,95,-0.12284245317664341,-0.06984331007467254,0.05156689925327458
3,96,-0.12276900477414616,-0.06981882727384012,0.052050434569714775
3,97,-0.12281184967560288,-0.06995348267841842,0.051909658464928385
3,98,-0.12287917737789203,-0.07008201738278859,0.05188517566409597
3,99,-0.12292814297955686,-0.07002693108091565,0.05201983106867426
