values,,Magnetometer,Magnetometer,Magnetometer
axis,,x,y,z
Sensor,Sample,,,
0,0,0.0437262822866936,0.07232219365895458,-0.009303464316317787
0,1,0.043548781980658584,0.07229771085812217,-0.009315705716733996
0,2,0.043548781980658584,0.07229771085812217,-0.009315705716733996
0,3,0.04358550618190721,0.07253029746603011,-0.009578895825682459
0,4,0.04365283388419635,0.07226098665687355,-0.009633982127555393
0,5,0.04365283388419635,0.07226098665687355,-0.009633982127555393
0,6,0.04371404088627739,0.07226098665687355,-0.009640102827763496
0,7,0.04372016158648549,0.07225486595666544,-0.009750275431509364
0,8,0.043756885787734116,0.07237727996082752,-0.009425878320479864
0,9,0.043756885787734116,0.07237727996082752,-0.009425878320479864
0,10,0.04369567878565308,0.07232831435916269,-0.009793120332966091
0,11,0.04378136858856653,0.07223038315583302,-0.009829844534214715
0,12,0.04378136858856653,0.07223038315583302,-0.009829844534214715
0,13,0.0437385236871098,0.07226710735708165,-0.010166483045660424
0,14,0.0437385236871098,0.07216305545354389,-0.009793120332966091
0,15,0.0437385236871098,0.07216305545354389,-0.009793120332966091
0,16,0.04384869629085568,0.07256090096707063,-0.009560533725058147
0,17,0.043885420492104296,0.07247521116415719,-0.01005018974170645
0,18,0.043885420492104296,0.07247521116415719,-0.01005018974170645
0,19,0.04403231729709879,0.07245072836332477,-0.009848206634839025
0,20,0.04362223038315584,0.07245684906353286,-0.009897172236503857
0,21,0.04362223038315584,0.07245684906353286,-0.009897172236503857
0,22,0.04390990329293672,0.07216305545354389,-0.009431999020687967
0,23,0.0437324029869017,0.07230383155833028,-0.009499326722977108
0,24,0.0437324029869017,0.07230383155833028,-0.009499326722977108
0,25,0.04365283388419635,0.07227322805728975,-0.009707430530052638
0,26,0.04383645489043946,0.07229159015791406,-0.00977475823234178
0,27,0.04383645489043946,0.07229159015791406,-0.00977475823234178
0,28,0.043548781980658584,0.07230995225853838,-0.00977475823234178
0,29,0.04384257559064757,0.0723711592606194,-0.009921655037336271
0,30,0.04364671318398825,0.07225486595666544,-0.010276655649406292
0,31,0.04364671318398825,0.07225486595666544,-0.010276655649406292
0,32,0.043775247888358425,0.07244460766311665,-0.009327947117150202
0,33,0.043958868894601544,0.0721752968539601,-0.009303464316317787
0,34,0.043958868894601544,0.0721752968539601,-0.009303464316317787
0,35,0.04384869629085568,0.07242624556249236,-0.009560533725058147
0,36,0.043903782592728605,0.07245072836332477,-0.009505447423185213
0,37,0.043903782592728605,0.07245072836332477,-0.009505447423185213
0,38,0.043787489288774635,0.07241400416207613,-0.009725792630676949
0,39,0.04371404088627739,0.0723711592606194,-0.009585016525890562
0,40,0.04371404088627739,0.0723711592606194,-0.009585016525890562
0,41,0.043946627494185334,0.07235891786020321,-0.009334067817358306
0,42,0.043903782592728605,0.07245072836332477,-0.009468723221936589
0,43,0.043903782592728605,0.07245072836332477,-0.009468723221936589
0,44,0.043787489288774635,0.07229159015791406,-0.009523809523809523
0,45,0.04366507528461256,0.07229771085812217,-0.009921655037336271
0,46,0.04366507528461256,0.07229771085812217,-0.009921655037336271
0,47,0.04384257559064757,0.072346676459787,-0.009578895825682459
0,48,0.04385481699106378,0.07228546945770596,-0.009988982739625413
0,49,0.04385481699106378,0.07228546945770596,-0.00967682702901212
0,50,0.043775247888358425,0.07238952136124373,-0.00967682702901212
0,51,0.043689558085444974,0.07214469335291958,-0.009603378626514874
0,52,0.043830334190231364,0.07221814175541683,-0.009731913330885054
0,53,0.0437385236871098,0.07240176276165994,-0.00943811972089607
0,54,0.04364059248378015,0.07228546945770596,-0.009487085322560901
0,55,0.043928265393561025,0.07246296976374098,-0.009658464928387808
0,56,0.043548781980658584,0.07241400416207613,-0.009370792018606928
0,57,0.043689558085444974,0.07214469335291958,-0.009352429917982618
0,58,0.043903782592728605,0.07246909046394907,-0.009707430530052638
0,59,0.043689558085444974,0.07229771085812217,-0.009633982127555393
0,60,0.043689558085444974,0.07229771085812217,-0.009529930224017626
0,61,0.04357938548169911,0.0723405557595789,-0.009529930224017626
0,62,0.04386705839147999,0.0723711592606194,-0.0098053617333823
0,63,0.04379360998898274,0.07243848696290855,-0.009511568123393316
0,64,0.04343860937691272,0.0722059003550006,-0.009793120332966091
0,65,0.043701799485861184,0.07230383155833028,-0.00938915411923124
0,66,0.04376912718815033,0.07243236626270046,-0.009860448035255234
0,67,0.04360386828253152,0.0721752968539601,-0.009346309217774514
0,68,0.043542661280450486,0.0723711592606194,-0.00956665442526625
0,69,0.043658954584404455,0.07208960705104664,-0.009358550618190721
0,70,0.04372016158648549,0.0723711592606194,-0.009585016525890562
0,71,0.043689558085444974,0.07232831435916269,-0.009738034031093157
0,72,0.043689558085444974,0.07232831435916269,-0.009738034031093157
0,73,0.043677316685028764,0.07212633125229526,-0.009536050924225731
0,74,0.04371404088627739,0.07238952136124373,-0.00951768882360142
0,75,0.04380585138939895,0.07225486595666544,-0.010068551842330763
0,76,0.04363447178357204,0.07228546945770596,-0.010086913942955075
0,77,0.043628351083363937,0.0721997796547925,-0.009976741339209205
0,78,0.04371404088627739,0.07228546945770596,-0.009701309829844535
0,79,0.04375076508752601,0.07233443505937079,-0.009995103439833517
0,80,0.043818092789815154,0.07240788346186804,-0.009529930224017626
0,81,0.04386705839147999,0.07223038315583302,-0.009493206022769004
0,82,0.043677316685028764,0.07244460766311665,-0.00918105031215571
0,83,0.043616109682947726,0.07236503856041131,-0.009401395519647446
0,84,0.04369567878565308,0.072346676459787,-0.00941975762027176
0,85,0.043683437385236876,0.0725119353654058,-0.009150446811115192
0,86,0.04364059248378015,0.07230995225853838,-0.009682947729220223
0,87,0.043683437385236876,0.07246909046394907,-0.01008079324274697
0,88,0.04386705839147999,0.07242012486228425,-0.010239931448157668
0,89,0.04366507528461256,0.07252417676582201,-0.009738034031093157
0,90,0.043671195984820665,0.07243236626270046,-0.00993389643775248
0,91,0.043671195984820665,0.07243236626270046,-0.00993389643775248
0,92,0.04370792018606929,0.07252417676582201,-0.009982862039417308
0,93,0.04376300648794222,0.0722059003550006,-0.009682947729220223
0,94,0.04369567878565308,0.07237727996082752,-0.009756396131717467
0,95,0.04379360998898274,0.07212633125229526,-0.009493206022769004
0,96,0.04387317909168809,0.07257314236748684,-0.009536050924225731
0,97,0.04396498959480964,0.07221814175541683,-0.009719671930468845
0,98,0.043885420492104296,0.07243848696290855,-0.009909413636920064
0,99,0.04369567878565308,0.07240788346186804,-0.009450361121312279
1,0,-0.05683070143224385,0.08893989472395643,0.014206145183008936
1,1,-0.05662871832537643,0.08883584282041865,0.01369812706573632
1,2,-0.05662871832537643,0.08883584282041865,0.01369812706573632
1,3,-0.05646958011996572,0.08886644632145918,0.013753213367609254
1,4,-0.05640225241767658,0.08920920553311298,0.013808299669482188
1,5,-0.05640225241767658,0.08920920553311298,0.013808299669482188
1,6,-0.05661035622475211,0.08901946382666177,0.013416574856163547
1,7,-0.056536907822254866,0.0888909291222916,0.013526747459909413
1,8,-0.056536907822254866,0.0888909291222916,0.013526747459909413
1,9,-0.05665320112620884,0.08899498102582935,0.013667523564695801
1,10,-0.05645121801934141,0.08886032562125107,0.013728730566776839
1,11,-0.05651242502142245,0.08893377402374832,0.013802178969274085
1,12,-0.05651242502142245,0.08893377402374832,0.013802178969274085
1,13,-0.05651242502142245,0.08897661892520504,0.013245195250336638
1,14,-0.05662259762516832,0.08916636063165626,0.013973558575100992
1,15,-0.05662259762516832,0.08916636063165626,0.013973558575100992
1,16,-0.0567450116293304,0.08887256702166728,0.01384502387073081
1,17,-0.056665442526625046,0.08898886032562126,0.01358795446199045
1,18,-0.056665442526625046,0.08898886032562126,0.01358795446199045
1,19,-0.05677561513037092,0.08877463581833762,0.014242869384257558
1,20,-0.05672664952870608,0.08919084343248868,0.013930713673644266
1,21,-0.05672664952870608,0.08919084343248868,0.013930713673644266
1,22,-0.056683804627249354,0.08899498102582935,0.01316562614763129
1,23,-0.05665320112620884,0.08880523931937814,0.014138817480719795
1,24,-0.05672664952870608,0.0888909291222916,0.014297955686130492
1,25,-0.05672664952870608,0.0888909291222916,0.014297955686130492
1,26,-0.056665442526625046,0.08886032562125107,0.014016403476557717
1,27,-0.05684906353286816,0.0889092912229159,0.013887868772187539
1,28,-0.05684906353286816,0.0889092912229159,0.013887868772187539
1,29,-0.05656139062308728,0.0887256702166728,0.013893989472395642
1,30,-0.05673277022891419,0.08903782592728608,0.013832782470314603
1,31,-0.05673277022891419,0.08903782592728608,0.013832782470314603
1,32,-0.0567450116293304,0.08911127432978333,0.013998041375933407
1,33,-0.05668992532745746,0.08886032562125107,0.014279593585506182
1,34,-0.05668992532745746,0.08886032562125107,0.014279593585506182
1,35,-0.056720528828497985,0.08902558452686987,0.014389766189252052
1,36,-0.056738890929122286,0.0890623087281185,0.014218386583425145
1,37,-0.056640959725792625,0.08863998041375934,0.013802178969274085
1,38,-0.056640959725792625,0.08863998041375934,0.013802178969274085
1,39,-0.0565919941241278,0.08920308483290489,0.014010282776349614
1,40,-0.056665442526625046,0.08876851511812951,0.014316317786754804
1,41,-0.056665442526625046,0.08876851511812951,0.014316317786754804
1,42,-0.05676949443016281,0.08893989472395643,0.014022524176765822
1,43,-0.05655526992287918,0.08888480842208349,0.014065369078222548
1,44,-0.05655526992287918,0.08888480842208349,0.014065369078222548
1,45,-0.05649406292079814,0.08932549883706696,0.013226833149712328
1,46,-0.056738890929122286,0.0888970498224997,0.014047006977598236
1,47,-0.056738890929122286,0.0888970498224997,0.014047006977598236
1,48,-0.05667156322683316,0.08900722242624556,0.014414248990084467
1,49,-0.056432855918717106,0.08881748071979434,0.013912351573019954
1,50,-0.05672664952870608,0.08898886032562126,0.014297955686130492
1,51,-0.05672664952870608,0.08898886032562126,0.014297955686130492
1,52,-0.05644509731913331,0.0888970498224997,0.013900110172603748
1,53,-0.05660423552454401,0.08903170522707797,0.014065369078222548
1,54,-0.05662871832537643,0.08897661892520504,0.013594075162198554
1,55,-0.05667156322683316,0.08893377402374832,0.013649161464071491
1,56,-0.05663483902558453,0.08877463581833762,0.013906230872811851
1,57,-0.05680009793120333,0.08912963643040764,0.014077610478638754
1,58,-0.05671440812828987,0.0889215326233321,0.01393683437385237
1,59,-0.05662871832537643,0.08898886032562126,0.014200024482800833
1,60,-0.05645121801934141,0.08866446321459175,0.013887868772187539
1,61,-0.05650018362100624,0.08880523931937814,0.014255110784673767
1,62,-0.0567572530297466,0.08898886032562126,0.01421226588321704
1,63,-0.05671440812828987,0.08899498102582935,0.012933039539723346
1,64,-0.05686742563349247,0.08911739502999143,0.013349247153874403
1,65,-0.056965356836822134,0.0889215326233321,0.013490023258660791
1,66,-0.05657363202350348,0.08913575713061575,0.013153384747215082
1,67,-0.05684294283266006,0.08901946382666177,0.013337005753458194
1,68,-0.05684294283266006,0.0892275676337373,0.013349247153874403
1,69,-0.05665320112620884,0.0892275676337373,0.013349247153874403
1,70,-0.05651242502142245,0.08915411923124006,0.013594075162198554
1,71,-0.05662259762516832,0.08882360142000245,0.013098298445342146
1,72,-0.05654914922267107,0.08895213612437262,0.013245195250336638
1,73,-0.056579752723711595,0.08916023993144816,0.013092177745134043
1,74,-0.05645121801934141,0.08903782592728608,0.01326355735096095
1,75,-0.05684906353286816,0.08883584282041865,0.013490023258660791
1,76,-0.05684294283266006,0.08899498102582935,0.0133431264536663
1,77,-0.056481821520381933,0.08895825682458072,0.0131839882482556
1,78,-0.0565919941241278,0.08916636063165626,0.013967437874892888
1,79,-0.056536907822254866,0.08916636063165626,0.014175541681968417
1,80,-0.056824580732035744,0.08914187783082385,0.013998041375933407
1,81,-0.05664708042600074,0.08912963643040764,0.013049332843677316
1,82,-0.056879667033908676,0.08898273962541314,0.014218386583425145
1,83,-0.05661035622475211,0.0888909291222916,0.013967437874892888
1,84,-0.05662871832537643,0.08901946382666177,0.013906230872811851
1,85,-0.0567572530297466,0.0887317909168809,0.013796058269065981
1,86,-0.05670216672787367,0.0889031705227078,0.014200024482800833
1,87,-0.05645121801934141,0.08913575713061575,0.01419390378259273
1,88,-0.0565919941241278,0.08916023993144816,0.013863385971355124
1,89,-0.056579752723711595,0.0890806708287428,0.014047006977598236
1,90,-0.0565858734239197,0.08902558452686987,0.013226833149712328
1,91,-0.0565858734239197,0.08902558452686987,0.013226833149712328
1,92,-0.056524666421838655,0.08900110172603745,0.014053127677806341
1,93,-0.0567511323295385,0.08895825682458072,0.013998041375933407
1,94,-0.056683804627249354,0.0890684294283266,0.013759334067817357
1,95,-0.05661647692496021,0.08894601542416453,0.013306402252417675
1,96,-0.05678785653078712,0.08917860203207248,0.01363079936344718
1,97,-0.0565919941241278,0.08887868772187538,0.014108213979679277
1,98,-0.05668992532745746,0.08916023993144816,0.013618557963030969
1,99,-0.05662871832537643,0.08917248133186437,0.013024850042844902
2,0,0.13170522707797772,-0.08476557718202962,0.07044925939527483
2,1,0.13176031337985067,-0.08480842208348635,0.06954339576447546
2,2,0.13161341657485617,-0.08493695678785654,0.07013098298445342
2,3,0.13161341657485617,-0.08493695678785654,0.07013098298445342
2,4,0.13165626147631287,-0.08486350838535929,0.0713796058269066
2,5,0.1317174684783939,-0.08535316440200759,0.07051046639735585
2,6,0.1317174684783939,-0.08535316440200759,0.07051046639735585
2,7,0.13201738278859101,-0.0848879911861917,0.07062063900110173
2,8,0.13176031337985067,-0.08510833639368344,0.07095727751254743
2,9,0.13176031337985067,-0.08510833639368344,0.07095727751254743
2,10,0.13177867548047498,-0.08502264659076998,0.06917615375198923
2,11,0.13169910637776963,-0.08485126698494308,0.07077977720651243
2,12,0.13158281307381564,-0.08486350838535929,0.06937201615864855
2,13,0.13158281307381564,-0.08486350838535929,0.06937201615864855
2,14,0.1313441057656996,-0.08485738768515119,0.06954339576447546
2,15,0.1318337617823479,-0.08504712939160239,0.07153262333210919
2,16,0.1318337617823479,-0.08504712939160239,0.07153262333210919
2,17,0.13191333088505325,-0.08474109438119722,0.07157546823356592
2,18,0.1316868649773534,-0.08498592238952137,0.07078589790672053
2,19,0.1316868649773534,-0.08498592238952137,0.07078589790672053
2,20,0.13161953727506426,-0.08486350838535929,0.0707308116048476
2,21,0.1317174684783939,-0.08487574978577549,0.07133064022524177
2,22,0.1317174684783939,-0.08487574978577549,0.07133064022524177
2,23,0.13197453788713429,-0.08497368098910515,0.07060839760068552
2,24,0.13138695066715633,-0.08469212877953239,0.06918839515240544
2,25,0.13138695066715633,-0.08511445709389154,0.07097563961317174
2,26,0.13171134777818583,-0.08511445709389154,0.07097563961317174
2,27,0.13176031337985067,-0.08483902558452687,0.07028400048965602
2,28,0.13121557106132942,-0.08503488799118619,0.06976986167217529
2,29,0.13121557106132942,-0.08503488799118619,0.06976986167217529
2,30,0.13133186436528338,-0.08464316317786755,0.07059615620026931
2,31,0.13179091688089117,-0.08511445709389154,0.07065124250214225
2,32,0.13179091688089117,-0.08511445709389154,0.07065124250214225
2,33,0.13160117517443998,-0.08510833639368344,0.07008201738278859
2,34,0.13147876117027787,-0.08493695678785654,0.07093891541192313
2,35,0.13147876117027787,-0.08493695678785654,0.07093891541192313
2,36,0.13163789937568857,-0.08517566409597258,0.0700942587832048
2,37,0.13195617578650998,-0.08492471538744031,0.0717101236381442
2,38,0.13195617578650998,-0.08492471538744031,0.0717101236381442
2,39,0.13171134777818583,-0.08493083608764843,0.07081038070755294
2,40,0.13177255478026687,-0.08480230138327824,0.07008201738278859
2,41,0.13165626147631287,-0.08482678418411066,0.07033296609132085
2,42,0.13165626147631287,-0.08482678418411066,0.07033296609132085
2,43,0.13169298567756152,-0.08468600807932428,0.0707369323050557
2,44,0.13179091688089117,-0.08491859468723222,0.07036969029256947
2,45,0.13179091688089117,-0.08491859468723222,0.07036969029256947
2,46,0.13169910637776963,-0.08480842208348635,0.06969029256946994
2,47,0.1316868649773534,-0.08501040519035377,0.07148977843065246
2,48,0.1316868649773534,-0.08501040519035377,0.07148977843065246
2,49,0.13179091688089117,-0.08483902558452687,0.07071857020443138
2,50,0.13174195127922633,-0.08493083608764843,0.07056555269922879
2,51,0.13178479618068306,-0.0845635940751622,0.07147753703023627
2,52,0.1315093646713184,-0.08486962908556739,0.07070632880401519
2,53,0.13172970987881014,-0.08510221569347534,0.07080426000734484
2,54,0.13156445097319133,-0.084728852980781,0.0713734851266985
2,55,0.13184600318276413,-0.08504100869139429,0.07077365650630432
2,56,0.13184600318276413,-0.08493695678785654,0.0707369323050557
2,57,0.13184600318276413,-0.08480842208348635,0.07160607173460644
2,58,0.13164402007589668,-0.08480842208348635,0.07160607173460644
2,59,0.13161953727506426,-0.08463704247765944,0.06962296486718081
2,60,0.13151548537152652,-0.08460031827641082,0.07103684661525278
2,61,0.13151548537152652,-0.08458195617578651,0.0699412412780022
2,62,0.13202962418900724,-0.08486962908556739,0.07000856898029134
2,63,0.13182152038193168,-0.08464316317786755,0.07056555269922879
2,64,0.13163177867548048,-0.0847349736809891,0.06997796547925082
2,65,0.13147264047006976,-0.08512669849430775,0.07060839760068552
2,66,0.13163789937568857,-0.08493695678785654,0.06995960337862651
2,67,0.1315093646713184,-0.08501040519035377,0.0691455502509487
2,68,0.13193781368588567,-0.08468600807932428,0.06996572407883463
2,69,0.1318153996817236,-0.08502264659076998,0.07103072591504468
2,70,0.13172358917860202,-0.08499816378993756,0.07160607173460644
2,71,0.13172358917860202,-0.08499816378993756,0.07160607173460644
2,72,0.13139919206757253,-0.08502264659076998,0.06980046517321582
2,73,0.13157669237360753,-0.08480230138327824,0.0707308116048476
2,74,0.13177867548047498,-0.08483902558452687,0.07016158648549395
2,75,0.13145427836944545,-0.08497980168931327,0.07036969029256947
2,76,0.13184600318276413,-0.08505937079201861,0.07080426000734484
2,77,0.13174195127922633,-0.08489411188639981,0.071520381931693
2,78,0.1318276410821398,-0.08469824947974049,0.07000856898029134
2,79,0.13147264047006976,-0.0852062675970131,0.07046150079569102
2,80,0.13161953727506426,-0.08495531888848085,0.06899865344595421
2,81,0.13192557228546947,-0.08498592238952137,0.07079201860692863
2,82,0.1318276410821398,-0.08491859468723222,0.07174684783939282
2,83,0.13153384747215083,-0.08507161219243482,0.070577794099645
2,84,0.13163177867548048,-0.08511445709389154,0.07051046639735585
2,85,0.13177867548047498,-0.08503488799118619,0.07047986289631533
2,86,0.1315093646713184,-0.08494307748806464,0.07159995103439834
2,87,0.131484881870486,-0.08492471538744031,0.07170400293793609
2,88,0.13154608887256702,-0.08521238829722119,0.07017382788591014
2,89,0.13157057167339942,-0.08467376667890807,0.071697882237728
2,90,0.13163177867548048,-0.08507773289264292,0.07153262333210919
2,91,0.13196841718692617,-0.08490635328681602,0.06879054963887868
2,92,0.13196841718692617,-0.08490635328681602,0.07192434814542784
2,93,0.13149100257069407,-0.08466152527849186,0.07166727873668748
2,94,0.13158893377402375,-0.08514506059493207,0.07115926061941487
2,95,0.13152772677194272,-0.08489411188639981,0.07065124250214225
2,96,0.13172358917860202,-0.08497368098910515,0.07146529562982004
2,97,0.13156445097319133,-0.08511445709389154,0.06932917125719182
2,98,0.131662382176521,-0.08484514628473497,0.07105520871587709
2,99,0.13161341657485617,-0.08487574978577549,0.07075529440568001
3,0,-0.12192434814542782,-0.0663973558575101,0.05654914922267107
3,1,-0.12193658954584405,-0.0662443383523075,0.05671440812828987
3,2,-0.12193658954584405,-0.0662443383523075,0.05671440812828987
3,3,-0.12172848573876852,-0.06634839025584527,0.05665320112620884
3,4,-0.12150814053127679,-0.0664034765577182,0.0567450116293304
3,5,-0.12150814053127679,-0.0664034765577182,0.0567450116293304
3,6,-0.121875382543763,-0.06603011384502387,0.05672664952870608
3,7,-0.12208960705104663,-0.06612804504835354,0.0567633737299547
3,8,-0.12208960705104663,-0.06612804504835354,0.0567633737299547
3,9,-0.12191822744521974,-0.0662443383523075,0.056708287428081774
3,10,-0.12208960705104663,-0.06623821765209939,0.05683682213245195
3,11,-0.12190598604480352,-0.06634226955563717,0.05683070143224385
3,12,-0.12190598604480352,-0.06634226955563717,0.05683070143224385
3,13,-0.12179581344105765,-0.06648916636063165,0.05654914922267107
3,14,-0.12150201983106867,-0.06647080426000734,0.05680009793120333
3,15,-0.12150201983106867,-0.06647080426000734,0.05680009793120333
3,16,-0.12181417554168197,-0.06652589056188027,0.05684906353286816
3,17,-0.12182029624189009,-0.06645856285959115,0.05644509731913331
3,18,-0.12182029624189009,-0.06645856285959115,0.05644509731913331
3,19,-0.12160607173460644,-0.06635451095605337,0.05662871832537643
3,20,-0.12208348635083854,-0.06615864854939404,0.05661647692496021
3,21,-0.12208348635083854,-0.06615864854939404,0.05661647692496021
3,22,-0.12160607173460644,-0.06631778675480475,0.05671440812828987
3,23,-0.12185089974293059,-0.06645856285959115,0.056579752723711595
3,24,-0.12163667523564696,-0.06617701065001837,0.05660423552454401
3,25,-0.12163667523564696,-0.06617701065001837,0.05660423552454401
3,26,-0.12189374464438732,-0.06632390745501285,0.056665442526625046
3,27,-0.12164891663606317,-0.06619537275064268,0.056708287428081774
3,28,-0.12164891663606317,-0.06619537275064268,0.056708287428081774
3,29,-0.12202227934875749,-0.06606071734606439,0.05668992532745746
3,30,-0.12202227934875749,-0.06657485616354511,0.056720528828497985
3,31,-0.12202227934875749,-0.06657485616354511,0.056720528828497985
3,32,-0.12177745134043334,-0.06634839025584527,0.05690414983474109
3,33,-0.12158770963398213,-0.06611580364793732,0.056781735830579015
3,34,-0.12158770963398213,-0.06611580364793732,0.056781735830579015
3,35,-0.12189986534459543,-0.06616476924960216,0.0567572530297466
3,36,-0.12182029624189009,-0.0665564940629208,0.056665442526625046
3,37,-0.12196719304688457,-0.06626270045293181,0.0567450116293304
3,38,-0.12196719304688457,-0.06626270045293181,0.0567450116293304
3,39,-0.12179581344105765,-0.06613416574856164,0.05672664952870608
3,40,-0.12197943444730078,-0.06648916636063165,0.05669604602766557
3,41,-0.12197943444730078,-0.06648916636063165,0.05669604602766557
3,42,-0.12177133064022524,-0.06626270045293181,0.0567633737299547
3,43,-0.12189374464438732,-0.06649528706083976,0.05679397723099523
3,44,-0.12189374464438732,-0.06649528706083976,0.05679397723099523
3,45,-0.12176520994001713,-0.06614640714897785,0.05676949443016281
3,46,-0.12190598604480352,-0.06641571795813442,0.05670216672787367
3,47,-0.12190598604480352,-0.06641571795813442,0.05670216672787367
3,48,-0.12197331374709267,-0.06650140776104786,0.0569102705349492
3,49,-0.12190598604480352,-0.06655037336271269,0.05690414983474109
3,50,-0.12177133064022524,-0.0664034765577182,0.05663483902558453
3,51,-0.12178357204064146,-0.06635451095605337,0.05684906353286816
3,52,-0.12179581344105765,-0.06626882115313992,0.0567572530297466
3,53,-0.12164891663606317,-0.06606683804627249,0.05673277022891419
3,54,-0.12164891663606317,-0.06623821765209939,0.056738890929122286
3,55,-0.12212633125229526,-0.06623821765209939,0.056720528828497985
3,56,-0.12197331374709267,-0.06642183865834252,0.056720528828497985
3,57,-0.12192434814542782,-0.06641571795813442,0.05679397723099523
3,58,-0.12195495164646834,-0.06618925205043456,0.05665320112620884
3,59,-0.12201003794834128,-0.06668502876729097,0.056781735830579015
3,60,-0.12166115803647937,-0.06631166605459664,0.05687354633370058
3,61,-0.1218386583425144,-0.0663851144570939,0.05678785653078712
3,62,-0.1218631411433468,-0.06605459664585629,0.056879667033908676
3,63,-0.12176520994001713,-0.06613416574856164,0.05679397723099523
3,64,-0.12175296853960094,-0.06649528706083976,0.05684906353286816
3,65,-0.12199779654792509,-0.06641571795813442,0.0567633737299547
3,66,-0.12180805484147386,-0.0662443383523075,0.056598114824335896
3,67,-0.12195495164646834,-0.06617088994981027,0.05672664952870608
3,68,-0.12163055453543885,-0.06623821765209939,0.05680009793120333
3,69,-0.12163055453543885,-0.06623821765209939,0.0567633737299547
3,70,-0.121875382543763,-0.06662382176520995,0.0567633737299547
3,71,-0.12203452074917372,-0.06669727016770718,0.05697759823723834
3,72,-0.12206512425021424,-0.06626882115313992,0.05672664952870608
3,73,-0.12178357204064146,-0.06631778675480475,0.0567450116293304
3,74,-0.12196719304688457,-0.06657485616354511,0.056934753335781615
3,75,-0.12186926184355491,-0.06629330395397234,0.05661035622475211
3,76,-0.12194271024605215,-0.0663851144570939,0.056683804627249354
3,77,-0.12166115803647937,-0.06666054596645857,0.056677683927041256
3,78,-0.12167339943689559,-0.0662198555514751,0.056481821520381933
3,79,-0.12178357204064146,-0.06625045905251561,0.05655526992287918
3,80,-0.12197943444730078,-0.0663851144570939,0.05669604602766557
3,81,-0.12175296853960094,-0.06657485616354511,0.05670216672787367
3,82,-0.12180193414126576,-0.06647692496021544,0.05700208103807075
3,83,-0.12177133064022524,-0.06647080426000734,0.056738890929122286
3,84,-0.12185089974293059,-0.0665564940629208,0.056738890929122286
3,85,-0.12167339943689559,-0.06633002815522096,0.05687354633370058
3,86,-0.12190598604480352,-0.06614640714897785,0.05694699473619782
3,87,-0.12175908923980902,-0.06662382176520995,0.056506304321214354
3,88,-0.12223650385604112,-0.0662443383523075,0.05683682213245195
3,89,-0.1220161586485494,-0.06649528706083976,0.05651854572163055
3,90,-0.12185089974293059,-0.06628718325376423,0.0565919941241278
3,91,-0.12185089974293059,-0.06628718325376423,0.05662259762516832
3,92,-0.12194883094626026,-0.06623209695189129,0.05662259762516832
3,93,-0.12197943444730078,-0.06646468355979925,0.05684294283266006
3,94,-0.12193046884563594,-0.06637899375688579,0.05654302852246297
3,95,-0.12188150324397111,-0.06658097686375322,0.05688578773411679
3,96,-0.12203452074917372,-0.06655037336271269,0.05689802913453299
3,97,-0.12188150324397111,-0.06629942465418044,0.05683682213245195
3,98,-0.1218631411433468,-0.06658097686375322,0.0565858734239197
3,99,-0.12193658954584405,-0.06626882115313992,0.05662259762516832
