values,,Magnetometer,Magnetometer,Magnetometer
axis,,x,y,z
Sensor,Sample,,,
0,0,0.03779532378504101,0.06950055086301873,-0.017982617211408987
0,1,0.03785041008691394,0.06946994736197822,-0.01812951401640348
0,2,0.03791161708899498,0.06970253396988615,-0.01805606561390623
0,3,0.03791161708899498,0.06970253396988615,-0.01805606561390623
0,4,0.03758721997796548,0.06963520626759702,-0.017994858611825194
0,5,0.03775247888358428,0.06950667156322683,-0.017847961806830702
0,6,0.03775247888358428,0.06950667156322683,-0.017847961806830702
0,7,0.03772799608275187,0.06946382666177012,-0.017725547802668627
0,8,0.037887134288162566,0.069457705961562,-0.01811727261598727
0,9,0.037887134288162566,0.069457705961562,-0.01811727261598727
0,10,0.037715754682335664,0.0694393438609377,-0.018447790427224876
0,11,0.037703513281919454,0.0697576202717591,-0.018196841718692618
0,12,0.037746358183376176,0.06941486106010528,-0.017841841106622597
0,13,0.037746358183376176,0.06941486106010528,-0.017841841106622597
0,14,0.03772799608275187,0.06943322316072958,-0.018190721018484516
0,15,0.037746358183376176,0.06939037825927286,-0.01779899620516587
0,16,0.037746358183376176,0.06939037825927286,-0.01779899620516587
0,17,0.037715754682335664,0.06959236136614029,-0.018153996817235892
0,18,0.03775247888358428,0.06946382666177012,-0.01790916880891174
0,19,0.03775247888358428,0.06946382666177012,-0.01790916880891174
0,20,0.0377769616844167,0.06954951646468356,-0.017847961806830702
0,21,0.037562737177133064,0.0694393438609377,-0.017896927408495533
0,22,0.037562737177133064,0.0694393438609377,-0.017896927408495533
0,23,0.0377830823846248,0.06964744766801322,-0.017872444607663115
0,24,0.03748316807442771,0.06948830946260252,-0.018221324519525035
0,25,0.03748316807442771,0.06948830946260252,-0.018221324519525035
0,26,0.03772799608275187,0.06973313747092667,-0.017584771697882237
0,27,0.03754437507650875,0.0696107234667646,-0.0180071000122414
0,28,0.03754437507650875,0.0696107234667646,-0.0180071000122414
0,29,0.037899375688578776,0.06958624066593219,-0.017817358305790183
0,30,0.03773411678295997,0.0694515852613539,-0.017896927408495533
0,31,0.03773411678295997,0.0694515852613539,-0.017896927408495533
0,32,0.037905496388786875,0.06954951646468356,-0.01821520381931693
0,33,0.03748928877463582,0.06948218876239441,-0.01792141020932795
0,34,0.039056188027910395,0.06967805116905375,-0.017952013710368468
0,35,0.03772187538254376,0.06967805116905375,-0.017952013710368468
0,36,0.03772799608275187,0.06963520626759702,-0.01787856530787122
0,37,0.03783204798628963,0.06935365405802424,-0.01826416942098176
0,38,0.03783204798628963,0.06935365405802424,-0.01826416942098176
0,39,0.03795446199045171,0.06939649895948097,-0.017811237605582078
0,40,0.0377830823846248,0.0696168441669727,-0.017768392704125353
0,41,0.0377830823846248,0.0696168441669727,-0.017768392704125353
0,42,0.03785041008691394,0.06972089607051046,-0.017615375198922756
0,43,0.03774023748316808,0.06958011996572408,-0.01813563471661158
0,44,0.03774023748316808,0.06958011996572408,-0.01813563471661158
0,45,0.03788101358795446,0.06948830946260252,-0.01834985922389521
0,46,0.037819806585873424,0.06956175786509977,-0.018111151915779163
0,47,0.037819806585873424,0.06956175786509977,-0.018111151915779163
0,48,0.03784428938670584,0.06947606806218631,-0.018190721018484516
0,49,0.03772799608275187,0.06942710246052149,-0.018307014322438486
0,50,0.03772799608275187,0.06942710246052149,-0.018307014322438486
0,51,0.03772187538254376,0.06954339576447546,-0.01829477292202228
0,52,0.03759946137838169,0.06948830946260252,-0.01770106500183621
0,53,0.03759946137838169,0.06948830946260252,-0.018068307014322438
0,54,0.03785041008691394,0.06942098176031339,-0.018068307014322438
0,55,0.037691271881503244,0.06965356836822131,-0.01782959970620639
0,56,0.037819806585873424,0.06935977475823234,-0.01792753090953605
0,57,0.037819806585873424,0.06935977475823234,-0.01792753090953605
0,58,0.037630064879422206,0.06963520626759702,-0.018288652221814174
0,59,0.03767903048108704,0.06941486106010528,-0.01803770351328192
0,60,0.03767903048108704,0.06941486106010528,-0.01803770351328192
0,61,0.03767903048108704,0.06950055086301873,-0.01823356591994124
0,62,0.03750765087526013,0.06954339576447546,-0.018141755416819685
0,63,0.03750765087526013,0.06954339576447546,-0.018141755416819685
0,64,0.03766678908067082,0.06959236136614029,-0.01837434202472763
0,65,0.03770963398212755,0.06956787856530787,-0.018325376423062797
0,66,0.03770963398212755,0.06956787856530787,-0.018325376423062797
0,67,0.03795446199045171,0.06931692985677561,-0.018484514628473496
0,68,0.037746358183376176,0.06959848206634839,-0.01839270412535194
0,69,0.037746358183376176,0.06959848206634839,-0.01839270412535194
0,70,0.037917737789203085,0.06942710246052149,-0.017566409597257925
0,71,0.03769739258171135,0.06959848206634839,-0.017952013710368468
0,72,0.03769739258171135,0.06959848206634839,-0.017952013710368468
0,73,0.03783204798628963,0.06942098176031339,-0.017854082507038804
0,74,0.037691271881503244,0.06967805116905375,-0.018380462724935733
0,75,0.037691271881503244,0.06967805116905375,-0.018380462724935733
0,76,0.037801444485249115,0.0694454645611458,-0.017811237605582078
0,77,0.03754437507650875,0.06956175786509977,-0.017688823601420003
0,78,0.03755049577671686,0.06940261965968907,-0.01786020320724691
0,79,0.03755049577671686,0.06940261965968907,-0.01786020320724691
0,80,0.03755049577671686,0.06943322316072958,-0.017548047496633613
0,81,0.03765454768025462,0.06960460276655649,-0.017884686008079322
0,82,0.03765454768025462,0.06960460276655649,-0.017884686008079322
0,83,0.037703513281919454,0.06953727506426735,-0.01808666911494675
0,84,0.03754437507650875,0.06950055086301873,-0.018251928020565553
0,85,0.03754437507650875,0.06950055086301873,-0.018251928020565553
0,86,0.03769739258171135,0.06964132696780512,-0.01817847961806831
0,87,0.03784428938670584,0.06966580976863754,-0.0181662382176521
0,88,0.03784428938670584,0.06966580976863754,-0.0181662382176521
0,89,0.03775247888358428,0.06928020565552699,-0.01786020320724691
0,90,0.037617823479005996,0.06930468845635941,-0.018013220712449506
0,91,0.037617823479005996,0.06930468845635941,-0.018013220712449506
0,92,0.03759334067817358,0.06970253396988615,-0.017805116905373973
0,93,0.03768515118129514,0.0694515852613539,-0.01786020320724691
0,94,0.03768515118129514,0.0694515852613539,-0.01786020320724691
0,95,0.0377769616844167,0.06946994736197822,-0.01792753090953605
0,96,0.03768515118129514,0.0692924470559432,-0.018300893622230384
0,97,0.03768515118129514,0.0692924470559432,-0.018300893622230384
0,98,0.03781368588566532,0.06964744766801322,-0.017841841106622597
0,99,0.03786877218753825,0.06964744766801322,-0.018527359529930225
1,0,-0.05098543273350471,0.08773411678295998,0.006585873423919697
1,1,-0.05098543273350471,0.08773411678295998,0.006585873423919697
1,2,-0.0508018117272616,0.08770963398212756,0.006549149222671073
1,3,-0.05099767413392092,0.08814420369690293,0.006469580119965725
1,4,-0.05099767413392092,0.08814420369690293,0.006469580119965725
1,5,-0.05105888113600195,0.08775859958379238,0.006224752111641572
1,6,-0.050967070632880404,0.0877892030848329,0.006628718325376423
1,7,-0.050967070632880404,0.0877892030848329,0.006628718325376423
1,8,-0.05083241522830212,0.08765454768025463,0.007038805239319377
1,9,-0.05090586363079937,0.08764842698004652,0.006622597625168319
1,10,-0.05090586363079937,0.0879360998898274,0.007081650140776105
1,11,-0.050881380829966946,0.0879360998898274,0.007081650140776105
1,12,-0.050948708532256096,0.0877892030848329,0.007087770840984209
1,13,-0.05084465662871832,0.08780756518545721,0.006347166115803648
1,14,-0.05084465662871832,0.08780756518545721,0.006347166115803648
1,15,-0.051022156934753336,0.087617823479006,0.0067450116293303955
1,16,-0.051162933039539726,0.08775859958379238,0.006965356836822133
1,17,-0.051162933039539726,0.08775859958379238,0.006965356836822133
1,18,-0.05104663973558575,0.08766066838046273,0.0069531154364059254
1,19,-0.05113845023870731,0.08789937568857878,0.007308116048475946
1,20,-0.05113845023870731,0.08789937568857878,0.007308116048475946
1,21,-0.050967070632880404,0.08764842698004652,0.006818460031827641
1,22,-0.051095605337250584,0.0879544619904517,0.0060839760068551844
1,23,-0.051095605337250584,0.08791773778920309,0.006916391235157302
1,24,-0.051009915534337126,0.08791773778920309,0.006916391235157302
1,25,-0.05097319133308851,0.08776472028400048,0.007295874648059739
1,26,-0.05097931203329661,0.08791161708899498,0.0070082017382788585
1,27,-0.05097931203329661,0.08791161708899498,0.0070082017382788585
1,28,-0.05103439833516954,0.08780144448524911,0.006806218631411433
1,29,-0.05091810503121556,0.08798506549149224,0.006243114212265883
1,30,-0.05091810503121556,0.08798506549149224,0.006243114212265883
1,31,-0.05078957032684539,0.08792385848941119,0.00672052882849798
1,32,-0.0508018117272616,0.08775247888358428,0.007289753947851635
1,33,-0.0508018117272616,0.08775247888358428,0.007289753947851635
1,34,-0.05073448402497246,0.08766678908067083,0.006867425633492472
1,35,-0.050924225731423675,0.08809523809523809,0.006659321826416942
1,36,-0.050924225731423675,0.08791161708899498,0.006579752723711594
1,37,-0.05085689802913453,0.08791161708899498,0.006579752723711594
1,38,-0.05087526012975885,0.0881258415962786,0.006732770228914188
1,39,-0.050954829232464194,0.08775247888358428,0.00697759823723834
1,40,-0.050954829232464194,0.08775247888358428,0.00697759823723834
1,41,-0.050948708532256096,0.08788101358795446,0.007130615742440935
1,42,-0.051009915534337126,0.08784428938670584,0.0069531154364059254
1,43,-0.051009915534337126,0.08784428938670584,0.0069531154364059254
1,44,-0.051126208838291096,0.08772799608275186,0.006879667033908679
1,45,-0.05090586363079937,0.08770963398212756,0.007002081038070755
1,46,-0.05090586363079937,0.08770963398212756,0.007002081038070755
1,47,-0.0511139674378749,0.08802791039294895,0.006867425633492472
1,48,-0.05107112253641817,0.08751377157546823,0.006898029134532991
1,49,-0.05074672542538866,0.08782592728608153,0.00705716733994369
1,50,-0.05074672542538866,0.08782592728608153,0.00705716733994369
1,51,-0.051095605337250584,0.08763618557963031,0.006634839025584527
1,52,-0.050991553433712825,0.08776472028400048,0.00684906353286816
1,53,-0.050991553433712825,0.08776472028400048,0.00684906353286816
1,54,-0.05110784673766679,0.08769739258171136,0.00728363324764353
1,55,-0.05119965724078834,0.08765454768025463,0.006579752723711594
1,56,-0.05119965724078834,0.08765454768025463,0.006579752723711594
1,57,-0.05089974293059126,0.0879360998898274,0.0072346676459786995
1,58,-0.05083241522830212,0.08769127188150325,0.006506304321214347
1,59,-0.05083241522830212,0.08769127188150325,0.006506304321214347
1,60,-0.05078957032684539,0.08792385848941119,0.006445097319133309
1,61,-0.05073448402497246,0.08777084098420859,0.006836822132451953
1,62,-0.050881380829966946,0.0877892030848329,0.007412167952013711
1,63,-0.050881380829966946,0.0877892030848329,0.007412167952013711
1,64,-0.050869139429550736,0.08755049577671685,0.006867425633492472
1,65,-0.05134655404578283,0.0879483412902436,0.006738890929122292
1,66,-0.05134655404578283,0.0879483412902436,0.006738890929122292
1,67,-0.050954829232464194,0.08780144448524911,0.006934753335781614
1,68,-0.05076508752601298,0.0876117027787979,0.00667156322683315
1,69,-0.05076508752601298,0.0876117027787979,0.00667156322683315
1,70,-0.05096094993267229,0.08757497857754927,0.006824580732035746
1,71,-0.05077732892642919,0.08780144448524911,0.006261476312890195
1,72,-0.05077732892642919,0.08780144448524911,0.006261476312890195
1,73,-0.05093034643163178,0.08781980658587343,0.006934753335781614
1,74,-0.05091810503121556,0.0874464438731791,0.007032684539111274
1,75,-0.050948708532256096,0.08766066838046273,0.00705716733994369
1,76,-0.050948708532256096,0.08766066838046273,0.00705716733994369
1,77,-0.050881380829966946,0.08781980658587343,0.007100012241400416
1,78,-0.05084465662871832,0.08754437507650875,0.006757253029746603
1,79,-0.05084465662871832,0.08754437507650875,0.006757253029746603
1,80,-0.051022156934753336,0.08770351328191946,0.00684906353286816
1,81,-0.050942587832047984,0.08758109927775738,0.006708287428081773
1,82,-0.050942587832047984,0.08758109927775738,0.006708287428081773
1,83,-0.05114457093891541,0.08775247888358428,0.006702166727873669
1,84,-0.050924225731423675,0.08739747827151426,0.006806218631411433
1,85,-0.050924225731423675,0.08739747827151426,0.006806218631411433
1,86,-0.05090586363079937,0.08736687477047375,0.007167339943689557
1,87,-0.05102827763496144,0.08763006487942221,0.0070449259395274815
1,88,-0.05108948463704248,0.08783204798628963,0.006940874035989718
1,89,-0.05108948463704248,0.08783204798628963,0.006940874035989718
1,90,-0.050807932427469706,0.0879544619904517,0.006885787734116783
1,91,-0.05088750153017505,0.08759334067817358,0.006922511935365405
1,92,-0.05088750153017505,0.08759334067817358,0.006922511935365405
1,93,-0.05096094993267229,0.08772187538254377,0.006689925327457461
1,94,-0.05084465662871832,0.08783816868649773,0.0070265638389031704
1,95,-0.05084465662871832,0.08783816868649773,0.0070265638389031704
1,96,-0.05069163912351573,0.08783204798628963,0.007130615742440935
1,97,-0.05101603623454524,0.08753825437630065,0.0067817358305790176
1,98,-0.05101603623454524,0.08753825437630065,0.0067817358305790176
1,99,-0.05093646713183988,0.08772799608275186,0.006983718937446444
2,0,0.15429673154608886,-0.08603868282531521,0.08185824458318032
2,1,0.1541620761415106,-0.08605092422573143,0.08331497123270902
2,2,0.1541620761415106,-0.08605092422573143,0.08331497123270902
2,3,0.15413759334067817,-0.08591014812094504,0.0826600563104419
2,4,0.15420492104296732,-0.08605092422573143,0.0829538499204309
2,5,0.15420492104296732,-0.08605092422573143,0.0829538499204309
2,6,0.15439466274941854,-0.08578773411678296,0.0840739380585139
2,7,0.15392948953360264,-0.08597747582323417,0.0834435059370792
2,8,0.15392948953360264,-0.08597747582323417,0.0834435059370792
2,9,0.15408250703880524,-0.08625902803280695,0.08309462602521729
2,10,0.1541498347410944,-0.08608152772677194,0.08144203696902926
2,11,0.15429061084588075,-0.08627739013343126,0.08129514016403476
2,12,0.15429061084588075,-0.08627739013343126,0.08129514016403476
2,13,0.1543273350471294,-0.0861917003305178,0.080719794344473
2,14,0.1541681968417187,-0.08621006243114213,0.08133798506549149
2,15,0.1541681968417187,-0.08621006243114213,0.08133798506549149
2,16,0.1541926796425511,-0.08576937201615865,0.08275186681356347
2,17,0.1543273350471294,-0.08608152772677194,0.08244583180315827
2,18,0.1543273350471294,-0.08608152772677194,0.08244583180315827
2,19,0.15442526625045905,-0.0861672175296854,0.08140531276778064
2,20,0.15424164524421594,-0.08628351083363936,0.08292936711959849
2,21,0.15424164524421594,-0.08628351083363936,0.08292936711959849
2,22,0.15439466274941854,-0.08609376912718815,0.0821581588933774
2,23,0.15430897294650509,-0.0860019586240666,0.08150936467131839
2,24,0.15430897294650509,-0.0860019586240666,0.08307626392459297
2,25,0.15420492104296732,-0.08646101113967439,0.08444730077120823
2,26,0.15423552454400785,-0.08640592483780143,0.08250703880523932
2,27,0.1541620761415106,-0.08628963153384747,0.08249479740482311
2,28,0.1541620761415106,-0.08628963153384747,0.08249479740482311
2,29,0.15444362835108336,-0.08620394173093401,0.0832660056310442
2,30,0.15443138695066716,-0.0860080793242747,0.0827947117150202
2,31,0.15443138695066716,-0.0860080793242747,0.0827947117150202
2,32,0.15422328314359163,-0.08643040763863385,0.08313135022646591
2,33,0.1541559554413025,-0.08634471783572041,0.08258660790794467
2,34,0.1541559554413025,-0.08634471783572041,0.08258660790794467
2,35,0.15438242134900232,-0.08603256212510711,0.08346186803770352
2,36,0.1543456971477537,-0.08572652711470193,0.0832660056310442
2,37,0.1543456971477537,-0.08572652711470193,0.0832660056310442
2,38,0.1541743175419268,-0.08571428571428572,0.08330885053250092
2,39,0.15429673154608886,-0.0860142000244828,0.0836026441424899
2,40,0.1541559554413025,-0.08611825192802056,0.08316807442771454
2,41,0.1541559554413025,-0.08611825192802056,0.08316807442771454
2,42,0.15400905863630798,-0.08646101113967439,0.08329660913208471
2,43,0.15390500673277024,-0.08606928632635573,0.08317419512792264
2,44,0.15390500673277024,-0.08606928632635573,0.08317419512792264
2,45,0.1541804382421349,-0.08612437262822867,0.08153384747215081
2,46,0.15427224874525647,-0.08613661402864488,0.08219488309462603
2,47,0.15427224874525647,-0.08613661402864488,0.08219488309462603
2,48,0.154364059248378,-0.08610601052760436,0.08314971232709022
2,49,0.15406414493818094,-0.08610601052760436,0.08297833272126331
2,50,0.15406414493818094,-0.08610601052760436,0.08297833272126331
2,51,0.15424164524421594,-0.0856959236136614,0.0828008324152283
2,52,0.15427224874525647,-0.08594075162198556,0.08335169543395764
2,53,0.15427224874525647,-0.08594075162198556,0.0839147998531032
2,54,0.1543334557473375,-0.08572652711470193,0.0839147998531032
2,55,0.15407026563838905,-0.08576325131595054,0.08300893622230383
2,56,0.1539845758354756,-0.0858734239196964,0.08332109193291712
2,57,0.1539845758354756,-0.0858734239196964,0.08332109193291712
2,58,0.15409474843922144,-0.08581833761782348,0.08264781491002571
2,59,0.15400905863630798,-0.08609988982739626,0.08309462602521729
2,60,0.15400905863630798,-0.08609988982739626,0.08309462602521729
2,61,0.15440078344962666,-0.08622230383155834,0.08291712571918228
2,62,0.15407026563838905,-0.08605092422573143,0.08339454033541437
2,63,0.15407026563838905,-0.08605092422573143,0.08339454033541437
2,64,0.15394785163422695,-0.08582445831803158,0.08403721385726527
2,65,0.1541620761415106,-0.08591626882115314,0.0829538499204309
2,66,0.1541620761415106,-0.08591626882115314,0.0829538499204309
2,67,0.15420492104296732,-0.08575100991553433,0.08186436528338842
2,68,0.15407026563838905,-0.08608764842698005,0.08327824703146039
2,69,0.15427224874525647,-0.08613049332843678,0.08317419512792264
2,70,0.15427224874525647,-0.08613049332843678,0.08317419512792264
2,71,0.15421716244338352,-0.08604480352552332,0.08333945403354144
2,72,0.15411311053984575,-0.08572652711470193,0.08235402130003673
2,73,0.15411311053984575,-0.08572652711470193,0.08235402130003673
2,74,0.15438854204921043,-0.08603868282531521,0.08353531644020076
2,75,0.1543395764475456,-0.08573876851511812,0.0810319500550863
2,76,0.1543395764475456,-0.08573876851511812,0.0810319500550863
2,77,0.15422328314359163,-0.0858428204186559,0.08168686497735342
2,78,0.15405802423797282,-0.0860019586240666,0.08338229893499817
2,79,0.15405802423797282,-0.0860019586240666,0.08338229893499817
2,80,0.15446199045170766,-0.0861917003305178,0.08155220957277512
2,81,0.1544925939527482,-0.0861917003305178,0.08095238095238096
2,82,0.1544925939527482,-0.0861917003305178,0.08095238095238096
2,83,0.1541681968417187,-0.08619782103072592,0.08337617823479006
2,84,0.15444362835108336,-0.08622230383155834,0.08150324397111029
2,85,0.1543763006487942,-0.08628351083363936,0.08338841963520627
2,86,0.1543763006487942,-0.08628351083363936,0.08338841963520627
2,87,0.15422940384379974,-0.08621006243114213,0.08218876239441793
2,88,0.15448647325254009,-0.0860019586240666,0.0829538499204309
2,89,0.15448647325254009,-0.0860019586240666,0.0829538499204309
2,90,0.15437017994858612,-0.08627126943322316,0.08256212510711225
2,91,0.15430897294650509,-0.08615497612926919,0.08300281552209574
2,92,0.15430897294650509,-0.08615497612926919,0.08300281552209574
2,93,0.15427836944546455,-0.08602644142489901,0.08321091932917127
2,94,0.15424776594442405,-0.08583057901823968,0.08258660790794467
2,95,0.15424776594442405,-0.08583057901823968,0.08258660790794467
2,96,0.15422328314359163,-0.08603256212510711,0.08314359162688212
2,97,0.15412535194026195,-0.08622842453176643,0.08318031582813074
2,98,0.15412535194026195,-0.08606316562614763,0.08411678295997062
2,99,0.1541743175419268,-0.08606316562614763,0.08411678295997062
3,0,-0.14103317419512792,-0.06666054596645857,0.06801934141265761
3,1,-0.14103317419512792,-0.06666054596645857,0.06801934141265761
3,2,-0.14041498347410944,-0.06647692496021544,0.06771942710246051
3,3,-0.1408311910882605,-0.06644020075896682,0.06765209940017139
3,4,-0.1408311910882605,-0.06644020075896682,0.06765209940017139
3,5,-0.14105153629575223,-0.06666054596645857,0.06767046150079568
3,6,-0.14091076019096585,-0.06635451095605337,0.06773166850287674
3,7,-0.14091076019096585,-0.06635451095605337,0.06773166850287674
3,8,-0.14089239809034154,-0.06636675235646958,0.06786020320724691
3,9,-0.1408128289876362,-0.06669114946749907,0.06749908189496878
3,10,-0.14093524299179827,-0.0667033908679153,0.06771330640225241
3,11,-0.14093524299179827,-0.0667033908679153,0.06771330640225241
3,12,-0.14079446688701186,-0.06661158036479373,0.06778675480474966
3,13,-0.1410086913942955,-0.06653201126208838,0.06745011629330395
3,14,-0.1410086913942955,-0.06653201126208838,0.06745011629330395
3,15,-0.14077610478638755,-0.06678908067082874,0.0676765822010038
3,16,-0.14046394907577425,-0.06666054596645857,0.06760313379850655
3,17,-0.14046394907577425,-0.06666054596645857,0.06760313379850655
3,18,-0.14118007100012242,-0.06650752846125597,0.06750520259517688
3,19,-0.14091076019096585,-0.06626270045293181,0.06762761659933897
3,20,-0.14091076019096585,-0.06626270045293181,0.06762761659933897
3,21,-0.14076998408617947,-0.06686252907332599,0.06788468600807931
3,22,-0.1408128289876362,-0.06659321826416942,0.06773166850287674
3,23,-0.14073938058513893,-0.06642183865834252,0.06747459909413636
3,24,-0.14073938058513893,-0.06642183865834252,0.06747459909413636
3,25,-0.14075162198555516,-0.06645244215938304,0.06772554780266862
3,26,-0.1408740359897172,-0.06694209817603133,0.06770718570204431
3,27,-0.1408740359897172,-0.06694209817603133,0.06770718570204431
3,28,-0.14073325988493085,-0.06658097686375322,0.06771942710246051
3,29,-0.14060472518056066,-0.06645856285959115,0.06782959970620639
3,30,-0.14060472518056066,-0.06645856285959115,0.06782959970620639
3,31,-0.14090463949075774,-0.06654425266250459,0.06773166850287674
3,32,-0.14078834618680378,-0.06658097686375322,0.06754192679642551
3,33,-0.14078834618680378,-0.06658097686375322,0.06754192679642551
3,34,-0.14072101848451463,-0.06658709756396132,0.06767046150079568
3,35,-0.14074550128534705,-0.06641571795813442,0.0678479618068307
3,36,-0.14080058758721997,-0.06643408005875873,0.06763373729954707
3,37,-0.14080058758721997,-0.06643408005875873,0.06763373729954707
3,38,-0.1408740359897172,-0.06646468355979925,0.06772554780266862
3,39,-0.1408189496878443,-0.06651976986167217,0.06781735830579019
3,40,-0.1408189496878443,-0.06651976986167217,0.06781735830579019
3,41,-0.14072713918472274,-0.06653201126208838,0.06782347900599829
3,42,-0.14075162198555516,-0.06677683927041253,0.06778063410454156
3,43,-0.14075162198555516,-0.06677683927041253,0.06778063410454156
3,44,-0.14078222548659566,-0.06627494185334802,0.0675235646958012
3,45,-0.1408128289876362,-0.06685028767290978,0.06770106500183622
3,46,-0.1408128289876362,-0.06685028767290978,0.06770106500183622
3,47,-0.14073325988493085,-0.0667033908679153,0.06775003060350104
3,48,-0.140684294283266,-0.06637287305667769,0.06773166850287674
3,49,-0.1408740359897172,-0.0663973558575101,0.06781123760558208
3,50,-0.1408740359897172,-0.0663973558575101,0.06781123760558208
3,51,-0.14057412167952016,-0.06647080426000734,0.06777451340433346
3,52,-0.14058024237972824,-0.06644632145917492,0.06754804749663361
3,53,-0.14058024237972824,-0.06644632145917492,0.06754804749663361
3,54,-0.14059860448035255,-0.0667278736687477,0.0676827029012119
3,55,-0.14064144938180928,-0.06637899375688579,0.06775003060350104
3,56,-0.14064144938180928,-0.06637899375688579,0.06775003060350104
3,57,-0.14088627739013343,-0.06623209695189129,0.06777451340433346
3,58,-0.1409903292936712,-0.06629330395397234,0.06754804749663361
3,59,-0.1409903292936712,-0.06629330395397234,0.06754804749663361
3,60,-0.1408556738890929,-0.06650752846125597,0.06762761659933897
3,61,-0.14071489778430651,-0.06646468355979925,0.06766434080058759
3,62,-0.14071489778430651,-0.06659321826416942,0.06776839270412535
3,63,-0.14071489778430651,-0.06659321826416942,0.06776839270412535
3,64,-0.1408434324886767,-0.06618925205043456,0.06751744399559309
3,65,-0.14079446688701186,-0.06661158036479373,0.06741339209205534
3,66,-0.14079446688701186,-0.06661158036479373,0.06741339209205534
3,67,-0.14077610478638755,-0.06651364916146407,0.06737054719059861
3,68,-0.14079446688701186,-0.06653201126208838,0.06783572040641449
3,69,-0.14079446688701186,-0.06653201126208838,0.06783572040641449
3,70,-0.14072101848451463,-0.06658097686375322,0.06762149589913086
3,71,-0.14074550128534705,-0.06623821765209939,0.0675235646958012
3,72,-0.14074550128534705,-0.06623821765209939,0.0675235646958012
3,73,-0.14080058758721997,-0.06647692496021544,0.06759701309829844
3,74,-0.1406904149834741,-0.066568735463337,0.06771330640225241
3,75,-0.1408311910882605,-0.06649528706083976,0.06782959970620639
3,76,-0.1408311910882605,-0.06649528706083976,0.06782959970620639
3,77,-0.1408740359897172,-0.06636675235646958,0.06731546088872567
3,78,-0.1409842085934631,-0.06636675235646958,0.0678479618068307
3,79,-0.1409842085934631,-0.06636675235646958,0.0678479618068307
3,80,-0.14086791528950912,-0.06658709756396132,0.06817235891786019
3,81,-0.14058636307993636,-0.06634226955563717,0.06789080670828743
3,82,-0.14058636307993636,-0.06634226955563717,0.06789080670828743
3,83,-0.14075774268576324,-0.06659321826416942,0.06757253029746603
3,84,-0.14083731178846862,-0.0667278736687477,0.06762149589913086
3,85,-0.14083731178846862,-0.0667278736687477,0.06762149589913086
3,86,-0.14079446688701186,-0.06629942465418044,0.06765209940017139
3,87,-0.14086791528950912,-0.06636675235646958,0.06773166850287674
3,88,-0.14086791528950912,-0.06636675235646958,0.06775003060350104
3,89,-0.14089851879054965,-0.066568735463337,0.06775003060350104
3,90,-0.1408495531888848,-0.06647080426000734,0.06760313379850655
3,91,-0.1408495531888848,-0.06666054596645857,0.06773778920308483
3,92,-0.1408495531888848,-0.06666054596645857,0.06773778920308483
3,93,-0.140861794589301,-0.06645244215938304,0.06764597869996328
3,94,-0.14078834618680378,-0.06630554535438854,0.06763373729954707
3,95,-0.14078834618680378,-0.06630554535438854,0.06763373729954707
3,96,-0.1408189496878443,-0.06654425266250459,0.06754192679642551
3,97,-0.14061696658097686,-0.0665626147631289,0.06763985799975517
3,98,-0.14061696658097686,-0.0665626147631289,0.06763985799975517
3,99,-0.14078222548659566,-0.06671563226833149,0.06759701309829844
