values,,Magnetometer,Magnetometer,Magnetometer
axis,,x,y,z
Sensor,Sample,,,
0,0,0.04225119353654058,0.06289019463826662,0.0010650018362100624
0,1,0.04223895213612437,0.06304933284367732,0.001371036846615253
0,2,0.04210429673154609,0.06289631533847471,0.0012975884441180073
0,3,0.04210429673154609,0.06289631533847471,0.0012975884441180073
0,4,0.04208593463092178,0.06298812584159627,0.0009119843310074673
0,5,0.042018606928632636,0.06293303953972335,0.0012853470437017996
0,6,0.042018606928632636,0.06293303953972335,0.0012853470437017996
0,7,0.04209817603133799,0.063030970743053,0.0005263802178969274
0,8,0.04211041743175419,0.06295752234055577,0.0013281919451585261
0,9,0.04211041743175419,0.06295752234055577,0.0013281919451585261
0,10,0.04209817603133799,0.06297588444118007,0.00146284734973681
0,11,0.04225119353654058,0.06320847104908801,0.0010711225364181663
0,12,0.04223283143591627,0.06298200514138817,0.00133431264536663
0,13,0.04223283143591627,0.06298200514138817,0.00133431264536663
0,14,0.04236748684049455,0.06310441914555025,0.0015668992532745746
0,15,0.04226955563716489,0.06287183253764231,0.0013465540457828376
0,16,0.04226955563716489,0.06287183253764231,0.0013465540457828376
0,17,0.04222671073570817,0.06284122903660179,0.0016770718570204434
0,18,0.04233076263924593,0.06284734973680989,0.001652589056188028
0,19,0.04233076263924593,0.06284734973680989,0.001652589056188028
0,20,0.042134900232586606,0.06293916023993144,0.0006916391235157302
0,21,0.04218386583425144,0.06310441914555025,0.0011262088382911005
0,22,0.04218386583425144,0.06310441914555025,0.0011262088382911005
0,23,0.04238584894111887,0.06281062553556127,0.0010527604357938548
0,24,0.04220834863508385,0.06294528094013954,0.0012241400416207614
0,25,0.04220834863508385,0.06294528094013954,0.0012241400416207614
0,26,0.042134900232586606,0.06301872934263679,0.0013649161464071489
0,27,0.04231240053862162,0.06284122903660179,0.0016342269555637164
0,28,0.04231240053862162,0.06284122903660179,0.0016342269555637164
0,29,0.042061451830089365,0.06301872934263679,0.0011568123393316196
0,30,0.042177745134043335,0.06298812584159627,0.0015301750520259516
0,31,0.042177745134043335,0.06298812584159627,0.0015301750520259516
0,32,0.04218386583425144,0.0628657118374342,0.001456726649528706
0,33,0.04218386583425144,0.06291467743909904,0.0007222426245562493
0,34,0.04226343493695679,0.06312890194638267,0.0013893989472395642
0,35,0.04226343493695679,0.06312890194638267,0.0013893989472395642
0,36,0.042159383033419026,0.06296364304076386,0.0009303464316317787
0,37,0.04203696902925695,0.06293916023993144,0.0011751744399559308
0,38,0.04203696902925695,0.06293916023993144,0.0011751744399559308
0,39,0.04198188272738401,0.06291467743909904,0.0015301750520259516
0,40,0.0421226588321704,0.06306157424409352,0.0011078467376667892
0,41,0.0421226588321704,0.06306157424409352,0.0011078467376667892
0,42,0.042404211041743176,0.06294528094013954,0.001493450850777329
0,43,0.04194515852613539,0.06320235034887992,0.0011751744399559308
0,44,0.04194515852613539,0.06320235034887992,0.0011751744399559308
0,45,0.042202227934875755,0.0631962296486718,0.0012302607418288652
0,46,0.042275676337372996,0.06307993634471784,0.0016770718570204434
0,47,0.042275676337372996,0.06307993634471784,0.0016770718570204434
0,48,0.04203084832904884,0.06296976374097196,0.0016403476557718202
0,49,0.04222671073570817,0.06289631533847471,0.0011506916391235157
0,50,0.04222671073570817,0.06289631533847471,0.0011506916391235157
0,51,0.042275676337372996,0.06289019463826662,0.001775003060350104
0,52,0.042134900232586606,0.06293916023993144,0.0013037091443261109
0,53,0.042134900232586606,0.06293916023993144,0.0013037091443261109
0,54,0.04220834863508385,0.06289631533847471,0.00037336271269433223
0,55,0.042177745134043335,0.06296364304076386,0.0009609499326722977
0,56,0.04209205533112988,0.06306157424409352,0.0016342269555637164
0,57,0.04209205533112988,0.06306157424409352,0.0016342269555637164
0,58,0.04220834863508385,0.06276165993389644,0.001487330150569225
0,59,0.0422817970375811,0.06276165993389644,0.0006855184233076265
0,60,0.0422817970375811,0.06276165993389644,0.0006855184233076265
0,61,0.042177745134043335,0.06296364304076386,0.0009976741339209204
0,62,0.042006365528216426,0.06282898763618558,0.0011506916391235157
0,63,0.042006365528216426,0.06282898763618558,0.0011506916391235157
0,64,0.042134900232586606,0.06309217774513405,0.000918105031215571
0,65,0.04222671073570817,0.06295752234055577,0.001493450850777329
0,66,0.04222671073570817,0.06295752234055577,0.001493450850777329
0,67,0.04194515852613539,0.0631778675480475,0.001487330150569225
0,68,0.042165503733627124,0.06326355735096095,0.0012302607418288652
0,69,0.042165503733627124,0.06326355735096095,0.0012302607418288652
0,70,0.042018606928632636,0.06294528094013954,0.0015424164524421593
0,71,0.0421165381319623,0.06298200514138817,0.001621985555147509
0,72,0.0421165381319623,0.06298200514138817,0.001621985555147509
0,73,0.04209817603133799,0.06273717713306402,0.0011874158403721385
0,74,0.04209205533112988,0.06296364304076386,0.0014200024482800833
0,75,0.04209205533112988,0.06296364304076386,0.0014200024482800833
0,76,0.042049210429673155,0.06305545354388542,0.001493450850777329
0,77,0.041932917125719185,0.06275553923368833,0.0010037948341290244
0,78,0.041932917125719185,0.06277390133431264,0.0012547435426612805
0,79,0.042006365528216426,0.06277390133431264,0.0012547435426612805
0,80,0.04200024482800833,0.06301872934263679,0.0017199167584771697
0,81,0.04193903782592728,0.06321459174929613,0.0014138817480719794
0,82,0.04193903782592728,0.06321459174929613,0.0014138817480719794
0,83,0.042177745134043335,0.06289631533847471,0.0011262088382911005
0,84,0.042165503733627124,0.06307381564450973,0.0013098298445342147
0,85,0.042165503733627124,0.06307381564450973,0.0013098298445342147
0,86,0.042189986534459545,0.06265148733015057,0.0012792263434936956
0,87,0.042202227934875755,0.06294528094013954,0.0013281919451585261
0,88,0.042202227934875755,0.06294528094013954,0.0013281919451585261
0,89,0.041975762027175914,0.0628657118374342,0.0014016403476557718
0,90,0.04201248622842453,0.06273717713306402,0.0013649161464071489
0,91,0.04201248622842453,0.06273717713306402,0.0013649161464071489
0,92,0.042165503733627124,0.06322071244950422,0.00044069041498347416
0,93,0.042153262333210914,0.062853470437018,0.0013893989472395642
0,94,0.042153262333210914,0.062853470437018,0.0013893989472395642
0,95,0.04205533112988126,0.0631656261476313,0.0012975884441180073
0,96,0.04231852123882972,0.06301872934263679,0.0015301750520259516
0,97,0.04231852123882972,0.06301872934263679,0.0015301750520259516
0,98,0.04204308972946505,0.06289019463826662,0.0012425021422450729
0,99,0.04218386583425144,0.06295140164034765,0.0010282776349614395
1,0,-0.05591871710123638,0.08335781613416575,0.025676337372995472
1,1,-0.05580854449749051,0.08320479862896316,0.02619047619047619
1,2,-0.05580854449749051,0.08320479862896316,0.02619047619047619
1,3,-0.055784061696658095,0.08319255722854695,0.02587219977965479
1,4,-0.05574733749540948,0.083137470926674,0.025994613783816865
1,5,-0.05574733749540948,0.083137470926674,0.025994613783816865
1,6,-0.055979924103317424,0.08319867792875504,0.0262088382911005
1,7,-0.05586975149957155,0.08330272983229281,0.025541681968417183
1,8,-0.05586975149957155,0.08330272983229281,0.025541681968417183
1,9,-0.055979924103317424,0.08313135022646591,0.026006855184233076
1,10,-0.05606561390623087,0.08330885053250092,0.025602888970498228
1,11,-0.05606561390623087,0.08330885053250092,0.025602888970498228
1,12,-0.05597380340310931,0.08315583302729831,0.026196596890684293
1,13,-0.05580242379728241,0.0834496266372873,0.02598237238340066
1,14,-0.055826906598114824,0.08332109193291712,0.02560900967070633
1,15,-0.055826906598114824,0.08332109193291712,0.02560900967070633
1,16,-0.05596156200269311,0.08324152283021177,0.025254009058636305
1,17,-0.05598604480352552,0.08340066103562246,0.025070388052393193
1,18,-0.05598604480352552,0.08340066103562246,0.025070388052393193
1,19,-0.056139062308728116,0.08310074672542539,0.025615130370914434
1,20,-0.055943199902068794,0.08313135022646591,0.025327457461133553
1,21,-0.055943199902068794,0.08313135022646591,0.025327457461133553
1,22,-0.05581466519769862,0.08311298812584159,0.025713061574244096
1,23,-0.05577182029624189,0.08333333333333334,0.025988493083608767
1,24,-0.05577182029624189,0.08333333333333334,0.025988493083608767
1,25,-0.05590647570082017,0.08324764353041988,0.02579263067694944
1,26,-0.05602888970498225,0.08321704002937937,0.025774268576325133
1,27,-0.05600440690414984,0.08324152283021177,0.025719182274452197
1,28,-0.05600440690414984,0.08324152283021177,0.025719182274452197
1,29,-0.05591259640102828,0.0832660056310442,0.025847716978822377
1,30,-0.055998286203941726,0.08335781613416575,0.025902803280695313
1,31,-0.055998286203941726,0.08335781613416575,0.025902803280695313
1,32,-0.055784061696658095,0.08330885053250092,0.026490390500673276
1,33,-0.055857510099155336,0.08317419512792264,0.02570082017382789
1,34,-0.055857510099155336,0.08317419512792264,0.02570082017382789
1,35,-0.05573509609499326,0.08307014322438487,0.025676337372995472
1,36,-0.056181907210184845,0.08302729832292814,0.025725302974660302
1,37,-0.056181907210184845,0.08302729832292814,0.025725302974660302
1,38,-0.0561023381074795,0.08333333333333334,0.02615987268943567
1,39,-0.0561207002081038,0.08322316072958746,0.02583547557840617
1,40,-0.05623699351205778,0.08310074672542539,0.025884441180071
1,41,-0.05623699351205778,0.08310074672542539,0.025884441180071
1,42,-0.05589423430040397,0.08309462602521729,0.025890561880279106
1,43,-0.0559493206022769,0.08336393683437385,0.02609866568735463
1,44,-0.0559493206022769,0.08336393683437385,0.02609866568735463
1,45,-0.055979924103317424,0.08351695433957644,0.02591504468111152
1,46,-0.05577182029624189,0.08332109193291712,0.02587219977965479
1,47,-0.05577182029624189,0.08332109193291712,0.02587219977965479
1,48,-0.055937079201860695,0.08320479862896316,0.025504957767168563
1,49,-0.05582078589790672,0.08340066103562246,0.025376423062798387
1,50,-0.05582078589790672,0.08340066103562246,0.025376423062798387
1,51,-0.05595544130248501,0.08335169543395764,0.025682458073203573
1,52,-0.05598604480352552,0.08330885053250092,0.025817113477781855
1,53,-0.05586363079936345,0.08320479862896316,0.025713061574244096
1,54,-0.05586363079936345,0.08320479862896316,0.025713061574244096
1,55,-0.05577182029624189,0.08309462602521729,0.02614151058881136
1,56,-0.05560044069041499,0.08355979924103317,0.025988493083608767
1,57,-0.05560044069041499,0.08355979924103317,0.025988493083608767
1,58,-0.05601664830456604,0.08300281552209574,0.02615987268943567
1,59,-0.055839147998531034,0.08332721263312523,0.026221079691516706
1,60,-0.055839147998531034,0.08332721263312523,0.026221079691516706
1,61,-0.055967682702901214,0.08337617823479006,0.02543150936467132
1,62,-0.055900355000612065,0.08335169543395764,0.025241767658220098
1,63,-0.055900355000612065,0.08335169543395764,0.025241767658220098
1,64,-0.055881992899987756,0.08312522952625781,0.02533969886154976
1,65,-0.055998286203941726,0.08313135022646591,0.025725302974660302
1,66,-0.0561023381074795,0.08325376423062798,0.0250887501530175
1,67,-0.0561023381074795,0.08325376423062798,0.0250887501530175
1,68,-0.05613294160852002,0.08286203941730934,0.02570082017382789
1,69,-0.055643285591871705,0.08322928142979556,0.02535806096217407
1,70,-0.055643285591871705,0.08322928142979556,0.02535806096217407
1,71,-0.05590647570082017,0.08288652221814176,0.025713061574244096
1,72,-0.055796303097074305,0.08348023013832782,0.02579263067694944
1,73,-0.055796303097074305,0.08348023013832782,0.02579263067694944
1,74,-0.05580854449749051,0.08337617823479006,0.02568857877341168
1,75,-0.05595544130248501,0.0832660056310442,0.02615375198922757
1,76,-0.05595544130248501,0.0832660056310442,0.02615375198922757
1,77,-0.05591259640102828,0.08337617823479006,0.02606194148610601
1,78,-0.056139062308728116,0.08301505692251193,0.02517443995593096
1,79,-0.05600440690414984,0.08291100501897417,0.025810992777573753
1,80,-0.05600440690414984,0.08291100501897417,0.025810992777573753
1,81,-0.05584526869873914,0.08312522952625781,0.025945648182152038
1,82,-0.05575957889582568,0.08324152283021177,0.02592116538131962
1,83,-0.05575957889582568,0.08324152283021177,0.02592116538131962
1,84,-0.05591871710123638,0.08337005753458196,0.025205043456971478
1,85,-0.05588811360019587,0.08324764353041988,0.02583547557840617
1,86,-0.05588811360019587,0.08324764353041988,0.02583547557840617
1,87,-0.05574121679520137,0.08334557473374954,0.02591504468111152
1,88,-0.05581466519769862,0.08327824703146039,0.025713061574244096
1,89,-0.05581466519769862,0.08327824703146039,0.025713061574244096
1,90,-0.05602276900477414,0.08330272983229281,0.025633492471538743
1,91,-0.055900355000612065,0.08349859223895215,0.02587219977965479
1,92,-0.05566776839270412,0.08332721263312523,0.02612314848818705
1,93,-0.05566776839270412,0.08332721263312523,0.02612314848818705
1,94,-0.05586363079936345,0.08301505692251193,0.02582935487819806
1,95,-0.055924837801444485,0.08312522952625781,0.025749785775492716
1,96,-0.055924837801444485,0.08312522952625781,0.025749785775492716
1,97,-0.05587587219977965,0.0832660056310442,0.025670216672787367
1,98,-0.05571673399436896,0.08302117762272004,0.025896682580487208
1,99,-0.05571673399436896,0.08302117762272004,0.025896682580487208
2,0,0.09733749540947484,-0.065742440935243,0.05291345329905741
2,1,0.09733749540947484,-0.065742440935243,0.05291345329905741
2,2,0.0972518056065614,-0.06596890684294283,0.054486473252540094
2,3,0.0977475823234178,-0.06610356224752112,0.05452931815399682
2,4,0.09764353041988003,-0.06606071734606439,0.05500673277022892
2,5,0.09764353041988003,-0.06606071734606439,0.05500673277022892
2,6,0.09754559921655037,-0.0662443383523075,0.05316440200758967
2,7,0.0975884441180071,-0.0657608030358673,0.05506181907210185
2,8,0.0975884441180071,-0.0657608030358673,0.05506181907210185
2,9,0.0972456849063533,-0.06612192434814543,0.054914922267107355
2,10,0.09755784061696658,-0.06630554535438854,0.05348267841841107
2,11,0.09755784061696658,-0.06630554535438854,0.05348267841841107
2,12,0.097759823723834,-0.06625657975272371,0.05497000856898029
2,13,0.09752111641571795,-0.06591994124127801,0.05500673277022892
2,14,0.09752111641571795,-0.06591994124127801,0.05500673277022892
2,15,0.09736197821030726,-0.06588321704002939,0.05487819806585873
2,16,0.09767413392092056,-0.06623821765209939,0.055239319378136864
2,17,0.09749051291467745,-0.0659076998408618,0.05478638756273718
2,18,0.09749051291467745,-0.0659076998408618,0.05478638756273718
2,19,0.0975884441180071,-0.0662198555514751,0.05507406047251806
2,20,0.09753335781613418,-0.0662259762516832,0.05512302607418289
2,21,0.09753335781613418,-0.0662259762516832,0.05512302607418289
2,22,0.09752111641571795,-0.06615864854939404,0.054872077365650626
2,23,0.09739870241155588,-0.06610356224752112,0.05287672909780879
2,24,0.09739870241155588,-0.06610356224752112,0.05287672909780879
2,25,0.09749663361488554,-0.06621373485126698,0.05389888603256212
2,26,0.09753947851634227,-0.06633614885542906,0.05443138695066716
2,27,0.09753947851634227,-0.06633614885542906,0.05443138695066716
2,28,0.0974293059125964,-0.06587097563961317,0.05506181907210185
2,29,0.09746603011384503,-0.06608520014689681,0.0548292324641939
2,30,0.09746603011384503,-0.06608520014689681,0.0548292324641939
2,31,0.09750275431509364,-0.06598114824335904,0.0543518178479618
2,32,0.09736809891051537,-0.06618925205043456,0.05509242257314236
2,33,0.09743542661280451,-0.06617088994981027,0.05504957767168565
2,34,0.09743542661280451,-0.06617088994981027,0.05504957767168565
2,35,0.09743542661280451,-0.06623821765209939,0.05345207491737055
2,36,0.0974109438119721,-0.06602399314481576,0.052607418288652216
2,37,0.0974109438119721,-0.06602399314481576,0.052607418288652216
2,38,0.09739870241155588,-0.06620761415105889,0.054155955441302486
2,39,0.09751499571550985,-0.06618925205043456,0.054957767168564084
2,40,0.09751499571550985,-0.06618925205043456,0.054957767168564084
2,41,0.0974293059125964,-0.06613416574856164,0.05460276655649406
2,42,0.09729465050801812,-0.06616476924960216,0.053329660913208475
2,43,0.09729465050801812,-0.06616476924960216,0.053329660913208475
2,44,0.0974109438119721,-0.06604847594564818,0.05485371526502632
2,45,0.09749051291467745,-0.06620761415105889,0.05497000856898029
2,46,0.09749051291467745,-0.06610968294772922,0.05449871465295629
2,47,0.09744766801322072,-0.06610968294772922,0.05449871465295629
2,48,0.09772309952258539,-0.06613416574856164,0.0541804382421349
2,49,0.0976006855184233,-0.06616476924960216,0.054945525768147874
2,50,0.0976006855184233,-0.06616476924960216,0.054945525768147874
2,51,0.09766801322071245,-0.06603011384502387,0.055239319378136864
2,52,0.0974293059125964,-0.06596890684294283,0.05506793977230995
2,53,0.0974293059125964,-0.06596890684294283,0.05506793977230995
2,54,0.09753947851634227,-0.06605459664585629,0.055184233076263925
2,55,0.0974415473130126,-0.06576692373607541,0.0549883706696046
2,56,0.0974415473130126,-0.06576692373607541,0.0549883706696046
2,57,0.09732525400905864,-0.06636063165626148,0.05473742196107234
2,58,0.09757008201738279,-0.06581588933774024,0.05432733504712939
2,59,0.09757008201738279,-0.06581588933774024,0.05432733504712939
2,60,0.0974415473130126,-0.06601175174439956,0.053531644020075896
2,61,0.09739258171134778,-0.0660790794466887,0.05280940139551965
2,62,0.09763740971967193,-0.06615864854939404,0.053415350716121926
2,63,0.09763740971967193,-0.06615864854939404,0.053415350716121926
2,64,0.0972579263067695,-0.06606683804627249,0.053960093034643164
2,65,0.09761904761904762,-0.06609744154731301,0.054810870363569596
2,66,0.09761904761904762,-0.06609744154731301,0.054810870363569596
2,67,0.09752723711592606,-0.06625657975272371,0.055055698371893745
2,68,0.09745378871342882,-0.06606071734606439,0.05471905986044804
2,69,0.09745378871342882,-0.06606071734606439,0.05471905986044804
2,70,0.09750887501530175,-0.06621373485126698,0.055141388174807196
2,71,0.09744766801322072,-0.06618925205043456,0.05504957767168565
2,72,0.09744766801322072,-0.06618925205043456,0.05504957767168565
2,73,0.09754559921655037,-0.06606683804627249,0.05520259517688823
2,74,0.09748439221446933,-0.06615252784918595,0.055196474476680135
2,75,0.09748439221446933,-0.06615252784918595,0.055196474476680135
2,76,0.09751499571550985,-0.06594442404211041,0.05511078467376668
2,77,0.09766189252050435,-0.06613416574856164,0.05485371526502632
2,78,0.09754559921655037,-0.06591994124127801,0.053733627126943316
2,79,0.09754559921655037,-0.06591994124127801,0.053733627126943316
2,80,0.0975945648182152,-0.06619537275064268,0.05486595666544253
2,81,0.09739258171134778,-0.06581588933774024,0.05426612804504836
2,82,0.09739258171134778,-0.06581588933774024,0.05426612804504836
2,83,0.09740482311176399,-0.06626270045293181,0.055159750275431504
2,84,0.09769249602154487,-0.06601175174439956,0.053427592116538136
2,85,0.09769249602154487,-0.06601175174439956,0.053427592116538136
2,86,0.09769861672175298,-0.06615864854939404,0.0549883706696046
2,87,0.09749051291467745,-0.06626270045293181,0.054810870363569596
2,88,0.09749051291467745,-0.06626270045293181,0.054810870363569596
2,89,0.0977537030236259,-0.06613416574856164,0.05495164646835597
2,90,0.09736197821030726,-0.06623821765209939,0.05517199167584772
2,91,0.09728852980781001,-0.06596278614273474,0.05502509487085323
2,92,0.09728852980781001,-0.06596278614273474,0.05502509487085323
2,93,0.09749663361488554,-0.06585873423919696,0.055043456971477535
2,94,0.09769249602154487,-0.06609744154731301,0.05335414371404089
2,95,0.09769249602154487,-0.06609744154731301,0.05335414371404089
2,96,0.09753947851634227,-0.06629942465418044,0.05422940384379973
2,97,0.0974231852123883,-0.06618925205043456,0.054957767168564084
2,98,0.0974231852123883,-0.06618925205043456,0.054957767168564084
2,99,0.09752723711592606,-0.06603011384502387,0.054272248745256456
3,0,-0.09338352307503979,-0.05710001224140041,0.04939405067939772
3,1,-0.09349981637899377,-0.057210184845146284,0.04933284367731668
3,2,-0.09342636797649652,-0.05711225364181662,0.049669482188762396
3,3,-0.09342636797649652,-0.05711225364181662,0.049669482188762396
3,4,-0.09334067817358306,-0.05678785653078712,0.04936956787856531
3,5,-0.09361610968294773,-0.05699596033786265,0.04954706818460032
3,6,-0.09361610968294773,-0.05699596033786265,0.04954706818460032
3,7,-0.09333455747337496,-0.056781735830579015,0.049430774880646344
3,8,-0.09329783327212633,-0.05689802913453299,0.04934508507773289
3,9,-0.09353654058024238,-0.05671440812828987,0.0493573264781491
3,10,-0.09353654058024238,-0.05671440812828987,0.0493573264781491
3,11,-0.09353041988003427,-0.05653078712204677,0.04930836087648427
3,12,-0.09342636797649652,-0.05719182274452197,0.04950422328314359
3,13,-0.09342636797649652,-0.05719182274452197,0.04950422328314359
3,14,-0.09351205777940996,-0.05705716733994369,0.04923491247398702
3,15,-0.09353041988003427,-0.05664708042600074,0.04934508507773289
3,16,-0.09353041988003427,-0.05664708042600074,0.04934508507773289
3,17,-0.09341412657608031,-0.05694699473619782,0.04946749908189497
3,18,-0.09345085077732893,-0.056720528828497985,0.049540947484392216
3,19,-0.09345085077732893,-0.056720528828497985,0.049540947484392216
3,20,-0.09339576447545599,-0.056812339331619534,0.04914922267107357
3,21,-0.09326722977108581,-0.05685518423307626,0.049424654180438246
3,22,-0.0934202472762884,-0.05683070143224385,0.04933896437752479
3,23,-0.0934202472762884,-0.05683070143224385,0.04933896437752479
3,24,-0.09330395397233443,-0.05686130493328436,0.049216550373362714
3,25,-0.0934018851756641,-0.05691639123515731,0.04919206757253029
3,26,-0.0934018851756641,-0.05691639123515731,0.04919206757253029
3,27,-0.0934018851756641,-0.057406047251805606,0.04910637776961684
3,28,-0.09317541926796426,-0.05680621863141143,0.04929611947606806
3,29,-0.09317541926796426,-0.05680621863141143,0.04929611947606806
3,30,-0.0934202472762884,-0.056640959725792625,0.04929611947606806
3,31,-0.0932366262700453,-0.05677561513037092,0.04930224017627617
3,32,-0.0932366262700453,-0.05677561513037092,0.04930224017627617
3,33,-0.09328559187171012,-0.056965356836822134,0.04914922267107357
3,34,-0.09349981637899377,-0.05725302974660301,0.04930836087648427
3,35,-0.09336516097441547,-0.05703880523931938,0.04938792997918962
3,36,-0.09336516097441547,-0.05703880523931938,0.04938792997918962
3,37,-0.09348757497857754,-0.05717346064389767,0.04922267107357082
3,38,-0.09345085077732893,-0.0567633737299547,0.04946749908189497
3,39,-0.09345085077732893,-0.0567633737299547,0.04946749908189497
3,40,-0.09336516097441547,-0.05686742563349247,0.04947361978210307
3,41,-0.09368343738523686,-0.05667156322683316,0.04939405067939772
3,42,-0.09368343738523686,-0.05667156322683316,0.04939405067939772
3,43,-0.09355490268086669,-0.05709389154119231,0.049216550373362714
3,44,-0.09341412657608031,-0.05705716733994369,0.04945525768147876
3,45,-0.09341412657608031,-0.05705716733994369,0.04945525768147876
3,46,-0.09341412657608031,-0.056934753335781615,0.04940629207981393
3,47,-0.09341412657608031,-0.05697759823723834,0.04936344717835721
3,48,-0.09341412657608031,-0.05711225364181662,0.0492043089729465
3,49,-0.09329171257191823,-0.05711225364181662,0.0492043089729465
3,50,-0.09352429917982617,-0.05715509854327335,0.04932060227690048
3,51,-0.09335904027420737,-0.057075529440568,0.04926551597502754
3,52,-0.09335904027420737,-0.057075529440568,0.04926551597502754
3,53,-0.09336516097441547,-0.05684906353286816,0.04936956787856531
3,54,-0.09365283388419635,-0.05697759823723834,0.04921042967315461
3,55,-0.09365283388419635,-0.05697759823723834,0.04921042967315461
3,56,-0.09370792018606929,-0.05703268453911128,0.04933284367731668
3,57,-0.09355490268086669,-0.056812339331619534,0.04937568857877341
3,58,-0.09355490268086669,-0.056812339331619534,0.04937568857877341
3,59,-0.09327947117150201,-0.056677683927041256,0.049516464683559795
3,60,-0.09350593707920186,-0.05699596033786265,0.04930224017627617
3,61,-0.09350593707920186,-0.05699596033786265,0.049326722977108585
3,62,-0.09335291957399926,-0.05708165014077611,0.049326722977108585
3,63,-0.09336516097441547,-0.05680621863141143,0.0492043089729465
3,64,-0.09343860937691272,-0.05689802913453299,0.04945525768147876
3,65,-0.09343860937691272,-0.05689802913453299,0.04945525768147876
3,66,-0.09342636797649652,-0.05703880523931938,0.0495225853837679
3,67,-0.09338352307503979,-0.05668992532745746,0.04930836087648427
3,68,-0.09338352307503979,-0.05668992532745746,0.04930836087648427
3,69,-0.09321826416942099,-0.056812339331619534,0.04943689558085445
3,70,-0.09337128167462358,-0.05704492593952748,0.04930224017627617
3,71,-0.09337128167462358,-0.05704492593952748,0.04930224017627617
3,72,-0.09349369567878565,-0.05687354633370058,0.04953482678418411
3,73,-0.093573264781491,-0.057161219243481456,0.04937568857877341
3,74,-0.093573264781491,-0.057161219243481456,0.04937568857877341
3,75,-0.09339576447545599,-0.056965356836822134,0.04947361978210307
3,76,-0.09331619537275064,-0.05697759823723834,0.04906965356836822
3,77,-0.09331619537275064,-0.05708165014077611,0.04952870608397601
3,78,-0.09331619537275064,-0.05708165014077611,0.04952870608397601
3,79,-0.09352429917982617,-0.056922511935365405,0.049424654180438246
3,80,-0.09342636797649652,-0.05676949443016281,0.04976741339209206
3,81,-0.09342636797649652,-0.05676949443016281,0.04976741339209206
3,82,-0.09353654058024238,-0.0569286326355735,0.04930836087648427
3,83,-0.09349981637899377,-0.05721630554535438,0.04938792997918962
3,84,-0.09349981637899377,-0.05721630554535438,0.04938792997918962
3,85,-0.09348145427836944,-0.05710001224140041,0.04938180927898152
3,86,-0.09354266128045048,-0.05698983963765455,0.04923491247398702
3,87,-0.09354266128045048,-0.05698983963765455,0.04923491247398702
3,88,-0.09346921287795323,-0.05684906353286816,0.04958991308605705
3,89,-0.09332231607295874,-0.05694087403598972,0.04949198188272738
3,90,-0.09357938548169911,-0.05709389154119231,0.04929611947606806
3,91,-0.09357938548169911,-0.05709389154119231,0.04929611947606806
3,92,-0.09364059248378015,-0.05688578773411679,0.04943689558085445
3,93,-0.09329171257191823,-0.05705104663973558,0.04930836087648427
3,94,-0.09329171257191823,-0.05705104663973558,0.04930836087648427
3,95,-0.09343248867670462,-0.05691639123515731,0.04926551597502754
3,96,-0.09332231607295874,-0.05710001224140041,0.049271636675235646
3,97,-0.09332231607295874,-0.05710001224140041,0.049271636675235646
3,98,-0.09345085077732893,-0.05709389154119231,0.04965112008813809
3,99,-0.09347533357816135,-0.05700208103807075,0.04926551597502754
