values,,Magnetometer,Magnetometer,Magnetometer
axis,,x,y,z
Sensor,Sample,,,
0,0,0.08053005263802179,0.08163177867548047,0.018968049944913697
0,1,0.08056677683927041,0.08141755416819683,0.01869873913575713
0,2,0.08049332843677318,0.08172970987881013,0.019243481454278368
0,3,0.08049332843677318,0.08172970987881013,0.019243481454278368
0,4,0.08062186314114335,0.08165626147631289,0.01891908434324887
0,5,0.08075651854572163,0.08133798506549149,0.019206757253029748
0,6,0.08077488064634594,0.08195005508630188,0.01883951524054352
0,7,0.08077488064634594,0.08195005508630188,0.01883951524054352
0,8,0.0805606561390623,0.08177255478026686,0.018398824825560045
0,9,0.08052393193781368,0.08196229648671807,0.018508997429305913
0,10,0.08052393193781368,0.08196229648671807,0.018508997429305913
0,11,0.08058513893989473,0.08152772677194271,0.018643652833884198
0,12,0.08065858734239198,0.08169298567756152,0.018545721630554533
0,13,0.08065858734239198,0.08169298567756152,0.018545721630554533
0,14,0.08041988003427593,0.08176643408005876,0.01883951524054352
0,15,0.08073203574488921,0.08157669237360754,0.01883951524054352
0,16,0.08073203574488921,0.08157669237360754,0.01883951524054352
0,17,0.08047496633614885,0.08182152038193169,0.018808911739502998
0,18,0.08058513893989473,0.08157669237360754,0.018582445831803157
0,19,0.08058513893989473,0.08157669237360754,0.018582445831803157
0,20,0.08065858734239198,0.0815154853715265,0.01877830823846248
0,21,0.08068307014322439,0.08171134777818582,0.01863141143346799
0,22,0.08068307014322439,0.08171134777818582,0.01863141143346799
0,23,0.08074427714530542,0.08161341657485617,0.018992532745746114
0,24,0.0805545354388542,0.08146039906965356,0.01869873913575713
0,25,0.0805545354388542,0.08163789937568858,0.018594687232219364
0,26,0.08030358673032195,0.08163789937568858,0.018594687232219364
0,27,0.0807014322438487,0.08157057167339944,0.01882727384012731
0,28,0.08057289753947852,0.08157669237360754,0.018190721018484516
0,29,0.08057289753947852,0.08157669237360754,0.018190721018484516
0,30,0.08042600073448403,0.08161341657485617,0.018753825437630066
0,31,0.08049944913698127,0.08155833027298323,0.01869261843554903
0,32,0.08049944913698127,0.08155833027298323,0.01869261843554903
0,33,0.08060350104051903,0.08172358917860204,0.01866813563471661
0,34,0.08051169053739747,0.08173583057901825,0.018968049944913697
0,35,0.08051169053739747,0.08173583057901825,0.018968049944913697
0,36,0.08065858734239198,0.08158893377402375,0.018815032439711103
0,37,0.08066470804260008,0.08149100257069408,0.018533480230138327
0,38,0.08066470804260008,0.08149100257069408,0.018533480230138327
0,39,0.08056677683927041,0.08172970987881013,0.01860080793242747
0,40,0.0807136736442649,0.08164402007589669,0.01887011874158404
0,41,0.0807136736442649,0.08164402007589669,0.01887011874158404
0,42,0.08084220834863508,0.08170522707797771,0.01916391235157302
0,43,0.08036479373240299,0.08153996817235892,0.019017015546578527
0,44,0.08036479373240299,0.08153996817235892,0.019017015546578527
0,45,0.0805606561390623,0.08144203696902926,0.018582445831803157
0,46,0.0805606561390623,0.08144203696902926,0.01853960093034643
0,47,0.0805606561390623,0.08161341657485617,0.018319255722854692
0,48,0.08051169053739747,0.08161341657485617,0.018319255722854692
0,49,0.08049332843677318,0.08165626147631289,0.01879667033908679
0,50,0.08046884563594076,0.08147876117027789,0.018380462724935733
0,51,0.08046884563594076,0.08147876117027789,0.018380462724935733
0,52,0.08057289753947852,0.08177255478026686,0.018961929244705595
0,53,0.08053617333822989,0.08161341657485617,0.018564083731178845
0,54,0.08053617333822989,0.08161341657485617,0.018564083731178845
0,55,0.08058513893989473,0.08155220957277512,0.01869261843554903
0,56,0.08064634594197576,0.08137470926674012,0.018674256334924717
0,57,0.08064634594197576,0.08137470926674012,0.018674256334924717
0,58,0.08067082874280818,0.08142367486840495,0.018753825437630066
0,59,0.08064022524176766,0.08144203696902926,0.018478393928265394
0,60,0.08064022524176766,0.08144203696902926,0.018478393928265394
0,61,0.08062798384135145,0.08179703758109927,0.01877830823846248
0,62,0.08061574244093525,0.08190108948463705,0.018772187538254374
0,63,0.08061574244093525,0.08190108948463705,0.018772187538254374
0,64,0.0805606561390623,0.08187048598359652,0.018258048720773655
0,65,0.08078712204676215,0.08131962296486718,0.01943322316072959
0,66,0.08078712204676215,0.08131962296486718,0.01943322316072959
0,67,0.0805484147386461,0.08178479618068307,0.01877830823846248
0,68,0.080719794344473,0.0816807442771453,0.018998653445954215
0,69,0.080719794344473,0.0816807442771453,0.018998653445954215
0,70,0.08059738034031093,0.08174807197943444,0.019121067450116293
0,71,0.08062798384135145,0.08171134777818582,0.018576325131595052
0,72,0.08079324274697025,0.08160729587464806,0.01910270534949198
0,73,0.08079324274697025,0.08160729587464806,0.01910270534949198
0,74,0.08060962174072714,0.08159505447423185,0.018937446443873178
0,75,0.08079936344717835,0.08173583057901825,0.018851756640959727
0,76,0.08079936344717835,0.08173583057901825,0.018851756640959727
0,77,0.08064022524176766,0.08146039906965356,0.0186497735340923
0,78,0.08058513893989473,0.08147264047006977,0.018239686620149347
0,79,0.08058513893989473,0.08147264047006977,0.018239686620149347
0,80,0.08064022524176766,0.08161953727506427,0.018625290733259886
0,81,0.08067082874280818,0.08162565797527237,0.01838658342514384
0,82,0.08067082874280818,0.08162565797527237,0.01838658342514384
0,83,0.08062798384135145,0.08161341657485617,0.01874770473742196
0,84,0.08043212143469212,0.08159505447423185,0.018974170645121802
0,85,0.08043212143469212,0.08159505447423185,0.018974170645121802
0,86,0.08076875994613783,0.0816807442771453,0.018557963030970744
0,87,0.08042600073448403,0.08185212388297222,0.019188395152405436
0,88,0.08042600073448403,0.08185212388297222,0.019188395152405436
0,89,0.08051781123760558,0.08155220957277512,0.018502876729097808
0,90,0.0805484147386461,0.08161953727506427,0.018453911127432977
0,91,0.0805484147386461,0.08161953727506427,0.018453911127432977
0,92,0.08052393193781368,0.08150324397111029,0.018496756028889706
0,93,0.0803831558330273,0.081839882482556,0.018845635940751622
0,94,0.08064022524176766,0.08160117517443996,0.019065981148243358
0,95,0.08064022524176766,0.08160117517443996,0.019065981148243358
0,96,0.08036479373240299,0.08165626147631289,0.018851756640959727
0,97,0.08084832904884319,0.08157669237360754,0.01860080793242747
0,98,0.08084832904884319,0.08157669237360754,0.01860080793242747
0,99,0.08079324274697025,0.0818276410821398,0.018355979924103316
1,0,-0.09141265760803036,0.10050189741706453,0.04312645366629943
1,1,-0.09141265760803036,0.10050189741706453,0.04312645366629943
1,2,-0.09139429550740605,0.10075284612559676,0.04262455624923491
1,3,-0.09116782959970621,0.10065491492226711,0.04263067694944302
1,4,-0.09116782959970621,0.10065491492226711,0.04263067694944302
1,5,-0.0911739502999143,0.10011017260374586,0.043432488676704614
1,6,-0.09133308850532501,0.10020198310686743,0.042808177255478023
1,7,-0.09133308850532501,0.10020198310686743,0.042808177255478023
1,8,-0.0913208471049088,0.10049577671685642,0.04187171012363815
1,9,-0.09122291590157913,0.10065491492226711,0.042930591259640105
1,10,-0.0914799853103195,0.10053862161831313,0.04247765944424042
1,11,-0.0914799853103195,0.10053862161831313,0.04247765944424042
1,12,-0.09132696780511691,0.10058758721997796,0.04275309095360509
1,13,-0.09116170889949811,0.10085077732892642,0.04263679764965112
1,14,-0.09116170889949811,0.10085077732892642,0.04263679764965112
1,15,-0.09124739870241155,0.1006426735218509,0.04259395274819439
1,16,-0.09122291590157913,0.10045905251560779,0.04291222915901579
1,17,-0.09122291590157913,0.10045905251560779,0.04291222915901579
1,18,-0.09119231240053863,0.10071000122414005,0.04313869506671563
1,19,-0.09127800220345209,0.10063655282164279,0.04306524666421839
1,20,-0.09127800220345209,0.10063655282164279,0.04306524666421839
1,21,-0.09130860570449259,0.10064879422205901,0.04302240176276166
1,22,-0.09129636430407638,0.10071612192434816,0.04307136736442649
1,23,-0.09122291590157913,0.10067939772309953,0.04256946994736198
1,24,-0.09122291590157913,0.10067939772309953,0.04256946994736198
1,25,-0.09154119231240054,0.10041008691394296,0.042428693842575596
1,26,-0.09133308850532501,0.10041620761415107,0.04290610845880769
1,27,-0.09133308850532501,0.10041620761415107,0.04290610845880769
1,28,-0.09119843310074673,0.1006426735218509,0.04268576325131595
1,29,-0.09130248500428449,0.10028155220957277,0.04263067694944302
1,30,-0.09130248500428449,0.10028155220957277,0.04263067694944302
1,31,-0.09127188150324397,0.10058758721997796,0.04335291957399927
1,32,-0.09122903660178724,0.10056922511935365,0.04277757375443751
1,33,-0.09122903660178724,0.10056922511935365,0.04285714285714286
1,34,-0.09140041620761416,0.1002999143101971,0.04285714285714286
1,35,-0.09119843310074673,0.10041008691394296,0.04272248745256457
1,36,-0.09157791651364916,0.10053862161831313,0.042563349247153874
1,37,-0.09157791651364916,0.10053862161831313,0.042563349247153874
1,38,-0.09135757130615743,0.10074060472518057,0.04245317664340801
1,39,-0.09135757130615743,0.10062431142122659,0.04274084955318889
1,40,-0.09135757130615743,0.10062431142122659,0.04274084955318889
1,41,-0.09146774390990328,0.10065491492226711,0.04285714285714286
1,42,-0.09110050189741706,0.10022646590769983,0.04333455747337495
1,43,-0.09110050189741706,0.10022646590769983,0.04333455747337495
1,44,-0.09125351940261966,0.10050801811727261,0.04281429795568613
1,45,-0.09133920920553311,0.10066103562247522,0.043016281062553556
1,46,-0.09133920920553311,0.10066103562247522,0.042704125351940264
1,47,-0.09128412290366018,0.10075896682580487,0.042704125351940264
1,48,-0.09135145060594932,0.10061207002081038,0.04284490145672665
1,49,-0.09133308850532501,0.10037336271269433,0.042649039050067325
1,50,-0.09133308850532501,0.10037336271269433,0.042649039050067325
1,51,-0.09111274329783328,0.10060594932060227,0.04319378136858857
1,52,-0.09127800220345209,0.10086301872934264,0.04319990206879667
1,53,-0.09127800220345209,0.10086301872934264,0.04319990206879667
1,54,-0.09136369200636553,0.10059370792018607,0.04305912596401028
1,55,-0.09136981270657363,0.1008079324274697,0.04325498837066961
1,56,-0.09136981270657363,0.1008079324274697,0.04325498837066961
1,57,-0.0911739502999143,0.1006426735218509,0.04297955686130493
1,58,-0.09127800220345209,0.10078957032684539,0.04256946994736198
1,59,-0.09127800220345209,0.10078957032684539,0.04305300526380218
1,60,-0.09135145060594932,0.10071000122414005,0.04305300526380218
1,61,-0.09124739870241155,0.10067327702289142,0.04311421226588322
1,62,-0.09135145060594932,0.10052025951768881,0.042924470559432
1,63,-0.09135145060594932,0.10052025951768881,0.042924470559432
1,64,-0.09120455380095482,0.10073448402497245,0.04347533357816134
1,65,-0.09130860570449259,0.10034887991186192,0.04188395152405435
1,66,-0.09130860570449259,0.10034887991186192,0.04188395152405435
1,67,-0.09149834741094381,0.10063655282164279,0.042563349247153874
1,68,-0.09139429550740605,0.10070388052393194,0.043046884563594075
1,69,-0.09139429550740605,0.10070388052393194,0.043046884563594075
1,70,-0.09129024360386828,0.10066103562247522,0.04284490145672665
1,71,-0.09125351940261966,0.10047129391602398,0.042287917737789206
1,72,-0.09125351940261966,0.10047129391602398,0.04385481699106378
1,73,-0.09122903660178724,0.10049577671685642,0.042789815154853715
1,74,-0.09116170889949811,0.10069775982372384,0.042802056555269925
1,75,-0.09116170889949811,0.10041008691394296,0.04274084955318889
1,76,-0.09116170889949811,0.10041008691394296,0.04274084955318889
1,77,-0.09145550250948709,0.10082017382788591,0.04283266005631044
1,78,-0.0911494674990819,0.1006671563226833,0.04275309095360509
1,79,-0.0911494674990819,0.1006671563226833,0.04275309095360509
1,80,-0.09123515730199536,0.10078957032684539,0.04283878075651855
1,81,-0.09139429550740605,0.10072836332476436,0.04296731546088873
1,82,-0.09139429550740605,0.10072836332476436,0.04296731546088873
1,83,-0.09140041620761416,0.10075284612559676,0.04255110784673767
1,84,-0.09150446811115191,0.1003243971110295,0.04250826294528094
1,85,-0.09150446811115191,0.1003243971110295,0.04250826294528094
1,86,-0.09138205410698984,0.10072224262455624,0.042808177255478023
1,87,-0.09130248500428449,0.1009731913330885,0.042379728240910755
1,88,-0.09121067450116294,0.10072836332476436,0.04190231362467866
1,89,-0.09121067450116294,0.10072836332476436,0.04190231362467866
1,90,-0.09125351940261966,0.10069163912351572,0.04237360754070266
1,91,-0.09126576080303586,0.10075896682580487,0.042447055943199904
1,92,-0.09126576080303586,0.10075896682580487,0.042447055943199904
1,93,-0.09110662259762517,0.10024482800832415,0.04279593585506182
1,94,-0.09124739870241155,0.10040396621373485,0.04306524666421839
1,95,-0.09124739870241155,0.10040396621373485,0.04306524666421839
1,96,-0.09105153629575223,0.10059982862039418,0.04315093646713184
1,97,-0.0913147264047007,0.1004835353164402,0.04184722732280573
1,98,-0.0913147264047007,0.1004835353164402,0.043414126576080306
1,99,-0.09130248500428449,0.10062431142122659,0.04261231484881871
2,0,0.08690170155465785,-0.0789570326845391,0.025309095360509244
2,1,0.08695678785653078,-0.07888970498224997,0.025853837679030482
2,2,0.08721385726527114,-0.0787611702778798,0.026068062186314116
2,3,0.08721385726527114,-0.0787611702778798,0.026068062186314116
2,4,0.08692618435549027,-0.0787917737789203,0.025302974660301136
2,5,0.08672420124862285,-0.07868772187538255,0.02500306035010405
2,6,0.08672420124862285,-0.07868772187538255,0.02500306035010405
2,7,0.08706696046027665,-0.0787856530787122,0.026074182886522218
2,8,0.08709144326110907,-0.07890194638266618,0.0258783204798629
2,9,0.08709144326110907,-0.07890194638266618,0.0258783204798629
2,10,0.08710368466152528,-0.07886522218141755,0.02610478638756274
2,11,0.08684661525278492,-0.07887134288162566,0.02587219977965479
2,12,0.08684661525278492,-0.07887134288162566,0.02587219977965479
2,13,0.08697514995715509,-0.0787611702778798,0.02609866568735463
2,14,0.08683437385236871,-0.07851022156934753,0.025437630064879424
2,15,0.08710980536173338,-0.07890806708287428,0.026049700085689804
2,16,0.08710980536173338,-0.07890806708287428,0.026049700085689804
2,17,0.08677316685028767,-0.07851022156934753,0.025780389276533235
2,18,0.08706083976006855,-0.07882849798016893,0.0262088382911005
2,19,0.08706083976006855,-0.07882849798016893,0.0262088382911005
2,20,0.08693230505569836,-0.07873056677683928,0.025988493083608767
2,21,0.08701799485861182,-0.07888358428204187,0.025217284857387685
2,22,0.08701799485861182,-0.07888358428204187,0.025217284857387685
2,23,0.0869629085567389,-0.078773411678296,0.026110907087770842
2,24,0.08695678785653078,-0.07866323907455013,0.02587219977965479
2,25,0.08695678785653078,-0.07866323907455013,0.02587219977965479
2,26,0.08672420124862285,-0.07896315338474721,0.02592116538131962
2,27,0.08690170155465785,-0.07849798016893132,0.02569469947361978
2,28,0.08700575345819563,-0.07884073938058514,0.026043579385481696
2,29,0.08700575345819563,-0.07884073938058514,0.026043579385481696
2,30,0.08697514995715509,-0.07866935977475822,0.024586852735952992
2,31,0.08674256334924715,-0.07884686008079325,0.025951768882360143
2,32,0.08674256334924715,-0.07884686008079325,0.025951768882360143
2,33,0.08702411555881992,-0.07881013587954462,0.024415473130126087
2,34,0.08674868404945527,-0.07886522218141755,0.026361855796303096
2,35,0.08674868404945527,-0.07886522218141755,0.026361855796303096
2,36,0.08701187415840372,-0.07881013587954462,0.025957889582568245
2,37,0.0869812706573632,-0.07896927408495533,0.02625780389276533
2,38,0.0869812706573632,-0.07896927408495533,0.02625780389276533
2,39,0.08705471905986045,-0.0787611702778798,0.02615375198922757
2,40,0.08684049455257682,-0.07869996327579876,0.025945648182152038
2,41,0.08684049455257682,-0.07869996327579876,0.026361855796303096
2,42,0.08683437385236871,-0.0787856530787122,0.026361855796303096
2,43,0.0869873913575713,-0.07847349736809892,0.026019096584649282
2,44,0.08690782225486596,-0.07899375688578773,0.025884441180071
2,45,0.08690782225486596,-0.07899375688578773,0.025884441180071
2,46,0.08671195984820664,-0.07888358428204187,0.025731423674868404
2,47,0.08726894356714408,-0.07882849798016893,0.026092544987146533
2,48,0.08726894356714408,-0.07882849798016893,0.026092544987146533
2,49,0.08688333945403354,-0.07866935977475822,0.026178234790059984
2,50,0.0868221324519525,-0.07868160117517445,0.025866079079446692
2,51,0.0868221324519525,-0.07868160117517445,0.025866079079446692
2,52,0.08712204676214959,-0.07879789447912841,0.026165993389643778
2,53,0.08671195984820664,-0.0787856530787122,0.026202717590892398
2,54,0.08671195984820664,-0.0787856530787122,0.026202717590892398
2,55,0.08712204676214959,-0.07860203207246909,0.026184355490268086
2,56,0.08688333945403354,-0.07851022156934753,0.026147631289019462
2,57,0.0869629085567389,-0.07873668747704737,0.026343493695678788
2,58,0.0869629085567389,-0.07873668747704737,0.026343493695678788
2,59,0.08680989105153629,-0.07887746358183376,0.025247888358428207
2,60,0.08664463214591749,-0.0791222915901579,0.0262088382911005
2,61,0.08664463214591749,-0.0791222915901579,0.0262088382911005
2,62,0.08680989105153629,-0.07901211898641206,0.02615987268943567
2,63,0.08685885665320112,-0.07886522218141755,0.02488676704615008
2,64,0.08685885665320112,-0.07886522218141755,0.02488676704615008
2,65,0.08717101236381442,-0.07868772187538255,0.02513159505447423
2,66,0.08679764965112009,-0.07898151548537152,0.025902803280695313
2,67,0.08679764965112009,-0.07898151548537152,0.025902803280695313
2,68,0.08695066715632269,-0.07884073938058514,0.026000734484024974
2,69,0.08684049455257682,-0.07882849798016893,0.02610478638756274
2,70,0.08684049455257682,-0.07882849798016893,0.02610478638756274
2,71,0.08668135634716612,-0.07869996327579876,0.026080303586730323
2,72,0.08690170155465785,-0.0786142734728853,0.02513771575468234
2,73,0.08703023625902803,-0.07873668747704737,0.026068062186314116
2,74,0.08703023625902803,-0.07873668747704737,0.026068062186314116
2,75,0.08674256334924715,-0.07857142857142857,0.0263679764965112
2,76,0.08693842575590648,-0.07828987636185579,0.02458073203574489
2,77,0.08693842575590648,-0.07828987636185579,0.02458073203574489
2,78,0.08699351205777942,-0.07849185946872322,0.024525645733871955
2,79,0.08692006365528217,-0.07855306647080426,0.025994613783816865
2,80,0.08692006365528217,-0.07855306647080426,0.025994613783816865
2,81,0.08690170155465785,-0.07873668747704737,0.026092544987146533
2,82,0.08706083976006855,-0.07867548047496634,0.025890561880279106
2,83,0.08706083976006855,-0.07867548047496634,0.025890561880279106
2,84,0.08703023625902803,-0.0787917737789203,0.024880646345941976
2,85,0.08692618435549027,-0.07870608397600685,0.02535806096217407
2,86,0.08692618435549027,-0.07870608397600685,0.025260129758844414
2,87,0.08720161586485495,-0.078773411678296,0.025260129758844414
2,88,0.08688333945403354,-0.0789264291834986,0.026214958991308608
2,89,0.08688333945403354,-0.07869384257559064,0.02500306035010405
2,90,0.08688333945403354,-0.07869384257559064,0.02500306035010405
2,91,0.08712204676214959,-0.0786142734728853,0.02536418166238218
2,92,0.08684049455257682,-0.07851022156934753,0.025804872077365648
2,93,0.08684049455257682,-0.07851022156934753,0.025804872077365648
2,94,0.08703023625902803,-0.07857142857142857,0.02625780389276533
2,95,0.0866691149467499,-0.07872444607663118,0.02609866568735463
2,96,0.0866691149467499,-0.07872444607663118,0.02609866568735463
2,97,0.0869873913575713,-0.07870608397600685,0.02615987268943567
2,98,0.08677316685028767,-0.07882237727996083,0.024286938425755904
2,99,0.08677316685028767,-0.07882237727996083,0.024286938425755904
3,0,-0.08477169788223773,-0.07106745011629331,0.024513404333455745
3,1,-0.08461255967682703,-0.07076141510588811,0.02414616232096952
3,2,-0.08461255967682703,-0.07076141510588811,0.02414616232096952
3,3,-0.08436161096829478,-0.07063900110172604,0.02412780022034521
3,4,-0.08469212877953239,-0.07059003550006121,0.02423185212388297
3,5,-0.08469212877953239,-0.07059003550006121,0.02423185212388297
3,6,-0.08462480107724324,-0.07052882849798017,0.024397111029501775
3,7,-0.0845635940751622,-0.07076141510588811,0.024495042232831436
3,8,-0.0843983351695434,-0.07088382911005019,0.0244399559309585
3,9,-0.0843983351695434,-0.07088382911005019,0.0244399559309585
3,10,-0.08450238707308116,-0.07076753580609621,0.024458318031582812
3,11,-0.08466152527849186,-0.0707369323050557,0.024801077243236627
3,12,-0.08466152527849186,-0.0707369323050557,0.024801077243236627
3,13,-0.0847227322805729,-0.07098176031337985,0.024250214224507283
3,14,-0.08444118007100013,-0.07067572530297465,0.024366507528461256
3,15,-0.08444118007100013,-0.07067572530297465,0.024366507528461256
3,16,-0.08487574978577549,-0.07065124250214225,0.02462969763740972
3,17,-0.08440445586975151,-0.0705839147998531,0.024311421226588324
3,18,-0.08440445586975151,-0.0705839147998531,0.024311421226588324
3,19,-0.08454523197453788,-0.07067572530297465,0.02436038682825315
3,20,-0.08454523197453788,-0.07070020810380707,0.024293059125964012
3,21,-0.08451462847349736,-0.07063288040151794,0.024311421226588324
3,22,-0.08451462847349736,-0.07063288040151794,0.024311421226588324
3,23,-0.08461255967682703,-0.07052270779777206,0.02416452442159383
3,24,-0.08481454278369446,-0.07096339821275553,0.02438486962908557
3,25,-0.08481454278369446,-0.07096339821275553,0.02438486962908557
3,26,-0.0845941975762027,-0.07068796670339086,0.02426245562492349
3,27,-0.08467376667890807,-0.07066348390255846,0.024329783327212633
3,28,-0.08467376667890807,-0.07066348390255846,0.024329783327212633
3,29,-0.08462480107724324,-0.0705839147998531,0.02464805973803403
3,30,-0.08453299057412168,-0.07066960460276656,0.024054351817847965
3,31,-0.08453299057412168,-0.07066960460276656,0.024054351817847965
3,32,-0.08447790427224874,-0.07067572530297465,0.02430530052638022
3,33,-0.08453299057412168,-0.07085934630921778,0.024152283021177622
3,34,-0.08455747337495409,-0.07079201860692863,0.024342024727628843
3,35,-0.08455747337495409,-0.07079201860692863,0.024342024727628843
3,36,-0.08463704247765944,-0.07068796670339086,0.02453176643408006
3,37,-0.08452074917370547,-0.07068796670339086,0.02451952503366385
3,38,-0.08452074917370547,-0.07068796670339086,0.02451952503366385
3,39,-0.08466764597869997,-0.07055943199902068,0.024219610723466765
3,40,-0.08491859468723222,-0.07052270779777206,0.024268576325131595
3,41,-0.08491859468723222,-0.07052270779777206,0.024268576325131595
3,42,-0.08452686987391358,-0.07053494919818827,0.024286938425755904
3,43,-0.08467988737911616,-0.07083486350838536,0.024366507528461256
3,44,-0.08467988737911616,-0.07083486350838536,0.024366507528461256
3,45,-0.08449014567266495,-0.0705716733994369,0.0244399559309585
3,46,-0.08461868037703514,-0.07101848451462847,0.024329783327212633
3,47,-0.08455135267474599,-0.07040029379360999,0.02413392092055331
3,48,-0.08455135267474599,-0.07040029379360999,0.02413392092055331
3,49,-0.0845697147753703,-0.0706022769004774,0.024195127922634348
3,50,-0.08464316317786755,-0.0708960705104664,0.02424409352429918
3,51,-0.08464316317786755,-0.0708960705104664,0.02424409352429918
3,52,-0.08462480107724324,-0.07052882849798017,0.024348145427836945
3,53,-0.08449014567266495,-0.0706022769004774,0.024458318031582812
3,54,-0.08449014567266495,-0.0706022769004774,0.024458318031582812
3,55,-0.08476557718202962,-0.07049210429673156,0.024464438731790918
3,56,-0.08452074917370547,-0.0707491737054719,0.02439099032929367
3,57,-0.08452074917370547,-0.0707491737054719,0.02439099032929367
3,58,-0.08462480107724324,-0.07059615620026931,0.024397111029501775
3,59,-0.08463092177745134,-0.07071244950422328,0.024152283021177622
3,60,-0.08463092177745134,-0.07084098420859346,0.02435426612804505
3,61,-0.08463092177745134,-0.07084098420859346,0.02435426612804505
3,62,-0.08467376667890807,-0.07049210429673156,0.024476680132207124
3,63,-0.08448402497245686,-0.07115313991920676,0.024342024727628843
3,64,-0.08448402497245686,-0.07115313991920676,0.024342024727628843
3,65,-0.08457583547557841,-0.07079201860692863,0.024458318031582812
3,66,-0.08434324886767046,-0.07064512180193414,0.024378748928877463
3,67,-0.08434324886767046,-0.07064512180193414,0.024378748928877463
3,68,-0.08433712816746236,-0.0707308116048476,0.024311421226588324
3,69,-0.084728852980781,-0.07086546700942588,0.024501162933039538
3,70,-0.084728852980781,-0.07086546700942588,0.024501162933039538
3,71,-0.08464316317786755,-0.0705839147998531,0.02437262822866936
3,72,-0.08461255967682703,-0.07060839760068552,0.024537887134288165
3,73,-0.08461255967682703,-0.07065736320235036,0.02437262822866936
3,74,-0.0847166115803648,-0.07065736320235036,0.02437262822866936
3,75,-0.08449014567266495,-0.07075529440568001,0.02421349002325866
3,76,-0.08475945648182151,-0.07052270779777206,0.024409352429917982
3,77,-0.08475945648182151,-0.07052270779777206,0.024409352429917982
3,78,-0.08454523197453788,-0.07062675970130983,0.024225731423674866
3,79,-0.08451462847349736,-0.07092055331129882,0.024501162933039538
3,80,-0.08451462847349736,-0.07092055331129882,0.024501162933039538
3,81,-0.08468600807932428,-0.07095115681233934,0.02416452442159383
3,82,-0.08450850777328926,-0.07071244950422328,0.024201248622842453
3,83,-0.08450850777328926,-0.07071244950422328,0.024201248622842453
3,84,-0.08450238707308116,-0.07055943199902068,0.02448892153262333
3,85,-0.0844228179703758,-0.07094503611213124,0.024378748928877463
3,86,-0.0844228179703758,-0.07094503611213124,0.024378748928877463
3,87,-0.08469824947974049,-0.07093891541192313,0.024274697025339697
3,88,-0.08437385236871098,-0.07068184600318277,0.02426245562492349
3,89,-0.08446566287183253,-0.07059003550006121,0.02447055943199902
3,90,-0.08446566287183253,-0.07059003550006121,0.02447055943199902
3,91,-0.08469212877953239,-0.07085934630921778,0.02421349002325866
3,92,-0.08435549026808667,-0.07049822499693965,0.024084955318888483
3,93,-0.08435549026808667,-0.07049822499693965,0.024084955318888483
3,94,-0.08477781858244583,-0.0707430530052638,0.02437262822866936
3,95,-0.08453299057412168,-0.0707430530052638,0.02435426612804505
3,96,-0.08453299057412168,-0.0707430530052638,0.02435426612804505
3,97,-0.08464316317786755,-0.07090219121067451,0.024641939037825928
3,98,-0.08453911127432978,-0.0707369323050557,0.024280817725547802
3,99,-0.08453911127432978,-0.0707369323050557,0.024280817725547802
