values,,Magnetometer,Magnetometer,Magnetometer
axis,,x,y,z
Sensor,Sample,,,
0,0,0.05910148120945036,0.07672909780878932,0.00023870730811604847
0,1,0.05910148120945036,0.07672909780878932,0.00023870730811604847
0,2,0.059144326110907086,0.07642306279838414,0.000856898029134533
0,3,0.058972946505080184,0.07680866691149467,0.0005508630187293426
0,4,0.058972946505080184,0.07680866691149467,0.0005508630187293426
0,5,0.05925449871465296,0.07671073570816501,0.00047741461623209693
0,6,0.05902191210674501,0.07687599461378382,0.0005875872199779654
0,7,0.05902191210674501,0.07687599461378382,0.0005875872199779654
0,8,0.05889337740237484,0.07663728730566777,0.0005937079201860692
0,9,0.059089239809034154,0.07671073570816501,0.00028767290978087893
0,10,0.059089239809034154,0.07671073570816501,0.00028767290978087893
0,11,0.058942343004039666,0.0766862529073326,0.0006732770228914188
0,12,0.058948463704247764,0.07670461500795692,0.0003366385114457094
0,13,0.058948463704247764,0.07670461500795692,0.0003366385114457094
0,14,0.059150446811115184,0.07679030481087037,0.0006426735218508998
0,15,0.059083119108826056,0.07680866691149467,0.0006120700208103807
0,16,0.059083119108826056,0.07680866691149467,0.0006120700208103807
0,17,0.05905863630799364,0.07682090831191088,0.00012241400416207614
0,18,0.05907087770840984,0.0766984943077488,0.0002570694087403599
0,19,0.05907087770840984,0.07693108091565674,0.0007467254253886645
0,20,0.05920553311298813,0.07693108091565674,0.0007467254253886645
0,21,0.058862773901334306,0.07634961439588689,0.0007650875260129758
0,22,0.059089239809034154,0.07677194271024605,0.00047741461623209693
0,23,0.059089239809034154,0.07677194271024605,0.00047741461623209693
0,24,0.058972946505080184,0.07681478761170278,0.0009364671318398824
0,25,0.05901579140653691,0.07672909780878932,0.0006793977230995226
0,26,0.05901579140653691,0.07672909780878932,0.0006793977230995226
0,27,0.059217774513404334,0.07669237360754069,0.00031215571061329417
0,28,0.059156567511323296,0.07658220100379484,0.0006059493206022769
0,29,0.059156567511323296,0.07658220100379484,0.0006059493206022769
0,30,0.05888113600195862,0.07675970130982984,0.0006487942220590036
0,31,0.05911984331007467,0.07682702901211899,0.0010343983351695433
0,32,0.05911984331007467,0.07682702901211899,0.0010343983351695433
0,33,0.05935242991798262,0.0766801322071245,0.000379483412902436
0,34,0.05910148120945036,0.07672909780878932,0.000569225119353654
0,35,0.05910148120945036,0.07672909780878932,0.000569225119353654
0,36,0.059187171012363815,0.0766984943077488,0.0006120700208103807
0,37,0.058942343004039666,0.07663116660545967,0.0002570694087403599
0,38,0.058942343004039666,0.07661280450483535,0.000599828620394173
0,39,0.059187171012363815,0.07661280450483535,0.000599828620394173
0,40,0.05900967070632881,0.0766862529073326,0.0004590525156077855
0,41,0.05911372260986657,0.07677194271024605,0.0005937079201860692
0,42,0.05911372260986657,0.07677194271024605,0.0005937079201860692
0,43,0.058948463704247764,0.07655771820296242,0.0007161219243481455
0,44,0.05898518790549638,0.07674133920920553,0.00048353531644020075
0,45,0.05898518790549638,0.07674133920920553,0.00048353531644020075
0,46,0.05911984331007467,0.07677806341045415,0.0002631901089484637
0,47,0.05902803280695311,0.07669237360754069,0.00012853470437017994
0,48,0.05902803280695311,0.07669237360754069,0.00012853470437017994
0,49,0.05913208471049088,0.07660668380462725,-0.00012241400416207614
0,50,0.059156567511323296,0.0768576325131595,-0.0002570694087403599
0,51,0.059156567511323296,0.0768576325131595,-0.0002570694087403599
0,52,0.059144326110907086,0.0766984943077488,0.000318276410821398
0,53,0.05899130860570449,0.07678418411066226,0.0003427592116538132
0,54,0.05899130860570449,0.07678418411066226,0.0003427592116538132
0,55,0.05902191210674501,0.07644142489900844,0.0004223283143591627
0,56,0.05903415350716122,0.07696168441669728,0.0002509487085322561
0,57,0.05903415350716122,0.07696168441669728,0.0002509487085322561
0,58,0.05874035989717223,0.07676582201003794,0.0005325009181050312
0,59,0.05872199779654792,0.07679642551107847,0.0005753458195617579
0,60,0.0591626882115314,0.07655159750275432,0.0004468111151915779
0,61,0.0591626882115314,0.07655159750275432,0.0004468111151915779
0,62,0.05885665320112621,0.0768392704125352,0.0004284490145672665
0,63,0.059144326110907086,0.07674133920920553,0.0003243971110295018
0,64,0.059144326110907086,0.07674133920920553,0.0003243971110295018
0,65,0.05910148120945036,0.07677806341045415,0.0004162076141510589
0,66,0.05902191210674501,0.07698004651732157,0.0005875872199779654
0,67,0.05902191210674501,0.07698004651732157,0.0005875872199779654
0,68,0.05911984331007467,0.07672909780878932,0.000758966825804872
0,69,0.05919329171257191,0.0768576325131595,0.0008752601297588444
0,70,0.05919329171257191,0.0768576325131595,0.0008752601297588444
0,71,0.05898518790549638,0.07666789080670829,-0.0002631901089484637
0,72,0.059187171012363815,0.07666789080670829,1.836210062431142e-05
0,73,0.059187171012363815,0.07666789080670829,1.836210062431142e-05
0,74,0.05910148120945036,0.07663728730566777,0.00046517321581588934
0,75,0.059076998408617944,0.07655771820296242,0.0005447423185212389
0,76,0.059076998408617944,0.07655771820296242,0.0005447423185212389
0,77,0.05907087770840984,0.07677194271024605,0.0008813808299669483
0,78,0.05923613661402864,0.07687599461378382,0.0005569837189374464
0,79,0.05923613661402864,0.07687599461378382,0.0005569837189374464
0,80,0.058948463704247764,0.07661892520504346,0.000538621618313135
0,81,0.05937691271881503,0.07655771820296242,0.000697759823723834
0,82,0.05937691271881503,0.07674745990941365,0.0008752601297588444
0,83,0.05904027420736933,0.07674745990941365,0.0008752601297588444
0,84,0.05906475700820174,0.07682090831191088,0.0007773289264291835
0,85,0.05910148120945036,0.07675970130982984,0.0005814665197698617
0,86,0.05910148120945036,0.07675970130982984,0.0005814665197698617
0,87,0.058972946505080184,0.07690659811482434,0.0006487942220590036
0,88,0.05904027420736933,0.07658220100379484,0.0005937079201860692
0,89,0.05904027420736933,0.07658220100379484,0.0005937079201860692
0,90,0.05945036112131228,0.0766740115069164,0.0008630187293426368
0,91,0.058930101603623455,0.07653935610233811,7.344840249724568e-05
0,92,0.058930101603623455,0.07653935610233811,7.344840249724568e-05
0,93,0.05897906720528828,0.0766740115069164,0.0003856041131105398
0,94,0.05913208471049088,0.07679030481087037,0.0006181907210184845
0,95,0.05913208471049088,0.07679030481087037,0.0006181907210184845
0,96,0.058862773901334306,0.07663116660545967,0.0005263802178969274
0,97,0.05910148120945036,0.07682702901211899,0.000758966825804872
0,98,0.05910148120945036,0.07682702901211899,0.000758966825804872
0,99,0.0591626882115314,0.07664340800587587,0.000348879911861917
1,0,-0.07105520871587709,0.09744766801322072,0.02634961439588689
1,1,-0.07111029501775004,0.09757620271759089,0.02672297710858122
1,2,-0.07111029501775004,0.09757620271759089,0.02672297710858122
1,3,-0.07133064022524177,0.0974170645121802,0.02662504590525156
1,4,-0.07124495042232831,0.09767413392092056,0.02670461500795691
1,5,-0.07124495042232831,0.09767413392092056,0.02670461500795691
1,6,-0.07101236381442036,0.09764353041988003,0.026374097196719303
1,7,-0.07109193291712572,0.09772922022279348,0.026117027787978947
1,8,-0.07109193291712572,0.09772922022279348,0.026117027787978947
1,9,-0.07118986412045539,0.0974415473130126,0.027065736320235033
1,10,-0.07112865711837434,0.09777206512425021,0.026361855796303096
1,11,-0.07120210552087158,0.097759823723834,0.026080303586730323
1,12,-0.07120210552087158,0.097759823723834,0.026080303586730323
1,13,-0.0713734851266985,0.09761292691883952,0.02615987268943567
1,14,-0.07111641571795814,0.09765577182029625,0.02633125229526258
1,15,-0.07111641571795814,0.09765577182029625,0.02633125229526258
1,16,-0.07112253641816624,0.09746603011384503,0.02606194148610601
1,17,-0.07123882972212021,0.09772309952258539,0.026453666299424656
1,18,-0.07123882972212021,0.09772309952258539,0.026453666299424656
1,19,-0.07110417431754193,0.09743542661280451,0.026539356102338107
1,20,-0.07126331252295262,0.0977353409230016,0.026361855796303096
1,21,-0.07116538131962297,0.09747827151426122,0.02630064879422206
1,22,-0.07116538131962297,0.09747827151426122,0.02630064879422206
1,23,-0.0713857265271147,0.09760680621863141,0.026539356102338107
1,24,-0.07133064022524177,0.09730689190843432,0.026459786999632758
1,25,-0.07133064022524177,0.09730689190843432,0.026459786999632758
1,26,-0.07101848451462847,0.09781491002570694,0.026594442404211042
1,27,-0.07115926061941487,0.09751499571550985,0.026319010894846374
1,28,-0.07115926061941487,0.09751499571550985,0.026319010894846374
1,29,-0.07116538131962297,0.09777206512425021,0.026337372995470683
1,30,-0.07132451952503366,0.09771085812216918,0.026520994001713795
1,31,-0.07132451952503366,0.09771085812216918,0.026520994001713795
1,32,-0.07098788101358795,0.09768637532133675,0.026557718202962422
1,33,-0.07125719182274452,0.09738646101113967,0.026147631289019462
1,34,-0.07101848451462847,0.09761904761904762,0.026600563104419144
1,35,-0.07101848451462847,0.09761904761904762,0.026600563104419144
1,36,-0.0712082262210797,0.09769249602154487,0.0265271147019219
1,37,-0.07136124372628229,0.09749663361488554,0.026294528094013954
1,38,-0.07136124372628229,0.09749663361488554,0.026294528094013954
1,39,-0.07118374342024728,0.0970804260007345,0.02662504590525156
1,40,-0.07100012241400416,0.09761292691883952,0.026631166605459666
1,41,-0.07100012241400416,0.09761292691883952,0.026631166605459666
1,42,-0.07130615742440935,0.097759823723834,0.025706940874035987
1,43,-0.07125107112253641,0.09772309952258539,0.026710735708165012
1,44,-0.07125107112253641,0.09772309952258539,0.026710735708165012
1,45,-0.07109193291712572,0.09766189252050435,0.026447545599216547
1,46,-0.07111641571795814,0.09762516831925572,0.026233321091932917
1,47,-0.07115313991920676,0.09767413392092056,0.0268453911127433
1,48,-0.07115313991920676,0.09767413392092056,0.0268453911127433
1,49,-0.07112253641816624,0.09747827151426122,0.02662504590525156
1,50,-0.0712082262210797,0.0977475823234178,0.026490390500673276
1,51,-0.0712082262210797,0.0977475823234178,0.026490390500673276
1,52,-0.07123882972212021,0.09730077120822622,0.02563961317174685
1,53,-0.071226588321704,0.09768637532133675,0.02625780389276533
1,54,-0.071226588321704,0.09768637532133675,0.02625780389276533
1,55,-0.0712143469212878,0.09764353041988003,0.026594442404211042
1,56,-0.07111641571795814,0.09770473742196108,0.02653323540213
1,57,-0.07111641571795814,0.09770473742196108,0.02653323540213
1,58,-0.07120210552087158,0.09740482311176399,0.025670216672787367
1,59,-0.07144081282898763,0.09766189252050435,0.02587219977965479
1,60,-0.07111029501775004,0.09722732280572897,0.026563838903170524
1,61,-0.07111029501775004,0.09722732280572897,0.026563838903170524
1,62,-0.07112253641816624,0.09784551352674746,0.026735218508997426
1,63,-0.07128167462357694,0.09761292691883952,0.02657608030358673
1,64,-0.07128167462357694,0.09761292691883952,0.02657608030358673
1,65,-0.07110417431754193,0.09738646101113967,0.026508752601297585
1,66,-0.07108581221691761,0.09762516831925572,0.02565797527237116
1,67,-0.07108581221691761,0.09762516831925572,0.02565797527237116
1,68,-0.07098176031337985,0.0975884441180071,0.026600563104419144
1,69,-0.071226588321704,0.09736809891051537,0.026410821397967927
1,70,-0.071226588321704,0.09736809891051537,0.026410821397967927
1,71,-0.07126331252295262,0.09730077120822622,0.02662504590525156
1,72,-0.07111641571795814,0.09766801322071245,0.025970130982984452
1,73,-0.07109805361733382,0.0974109438119721,0.026135389888603255
1,74,-0.07109805361733382,0.0974109438119721,0.026135389888603255
1,75,-0.0713796058269066,0.09769861672175298,0.026514873301505693
1,76,-0.07108581221691761,0.09748439221446933,0.026857632513159507
1,77,-0.07108581221691761,0.09748439221446933,0.026857632513159507
1,78,-0.0712082262210797,0.09761904761904762,0.026288407393805852
1,79,-0.07115926061941487,0.09728852980781001,0.02648426980046517
1,80,-0.07115926061941487,0.09728852980781001,0.02648426980046517
1,81,-0.07105520871587709,0.09766189252050435,0.026404700697759825
1,82,-0.07126331252295262,0.0975884441180071,0.02657608030358673
1,83,-0.07126331252295262,0.0975884441180071,0.02657608030358673
1,84,-0.07126331252295262,0.0977659444240421,0.026980046517321582
1,85,-0.07104296731546089,0.09749663361488554,0.026459786999632758
1,86,-0.07092055331129882,0.0972762884073938,0.02691271881503244
1,87,-0.07092055331129882,0.0972762884073938,0.02691271881503244
1,88,-0.07129391602399314,0.09764965112008814,0.02606194148610601
1,89,-0.07127555392336883,0.09738646101113967,0.026827029012118985
1,90,-0.07127555392336883,0.09738646101113967,0.026827029012118985
1,91,-0.07118374342024728,0.09746603011384503,0.02656995960337863
1,92,-0.07125107112253641,0.0975945648182152,0.026245562492349123
1,93,-0.07125107112253641,0.0975945648182152,0.026245562492349123
1,94,-0.07129391602399314,0.09769861672175298,0.026545476802546215
1,95,-0.07148365773044436,0.09743542661280451,0.026631166605459666
1,96,-0.07148365773044436,0.09743542661280451,0.026631166605459666
1,97,-0.07111641571795814,0.09755171991675847,0.026361855796303096
1,98,-0.07131839882482556,0.09764353041988003,0.026563838903170524
1,99,-0.07101236381442036,0.09761292691883952,0.02633125229526258
2,0,0.10987268943567144,-0.08292936711959849,0.04511568123393316
2,1,0.10973803403109317,-0.08321091932917127,0.045807320357448895
2,2,0.10973803403109317,-0.08321091932917127,0.045807320357448895
2,3,0.10976251683192557,-0.08281919451585261,0.046664218386583425
2,4,0.10977475823234177,-0.08286203941730934,0.04659076998408618
2,5,0.10977475823234177,-0.08286203941730934,0.04659076998408618
2,6,0.10999510343983351,-0.08281307381564451,0.04600930346431632
2,7,0.10984820663483903,-0.08275798751377159,0.046621373485126696
2,8,0.10984820663483903,-0.08275798751377159,0.046621373485126696
2,9,0.10989717223650386,-0.08281307381564451,0.04680499449136981
2,10,0.10990941363692006,-0.082959970620639,0.04680499449136981
2,11,0.10971967193046886,-0.08264169420981761,0.04661525278491859
2,12,0.10971967193046886,-0.08264169420981761,0.04661525278491859
2,13,0.10962786142734729,-0.08290488431876607,0.04633370057534582
2,14,0.10955441302485006,-0.08301505692251193,0.04660301138450239
2,15,0.10955441302485006,-0.08301505692251193,0.04660301138450239
2,16,0.10973803403109317,-0.08307014322438487,0.04643163177867548
2,17,0.10972579263067694,-0.0829538499204309,0.04588688946015424
2,18,0.10972579263067694,-0.0829538499204309,0.04588688946015424
2,19,0.10971967193046886,-0.08288040151793366,0.04422205900355001
2,20,0.10988493083608766,-0.08297833272126331,0.046394907577426855
2,21,0.10988493083608766,-0.08297833272126331,0.046352062675970127
2,22,0.10982984453421471,-0.0827947117150202,0.046352062675970127
2,23,0.1097992410331742,-0.08286816011751744,0.04651732158158893
2,24,0.10998286203941732,-0.08323540213000367,0.04499326722977108
2,25,0.10998286203941732,-0.08323540213000367,0.04499326722977108
2,26,0.10972579263067694,-0.08310074672542539,0.04676827029012119
2,27,0.10989717223650386,-0.08310074672542539,0.04660913208471049
2,28,0.10989717223650386,-0.08310074672542539,0.04660913208471049
2,29,0.10975639613171746,-0.08277022891418778,0.04578283755661648
2,30,0.1099767413392092,-0.08274574611335536,0.04647447668013221
2,31,0.1099767413392092,-0.08274574611335536,0.04647447668013221
2,32,0.10989105153629575,-0.08316195372750643,0.04656016648304566
2,33,0.1098114824335904,-0.08272126331252296,0.045525768147876115
2,34,0.1098114824335904,-0.08272126331252296,0.045525768147876115
2,35,0.10955441302485006,-0.08284979801689313,0.046425511078467374
2,36,0.10990329293671194,-0.08305178112376056,0.0466274941853348
2,37,0.10993389643775249,-0.0829660913208471,0.046462235279716005
2,38,0.10993389643775249,-0.0829660913208471,0.046462235279716005
2,39,0.11008079324274697,-0.08289876361855796,0.04594809646223528
2,40,0.10947484392214468,-0.08283755661647693,0.04483412902436039
2,41,0.10947484392214468,-0.08283755661647693,0.04483412902436039
2,42,0.10974415473130125,-0.08257436650752846,0.04626025217284858
2,43,0.1099767413392092,-0.08288652221814176,0.046639735585751005
2,44,0.1099767413392092,-0.08288652221814176,0.046639735585751005
2,45,0.10973803403109317,-0.0831191088260497,0.045623699351205776
2,46,0.10958501652589056,-0.08278247031460399,0.04647447668013221
2,47,0.10958501652589056,-0.08278247031460399,0.04647447668013221
2,48,0.10976251683192557,-0.08297833272126331,0.046278614273472886
2,49,0.10977475823234177,-0.08284979801689313,0.04500550863018729
2,50,0.10977475823234177,-0.08284979801689313,0.04674378748928877
2,51,0.10975027543150936,-0.08293548781980659,0.04674378748928877
2,52,0.10965234422817971,-0.08306402252417676,0.04577059615620027
2,53,0.10982984453421471,-0.08287428081772555,0.04559921655037336
2,54,0.10982984453421471,-0.08287428081772555,0.04559921655037336
2,55,0.1097931203329661,-0.08314971232709022,0.04654180438242135
2,56,0.10983596523442282,-0.08303953972334435,0.04651120088138083
2,57,0.10983596523442282,-0.08303953972334435,0.04651120088138083
2,58,0.10984208593463092,-0.08278859101481209,0.04659689068429428
2,59,0.11009303464316318,-0.08281919451585261,0.046792753090953605
2,60,0.11009303464316318,-0.08281919451585261,0.046792753090953605
2,61,0.11001346554045784,-0.08275798751377159,0.04654180438242135
2,62,0.1097931203329661,-0.08272126331252296,0.046137838168686496
2,63,0.1097931203329661,-0.08272126331252296,0.046137838168686496
2,64,0.1096645856285959,-0.08305178112376056,0.04551352674745991
2,65,0.11008691394295507,-0.0828008324152283,0.0463030970743053
2,66,0.1096645856285959,-0.08316807442771454,0.04660301138450239
2,67,0.1096645856285959,-0.08316807442771454,0.04660301138450239
2,68,0.1099706206390011,-0.08310686742563349,0.04607663116660546
2,69,0.10975639613171746,-0.08288040151793366,0.045899130860570445
2,70,0.10975639613171746,-0.08288040151793366,0.045899130860570445
2,71,0.1096584649283878,-0.08258660790794467,0.045158526135389884
2,72,0.10987268943567144,-0.08257436650752846,0.04488921532623332
2,73,0.10987268943567144,-0.08257436650752846,0.04488921532623332
2,74,0.10989717223650386,-0.08287428081772555,0.04600930346431632
2,75,0.10987268943567144,-0.08323540213000367,0.04637654547680255
2,76,0.10987268943567144,-0.08323540213000367,0.04637654547680255
2,77,0.10953605092422573,-0.08261109070877708,0.04670094258783205
2,78,0.11000122414004163,-0.08283143591626882,0.045880768759946136
2,79,0.11000122414004163,-0.08283143591626882,0.04624801077243237
2,80,0.10989717223650386,-0.08302729832292814,0.04624801077243237
2,81,0.1097992410331742,-0.08306402252417676,0.04643163177867548
2,82,0.10981760313379851,-0.08300281552209574,0.046547925082629456
2,83,0.10981760313379851,-0.08300281552209574,0.046547925082629456
2,84,0.10984820663483903,-0.08307626392459297,0.04659076998408618
2,85,0.10984208593463092,-0.08278859101481209,0.04647447668013221
2,86,0.10984208593463092,-0.08278859101481209,0.04647447668013221
2,87,0.11010527604357938,-0.08308238462480108,0.046621373485126696
2,88,0.10970743053005264,-0.08308850532500918,0.04652956298200514
2,89,0.10970743053005264,-0.08308850532500918,0.04652956298200514
2,90,0.11008079324274697,-0.0832598849308361,0.04496266372873057
2,91,0.10985432733504712,-0.08320479862896316,0.045580854449749054
2,92,0.10985432733504712,-0.08320479862896316,0.045580854449749054
2,93,0.10998286203941732,-0.08316195372750643,0.043897661892520506
2,94,0.10992165503733627,-0.08288652221814176,0.045293181539968176
2,95,0.10992165503733627,-0.08292324641939038,0.045825682458073204
2,96,0.10992165503733627,-0.08292324641939038,0.045825682458073204
2,97,0.11003794834129024,-0.08281307381564451,0.046407148977843066
2,98,0.10976863753213369,-0.08293548781980659,0.04651120088138083
2,99,0.10976863753213369,-0.08293548781980659,0.04651120088138083
3,0,-0.10549638878687721,-0.07338107479495655,0.04387929979189619
3,1,-0.10528216427959358,-0.07353409230015914,0.044142489900844656
3,2,-0.10541069898396375,-0.07343004039662138,0.04416697270167707
3,3,-0.10536785408250704,-0.07333822989349982,0.04402007589668258
3,4,-0.10536785408250704,-0.07333822989349982,0.04402007589668258
3,5,-0.10525156077855306,-0.07311176398579997,0.04387929979189619
3,6,-0.10541069898396375,-0.0731546088872567,0.0438915411923124
3,7,-0.10541069898396375,-0.0731546088872567,0.0438915411923124
3,8,-0.10556983718937447,-0.07346676459787,0.04386093769127188
3,9,-0.10549026808666913,-0.07320969518912963,0.0440629207981393
3,10,-0.10549026808666913,-0.07320969518912963,0.0440629207981393
3,11,-0.10522095727751254,-0.07338107479495655,0.044013955196474476
3,12,-0.10530052638021789,-0.07371771330640225,0.044301628106255354
3,13,-0.10530052638021789,-0.07371771330640225,0.044301628106255354
3,14,-0.10541681968417187,-0.07341779899620517,0.044154731301260866
3,15,-0.10533112988125841,-0.07342391969641326,0.04416085200146897
3,16,-0.10532500918105032,-0.07320969518912963,0.044173093401885175
3,17,-0.10532500918105032,-0.07320969518912963,0.044173093401885175
3,18,-0.10533112988125841,-0.0733076263924593,0.044197576202717595
3,19,-0.10529440568000978,-0.0736197821030726,0.043916023993144815
3,20,-0.10529440568000978,-0.0736197821030726,0.043916023993144815
3,21,-0.10555759578895825,-0.07355857510099155,0.04422205900355001
3,22,-0.10549638878687721,-0.073289264291835,0.044044558697514995
3,23,-0.10549638878687721,-0.073289264291835,0.044044558697514995
3,24,-0.10529440568000978,-0.07328314359162688,0.044013955196474476
3,25,-0.10521483657730443,-0.0736259028032807,0.04414861060105276
3,26,-0.10521483657730443,-0.07349124739870241,0.04433223160729587
3,27,-0.10541681968417187,-0.07349124739870241,0.04433223160729587
3,28,-0.10536173338229893,-0.07369323050556983,0.04420369690292569
3,29,-0.10532500918105032,-0.0733198677928755,0.04425266250459052
3,30,-0.10532500918105032,-0.0733198677928755,0.04425266250459052
3,31,-0.1054535438854205,-0.0733198677928755,0.04406904149834741
3,32,-0.10560044069041499,-0.07344840249724569,0.044099644999387934
3,33,-0.10560044069041499,-0.07344840249724569,0.044099644999387934
3,34,-0.1051107846737667,-0.07354633370057535,0.044197576202717595
3,35,-0.10545966458562858,-0.07344840249724569,0.04387317909168809
3,36,-0.10545966458562858,-0.07344840249724569,0.04387317909168809
3,37,-0.10526992287917739,-0.07324641939037826,0.04416085200146897
3,38,-0.1054719059860448,-0.07335659199412413,0.043830334190231364
3,39,-0.1054719059860448,-0.07335659199412413,0.044044558697514995
3,40,-0.10533112988125841,-0.07353409230015914,0.044044558697514995
3,41,-0.10522095727751254,-0.07333210919329172,0.043916023993144815
3,42,-0.1054780266862529,-0.07338107479495655,0.04422817970375811
3,43,-0.1054780266862529,-0.07338107479495655,0.04422817970375811
3,44,-0.10512914677439097,-0.07335047129391602,0.04408128289876362
3,45,-0.10532500918105032,-0.07344840249724569,0.04429550740604725
3,46,-0.10532500918105032,-0.07344840249724569,0.04429550740604725
3,47,-0.10557595788958256,-0.07335659199412413,0.04403843799730689
3,48,-0.10531888848084221,-0.07333822989349982,0.044154731301260866
3,49,-0.10531888848084221,-0.07333822989349982,0.044154731301260866
3,50,-0.10517199167584772,-0.07358305790182397,0.04403843799730689
3,51,-0.10517199167584772,-0.07360754070265638,0.0442159383033419
3,52,-0.10517199167584772,-0.07360754070265638,0.0442159383033419
3,53,-0.10549026808666913,-0.07374831680744277,0.04447300771208226
3,54,-0.10556371648916636,-0.07338107479495655,0.04440568000979312
3,55,-0.10520871587709635,-0.07313624678663239,0.04387317909168809
3,56,-0.10520871587709635,-0.07313624678663239,0.04387317909168809
3,57,-0.10555147508875015,-0.0734545231974538,0.04375076508752601
3,58,-0.10528216427959358,-0.07322193658954584,0.04427714530542294
3,59,-0.10528216427959358,-0.07322193658954584,0.04427714530542294
3,60,-0.10517811237605582,-0.07353409230015914,0.04425266250459052
3,61,-0.10537397478271515,-0.07307503978455135,0.04403231729709879
3,62,-0.10537397478271515,-0.07307503978455135,0.04403231729709879
3,63,-0.1052882849798017,-0.07335659199412413,0.04385481699106378
3,64,-0.10536173338229893,-0.07343616109682947,0.04407516219855551
3,65,-0.10536173338229893,-0.07343616109682947,0.04407516219855551
3,66,-0.1051413881748072,-0.0733076263924593,0.04431999020687967
3,67,-0.1054780266862529,-0.07325866079079447,0.044044558697514995
3,68,-0.1053127677806341,-0.07336271269433223,0.04414861060105276
3,69,-0.1053127677806341,-0.07336271269433223,0.04414861060105276
3,70,-0.10534337128167462,-0.07350960949932672,0.044001713796058266
3,71,-0.10538621618313135,-0.07368710980536172,0.044173093401885175
3,72,-0.10538621618313135,-0.07368710980536172,0.044173093401885175
3,73,-0.1051475088750153,-0.07342391969641326,0.044399559309585016
3,74,-0.10549638878687721,-0.07335659199412413,0.044154731301260866
3,75,-0.10549638878687721,-0.07335659199412413,0.044154731301260866
3,76,-0.10517811237605582,-0.07322805728975394,0.04390990329293672
3,77,-0.10540457828375567,-0.07352185089974293,0.04412412780022035
3,78,-0.10540457828375567,-0.07352185089974293,0.04412412780022035
3,79,-0.105306647080426,-0.07384012731056433,0.04416085200146897
3,80,-0.10536173338229893,-0.07339331619537275,0.04424042110417432
3,81,-0.10535561268209084,-0.07325866079079447,0.04414861060105276
3,82,-0.10535561268209084,-0.07325866079079447,0.04414861060105276
3,83,-0.10526992287917739,-0.07344228179703757,0.04410576569959603
3,84,-0.10533112988125841,-0.0734790059982862,0.04446076631166605
3,85,-0.10533112988125841,-0.0734790059982862,0.04446076631166605
3,86,-0.10518423307626393,-0.07333210919329172,0.04423430040396621
3,87,-0.10541069898396375,-0.07357693720161587,0.04408128289876362
3,88,-0.10541069898396375,-0.07357693720161587,0.04408128289876362
3,89,-0.10555759578895825,-0.07339331619537275,0.04443628351083364
3,90,-0.10525156077855306,-0.07325254009058636,0.044056800097931205
3,91,-0.10525156077855306,-0.07325254009058636,0.044056800097931205
3,92,-0.10485371526502632,-0.0734728852980781,0.044313869506671565
3,93,-0.1054780266862529,-0.07325254009058636,0.04423430040396621
3,94,-0.1052882849798017,-0.07318521238829721,0.04402619659689068
3,95,-0.1052882849798017,-0.07318521238829721,0.04402619659689068
3,96,-0.10520259517688824,-0.07318521238829721,0.04402619659689068
3,97,-0.10544130248500427,-0.07344228179703757,0.04439343860937691
3,98,-0.10544130248500427,-0.07344228179703757,0.04439343860937691
3,99,-0.10540457828375567,-0.07336883339454034,0.04416085200146897
