values,,Magnetometer,Magnetometer,Magnetometer
axis,,x,y,z
Sensor,Sample,,,
0,0,0.03162565797527237,0.05602888970498225,-0.0064818215203819324
0,1,0.03155833027298323,0.055924837801444485,-0.006555269922879177
0,2,0.031564450973191334,0.05609009670706329,-0.006634839025584527
0,3,0.03145427836944546,0.0561023381074795,-0.006494062920798139
0,4,0.03145427836944546,0.0561023381074795,-0.006494062920798139
0,5,0.03144203696902926,0.056322683314971235,-0.0063104419145550246
0,6,0.03139919206757253,0.05605337250581467,-0.006390011017260375
0,7,0.03139919206757253,0.05605337250581467,-0.006390011017260375
0,8,0.03133798506549149,0.05605949320602277,-0.0065001836210062435
0,9,0.03158893377402375,0.05596156200269311,-0.006469580119965725
0,10,0.03158893377402375,0.05596156200269311,-0.006469580119965725
0,11,0.03155833027298323,0.05599216550373363,-0.006787856530787122
0,12,0.03159505447423185,0.05584526869873914,-0.006555269922879177
0,13,0.03159505447423185,0.05584526869873914,-0.006555269922879177
0,14,0.03144815766923736,0.055937079201860695,-0.006738890929122292
0,15,0.031405312767780635,0.05609621740727139,-0.006732770228914188
0,16,0.031405312767780635,0.05609621740727139,-0.006732770228914188
0,17,0.03147264047006977,0.05601664830456604,-0.006451218019341412
0,18,0.03152160607173461,0.056151303709144326,-0.006787856530787122
0,19,0.03152160607173461,0.056151303709144326,-0.006787856530787122
0,20,0.031509364671318395,0.05596156200269311,-0.006787856530787122
0,21,0.03144203696902926,0.05609621740727139,-0.006940874035989718
0,22,0.03144203696902926,0.05609621740727139,-0.006940874035989718
0,23,0.03130126086424287,0.05591259640102828,-0.006995960337862652
0,24,0.03129514016403477,0.05584526869873914,-0.006610356224752112
0,25,0.031637899375688575,0.0559309585016526,-0.006738890929122292
0,26,0.031637899375688575,0.0559309585016526,-0.006738890929122292
0,27,0.03158893377402375,0.056218631411433476,-0.006702166727873669
0,28,0.031350226465907696,0.0561084588076876,-0.006610356224752112
0,29,0.031350226465907696,0.0561084588076876,-0.006610356224752112
0,30,0.03158281307381565,0.0561207002081038,-0.0065001836210062435
0,31,0.031650140776104785,0.0559493206022769,-0.006622597625168319
0,32,0.031650140776104785,0.0559493206022769,-0.006622597625168319
0,33,0.03148488187048598,0.05602888970498225,-0.006940874035989718
0,34,0.03161341657485616,0.05586363079936345,-0.006622597625168319
0,35,0.03161341657485616,0.05586363079936345,-0.006622597625168319
0,36,0.031350226465907696,0.05599216550373363,-0.006653201126208838
0,37,0.031417554168196846,0.055826906598114824,-0.0065185457216305545
0,38,0.031417554168196846,0.055826906598114824,-0.0065185457216305545
0,39,0.03147264047006977,0.0561145795078957,-0.006555269922879177
0,40,0.03144815766923736,0.05605337250581467,-0.006598114824335905
0,41,0.03144815766923736,0.05605337250581467,-0.006598114824335905
0,42,0.03161341657485616,0.0561145795078957,-0.006616476924960216
0,43,0.031319622964867185,0.05605337250581467,-0.007136736442649038
0,44,0.031319622964867185,0.05605337250581467,-0.007136736442649038
0,45,0.03144815766923736,0.055967682702901214,-0.006610356224752112
0,46,0.03152160607173461,0.05591871710123638,-0.006738890929122292
0,47,0.03128901946382666,0.05601052760435794,-0.006622597625168319
0,48,0.03128901946382666,0.05601052760435794,-0.006622597625168319
0,49,0.0315032439711103,0.05586363079936345,-0.007087770840984209
0,50,0.03144815766923736,0.056083976006855184,-0.006261476312890195
0,51,0.03144815766923736,0.056083976006855184,-0.00654302852246297
0,52,0.03135634716611581,0.05591259640102828,-0.00654302852246297
0,53,0.03149712327090219,0.05602888970498225,-0.006916391235157302
0,54,0.03152160607173461,0.05603501040519036,-0.006628718325376423
0,55,0.03138695066715632,0.05599216550373363,-0.006867425633492472
0,56,0.03153996817235892,0.055826906598114824,-0.0067450116293303955
0,57,0.031619537275064266,0.05620639001101726,-0.006775615130370914
0,58,0.031435916268821154,0.05630432121434692,-0.006396131717468478
0,59,0.031233933161953727,0.05613294160852002,-0.006328804015179336
0,60,0.03142979556861305,0.05583302729832292,-0.006806218631411433
0,61,0.03137470926674012,0.05632880401517933,-0.006769494430162811
0,62,0.03128289876361856,0.05613294160852002,-0.0065919941241278
0,63,0.031637899375688575,0.05612682090831191,-0.006579752723711594
0,64,0.03158281307381565,0.05586975149957155,-0.006604235524544008
0,65,0.031692985677561514,0.05588811360019587,-0.006279838413514506
0,66,0.031692985677561514,0.05588811360019587,-0.006279838413514506
0,67,0.031533847472150815,0.056292079813930716,-0.0067266495287060845
0,68,0.03147876117027788,0.056071734606438974,-0.006689925327457461
0,69,0.031411433467988734,0.05585138939894724,-0.006775615130370914
0,70,0.031405312767780635,0.05586975149957155,-0.006622597625168319
0,71,0.031319622964867185,0.05603501040519036,-0.007069408740359898
0,72,0.03157669237360754,0.05602888970498225,-0.0065919941241278
0,73,0.03159505447423185,0.05605949320602277,-0.007014322438486963
0,74,0.031362467866323906,0.05615742440935243,-0.006898029134532991
0,75,0.031178846860080794,0.056041131105398455,-0.006494062920798139
0,76,0.031533847472150815,0.05599216550373363,-0.006677683927041253
0,77,0.031417554168196846,0.05591259640102828,-0.006579752723711594
0,78,0.031552209572775124,0.05618802791039294,-0.006163545109560534
0,79,0.031533847472150815,0.05586363079936345,-0.006432855918717101
0,80,0.031552209572775124,0.05595544130248501,-0.006677683927041253
0,81,0.031552209572775124,0.05595544130248501,-0.006677683927041253
0,82,0.031276778063410456,0.05590647570082017,-0.006451218019341412
0,83,0.0315032439711103,0.05601052760435794,-0.006469580119965725
0,84,0.031564450973191334,0.055943199902068794,-0.007173460643897662
0,85,0.03146039906965357,0.0561023381074795,-0.006965356836822133
0,86,0.0315032439711103,0.05609621740727139,-0.006934753335781614
0,87,0.03159505447423185,0.056224752111641574,-0.006891908434324886
0,88,0.03161341657485616,0.05617578650997675,-0.006438976618925204
0,89,0.03146039906965357,0.05588811360019587,-0.006751132329538499
0,90,0.03157669237360754,0.056145183008936214,-0.006812339331619536
0,91,0.031411433467988734,0.055937079201860695,-0.006616476924960216
0,92,0.031411433467988734,0.05586975149957155,-0.006702166727873669
0,93,0.0315154853715265,0.05586975149957155,-0.006702166727873669
0,94,0.031393071367364425,0.056145183008936214,-0.007393805851389398
0,95,0.03153996817235892,0.055857510099155336,-0.006885787734116783
0,96,0.03144815766923736,0.055857510099155336,-0.0065369078222548655
0,97,0.0315154853715265,0.0559309585016526,-0.006659321826416942
0,98,0.031423674868404944,0.055967682702901214,-0.006867425633492472
0,99,0.031197208960705103,0.05587587219977965,-0.006585873423919697
1,0,-0.045899130860570445,0.07863875627371772,0.01853960093034643
1,1,-0.045899130860570445,0.07863875627371772,0.01853960093034643
1,2,-0.04586240665932183,0.07847961806830701,0.01965968906842943
1,3,-0.04570938915411923,0.07858366997184478,0.01860080793242747
1,4,-0.04570938915411923,0.07858366997184478,0.01860080793242747
1,5,-0.04571550985432733,0.0786265148733015,0.01935365405802424
1,6,-0.04570326845391113,0.07851022156934753,0.01940261965968907
1,7,-0.04570326845391113,0.07851022156934753,0.01940261965968907
1,8,-0.04560533725058147,0.07856530787122047,0.019316929856775616
1,9,-0.04546456114579508,0.07873056677683928,0.018655894234300405
1,10,-0.04546456114579508,0.07873056677683928,0.020222793487574976
1,11,-0.04575835475578406,0.07841229036601786,0.01923124005386216
1,12,-0.04574611335536786,0.07823479005998286,0.01903537764720284
1,13,-0.04559309585016526,0.07879789447912841,0.019286326355735094
1,14,-0.04559309585016526,0.07879789447912841,0.019286326355735094
1,15,-0.04558697514995715,0.07852858366997184,0.019090463949075775
1,16,-0.04573387195495164,0.07847349736809892,0.019274084955318887
1,17,-0.04573387195495164,0.07847349736809892,0.019274084955318887
1,18,-0.04577671685640837,0.07856530787122047,0.019286326355735094
1,19,-0.045697147753703024,0.07847961806830701,0.01935977475823234
1,20,-0.045697147753703024,0.07847961806830701,0.01935977475823234
1,21,-0.04575835475578406,0.07855306647080426,0.019017015546578527
1,22,-0.045966458562859594,0.07864487697392582,0.018643652833884198
1,23,-0.045966458562859594,0.07864487697392582,0.018643652833884198
1,24,-0.04554413024850043,0.07853470437017995,0.018882360142000246
1,25,-0.045911372260986655,0.07859591137226099,0.019017015546578527
1,26,-0.04551352674745991,0.07887746358183376,0.01921287795323785
1,27,-0.04551352674745991,0.07887746358183376,0.01921287795323785
1,28,-0.04583180315828131,0.0784673766678908,0.018790549638878686
1,29,-0.045440078344962664,0.07870608397600685,0.019494430162810626
1,30,-0.045440078344962664,0.07870608397600685,0.019494430162810626
1,31,-0.045672664952870604,0.07841841106622598,0.019059860448035253
1,32,-0.04573387195495164,0.07840004896560167,0.019525033663851145
1,33,-0.04573387195495164,0.07840004896560167,0.019525033663851145
1,34,-0.045654302852246295,0.07823479005998286,0.018894601542416452
1,35,-0.045538009548292326,0.0784673766678908,0.019329171257191823
1,36,-0.045538009548292326,0.0784673766678908,0.019329171257191823
1,37,-0.04583180315828131,0.07857754927163667,0.01966580976863753
1,38,-0.04578895825682458,0.07853470437017995,0.0191333088505325
1,39,-0.046021544864732526,0.07854082507038805,0.0191333088505325
1,40,-0.046021544864732526,0.07854082507038805,0.0191333088505325
1,41,-0.0458195617578651,0.0784490145672665,0.018429428326600564
1,42,-0.045911372260986655,0.07852858366997184,0.019414861060105277
1,43,-0.045911372260986655,0.07852858366997184,0.019414861060105277
1,44,-0.045813441057656994,0.07855918717101237,0.019059860448035253
1,45,-0.04559921655037336,0.07872444607663118,0.01966580976863753
1,46,-0.04559921655037336,0.07872444607663118,0.01966580976863753
1,47,-0.04593585506181907,0.0784612559676827,0.019494430162810626
1,48,-0.04573999265515975,0.0787856530787122,0.01923124005386216
1,49,-0.04573999265515975,0.07872444607663118,0.019267964255110785
1,50,-0.04570938915411923,0.07872444607663118,0.019267964255110785
1,51,-0.04570938915411923,0.07865099767413392,0.019249602154486473
1,52,-0.04577059615620027,0.07855306647080426,0.01874770473742196
1,53,-0.045623699351205776,0.07835720406414494,0.019267964255110785
1,54,-0.045752234055575956,0.07866935977475822,0.018815032439711103
1,55,-0.04580119965724079,0.07855306647080426,0.019206757253029748
1,56,-0.04564206145183009,0.07851634226955564,0.01910270534949198
1,57,-0.04573387195495164,0.07835720406414494,0.019396498959480965
1,58,-0.04583180315828131,0.07851022156934753,0.018980291345329907
1,59,-0.04561757865099768,0.07835108336393684,0.01951891296364304
1,60,-0.045893010160362346,0.07847349736809892,0.019274084955318887
1,61,-0.04564818215203819,0.07857142857142857,0.019237360754070267
1,62,-0.04572775125474354,0.07852858366997184,0.019347533357816134
1,63,-0.045684906353286814,0.0782959970620639,0.018717101236381442
1,64,-0.045684906353286814,0.0782959970620639,0.018717101236381442
1,65,-0.045899130860570445,0.07850410086913942,0.018496756028889706
1,66,-0.045654302852246295,0.07841841106622598,0.018276410821397967
1,67,-0.04580119965724079,0.07867548047496634,0.018674256334924717
1,68,-0.04570938915411923,0.07882237727996083,0.01872934263679765
1,69,-0.04602766556494063,0.0786265148733015,0.01887011874158404
1,70,-0.04561757865099768,0.07858366997184478,0.01843554902680867
1,71,-0.045880768759946136,0.0786142734728853,0.01877830823846248
1,72,-0.04580119965724079,0.07854082507038805,0.018931325743665076
1,73,-0.045666544252662505,0.07840004896560167,0.019114946749908192
1,74,-0.04562982005141388,0.07871832537642307,0.019206757253029748
1,75,-0.045697147753703024,0.07873056677683928,0.019396498959480965
1,76,-0.045954217162443384,0.0784428938670584,0.0196168441669727
1,77,-0.045795078957032685,0.07888358428204187,0.01914555025094871
1,78,-0.045654302852246295,0.07859591137226099,0.019573999265515975
1,79,-0.045580854449749054,0.07858366997184478,0.019017015546578527
1,80,-0.04573387195495164,0.07882849798016893,0.019396498959480965
1,81,-0.0458195617578651,0.07851022156934753,0.019218998653445955
1,82,-0.0458195617578651,0.07851022156934753,0.01942098176031338
1,83,-0.04543395764475456,0.07856530787122047,0.01942098176031338
1,84,-0.045538009548292326,0.07857142857142857,0.019482188762394416
1,85,-0.04578283755661648,0.07882849798016893,0.01917615375198923
1,86,-0.04574611335536786,0.07855306647080426,0.01935365405802424
1,87,-0.04576447545599217,0.07841229036601786,0.018943567144081283
1,88,-0.04551964744766802,0.07840004896560167,0.019567878565307874
1,89,-0.04569102705349492,0.07835720406414494,0.01958011996572408
1,90,-0.04574611335536786,0.07876729097808789,0.019531154364059247
1,91,-0.045440078344962664,0.07833884196352062,0.019304688456359406
1,92,-0.04555637164891664,0.0784490145672665,0.019329171257191823
1,93,-0.04572163055453544,0.07837556616476925,0.019023136246786632
1,94,-0.04575835475578406,0.07855306647080426,0.019396498959480965
1,95,-0.045672664952870604,0.07849185946872322,0.019653568368221325
1,96,-0.045672664952870604,0.07849185946872322,0.019653568368221325
1,97,-0.04564818215203819,0.07860203207246909,0.01951891296364304
1,98,-0.04588688946015424,0.07835108336393684,0.018992532745746114
1,99,-0.04570326845391113,0.07840616966580977,0.01918227445219733
2,0,0.10470681846003183,-0.05762639245929735,0.06538744032317298
2,1,0.10432121434692129,-0.057491737054719064,0.06472028400048965
2,2,0.10477414616232097,-0.05774268576325131,0.06449381809278981
2,3,0.10477414616232097,-0.05774268576325131,0.06449381809278981
2,4,0.10474354266128046,-0.05776104786387563,0.06518545721630555
2,5,0.10477414616232097,-0.05762639245929735,0.0641571795813441
2,6,0.10477414616232097,-0.05762639245929735,0.0641571795813441
2,7,0.1048231117639858,-0.057693720161586484,0.06453666299424654
2,8,0.10448647325254008,-0.05793854816991064,0.06437752478883584
2,9,0.10448647325254008,-0.05793854816991064,0.0652650263190109
2,10,0.10440690414983474,-0.05763863385971355,0.0652650263190109
2,11,0.10479250826294528,-0.05758966825804872,0.0649589913086057
2,12,0.1046762149589913,-0.05763863385971355,0.06525278491859468
2,13,0.1046762149589913,-0.05763863385971355,0.06525278491859468
2,14,0.10464561145795079,-0.05762639245929735,0.06415105888113601
2,15,0.10446811115191579,-0.057552944056800094,0.06517321581588933
2,16,0.10446811115191579,-0.057552944056800094,0.06517321581588933
2,17,0.10471905986044802,-0.05782225486595667,0.06404700697759824
2,18,0.1045109560533725,-0.05736932305055699,0.06366752356469581
2,19,0.1045109560533725,-0.05736932305055699,0.06366752356469581
2,20,0.10462724935732648,-0.05749785775492716,0.06531399192067573
2,21,0.10466397355857511,-0.057663116660545966,0.06432855918717101
2,22,0.10466397355857511,-0.057663116660545966,0.06432855918717101
2,23,0.10442526625045905,-0.05748561635451096,0.06416942098176032
2,24,0.10468845635940752,-0.05753458195617579,0.06451218019341412
2,25,0.10460888725670217,-0.05757742685763251,0.06517933651609745
2,26,0.10460888725670217,-0.05757742685763251,0.06517933651609745
2,27,0.10484759456481822,-0.05771208226221079,0.06537519892275676
2,28,0.1050006120700208,-0.05779777206512425,0.062437262822866935
2,29,0.1050006120700208,-0.05779777206512425,0.062437262822866935
2,30,0.1046762149589913,-0.05760803035867303,0.06529562982005141
2,31,0.10473742196107234,-0.05765087526012976,0.06375933406781736
2,32,0.10473742196107234,-0.05765087526012976,0.06375933406781736
2,33,0.10453543885420494,-0.05776104786387563,0.0634900232586608
2,34,0.10460888725670217,-0.057565185457216304,0.06426123148488187
2,35,0.10460888725670217,-0.057565185457216304,0.06426123148488187
2,36,0.10470069775982371,-0.05757742685763251,0.06535683682213245
2,37,0.10481699106377769,-0.05757130615742441,0.06375321336760925
2,38,0.10481699106377769,-0.05757130615742441,0.06375321336760925
2,39,0.10463949075774268,-0.05751009915534337,0.06397355857510098
2,40,0.10457828375566165,-0.05761415105888114,0.06540580242379729
2,41,0.10444974905129148,-0.05743053005263802,0.06432855918717101
2,42,0.10444974905129148,-0.05743053005263802,0.06432855918717101
2,43,0.1047986289631534,-0.057448892153262335,0.06497735340923003
2,44,0.10454768025462113,-0.05757742685763251,0.0643101970865467
2,45,0.10454768025462113,-0.05757742685763251,0.0643101970865467
2,46,0.10453543885420494,-0.057944668870118746,0.06519769861672176
2,47,0.10477414616232097,-0.05757742685763251,0.06509364671318399
2,48,0.10477414616232097,-0.05757742685763251,0.06509364671318399
2,49,0.10469457705961563,-0.05774268576325131,0.06469580119965725
2,50,0.10477414616232097,-0.057877341167829596,0.06371648916636063
2,51,0.10468845635940752,-0.05779165136491614,0.06498959480964622
2,52,0.10443750765087526,-0.05768147876117028,0.06492226710735707
2,53,0.10464561145795079,-0.057693720161586484,0.06516709511568124
2,54,0.10450483535316439,-0.05765699596033787,0.06502019831068674
2,55,0.10443750765087526,-0.05775492716366752,0.06440812828987637
2,56,0.10446811115191579,-0.057803892765332356,0.06339209205533113
2,57,0.10438854204921041,-0.057803892765332356,0.06529562982005141
2,58,0.10456604235524544,-0.05743053005263802,0.06519769861672176
2,59,0.10456604235524544,-0.05743053005263802,0.06519769861672176
2,60,0.10448035255233198,-0.05753458195617579,0.06525278491859468
2,61,0.10466397355857511,-0.05732647814910026,0.06504468111151915
2,62,0.1046700942587832,-0.057920186069286325,0.0649467499081895
2,63,0.10457828375566165,-0.057491737054719064,0.06521606071734606
2,64,0.10452931815399683,-0.05768759946137838,0.06504468111151915
2,65,0.10463337005753459,-0.05741216795201372,0.06524666421838658
2,66,0.10457828375566165,-0.05743665075284613,0.06383278247031461
2,67,0.10446199045170768,-0.057479495654302847,0.06513649161464072
2,68,0.1046700942587832,-0.05762639245929735,0.06532011262088383
2,69,0.10476802546211286,-0.05748561635451096,0.06552209572775125
2,70,0.10460888725670217,-0.05759578895825682,0.06520994001713795
2,71,0.10463949075774268,-0.05783449626637287,0.06524054351817848
2,72,0.10463949075774268,-0.05783449626637287,0.06524054351817848
2,73,0.10451707675358062,-0.057803892765332356,0.06525890561880279
2,74,0.1044987146529563,-0.05785285836699718,0.06442036969029256
2,75,0.10450483535316439,-0.057491737054719064,0.06402252417676582
2,76,0.10460276655649406,-0.05749785775492716,0.06397355857510098
2,77,0.10454768025462113,-0.057767168564083725,0.0633370057534582
2,78,0.10455992165503733,-0.057877341167829596,0.06539968172358918
2,79,0.10481087036356959,-0.057846737666789085,0.06472640470069776
2,80,0.10463337005753459,-0.05761415105888114,0.06454890439466275
2,81,0.10474354266128046,-0.05774880646345942,0.06507528461255968
2,82,0.10463949075774268,-0.0573938058513894,0.06440812828987637
2,83,0.1046762149589913,-0.057479495654302847,0.06455502509487085
2,84,0.10494552576814789,-0.057675358060962176,0.06480597380340311
2,85,0.10469457705961563,-0.0577182029624189,0.06424899008446566
2,86,0.10455380095482922,-0.05789570326845391,0.06533847472150814
2,87,0.10468845635940752,-0.05779165136491614,0.06516097441547312
2,88,0.10452931815399683,-0.057418288652221816,0.06519769861672176
2,89,0.10452931815399683,-0.057418288652221816,0.06519769861672176
2,90,0.10438242134900233,-0.057693720161586484,0.06547313012608642
2,91,0.1046700942587832,-0.05777328926429184,0.06404088627739013
2,92,0.10448035255233198,-0.057522340555759575,0.06518545721630555
2,93,0.10461500795691028,-0.05746725425388664,0.06324519525033664
2,94,0.10470069775982371,-0.057767168564083725,0.06457950789570327
2,95,0.104657852858367,-0.05763863385971355,0.06517933651609745
2,96,0.10465173215815889,-0.05745501285347043,0.06311053984575835
2,97,0.10438854204921041,-0.05782837556616477,0.06514261231484882
2,98,0.10470681846003183,-0.057803892765332356,0.06315338474721507
2,99,0.10450483535316439,-0.057381564450973185,0.06507528461255968
3,0,-0.10004896560166483,-0.05058146651976986,0.06154364059248378
3,1,-0.10004896560166483,-0.05058146651976986,0.06154364059248378
3,2,-0.09987758599583793,-0.050771208226221075,0.06168441669727017
3,3,-0.09996939649895949,-0.05061819072101849,0.061690537397478276
3,4,-0.09996939649895949,-0.05061819072101849,0.061690537397478276
3,5,-0.10004284490145672,-0.05039172481331864,0.06142734728852981
3,6,-0.10004896560166483,-0.05050189741706451,0.06150691639123516
3,7,-0.10003672420124862,-0.05029991431019709,0.06172726159872689
3,8,-0.10003672420124862,-0.05029991431019709,0.06172726159872689
3,9,-0.09992655159750276,-0.05018974170645122,0.06138450238707308
3,10,-0.10034275921165381,-0.050422328314359166,0.06133553678540825
3,11,-0.10034275921165381,-0.050422328314359166,0.06133553678540825
3,12,-0.10004284490145672,-0.05055086301872934,0.0615864854939405
3,13,-0.10009181050312155,-0.05050801811727261,0.06164157179581344
3,14,-0.10009181050312155,-0.05050801811727261,0.06164157179581344
3,15,-0.10000612070020812,-0.05030603501040519,0.061439588688946015
3,16,-0.09994491369812707,-0.05053250091810503,0.06136614028644877
3,17,-0.09994491369812707,-0.05053250091810503,0.06136614028644877
3,18,-0.09992043089729466,-0.050495776716856414,0.061653813196229645
3,19,-0.09998163789937568,-0.05047129391602399,0.06153139919206757
3,20,-0.09998775859958378,-0.05044681111519158,0.06150691639123516
3,21,-0.09998775859958378,-0.05044681111519158,0.06150691639123516
3,22,-0.10019586240665931,-0.05034887991186192,0.06150079569102705
3,23,-0.10012853470437018,-0.05012241400416208,0.061666054596645856
3,24,-0.10012853470437018,-0.05012241400416208,0.061666054596645856
3,25,-0.0999938792997919,-0.050342759211653806,0.061592606194148615
3,26,-0.09992655159750276,-0.05053862161831314,0.06147019218998654
3,27,-0.09992655159750276,-0.05053862161831314,0.06147019218998654
3,28,-0.10036112131227812,-0.05055086301872934,0.061482433590402744
3,29,-0.09998163789937568,-0.0504774146162321,0.06145795078957032
3,30,-0.09998163789937568,-0.0504774146162321,0.06145795078957032
3,31,-0.0999938792997919,-0.050569225119353654,0.06146407148977843
3,32,-0.09994491369812707,-0.05067939772309952,0.06150079569102705
3,33,-0.09994491369812707,-0.05062431142122659,0.061635451095605344
3,34,-0.10008568980291346,-0.05062431142122659,0.061635451095605344
3,35,-0.09996939649895949,-0.050911984331007465,0.06159872689435671
3,36,-0.10014689680499449,-0.050128534704370176,0.06144570938915413
3,37,-0.10014689680499449,-0.050128534704370176,0.06144570938915413
3,38,-0.09993267229771086,-0.05053862161831314,0.06136001958624067
3,39,-0.09973068919084344,-0.05072224262455625,0.06153751989227567
3,40,-0.09973068919084344,-0.05072224262455625,0.06153751989227567
3,41,-0.10001836210062431,-0.050250948708532264,0.06162320969518913
3,42,-0.1,-0.05061819072101849,0.06147019218998654
3,43,-0.1,-0.05061819072101849,0.06147019218998654
3,44,-0.1001591382054107,-0.05059982862039417,0.06147631289019464
3,45,-0.1,-0.05050189741706451,0.06167829599706206
3,46,-0.09997551719916759,-0.050250948708532264,0.06154364059248378
3,47,-0.09997551719916759,-0.050250948708532264,0.06154364059248378
3,48,-0.10007956910270535,-0.05067939772309952,0.0615681233933162
3,49,-0.09993267229771086,-0.05037948341290244,0.061372260986656865
3,50,-0.09993267229771086,-0.05037948341290244,0.061372260986656865
3,51,-0.09996327579875137,-0.050281552209572776,0.06188027910392949
3,52,-0.09988982739625413,-0.05058758721997797,0.061439588688946015
3,53,-0.10024482800832415,-0.050355000612070024,0.06162320969518913
3,54,-0.09985310319500551,-0.05058758721997797,0.06148855429061084
3,55,-0.09995103439833516,-0.050269310809156566,0.06153751989227567
3,56,-0.10020810380707552,-0.05022034520749173,0.06162933039539723
3,57,-0.1001591382054107,-0.05062431142122659,0.061494674990818954
3,58,-0.10007344840249725,-0.05027543150936468,0.06124984698249479
3,59,-0.1,-0.05033051781123761,0.06153139919206757
3,60,-0.09977965479250826,-0.05060594932060227,0.061708899498102585
3,61,-0.09994491369812707,-0.050171379605826905,0.061408985187905496
3,62,-0.10014689680499449,-0.05014689680499449,0.061610968294772916
3,63,-0.10012853470437018,-0.05062431142122659,0.061837434202472764
3,64,-0.09979801689313259,-0.050697759823723834,0.06183131350226466
3,65,-0.09984698249479741,-0.05046517321581588,0.06164157179581344
3,66,-0.10009181050312155,-0.04996327579875138,0.06178234790059983
3,67,-0.10009181050312155,-0.04996327579875138,0.06178234790059983
3,68,-0.09997551719916759,-0.05030603501040519,0.06160484759456482
3,69,-0.10004896560166483,-0.05067939772309952,0.0615864854939405
3,70,-0.0999938792997919,-0.050569225119353654,0.06175786509976742
3,71,-0.10007956910270535,-0.050355000612070024,0.06132329538499204
3,72,-0.09988982739625413,-0.05047129391602399,0.06156200269310809
3,73,-0.1,-0.050128534704370176,0.06142734728852981
3,74,-0.10016525890561881,-0.05059370792018607,0.06146407148977843
3,75,-0.10000612070020812,-0.0504774146162321,0.0615681233933162
3,76,-0.10006120700208103,-0.05039172481331864,0.06143346798873791
3,77,-0.09984698249479741,-0.05037948341290244,0.06146407148977843
3,78,-0.09993267229771086,-0.05057534581956176,0.0615803647937324
3,79,-0.10006732770228914,-0.05087526012975885,0.06126208838291101
3,80,-0.09989594809646224,-0.05037336271269434,0.06146407148977843
3,81,-0.09994491369812707,-0.05039172481331864,0.061482433590402744
3,82,-0.10014689680499449,-0.05010405190353776,0.061696658097686374
3,83,-0.09998775859958378,-0.05034887991186192,0.06161708899498103
3,84,-0.10008568980291346,-0.050428449014567264,0.06181295140164035
3,85,-0.10008568980291346,-0.050428449014567264,0.06181295140164035
3,86,-0.09990818949687844,-0.05066103562247522,0.06164769249602155
3,87,-0.10009793120332966,-0.05060594932060227,0.061794589301016035
3,88,-0.10001836210062431,-0.05037948341290244,0.061451830089362225
3,89,-0.10004284490145672,-0.05053862161831314,0.0617456236993512
3,90,-0.09998775859958378,-0.05037948341290244,0.0615803647937324
3,91,-0.09980413759334068,-0.050165258905618806,0.0615742440935243
3,92,-0.0999938792997919,-0.05058146651976986,0.061353898886032564
3,93,-0.10007956910270535,-0.05070388052393193,0.06164769249602155
3,94,-0.10004284490145672,-0.05014689680499449,0.06161708899498103
3,95,-0.10006120700208103,-0.05036112131227812,0.061439588688946015
3,96,-0.09996327579875137,-0.05067939772309952,0.06144570938915413
3,97,-0.09989594809646224,-0.050183621006243115,0.061549761292691886
3,98,-0.09989594809646224,-0.05062431142122659,0.061494674990818954
3,99,-0.0998653445954217,-0.05062431142122659,0.061494674990818954
