values,,Magnetometer,Magnetometer,Magnetometer
axis,,x,y,z
Sensor,Sample,,,
0,0,0.0387501530175052,0.055410698983963766,0.005147508875015302
0,1,0.0390684294283266,0.05536785408250704,0.0055943199902068795
0,2,0.03876239441792141,0.05528828497980169,0.005429061084588077
0,3,0.03876239441792141,0.05528828497980169,0.005429061084588077
0,4,0.03871342881625658,0.05531276778063411,0.00554535438854205
0,5,0.038970498224996944,0.05538009548292324,0.005196474476680132
0,6,0.038970498224996944,0.05538009548292324,0.005196474476680132
0,7,0.038542049210429676,0.05549638878687722,0.0056861304933284364
0,8,0.03884808422083486,0.05549026808666911,0.005918717101236382
0,9,0.03884808422083486,0.05549026808666911,0.005153629575223405
0,10,0.03871342881625658,0.05549638878687722,0.005153629575223405
0,11,0.03892153262333211,0.05535561268209083,0.005110784673766679
0,12,0.03872567021667279,0.05558819928999877,0.005533112988125841
0,13,0.03872567021667279,0.05558819928999877,0.005533112988125841
0,14,0.03889092912229159,0.05522095727751255,0.005471905986044803
0,15,0.038927653323540215,0.05536785408250704,0.0054045782837556615
0,16,0.038927653323540215,0.05536785408250704,0.0054045782837556615
0,17,0.0387501530175052,0.055306647080426,0.005018974170645122
0,18,0.038676704615007954,0.05556983718937446,0.005025094870853225
0,19,0.038676704615007954,0.05556983718937446,0.005025094870853225
0,20,0.038829722120210554,0.055551475088750156,0.005478026686252907
0,21,0.03882360142000245,0.05557595788958257,0.005276043579385482
0,22,0.03882360142000245,0.05557595788958257,0.005276043579385482
0,23,0.03899498102582936,0.05528216427959358,0.005355612682090831
0,24,0.03860325621251071,0.055478026686252915,0.0054657852858367
0,25,0.03860325621251071,0.055478026686252915,0.0054657852858367
0,26,0.03883584282041865,0.0554596645856286,0.004890439466274942
0,27,0.03887256702166728,0.0554657852858367,0.004945525768147876
0,28,0.03887256702166728,0.0554657852858367,0.004945525768147876
0,29,0.03883584282041865,0.05531888848084221,0.005129146774390991
0,30,0.03881136001958624,0.05534337128167462,0.005526992287917738
0,31,0.03881136001958624,0.05534337128167462,0.005526992287917738
0,32,0.03887868772187538,0.05517199167584772,0.0051597502754315095
0,33,0.03878075651854572,0.05570449259395275,0.005373974782715143
0,34,0.03884196352062676,0.055300526380217895,0.00520871587709634
0,35,0.03884196352062676,0.055300526380217895,0.00520871587709634
0,36,0.038701187415840374,0.05532500918105031,0.005520871587709634
0,37,0.038701187415840374,0.05550863018729343,0.005539233688333946
0,38,0.038701187415840374,0.05550863018729343,0.005539233688333946
0,39,0.038927653323540215,0.05538009548292324,0.005392336883339454
0,40,0.03871342881625658,0.05541681968417187,0.005557595788958257
0,41,0.03871342881625658,0.05541681968417187,0.005557595788958257
0,42,0.03887256702166728,0.05538621618313135,0.005392336883339454
0,43,0.03879911861917003,0.055435181784796186,0.005520871587709634
0,44,0.03879911861917003,0.055435181784796186,0.005520871587709634
0,45,0.03871954951646468,0.05561880279103929,0.005600440690414984
0,46,0.03890929122291591,0.05555759578895826,0.005202595176888236
0,47,0.03890929122291591,0.05555759578895826,0.005202595176888236
0,48,0.03879911861917003,0.055612682090831186,0.005049577671685641
0,49,0.03882360142000245,0.05552087158770963,0.0051413881748071984
0,50,0.03882360142000245,0.05552087158770963,0.0051413881748071984
0,51,0.03884196352062676,0.055184233076263925,0.005588199289998775
0,52,0.038670583914799855,0.05520259517688823,0.004755784061696658
0,53,0.038670583914799855,0.05520259517688823,0.004755784061696658
0,54,0.03887256702166728,0.05521483657730445,0.005276043579385482
0,55,0.038786877218753825,0.05550863018729343,0.005190353776472029
0,56,0.038884808422083486,0.05542294038437997,0.005276043579385482
0,57,0.038884808422083486,0.05542294038437997,0.005276043579385482
0,58,0.038676704615007954,0.05534949198188273,0.0049149222671073575
0,59,0.038774635818337615,0.05536785408250704,0.004921042967315461
0,60,0.038774635818337615,0.05536785408250704,0.004921042967315461
0,61,0.038829722120210554,0.0556310441914555,0.005171991675847717
0,62,0.03890929122291591,0.05534337128167462,0.005086301872934264
0,63,0.03890929122291591,0.05534337128167462,0.005086301872934264
0,64,0.038688946015424164,0.05513526747459909,0.005526992287917738
0,65,0.03882360142000245,0.055196474476680135,0.005239319378136859
0,66,0.03882360142000245,0.055196474476680135,0.005239319378136859
0,67,0.03882360142000245,0.05535561268209083,0.005202595176888236
0,68,0.038817480719794344,0.055398457583547556,0.005049577671685641
0,69,0.038817480719794344,0.055398457583547556,0.005049577671685641
0,70,0.03894601542416452,0.055300526380217895,0.005429061084588077
0,71,0.038897049822499696,0.05551475088750153,0.005367854082507039
0,72,0.038897049822499696,0.05551475088750153,0.005367854082507039
0,73,0.03887256702166728,0.055478026686252915,0.005257681478761171
0,74,0.03893989472395642,0.05534949198188273,0.0054657852858367
0,75,0.03893989472395642,0.05534949198188273,0.0054657852858367
0,76,0.038786877218753825,0.05532500918105031,0.005251560778553066
0,77,0.03882360142000245,0.05526380217896928,0.005306647080426001
0,78,0.038897049822499696,0.055337250581466525,0.005484147386461012
0,79,0.038897049822499696,0.055337250581466525,0.005484147386461012
0,80,0.038829722120210554,0.055337250581466525,0.005263802178969274
0,81,0.03890929122291591,0.055582078589790675,0.005373974782715143
0,82,0.03890929122291591,0.055582078589790675,0.005373974782715143
0,83,0.03886644632145918,0.05527604357938548,0.005300526380217897
0,84,0.03882360142000245,0.05549638878687722,0.005563716489166361
0,85,0.03882360142000245,0.05549638878687722,0.005563716489166361
0,86,0.038786877218753825,0.05500673277022892,0.005661647692496022
0,87,0.03879299791896193,0.055257681478761166,0.005129146774390991
0,88,0.03879299791896193,0.055257681478761166,0.005129146774390991
0,89,0.038682825315216066,0.055453543885420495,0.005526992287917738
0,90,0.03870730811604848,0.05552699228791774,0.005147508875015302
0,91,0.03870730811604848,0.05552699228791774,0.005147508875015302
0,92,0.038903170522707795,0.05535561268209083,0.0061084588076876
0,93,0.038915411923124005,0.05516587097563961,0.005325009181050312
0,94,0.038915411923124005,0.05516587097563961,0.005325009181050312
0,95,0.038829722120210554,0.055826906598114824,0.005025094870853225
0,96,0.03895213612437263,0.05526380217896928,0.005557595788958257
0,97,0.03895213612437263,0.05526380217896928,0.005557595788958257
0,98,0.038670583914799855,0.055300526380217895,0.005129146774390991
0,99,0.03879299791896193,0.055294405680009796,0.005447423185212389
1,0,-0.05301138450238707,0.07759823723834006,0.031307381564450974
1,1,-0.052937936099889824,0.0781368588566532,0.031307381564450974
1,2,-0.05300526380217897,0.07792875504957766,0.031307381564450974
1,3,-0.052833884196352064,0.07800220345207491,0.03087893254988371
1,4,-0.052833884196352064,0.07800220345207491,0.03087893254988371
1,5,-0.05306647080426,0.07787366874770474,0.031240053862161832
1,6,-0.052778797894479125,0.07806953115436406,0.031111519157791652
1,7,-0.052778797894479125,0.07806953115436406,0.031111519157791652
1,8,-0.052895091198433095,0.07755539233688334,0.031307381564450974
1,9,-0.05298078100134655,0.07777573754437508,0.0315154853715265
1,10,-0.05298078100134655,0.07777573754437508,0.0315154853715265
1,11,-0.05306647080426,0.07799608275186681,0.03109927775737544
1,12,-0.05301138450238707,0.07806341045415596,0.030799363447178357
1,13,-0.05299914310197087,0.07785530664708043,0.03092789815154854
1,14,-0.05299914310197087,0.07785530664708043,0.03092789815154854
1,15,-0.05313991920675726,0.07783694454645611,0.030670828742808177
1,16,-0.052962418900722244,0.07803892765332354,0.030523931937813685
1,17,-0.052962418900722244,0.07803892765332354,0.030523931937813685
1,18,-0.053035867303219485,0.07800832415228302,0.030328069531154363
1,19,-0.05280328069531154,0.07776349614395886,0.030634104541559553
1,20,-0.05280328069531154,0.07776349614395886,0.030634104541559553
1,21,-0.052895091198433095,0.07783694454645611,0.03062798384135145
1,22,-0.05301750520259517,0.07810013465540458,0.03051781123760558
1,23,-0.05301750520259517,0.07810013465540458,0.03051781123760558
1,24,-0.052931815399681725,0.07797159995103439,0.030217896927408495
1,25,-0.0530481087036357,0.07781858244583181,0.03091565675113233
1,26,-0.052919573999265515,0.07794099644999389,0.030732035744889214
1,27,-0.052919573999265515,0.07794099644999389,0.030732035744889214
1,28,-0.0532256090096707,0.07789815154853716,0.030248500428449017
1,29,-0.052974660301138454,0.07751866813563471,0.030340310931570573
1,30,-0.052974660301138454,0.07751866813563471,0.030340310931570573
1,31,-0.05298690170155466,0.07779409964499939,0.03082996694821888
1,32,-0.052962418900722244,0.07803892765332354,0.030505569837189373
1,33,-0.052962418900722244,0.07803892765332354,0.030505569837189373
1,34,-0.05285224629697638,0.07792875504957766,0.030854449749051292
1,35,-0.05291345329905741,0.07789203084832905,0.03046884563594075
1,36,-0.05291345329905741,0.07789203084832905,0.03046884563594075
1,37,-0.05323172970987881,0.07808789325498837,0.030823846248010774
1,38,-0.052974660301138454,0.07779409964499939,0.030554535438854204
1,39,-0.052919573999265515,0.07773289264291836,0.030970743053005262
1,40,-0.052919573999265515,0.07773289264291836,0.030970743053005262
1,41,-0.05271147019218999,0.07794099644999389,0.03051781123760558
1,42,-0.052888970498224996,0.07788591014812093,0.030676949443016282
1,43,-0.052888970498224996,0.07788591014812093,0.030676949443016282
1,44,-0.05287672909780879,0.07795935855061818,0.03073815644509732
1,45,-0.05309707430530053,0.07793487574978578,0.030315828130738152
1,46,-0.05309707430530053,0.07793487574978578,0.030315828130738152
1,47,-0.05277267719427102,0.0782776349614396,0.030768759946137834
1,48,-0.05287060839760068,0.07780022034520749,0.030621863141143346
1,49,-0.05287060839760068,0.07780022034520749,0.030621863141143346
1,50,-0.053280695311543634,0.07814297955686131,0.03074427714530542
1,51,-0.05306647080426,0.07773901334312645,0.030309707430530054
1,52,-0.05315216060717346,0.07758599583792386,0.030542294038437993
1,53,-0.05315216060717346,0.07758599583792386,0.030542294038437993
1,54,-0.05290121189864121,0.07786142734728853,0.030481087036356956
1,55,-0.05315216060717346,0.07790427224874526,0.03068919084343249
1,56,-0.05315216060717346,0.07790427224874526,0.03068919084343249
1,57,-0.05313991920675726,0.07798384135145062,0.03068919084343249
1,58,-0.05295629820051414,0.07806341045415596,0.030750397845513526
1,59,-0.05295629820051414,0.07806341045415596,0.030750397845513526
1,60,-0.052974660301138454,0.0779777206512425,0.030732035744889214
1,61,-0.05295017750030604,0.07784306524666422,0.030548414738646102
1,62,-0.05295017750030604,0.07784306524666422,0.030548414738646102
1,63,-0.05299914310197087,0.07792263434936957,0.030389276533235404
1,64,-0.052888970498224996,0.07824091076019096,0.030719794344473007
1,65,-0.05275431509364671,0.0781368588566532,0.03059125964010283
1,66,-0.05275431509364671,0.0781368588566532,0.03059125964010283
1,67,-0.05294405680009793,0.07791651364916147,0.030168931325743664
1,68,-0.05300526380217897,0.07800832415228302,0.030750397845513526
1,69,-0.05300526380217897,0.07800832415228302,0.030750397845513526
1,70,-0.052993022401762756,0.07784918594687232,0.030511690537397478
1,71,-0.052937936099889824,0.07806953115436406,0.030279103929489532
1,72,-0.052937936099889824,0.07806953115436406,0.030279103929489532
1,73,-0.05298078100134655,0.07803892765332354,0.030297466030113844
1,74,-0.052974660301138454,0.07802668625290733,0.03037091443261109
1,75,-0.052974660301138454,0.07802668625290733,0.03037091443261109
1,76,-0.052962418900722244,0.07828987636185579,0.03027298322928143
1,77,-0.05302362590280328,0.07800220345207491,0.030156689925327457
1,78,-0.05298690170155466,0.07836332476435304,0.03056065613906231
1,79,-0.05298690170155466,0.07836332476435304,0.03056065613906231
1,80,-0.05309095360509243,0.07798384135145062,0.03062798384135145
1,81,-0.053072591504468115,0.07783694454645611,0.030597380340310933
1,82,-0.053072591504468115,0.07783694454645611,0.030597380340310933
1,83,-0.053176643408005875,0.07786754804749664,0.030309707430530054
1,84,-0.05286448769739258,0.07783082384624801,0.03035867303219488
1,85,-0.05286448769739258,0.07783082384624801,0.03035867303219488
1,86,-0.05279715999510344,0.07801444485249112,0.030199534826784186
1,87,-0.052962418900722244,0.07805116905373974,0.030034275921165383
1,88,-0.052962418900722244,0.07805116905373974,0.030034275921165383
1,89,-0.05308483290488432,0.07772065124250213,0.030536173338229895
1,90,-0.052833884196352064,0.07790427224874526,0.030481087036356956
1,91,-0.053035867303219485,0.07806341045415596,0.030303586730321946
1,92,-0.053035867303219485,0.07806341045415596,0.030303586730321946
1,93,-0.05296853960093034,0.07791039294895336,0.03046884563594075
1,94,-0.052821642795935854,0.07802668625290733,0.030597380340310933
1,95,-0.052821642795935854,0.07802668625290733,0.030597380340310933
1,96,-0.05312767780634105,0.07791651364916147,0.0302301383278247
1,97,-0.05278491859468724,0.07799608275186681,0.030481087036356956
1,98,-0.05278491859468724,0.07799608275186681,0.030481087036356956
1,99,-0.0530603501040519,0.07824703146039907,0.030266862529073325
2,0,0.08277022891418778,-0.055698371893744644,0.047435426612804504
2,1,0.08277022891418778,-0.055698371893744644,0.047435426612804504
2,2,0.08261109070877708,-0.055753458195617576,0.04749663361488554
2,3,0.08287428081772555,-0.05577182029624189,0.04753947851634227
2,4,0.0828008324152283,-0.0559493206022769,0.0469396498959481
2,5,0.0828008324152283,-0.0559493206022769,0.0469396498959481
2,6,0.08270902191210674,-0.055784061696658095,0.04656016648304566
2,7,0.08284367731668503,-0.05574121679520137,0.04658464928387808
2,8,0.08284367731668503,-0.05574121679520137,0.04658464928387808
2,9,0.08264169420981761,-0.055796303097074305,0.04741094381197209
2,10,0.08274574611335536,-0.05600440690414984,0.0469457705961562
2,11,0.08274574611335536,-0.05600440690414984,0.0469457705961562
2,12,0.0826600563104419,-0.05583302729832292,0.04745990941363692
2,13,0.08287428081772555,-0.0561023381074795,0.046052148365773045
2,14,0.08287428081772555,-0.0561023381074795,0.046052148365773045
2,15,0.08292936711959849,-0.055655526992287915,0.047392581711347775
2,16,0.0824764353041988,-0.05573509609499326,0.047563961317174684
2,17,0.08281919451585261,-0.05604725180560656,0.04737421961072347
2,18,0.08281919451585261,-0.05604725180560656,0.04737421961072347
2,19,0.0828008324152283,-0.055698371893744644,0.047576202717590894
2,20,0.0828008324152283,-0.05539233688333946,0.04698861549761293
2,21,0.0828008324152283,-0.05539233688333946,0.04698861549761293
2,22,0.0826539356102338,-0.055826906598114824,0.04586240665932183
2,23,0.08245195250336639,-0.05599216550373363,0.046021544864732526
2,24,0.08245195250336639,-0.05599216550373363,0.046021544864732526
2,25,0.08250703880523932,-0.05598604480352552,0.04747215081405313
2,26,0.08270902191210674,-0.05556371648916636,0.046352062675970127
2,27,0.08270902191210674,-0.05556371648916636,0.046352062675970127
2,28,0.08276410821397968,-0.056083976006855184,0.045538009548292326
2,29,0.08276410821397968,-0.05582078589790672,0.047674133920920556
2,30,0.08276410821397968,-0.055998286203941726,0.047692496021544864
2,31,0.08275186681356347,-0.055998286203941726,0.047692496021544864
2,32,0.0828008324152283,-0.05571061329416085,0.04674378748928877
2,33,0.08277022891418778,-0.05596156200269311,0.04674378748928877
2,34,0.08277022891418778,-0.05596156200269311,0.04674378748928877
2,35,0.08270902191210674,-0.055826906598114824,0.04752723711592606
2,36,0.08270290121189863,-0.05552699228791774,0.04648059738034031
2,37,0.08270290121189863,-0.05552699228791774,0.04648059738034031
2,38,0.08258048720773656,-0.05570449259395275,0.04736197821030726
2,39,0.08261721140898519,-0.055924837801444485,0.04672542538866446
2,40,0.08261721140898519,-0.055924837801444485,0.04672542538866446
2,41,0.08277022891418778,-0.05573509609499326,0.04725180560656139
2,42,0.08277022891418778,-0.055900355000612065,0.046866201493450846
2,43,0.08277022891418778,-0.055900355000612065,0.046866201493450846
2,44,0.08245807320357448,-0.0556310441914555,0.047931203329660915
2,45,0.08264781491002571,-0.05597380340310931,0.04733749540947484
2,46,0.08270902191210674,-0.056071734606438974,0.047704737421961074
2,47,0.08270902191210674,-0.056071734606438974,0.047704737421961074
2,48,0.0826600563104419,-0.05574733749540948,0.04745378871342882
2,49,0.08284367731668503,-0.0561207002081038,0.04766801322071245
2,50,0.08284367731668503,-0.0561207002081038,0.04766801322071245
2,51,0.08276410821397968,-0.05577794099644999,0.046651976986167215
2,52,0.08269065981148244,-0.05564940629207982,0.04748439221446933
2,53,0.08269065981148244,-0.05564940629207982,0.04748439221446933
2,54,0.0824825560044069,-0.05577794099644999,0.04747827151426123
2,55,0.08261721140898519,-0.055624923491247404,0.04596033786265148
2,56,0.08261721140898519,-0.055624923491247404,0.04596033786265148
2,57,0.08260497000856898,-0.05575957889582568,0.04731301260864243
2,58,0.08257436650752846,-0.05559431999020688,0.04680499449136981
2,59,0.08257436650752846,-0.0561207002081038,0.046566287183253764
2,60,0.08270290121189863,-0.0561207002081038,0.046566287183253764
2,61,0.08269678051169053,-0.05579018239686621,0.047306891908434325
2,62,0.08258660790794467,-0.05567388909291223,0.047306891908434325
2,63,0.08258660790794467,-0.05567388909291223,0.047306891908434325
2,64,0.08285591871710124,-0.05586363079936345,0.04607051046639736
2,65,0.08256212510711225,-0.05570449259395275,0.047521116415717955
2,66,0.08256212510711225,-0.05570449259395275,0.047521116415717955
2,67,0.08270290121189863,-0.055655526992287915,0.047294650508018114
2,68,0.082488676704615,-0.05579018239686621,0.04634594197576203
2,69,0.082488676704615,-0.05579018239686621,0.04634594197576203
2,70,0.08256212510711225,-0.05587587219977965,0.047563961317174684
2,71,0.08270290121189863,-0.05591259640102828,0.04755171991675848
2,72,0.08270290121189863,-0.05591259640102828,0.04755171991675848
2,73,0.08298445342147141,-0.05566776839270412,0.047619047619047616
2,74,0.08273962541314726,-0.055943199902068794,0.04764353041988004
2,75,0.08275186681356347,-0.055686130493328434,0.047404823111763986
2,76,0.08275186681356347,-0.055686130493328434,0.047404823111763986
2,77,0.08257436650752846,-0.056041131105398455,0.04765577182029625
2,78,0.08262333210919329,-0.055484147386461014,0.04621128657118374
2,79,0.08262333210919329,-0.055484147386461014,0.04621128657118374
2,80,0.08270290121189863,-0.055857510099155336,0.04755784061696658
2,81,0.08278859101481209,-0.05595544130248501,0.04674378748928877
2,82,0.08278859101481209,-0.05595544130248501,0.04674378748928877
2,83,0.08292324641939038,-0.0559309585016526,0.04757008201738279
2,84,0.08259272860815278,-0.05574121679520137,0.04731301260864243
2,85,0.08259272860815278,-0.05574121679520137,0.04731301260864243
2,86,0.0826294528094014,-0.05552087158770963,0.047435426612804504
2,87,0.08278247031460399,-0.055857510099155336,0.04747215081405313
2,88,0.08278247031460399,-0.055857510099155336,0.04703146039906965
2,89,0.08254376300648794,-0.05585138939894724,0.04703146039906965
2,90,0.08281307381564451,-0.056077855306647086,0.04657852858366997
2,91,0.08283143591626882,-0.055839147998531034,0.04755171991675848
2,92,0.08283143591626882,-0.055839147998531034,0.04755171991675848
2,93,0.08239074550128535,-0.05601664830456604,0.046621373485126696
2,94,0.08287428081772555,-0.055998286203941726,0.045923613661402865
2,95,0.08287428081772555,-0.055998286203941726,0.045923613661402865
2,96,0.0829477292202228,-0.05567388909291223,0.0475945648182152
2,97,0.08278859101481209,-0.055826906598114824,0.047521116415717955
2,98,0.08278859101481209,-0.055826906598114824,0.047521116415717955
2,99,0.08267841841106623,-0.055796303097074305,0.046566287183253764
3,0,-0.08001591382054107,-0.050416207614151054,0.04583180315828131
3,1,-0.08001591382054107,-0.050416207614151054,0.04583180315828131
3,2,-0.08026074182886522,-0.05070388052393193,0.04607663116660546
3,3,-0.07994246541804383,-0.05043456971477537,0.04574611335536786
3,4,-0.08001591382054107,-0.050556983718937444,0.04577671685640837
3,5,-0.08001591382054107,-0.050556983718937444,0.04577671685640837
3,6,-0.07994858611825192,-0.050569225119353654,0.045697147753703024
3,7,-0.08000979312033296,-0.05061207002081038,0.04586240665932183
3,8,-0.08000979312033296,-0.05061207002081038,0.04586240665932183
3,9,-0.08005875872199779,-0.05034887991186192,0.04569102705349492
3,10,-0.07999755171991677,-0.05052025951768883,0.0459848206634839
3,11,-0.07999755171991677,-0.05052025951768883,0.0459848206634839
3,12,-0.08005875872199779,-0.0506426735218509,0.04624801077243237
3,13,-0.07975272371159262,-0.050563104419145556,0.046033786265148736
3,14,-0.07993022401762762,-0.050667156322683315,0.04588688946015424
3,15,-0.07993022401762762,-0.050667156322683315,0.04588688946015424
3,16,-0.08008936222303832,-0.05023870730811605,0.04588688946015424
3,17,-0.08000979312033296,-0.05062431142122659,0.04585016525890562
3,18,-0.08000979312033296,-0.05062431142122659,0.04585016525890562
3,19,-0.080071000122414,-0.050483535316440196,0.04577671685640837
3,20,-0.08005263802178969,-0.05071612192434814,0.04572163055453544
3,21,-0.08005263802178969,-0.05071612192434814,0.04572163055453544
3,22,-0.0799057412167952,-0.05062431142122659,0.0459725792630677
3,23,-0.08007712082262211,-0.05052025951768883,0.04578283755661648
3,24,-0.08007712082262211,-0.05052025951768883,0.04578283755661648
3,25,-0.08000367242012486,-0.0506426735218509,0.04575835475578406
3,26,-0.07999755171991677,-0.05058146651976986,0.04572163055453544
3,27,-0.07999755171991677,-0.05066103562247522,0.045807320357448895
3,28,-0.07999755171991677,-0.05066103562247522,0.045807320357448895
3,29,-0.07983841351450606,-0.05033663851144571,0.04596033786265148
3,30,-0.07983841351450606,-0.05045905251560778,0.0459848206634839
3,31,-0.07983841351450606,-0.05045905251560778,0.0459848206634839
3,32,-0.08003427592116538,-0.05086301872934264,0.04587464805973803
3,33,-0.08026074182886522,-0.050483535316440196,0.04586240665932183
3,34,-0.08026074182886522,-0.050483535316440196,0.04586240665932183
3,35,-0.07982005141388174,-0.0506426735218509,0.045966458562859594
3,36,-0.08015668992532746,-0.050410086913942956,0.045899130860570445
3,37,-0.08015668992532746,-0.050410086913942956,0.045899130860570445
3,38,-0.07997918961929244,-0.05024482800832415,0.04571550985432733
3,39,-0.0802178969274085,-0.050563104419145556,0.04562982005141388
3,40,-0.0802178969274085,-0.05040396621373485,0.04573387195495164
3,41,-0.07996082751866813,-0.05040396621373485,0.04573387195495164
3,42,-0.08005263802178969,-0.05083853592851022,0.04573999265515975
3,43,-0.07996694821887625,-0.050881380829966946,0.04586852735952993
3,44,-0.07996694821887625,-0.050881380829966946,0.04586852735952993
3,45,-0.07966703390867916,-0.05040396621373485,0.04558697514995715
3,46,-0.07999755171991677,-0.05051413881748072,0.0454951646468356
3,47,-0.07999755171991677,-0.05051413881748072,0.0454951646468356
3,48,-0.08000367242012486,-0.05070388052393193,0.04562982005141388
3,49,-0.07981393071367364,-0.050569225119353654,0.04577671685640837
3,50,-0.07981393071367364,-0.050569225119353654,0.04577671685640837
3,51,-0.07987513771575469,-0.050269310809156566,0.04574611335536786
3,52,-0.07994858611825192,-0.05062431142122659,0.04600318276410821
3,53,-0.07994858611825192,-0.05093034643163178,0.045697147753703024
3,54,-0.07997918961929244,-0.05093034643163178,0.045697147753703024
3,55,-0.08001591382054107,-0.05059982862039417,0.04570938915411923
3,56,-0.07983229281429796,-0.05077732892642919,0.04585628595911372
3,57,-0.07983229281429796,-0.05077732892642919,0.04585628595911372
3,58,-0.0802301383278247,-0.050495776716856414,0.04578283755661648
3,59,-0.080071000122414,-0.050324397111029505,0.04580119965724079
3,60,-0.080071000122414,-0.050324397111029505,0.04580119965724079
3,61,-0.0802056555269923,-0.05022034520749173,0.045923613661402865
3,62,-0.07999755171991677,-0.05046517321581588,0.04570938915411923
3,63,-0.07999755171991677,-0.05046517321581588,0.04570938915411923
3,64,-0.07993022401762762,-0.05040396621373485,0.04577059615620027
3,65,-0.0800648794222059,-0.05048965601664831,0.046033786265148736
3,66,-0.0800648794222059,-0.05058758721997797,0.045697147753703024
3,67,-0.08011384502387073,-0.05058758721997797,0.045697147753703024
3,68,-0.07994246541804383,-0.05050801811727261,0.04554413024850043
3,69,-0.08002815522095727,-0.05079569102705349,0.04558697514995715
3,70,-0.08002815522095727,-0.05079569102705349,0.04558697514995715
3,71,-0.08014444852491125,-0.05068551842330763,0.045672664952870604
3,72,-0.08007712082262211,-0.05076508752601298,0.0458195617578651
3,73,-0.08007712082262211,-0.05076508752601298,0.0458195617578651
3,74,-0.08013220712449505,-0.05061207002081038,0.046039906965356835
3,75,-0.07999143101970865,-0.05060594932060227,0.045697147753703024
3,76,-0.07999143101970865,-0.05060594932060227,0.045697147753703024
3,77,-0.07997306891908434,-0.05076508752601298,0.04570938915411923
3,78,-0.08004651732158159,-0.05061207002081038,0.04605826906598115
3,79,-0.07994858611825192,-0.050648794222059,0.04594809646223528
3,80,-0.07994858611825192,-0.050648794222059,0.04594809646223528
3,81,-0.0800648794222059,-0.050924225731423675,0.045795078957032685
3,82,-0.07999755171991677,-0.05059982862039417,0.04573387195495164
3,83,-0.07999755171991677,-0.05059982862039417,0.04573387195495164
3,84,-0.08011384502387073,-0.05072836332476436,0.045795078957032685
3,85,-0.08009548292324642,-0.05099767413392092,0.04586852735952993
3,86,-0.08009548292324642,-0.05099767413392092,0.04586852735952993
3,87,-0.07992410331741952,-0.050556983718937444,0.04577059615620027
3,88,-0.07999143101970865,-0.05075896682580487,0.045795078957032685
3,89,-0.07999143101970865,-0.05075896682580487,0.045795078957032685
3,90,-0.07993022401762762,-0.05046517321581588,0.045893010160362346
3,91,-0.07998531031950054,-0.05098543273350471,0.045911372260986655
3,92,-0.07998531031950054,-0.05082017382788591,0.04572775125474354
3,93,-0.0800648794222059,-0.05082017382788591,0.04572775125474354
3,94,-0.08002815522095727,-0.050710001224140044,0.04572163055453544
3,95,-0.07999755171991677,-0.05048965601664831,0.0459786999632758
3,96,-0.07999755171991677,-0.05048965601664831,0.0459786999632758
3,97,-0.08005263802178969,-0.050385604113110535,0.04578283755661648
3,98,-0.07986289631533847,-0.05062431142122659,0.045795078957032685
3,99,-0.07986289631533847,-0.05062431142122659,0.045795078957032685
