values,,Magnetometer,Magnetometer,Magnetometer
axis,,x,y,z
Sensor,Sample,,,
0,0,0.036167217529685394,0.05523319867792875,0.0019769861672175298
0,1,0.036167217529685394,0.05523319867792875,0.0019769861672175298
0,2,0.03616109682947729,0.05528216427959358,0.0019218998653445954
0,3,0.035922389521361245,0.05535561268209083,0.0009058636307993634
0,4,0.035922389521361245,0.05535561268209083,0.0009058636307993634
0,5,0.03607540702656384,0.05512914677439099,0.0014506059493206024
0,6,0.036136614028644876,0.055257681478761166,0.0014016403476557718
0,7,0.036136614028644876,0.055257681478761166,0.0014016403476557718
0,8,0.03595911372260986,0.055257681478761166,0.0016281062553556128
0,9,0.03588566532011262,0.05536785408250704,0.0018790549638878686
0,10,0.03588566532011262,0.05536785408250704,0.0018790549638878686
0,11,0.036032562125107116,0.05538621618313135,0.001670951156812339
0,12,0.036191700330517815,0.05523319867792875,0.0009670706328804015
0,13,0.03608764842698005,0.05532500918105031,0.0020749173705471905
0,14,0.03608764842698005,0.05532500918105031,0.0020749173705471905
0,15,0.036020320724690906,0.05533112988125841,0.0014750887501530177
0,16,0.03620394173093402,0.05512302607418289,0.00189741706451218
0,17,0.03620394173093402,0.05512302607418289,0.00189741706451218
0,18,0.03628963153384747,0.05531276778063411,0.001970865467009426
0,19,0.03606316562614763,0.055257681478761166,0.0019096584649283877
0,20,0.03606316562614763,0.055257681478761166,0.0019096584649283877
0,21,0.035922389521361245,0.05519035377647202,0.0013465540457828376
0,22,0.036008079324274696,0.05526380217896928,0.0017015546578528582
0,23,0.036008079324274696,0.05526380217896928,0.0017015546578528582
0,24,0.03598971722365039,0.0554596645856286,0.0011874158403721385
0,25,0.036038682825315214,0.05532500918105031,0.0014689680499449136
0,26,0.036038682825315214,0.05532500918105031,0.0014689680499449136
0,27,0.03592851022156935,0.05522095727751255,0.0017566409597257926
0,28,0.03602644142489901,0.05549026808666911,0.0013281919451585261
0,29,0.03602644142489901,0.05549026808666911,0.0013281919451585261
0,30,0.035879544619904516,0.055337250581466525,0.0013526747459909412
0,31,0.036167217529685394,0.05531888848084221,0.0016036234545231975
0,32,0.036167217529685394,0.05531888848084221,0.0016036234545231975
0,33,0.035824458318031584,0.05542294038437997,0.0018117272615987268
0,34,0.035965234422817974,0.055227077977720654,0.0016036234545231975
0,35,0.03613049332843678,0.055398457583547556,0.0012853470437017996
0,36,0.03613049332843678,0.055398457583547556,0.0012853470437017996
0,37,0.03594687232219366,0.05525156077855307,0.001970865467009426
0,38,0.03621618313135023,0.05521483657730445,0.0016342269555637164
0,39,0.03621618313135023,0.05521483657730445,0.0016342269555637164
0,40,0.036008079324274696,0.055098543273350474,0.001683192557228547
0,41,0.036191700330517815,0.055435181784796186,0.001940261965968907
0,42,0.036191700330517815,0.055435181784796186,0.001940261965968907
0,43,0.036148855429061086,0.05541681968417187,0.0017260374586852735
0,44,0.03608764842698005,0.05544742318521238,0.0016587097563961317
0,45,0.03608764842698005,0.05544742318521238,0.0016587097563961317
0,46,0.035952993022401764,0.055398457583547556,0.0017933651609744155
0,47,0.035891786020320726,0.05538621618313135,0.0015852613538988862
0,48,0.035891786020320726,0.05538621618313135,0.0015852613538988862
0,49,0.036038682825315214,0.055441302485004285,0.0014995715509854327
0,50,0.03611825192802057,0.05516587097563961,0.0016403476557718202
0,51,0.03611825192802057,0.05516587097563961,0.0016403476557718202
0,52,0.03598971722365039,0.05564940629207982,0.001836210062431142
0,53,0.03635695923613662,0.05513526747459909,0.002191210674501163
0,54,0.03635695923613662,0.05513526747459909,0.0016036234545231975
0,55,0.035952993022401764,0.05523319867792875,0.0016036234545231975
0,56,0.0360142000244828,0.055300526380217895,0.0013832782470314603
0,57,0.03597747582323418,0.05513526747459909,0.0016648304566042355
0,58,0.03597747582323418,0.05513526747459909,0.0016648304566042355
0,59,0.03625290733259885,0.05524544007834496,0.0018729342636797648
0,60,0.03597747582323418,0.05536785408250704,0.001524054351817848
0,61,0.03597747582323418,0.05536785408250704,0.001524054351817848
0,62,0.03611213122781246,0.055692251193536546,0.0008140531276778064
0,63,0.036136614028644876,0.055257681478761166,0.0015791406536907822
0,64,0.036136614028644876,0.055257681478761166,0.0015791406536907822
0,65,0.03583057901823969,0.05533112988125841,0.0018912963643040765
0,66,0.03607540702656384,0.05524544007834496,0.0016158648549394051
0,67,0.03607540702656384,0.05524544007834496,0.0016158648549394051
0,68,0.036032562125107116,0.05555759578895826,0.0015056922511935366
0,69,0.036032562125107116,0.05539233688333946,0.001775003060350104
0,70,0.036032562125107116,0.05539233688333946,0.001775003060350104
0,71,0.03572040641449382,0.0554596645856286,0.0016648304566042355
0,72,0.03607540702656384,0.05542294038437997,0.0017260374586852735
0,73,0.03607540702656384,0.05542294038437997,0.0017260374586852735
0,74,0.03613049332843678,0.05527604357938548,0.0015424164524421593
0,75,0.03602644142489901,0.05539233688333946,0.0012547435426612805
0,76,0.03602644142489901,0.05539233688333946,0.0012547435426612805
0,77,0.03611825192802057,0.05531276778063411,0.0014995715509854327
0,78,0.03598359652344228,0.05557595788958257,0.0015118129514016404
0,79,0.0361733382298935,0.05506793977230995,0.001713796058269066
0,80,0.0361733382298935,0.05506793977230995,0.001713796058269066
0,81,0.03604480352552332,0.05512914677439099,0.0016893132574366508
0,82,0.03619782103072591,0.05510466397355858,0.0017566409597257926
0,83,0.03619782103072591,0.05510466397355858,0.0017566409597257926
0,84,0.03607540702656384,0.0554657852858367,0.001775003060350104
0,85,0.0363385971355123,0.05528828497980169,0.001554657852858367
0,86,0.0363385971355123,0.05528828497980169,0.001554657852858367
0,87,0.035995837923858486,0.05526992287917738,0.0014077610478638756
0,88,0.03598971722365039,0.05534337128167462,0.0015913820541069898
0,89,0.03598971722365039,0.05534337128167462,0.0015913820541069898
0,90,0.03608764842698005,0.055698371893744644,0.0018239686620149347
0,91,0.03611825192802057,0.055484147386461014,0.0015607785530664707
0,92,0.03611825192802057,0.055484147386461014,0.0015607785530664707
0,93,0.03607540702656384,0.05531888848084221,0.0019892275676337374
0,94,0.035922389521361245,0.05528828497980169,0.0020137103684661527
0,95,0.035922389521361245,0.05528828497980169,0.0020137103684661527
0,96,0.03620394173093402,0.05528216427959358,0.0018239686620149347
0,97,0.03610601052760436,0.05553311298812584,0.0016158648549394051
0,98,0.03610601052760436,0.05553311298812584,0.0016158648549394051
0,99,0.035695923613661404,0.05536785408250704,0.001713796058269066
1,0,-0.050428449014567264,0.0779654792508263,0.02791039294895336
1,1,-0.050428449014567264,0.0779654792508263,0.02791039294895336
1,2,-0.050177500306035,0.0778124617456237,0.027775737544375078
1,3,-0.050177500306035,0.07787978944791284,0.02708409842085935
1,4,-0.050177500306035,0.07787978944791284,0.02708409842085935
1,5,-0.0501591382054107,0.0778124617456237,0.027610478638756274
1,6,-0.05054474231852124,0.07795935855061818,0.027592116538131962
1,7,-0.05054474231852124,0.07795935855061818,0.027592116538131962
1,8,-0.05039784551352675,0.07806341045415596,0.027677806341045413
1,9,-0.050342759211653806,0.07805116905373974,0.02762272003917248
1,10,-0.050342759211653806,0.07805116905373974,0.02762272003917248
1,11,-0.05028767290978088,0.07800832415228302,0.027279960827518667
1,12,-0.05028767290978088,0.0776472028400049,0.02762272003917248
1,13,-0.050269310809156566,0.07798384135145062,0.027255478026686254
1,14,-0.050269310809156566,0.07798384135145062,0.027255478026686254
1,15,-0.05007956910270535,0.07828375566164769,0.027610478638756274
1,16,-0.05029379360998898,0.07797159995103439,0.027230995225853837
1,17,-0.05029379360998898,0.07797159995103439,0.027230995225853837
1,18,-0.05037336271269434,0.07778797894479128,0.027610478638756274
1,19,-0.050483535316440196,0.07838168686497735,0.027304443628351084
1,20,-0.050483535316440196,0.07838168686497735,0.027304443628351084
1,21,-0.05023870730811605,0.07787978944791284,0.027451340433345572
1,22,-0.05029991431019709,0.07804504835353164,0.027035132819194518
1,23,-0.05029991431019709,0.07804504835353164,0.027035132819194518
1,24,-0.050281552209572776,0.07814297955686131,0.027702289141877827
1,25,-0.05019586240665932,0.07782470314603991,0.02782470314603991
1,26,-0.050250948708532264,0.07769004774146163,0.027188150324397108
1,27,-0.050250948708532264,0.07769004774146163,0.027188150324397108
1,28,-0.05012241400416208,0.07794099644999389,0.027861427347288532
1,29,-0.05022034520749173,0.0782959970620639,0.02776349614395887
1,30,-0.05022034520749173,0.0782959970620639,0.02776349614395887
1,31,-0.05033051781123761,0.07790427224874526,0.027610478638756274
1,32,-0.050416207614151054,0.07789815154853716,0.02735952993022402
1,33,-0.050416207614151054,0.07789815154853716,0.02735952993022402
1,34,-0.050416207614151054,0.0779777206512425,0.027885910148120946
1,35,-0.05036112131227812,0.07818582445831804,0.02712694332231607
1,36,-0.05036112131227812,0.07818582445831804,0.02712694332231607
1,37,-0.05025706940874036,0.07792263434936957,0.026986167217529684
1,38,-0.05036112131227812,0.07787978944791284,0.027065736320235033
1,39,-0.05012241400416208,0.07806953115436406,0.026808666911494677
1,40,-0.05012241400416208,0.07806953115436406,0.026808666911494677
1,41,-0.05037336271269434,0.07806953115436406,0.0271697882237728
1,42,-0.05026319010894846,0.07788591014812093,0.02672297710858122
1,43,-0.05026319010894846,0.07788591014812093,0.02672297710858122
1,44,-0.050324397111029505,0.07786754804749664,0.02718202962418901
1,45,-0.05026319010894846,0.07769004774146163,0.027077977720651243
1,46,-0.05026319010894846,0.07769004774146163,0.027077977720651243
1,47,-0.05019586240665932,0.07802668625290733,0.027102460521483657
1,48,-0.05031827641082139,0.07811237605582079,0.02677194271024605
1,49,-0.05031827641082139,0.07811237605582079,0.02726771942710246
1,50,-0.050171379605826905,0.07800220345207491,0.02726771942710246
1,51,-0.05044069041498347,0.07770228914187784,0.026729097808789327
1,52,-0.05004896560166483,0.07795935855061818,0.026539356102338107
1,53,-0.05004896560166483,0.07795935855061818,0.026539356102338107
1,54,-0.05037336271269434,0.07780022034520749,0.02677194271024605
1,55,-0.05028767290978088,0.07776961684416697,0.02702289141877831
1,56,-0.05028767290978088,0.07776961684416697,0.02702289141877831
1,57,-0.05011629330395397,0.0778124617456237,0.026631166605459666
1,58,-0.05024482800832415,0.07791039294895336,0.027298322928142982
1,59,-0.05024482800832415,0.07791039294895336,0.027298322928142982
1,60,-0.050140776104786386,0.07781858244583181,0.026631166605459666
1,61,-0.05030603501040519,0.07765332354021301,0.027371771330640227
1,62,-0.05030603501040519,0.07765332354021301,0.026857632513159507
1,63,-0.05029379360998898,0.07764108213979679,0.026857632513159507
1,64,-0.050171379605826905,0.07783694454645611,0.027157546823356592
1,65,-0.050177500306035,0.07785530664708043,0.026961684416697267
1,66,-0.050177500306035,0.07785530664708043,0.026961684416697267
1,67,-0.050183621006243115,0.07757987513771576,0.02708409842085935
1,68,-0.05046517321581588,0.07761659933896438,0.026986167217529684
1,69,-0.05046517321581588,0.07761659933896438,0.026986167217529684
1,70,-0.050030603501040515,0.07806953115436406,0.026778063410454155
1,71,-0.05037948341290244,0.07763496143958869,0.02675358060962174
1,72,-0.05037948341290244,0.07763496143958869,0.02675358060962174
1,73,-0.05058146651976986,0.07789815154853716,0.026759701309829843
1,74,-0.05052025951768883,0.07794099644999389,0.027206512425021423
1,75,-0.05052025951768883,0.07794099644999389,0.027304443628351084
1,76,-0.050422328314359166,0.07798996205165871,0.027304443628351084
1,77,-0.05018974170645122,0.07791651364916147,0.026759701309829843
1,78,-0.050422328314359166,0.07793487574978578,0.02690047741461623
1,79,-0.050422328314359166,0.07793487574978578,0.02690047741461623
1,80,-0.05024482800832415,0.07756763373729955,0.0271697882237728
1,81,-0.05023258660790795,0.07801444485249112,0.026637287305667768
1,82,-0.05023258660790795,0.07801444485249112,0.026637287305667768
1,83,-0.05036724201248623,0.07804504835353164,0.026888236014200022
1,84,-0.05033663851144571,0.07779409964499939,0.026833149712327094
1,85,-0.05033663851144571,0.07779409964499939,0.026833149712327094
1,86,-0.050208103807075535,0.07767780634104542,0.027237115926061938
1,87,-0.050250948708532264,0.07787366874770474,0.027157546823356592
1,88,-0.050250948708532264,0.07787366874770474,0.026784184110662263
1,89,-0.05028767290978088,0.07804504835353164,0.026784184110662263
1,90,-0.05005508630187293,0.07811849675602889,0.026790304810870365
1,91,-0.05025706940874036,0.07777573754437508,0.026747459909413636
1,92,-0.05025706940874036,0.07777573754437508,0.026747459909413636
1,93,-0.050110172603745874,0.07778185824458318,0.026594442404211042
1,94,-0.050324397111029505,0.07788591014812093,0.026784184110662263
1,95,-0.050324397111029505,0.07788591014812093,0.026784184110662263
1,96,-0.05011629330395397,0.07801444485249112,0.026649528706083975
1,97,-0.050355000612070024,0.07794099644999389,0.02721875382543763
1,98,-0.050355000612070024,0.07794099644999389,0.02721875382543763
1,99,-0.05012241400416208,0.07774513404333457,0.027053494919818826
2,0,0.08791773778920309,-0.05577182029624189,0.05203207246909046
2,1,0.08802178969274085,-0.05558819928999877,0.05263190108948464
2,2,0.08772799608275186,-0.05583302729832292,0.05117517443995593
2,3,0.08769739258171136,-0.055937079201860695,0.052178969274084955
2,4,0.08769739258171136,-0.055937079201860695,0.052178969274084955
2,5,0.08785653078712205,-0.05571061329416085,0.05247888358428204
2,6,0.08766066838046273,-0.056071734606438974,0.05250948708532256
2,7,0.08766066838046273,-0.056071734606438974,0.05250948708532256
2,8,0.08784428938670584,-0.055881992899987756,0.05206879667033909
2,9,0.08796058269065982,-0.05591871710123638,0.05220957277512548
2,10,0.08796058269065982,-0.05591871710123638,0.05220957277512548
2,11,0.08791161708899498,-0.05586975149957155,0.05252172848573877
2,12,0.08776472028400048,-0.05597380340310931,0.05230138327824703
2,13,0.08776472028400048,-0.05597380340310931,0.05230138327824703
2,14,0.08816868649773534,-0.05584526869873914,0.05227690047741461
2,15,0.08791773778920309,-0.055612682090831186,0.052252417676582195
2,16,0.08797282409107601,-0.05606561390623087,0.052405435181784796
2,17,0.08797282409107601,-0.05606561390623087,0.052405435181784796
2,18,0.08796058269065982,-0.05605337250581467,0.052405435181784796
2,19,0.08788713428816256,-0.055624923491247404,0.051303709144326116
2,20,0.08788713428816256,-0.055624923491247404,0.051303709144326116
2,21,0.08769739258171136,-0.05575957889582568,0.052417676582201
2,22,0.08799730689190843,-0.055900355000612065,0.052405435181784796
2,23,0.08799730689190843,-0.055900355000612065,0.052405435181784796
2,24,0.08774635818337619,-0.05591259640102828,0.050410086913942956
2,25,0.08792997918961928,-0.05605949320602277,0.052289141877830826
2,26,0.08792997918961928,-0.05605949320602277,0.052289141877830826
2,27,0.0879360998898274,-0.056071734606438974,0.05203207246909046
2,28,0.08790549638878688,-0.055998286203941726,0.05250948708532256
2,29,0.08790549638878688,-0.055998286203941726,0.05138939894723956
2,30,0.08786877218753826,-0.05571673399436896,0.05138939894723956
2,31,0.08790549638878688,-0.05609621740727139,0.051591382054106995
2,32,0.08772187538254377,-0.05581466519769862,0.052405435181784796
2,33,0.08772187538254377,-0.05581466519769862,0.052405435181784796
2,34,0.08764842698004652,-0.055937079201860695,0.052178969274084955
2,35,0.08804015179336516,-0.05616966580976864,0.05258905618802791
2,36,0.08804015179336516,-0.05616966580976864,0.05258905618802791
2,37,0.08783204798628963,-0.05591259640102828,0.052154486473252534
2,38,0.08785653078712205,-0.056071734606438974,0.051621985555147507
2,39,0.08785653078712205,-0.056071734606438974,0.051621985555147507
2,40,0.08800954829232464,-0.055796303097074305,0.05143224384869629
2,41,0.08768515118129513,-0.055698371893744644,0.051768882360142
2,42,0.08768515118129513,-0.055698371893744644,0.05020198310686742
2,43,0.08797894479128412,-0.055900355000612065,0.05167707185702044
2,44,0.08788101358795446,-0.05587587219977965,0.05235646958011997
2,45,0.08770963398212756,-0.05588811360019587,0.05179948586118251
2,46,0.08770963398212756,-0.05588811360019587,0.05179948586118251
2,47,0.0879544619904517,-0.05579018239686621,0.052436038682825314
2,48,0.08775859958379238,-0.05579018239686621,0.05110784673766679
2,49,0.08775859958379238,-0.05579018239686621,0.05110784673766679
2,50,0.08792385848941119,-0.055839147998531034,0.052331986779287555
2,51,0.0877830823846248,-0.05582078589790672,0.0519280205655527
2,52,0.0877830823846248,-0.05582078589790672,0.0519280205655527
2,53,0.08797894479128412,-0.05601664830456604,0.05246664218386583
2,54,0.08799118619170034,-0.0561023381074795,0.0514567266495287
2,55,0.08799118619170034,-0.0561023381074795,0.0514567266495287
2,56,0.0876239441792141,-0.055967682702901214,0.05004896560166483
2,57,0.08797282409107601,-0.05574733749540948,0.05156077855306647
2,58,0.08781980658587343,-0.055937079201860695,0.05218508997429307
2,59,0.08781980658587343,-0.055937079201860695,0.05218508997429307
2,60,0.08786877218753826,-0.055979924103317424,0.0524115558819929
2,61,0.08775247888358428,-0.05561880279103929,0.05225853837679031
2,62,0.08775247888358428,-0.05561880279103929,0.05225853837679031
2,63,0.08775859958379238,-0.055943199902068794,0.05230138327824703
2,64,0.08807687599461378,-0.05601664830456604,0.05220957277512548
2,65,0.08807687599461378,-0.05601664830456604,0.05220957277512548
2,66,0.0879483412902436,-0.05585138939894724,0.05069163912351573
2,67,0.08802791039294895,-0.05602888970498225,0.052405435181784796
2,68,0.08802791039294895,-0.05602888970498225,0.052405435181784796
2,69,0.08790549638878688,-0.05600440690414984,0.052546211286571186
2,70,0.08802178969274085,-0.055826906598114824,0.052417676582201
2,71,0.08802178969274085,-0.055826906598114824,0.052417676582201
2,72,0.08775859958379238,-0.05600440690414984,0.052448280083241525
2,73,0.08807687599461378,-0.05600440690414984,0.05238095238095238
2,74,0.08790549638878688,-0.055937079201860695,0.05238095238095238
2,75,0.08790549638878688,-0.055937079201860695,0.05238095238095238
2,76,0.08791161708899498,-0.05620026931080916,0.05238707308116049
2,77,0.0879360998898274,-0.055655526992287915,0.05255845268698739
2,78,0.0879360998898274,-0.055655526992287915,0.05255845268698739
2,79,0.0879360998898274,-0.05586975149957155,0.05235646958011997
2,80,0.08796670339086791,-0.055900355000612065,0.05124250214224507
2,81,0.08796670339086791,-0.055900355000612065,0.05124250214224507
2,82,0.08786877218753826,-0.055900355000612065,0.052393193781368586
2,83,0.08783816868649773,-0.05566164769249602,0.05247888358428204
2,84,0.08783816868649773,-0.05566164769249602,0.05247888358428204
2,85,0.0877830823846248,-0.056151303709144326,0.05233810747949565
2,86,0.08780144448524911,-0.05602888970498225,0.0522462969763741
2,87,0.08774023748316807,-0.055796303097074305,0.05256457338719549
2,88,0.08774023748316807,-0.055796303097074305,0.05256457338719549
2,89,0.08782592728608153,-0.05556371648916636,0.052429917982617216
2,90,0.08789325498837067,-0.05563716489166361,0.05227690047741461
2,91,0.08789325498837067,-0.05563716489166361,0.05227690047741461
2,92,0.08807687599461378,-0.05579018239686621,0.0524115558819929
2,93,0.08816256579752724,-0.055937079201860695,0.05188517566409597
2,94,0.08816256579752724,-0.055937079201860695,0.05188517566409597
2,95,0.08783204798628963,-0.055937079201860695,0.05137715754682336
2,96,0.08791161708899498,-0.05572897539478516,0.05266250459052516
2,97,0.08791161708899498,-0.05572897539478516,0.05266250459052516
2,98,0.08803403109315706,-0.055826906598114824,0.05117517443995593
2,99,0.08773411678295998,-0.05581466519769862,0.052331986779287555
3,0,-0.08477781858244583,-0.04995103439833517,0.050183621006243115
3,1,-0.08482678418411066,-0.050183621006243115,0.05044069041498347
3,2,-0.08482678418411066,-0.050183621006243115,0.05044069041498347
3,3,-0.08483290488431876,-0.05006120700208104,0.050214224507283634
3,4,-0.08482678418411066,-0.05007956910270535,0.05027543150936468
3,5,-0.08482678418411066,-0.05007956910270535,0.05027543150936468
3,6,-0.08485126698494308,-0.05044069041498347,0.05037336271269434
3,7,-0.08479618068307014,-0.05008568980291346,0.05043456971477537
3,8,-0.08479618068307014,-0.05007956910270535,0.050281552209572776
3,9,-0.08483902558452687,-0.05007956910270535,0.050281552209572776
3,10,-0.08485738768515119,-0.05004896560166483,0.050355000612070024
3,11,-0.08486350838535929,-0.049938792997918965,0.050208103807075535
3,12,-0.08486350838535929,-0.049938792997918965,0.050208103807075535
3,13,-0.08491247398702412,-0.05015301750520259,0.050324397111029505
3,14,-0.08494919818827273,-0.04998775859958379,0.05052025951768883
3,15,-0.08494919818827273,-0.04998775859958379,0.05052025951768883
3,16,-0.08463092177745134,-0.05026319010894846,0.050312155710613295
3,17,-0.08501652589056188,-0.05011629330395397,0.0504774146162321
3,18,-0.08501652589056188,-0.05011629330395397,0.0504774146162321
3,19,-0.0847349736809891,-0.05019586240665932,0.05026319010894846
3,20,-0.08494307748806464,-0.049687844289386704,0.050324397111029505
3,21,-0.08494307748806464,-0.049687844289386704,0.050416207614151054
3,22,-0.08483902558452687,-0.050214224507283634,0.050416207614151054
3,23,-0.08485126698494308,-0.050183621006243115,0.05022034520749173
3,24,-0.08464316317786755,-0.050171379605826905,0.050177500306035
3,25,-0.08464316317786755,-0.050171379605826905,0.050177500306035
3,26,-0.08493083608764843,-0.0500061207002081,0.050428449014567264
3,27,-0.08496756028889704,-0.050342759211653806,0.05033663851144571
3,28,-0.08496756028889704,-0.050342759211653806,0.05033663851144571
3,29,-0.08482678418411066,-0.05023870730811605,0.05031827641082139
3,30,-0.08489411188639981,-0.04996939649895948,0.050355000612070024
3,31,-0.08489411188639981,-0.04996939649895948,0.050355000612070024
3,32,-0.0848818704859836,-0.050563104419145556,0.050416207614151054
3,33,-0.08455747337495409,-0.04993267229771085,0.05031827641082139
3,34,-0.08455747337495409,-0.04993267229771085,0.05031827641082139
3,35,-0.08479005998286204,-0.05005508630187293,0.05044069041498347
3,36,-0.0847227322805729,-0.050165258905618806,0.05037948341290244
3,37,-0.0848818704859836,-0.05,0.05009793120332966
3,38,-0.0848818704859836,-0.05,0.05009793120332966
3,39,-0.08485738768515119,-0.0500061207002081,0.050428449014567264
3,40,-0.08466764597869997,-0.05012241400416208,0.05014689680499449
3,41,-0.08466764597869997,-0.05012241400416208,0.05014689680499449
3,42,-0.08479005998286204,-0.04995103439833517,0.05048965601664831
3,43,-0.08477781858244583,-0.04981025829354878,0.05033663851144571
3,44,-0.08477781858244583,-0.04981025829354878,0.05033663851144571
3,45,-0.08464928387807566,-0.050355000612070024,0.050110172603745874
3,46,-0.08486350838535929,-0.05022646590769984,0.05039172481331864
3,47,-0.08444730077120823,-0.05003672420124863,0.050428449014567264
3,48,-0.08444730077120823,-0.05003672420124863,0.050428449014567264
3,49,-0.08477781858244583,-0.050067327702289145,0.050214224507283634
3,50,-0.08477169788223773,-0.05024482800832415,0.05029991431019709
3,51,-0.08477169788223773,-0.05024482800832415,0.05029991431019709
3,52,-0.08483290488431876,-0.05039784551352675,0.050281552209572776
3,53,-0.08498592238952137,-0.050416207614151054,0.05047129391602399
3,54,-0.08498592238952137,-0.050416207614151054,0.05047129391602399
3,55,-0.08468600807932428,-0.049926551597502755,0.05047129391602399
3,56,-0.08485126698494308,-0.05039784551352675,0.05028767290978088
3,57,-0.08485126698494308,-0.05039784551352675,0.05028767290978088
3,58,-0.08494307748806464,-0.050140776104786386,0.05044069041498347
3,59,-0.08449626637287305,-0.05007344840249724,0.05050189741706451
3,60,-0.08470437017994858,-0.04999387929979189,0.050385604113110535
3,61,-0.08470437017994858,-0.04999387929979189,0.050385604113110535
3,62,-0.08461868037703514,-0.050183621006243115,0.050428449014567264
3,63,-0.0845635940751622,-0.05008568980291346,0.05004284490145673
3,64,-0.0845635940751622,-0.05008568980291346,0.05004284490145673
3,65,-0.08505937079201861,-0.050250948708532264,0.050355000612070024
3,66,-0.08462480107724324,-0.05022034520749173,0.05022034520749173
3,67,-0.08462480107724324,-0.05022034520749173,0.05022034520749173
3,68,-0.08465540457828376,-0.05025706940874036,0.050355000612070024
3,69,-0.0845941975762027,-0.04996327579875138,0.05026319010894846
3,70,-0.0845941975762027,-0.04996327579875138,0.05026319010894846
3,71,-0.08498592238952137,-0.050208103807075535,0.05027543150936468
3,72,-0.08475945648182151,-0.049926551597502755,0.050324397111029505
3,73,-0.08467988737911616,-0.050385604113110535,0.05036112131227812
3,74,-0.08467988737911616,-0.050385604113110535,0.05036112131227812
3,75,-0.08489411188639981,-0.05009181050312156,0.050312155710613295
3,76,-0.08507161219243482,-0.05027543150936468,0.05029991431019709
3,77,-0.08507161219243482,-0.05027543150936468,0.05029991431019709
3,78,-0.08506549149222671,-0.05006120700208104,0.05034887991186192
3,79,-0.08463704247765944,-0.04980413759334068,0.05029991431019709
3,80,-0.08463704247765944,-0.04980413759334068,0.05029991431019709
3,81,-0.08471049088015668,-0.050128534704370176,0.05037336271269434
3,82,-0.0848818704859836,-0.05023258660790795,0.05025706940874036
3,83,-0.0848818704859836,-0.05023258660790795,0.05025706940874036
3,84,-0.08482678418411066,-0.050110172603745874,0.050355000612070024
3,85,-0.08474721508140531,-0.05022034520749173,0.05039784551352675
3,86,-0.08493695678785654,-0.04995103439833517,0.05028767290978088
3,87,-0.08493695678785654,-0.04995103439833517,0.05028767290978088
3,88,-0.08482678418411066,-0.04998163789937569,0.05020198310686742
3,89,-0.08467376667890807,-0.049938792997918965,0.050526380217896925
3,90,-0.08467376667890807,-0.049938792997918965,0.050526380217896925
3,91,-0.08496756028889704,-0.05010405190353776,0.05019586240665932
3,92,-0.08500428449014567,-0.05006120700208104,0.05025706940874036
3,93,-0.08500428449014567,-0.05006120700208104,0.05025706940874036
3,94,-0.08485126698494308,-0.05022034520749173,0.050281552209572776
3,95,-0.08457583547557841,-0.050067327702289145,0.050250948708532264
3,96,-0.08457583547557841,-0.050067327702289145,0.050250948708532264
3,97,-0.08485738768515119,-0.05020198310686742,0.05029379360998898
3,98,-0.08497980168931327,-0.049914310197086545,0.050569225119353654
3,99,-0.08464928387807566,-0.050110172603745874,0.05029991431019709
