values,,Magnetometer,Magnetometer,Magnetometer
axis,,x,y,z
Sensor,Sample,,,
0,0,0.07854082507038805,0.0754009058636308,0.019396498959480965
0,1,0.07854082507038805,0.0754009058636308,0.019396498959480965
0,2,0.07855306647080426,0.0755600440690415,0.019763740971967193
0,3,0.07855306647080426,0.07562125107112254,0.019249602154486473
0,4,0.07855306647080426,0.07562125107112254,0.019249602154486473
0,5,0.07864487697392582,0.0755600440690415,0.019280205655526992
0,6,0.0786142734728853,0.07584771697882238,0.019427102460521484
0,7,0.0786142734728853,0.07584771697882238,0.019427102460521484
0,8,0.07847349736809892,0.0757314236748684,0.019114946749908192
0,9,0.07854694577059615,0.07564573387195496,0.01935365405802424
0,10,0.07854694577059615,0.07564573387195496,0.01935365405802424
0,11,0.0786265148733015,0.07554168196841718,0.019653568368221325
0,12,0.07849185946872322,0.07581099277757375,0.019720896070510467
0,13,0.07849185946872322,0.07581099277757375,0.019720896070510467
0,14,0.0784367731668503,0.07579263067694944,0.019463826661770108
0,15,0.07836944546456115,0.07571918227445221,0.019072101848451463
0,16,0.07836944546456115,0.07571918227445221,0.01948830946260252
0,17,0.07835720406414494,0.07552331986779287,0.01948830946260252
0,18,0.07831435916268821,0.0755722854694577,0.019341412657608033
0,19,0.07858979067205288,0.07554168196841718,0.01883339454033541
0,20,0.07858979067205288,0.07554168196841718,0.01883339454033541
0,21,0.07852246296976374,0.07558452686987391,0.019200636552821643
0,22,0.07843065246664219,0.07563349247153875,0.019341412657608033
0,23,0.07843065246664219,0.07563349247153875,0.019341412657608033
0,24,0.07835720406414494,0.07563961317174685,0.019286326355735094
0,25,0.07841841106622598,0.07550495776716856,0.018655894234300405
0,26,0.07841841106622598,0.07550495776716856,0.018655894234300405
0,27,0.0781368588566532,0.07579263067694944,0.01962908556738891
0,28,0.07871220467621495,0.07547435426612804,0.018949687844289388
0,29,0.07871220467621495,0.07563349247153875,0.019090463949075775
0,30,0.0786265148733015,0.07563349247153875,0.019090463949075775
0,31,0.07833272126331252,0.0755539233688334,0.019023136246786632
0,32,0.07865099767413392,0.07563349247153875,0.019463826661770108
0,33,0.07865099767413392,0.07563349247153875,0.019463826661770108
0,34,0.0784612559676827,0.07552331986779287,0.019671930468845637
0,35,0.0784551352674746,0.07553556126820908,0.018968049944913697
0,36,0.0784551352674746,0.07553556126820908,0.018968049944913697
0,37,0.0786203941730934,0.0755600440690415,0.019341412657608033
0,38,0.07847961806830701,0.07546823356591995,0.019457705961562002
0,39,0.07847961806830701,0.07546823356591995,0.019457705961562002
0,40,0.07855306647080426,0.07554168196841718,0.019427102460521484
0,41,0.07837556616476925,0.07550495776716856,0.019267964255110785
0,42,0.07837556616476925,0.07550495776716856,0.019267964255110785
0,43,0.07857754927163667,0.07564573387195496,0.01918227445219733
0,44,0.07855918717101237,0.07558452686987391,0.019427102460521484
0,45,0.07855918717101237,0.07558452686987391,0.019427102460521484
0,46,0.07868772187538255,0.0757130615742441,0.01935365405802424
0,47,0.0782776349614396,0.07560900967070633,0.0191271881503244
0,48,0.0782776349614396,0.07560900967070633,0.0191271881503244
0,49,0.07848573876851513,0.07549271636675235,0.019457705961562002
0,50,0.07854694577059615,0.07535806096217408,0.018759946137838168
0,51,0.07854694577059615,0.07535806096217408,0.020326845391112743
0,52,0.0786203941730934,0.07581711347778186,0.019567878565307874
0,53,0.07833884196352062,0.07560900967070633,0.01917615375198923
0,54,0.0784428938670584,0.07563961317174685,0.019573999265515975
0,55,0.0784428938670584,0.07563961317174685,0.019573999265515975
0,56,0.07860203207246909,0.0755600440690415,0.019329171257191823
0,57,0.07854082507038805,0.07561513037091443,0.019365895458440446
0,58,0.07854082507038805,0.07561513037091443,0.019365895458440446
0,59,0.07854082507038805,0.07548659566654425,0.019108826049700087
0,60,0.07849185946872322,0.07550495776716856,0.019451585261353897
0,61,0.07849185946872322,0.07550495776716856,0.019451585261353897
0,62,0.07848573876851513,0.0755600440690415,0.019347533357816134
0,63,0.07849185946872322,0.07567021667278737,0.019200636552821643
0,64,0.07849185946872322,0.07567021667278737,0.019200636552821643
0,65,0.07866323907455013,0.07563961317174685,0.019225119353654056
0,66,0.07853470437017995,0.07576202717590892,0.01948830946260252
0,67,0.07853470437017995,0.07576202717590892,0.01948830946260252
0,68,0.07838168686497735,0.07578038927653323,0.018882360142000246
0,69,0.07835720406414494,0.07558452686987391,0.019476068062186314
0,70,0.07835720406414494,0.07558452686987391,0.019476068062186314
0,71,0.0784612559676827,0.0757314236748684,0.019335291957399928
0,72,0.07838168686497735,0.07576202717590892,0.01918227445219733
0,73,0.07838168686497735,0.07576202717590892,0.01918227445219733
0,74,0.07860203207246909,0.07577426857632513,0.01958011996572408
0,75,0.07856530787122047,0.07574366507528461,0.019396498959480965
0,76,0.07824703146039907,0.07546211286571183,0.01921287795323785
0,77,0.07824703146039907,0.07546211286571183,0.01921287795323785
0,78,0.0784367731668503,0.07564573387195496,0.019249602154486473
0,79,0.07865099767413392,0.0755661647692496,0.019023136246786632
0,80,0.07865099767413392,0.0755661647692496,0.019023136246786632
0,81,0.0786203941730934,0.07582935487819806,0.019543395764475453
0,82,0.07860203207246909,0.07549883706696045,0.019286326355735094
0,83,0.07860203207246909,0.07549883706696045,0.019286326355735094
0,84,0.0787611702778798,0.07574978577549271,0.018723221936589547
0,85,0.078773411678296,0.07549271636675235,0.019555637164891664
0,86,0.078773411678296,0.07549271636675235,0.019555637164891664
0,87,0.07817358305790181,0.0755539233688334,0.019335291957399928
0,88,0.07851634226955564,0.07563349247153875,0.019267964255110785
0,89,0.07851634226955564,0.07563349247153875,0.019267964255110785
0,90,0.07865711837434203,0.07577426857632513,0.019555637164891664
0,91,0.07840004896560167,0.07590892398090342,0.019702533969886155
0,92,0.07840004896560167,0.07590892398090342,0.019702533969886155
0,93,0.0784428938670584,0.07549883706696045,0.01914555025094871
0,94,0.07869384257559064,0.07561513037091443,0.019782103072591505
0,95,0.07869384257559064,0.07561513037091443,0.0196107234667646
0,96,0.07853470437017995,0.07554168196841718,0.0196107234667646
0,97,0.07866935977475822,0.07549271636675235,0.019243481454278368
0,98,0.07863875627371772,0.07548047496633616,0.019335291957399928
0,99,0.07856530787122047,0.07557840616966581,0.018949687844289388
1,0,-0.09057412167952014,0.09995103439833516,0.04800465173215816
1,1,-0.09069653568368222,0.09985310319500551,0.04793732402986901
1,2,-0.09069653568368222,0.09985310319500551,0.04793732402986901
1,3,-0.09039662137348513,0.09966336148855429,0.048029134532990576
1,4,-0.0905251560778553,0.09962051658709756,0.047747582323417796
1,5,-0.0905251560778553,0.09962051658709756,0.047747582323417796
1,6,-0.09051291467743909,0.0996939649895948,0.04747215081405313
1,7,-0.09059248378014445,0.09985310319500551,0.047429305912596406
1,8,-0.09059248378014445,0.09985310319500551,0.047429305912596406
1,9,-0.09048231117639857,0.09977965479250826,0.04769861672175297
1,10,-0.09046394907577426,0.09981637899375688,0.0479128412290366
1,11,-0.09059248378014445,0.09962663728730567,0.0479128412290366
1,12,-0.09059248378014445,0.09962663728730567,0.0479128412290366
1,13,-0.09048843187660668,0.0996939649895948,0.04778430652466642
1,14,-0.09056188027910393,0.09975517199167586,0.047533357816134165
1,15,-0.09056188027910393,0.09975517199167586,0.047533357816134165
1,16,-0.09051291467743909,0.09993267229771086,0.04730077120822622
1,17,-0.09056188027910393,0.09979189619292447,0.04766801322071245
1,18,-0.09054963887868772,0.09944301628106256,0.0475884441180071
1,19,-0.09054963887868772,0.09944301628106256,0.0475884441180071
1,20,-0.09064757008201738,0.09957767168564083,0.0472701677071857
1,21,-0.09047006977598238,0.09973068919084344,0.04801077243236626
1,22,-0.09047006977598238,0.09973068919084344,0.04801077243236626
1,23,-0.09048231117639857,0.09964499938792998,0.04744154731301261
1,24,-0.09043946627494184,0.09996327579875137,0.046951891296364304
1,25,-0.09043946627494184,0.09996327579875137,0.046951891296364304
1,26,-0.09080670828742808,0.09963275798751378,0.048414738646101116
1,27,-0.09060472518056065,0.09976129269188395,0.04730077120822622
1,28,-0.09060472518056065,0.09976129269188395,0.04730077120822622
1,29,-0.0906781735830579,0.09955318888480842,0.0472640470069776
1,30,-0.0906659321826417,0.09979189619292447,0.04731913330885053
1,31,-0.09062308728118497,0.09921655037336272,0.04782715142612315
1,32,-0.09062308728118497,0.09921655037336272,0.04782715142612315
1,33,-0.09040886277390134,0.09947974048231117,0.048304566042355244
1,34,-0.09058636307993635,0.0999938792997919,0.04763740971967193
1,35,-0.09058636307993635,0.0999938792997919,0.04763740971967193
1,36,-0.09056188027910393,0.099528706083976,0.047674133920920556
1,37,-0.09037213857265272,0.09963887868772188,0.047747582323417796
1,38,-0.09037213857265272,0.09963887868772188,0.047747582323417796
1,39,-0.09056800097931203,0.09996939649895949,0.04763740971967193
1,40,-0.0905190353776472,0.09968172358917861,0.047821030725915044
1,41,-0.0905190353776472,0.09968172358917861,0.047821030725915044
1,42,-0.09062308728118497,0.09970620639001102,0.0477414616232097
1,43,-0.09062308728118497,0.09982249969396499,0.04799241033174195
1,44,-0.09048231117639857,0.0995164646835598,0.04762516831925572
1,45,-0.09048231117639857,0.0995164646835598,0.04762516831925572
1,46,-0.09062308728118497,0.09956543028522463,0.04757008201738279
1,47,-0.09073938058513895,0.09947361978210308,0.04801077243236626
1,48,-0.09073938058513895,0.09947361978210308,0.04801077243236626
1,49,-0.09037825927286082,0.09963887868772188,0.0477537030236259
1,50,-0.09074550128534704,0.09995715509854328,0.04755784061696658
1,51,-0.09074550128534704,0.09995715509854328,0.04755784061696658
1,52,-0.0906598114824336,0.09954094748439221,0.04753947851634227
1,53,-0.09060472518056065,0.09981637899375688,0.047759823723834006
1,54,-0.09060472518056065,0.09981637899375688,0.047759823723834006
1,55,-0.0903537764720284,0.09982249969396499,0.04751499571550986
1,56,-0.09056800097931203,0.09947361978210308,0.04785775492716367
1,57,-0.09056800097931203,0.09988370669604603,0.04798016893132574
1,58,-0.09053739747827153,0.09988370669604603,0.04798016893132574
1,59,-0.09047006977598238,0.10020198310686743,0.0477537030236259
1,60,-0.0906720528828498,0.09963887868772188,0.04755784061696658
1,61,-0.0906720528828498,0.09963887868772188,0.04755784061696658
1,62,-0.09055575957889582,0.09971844779042723,0.04808422083486351
1,63,-0.0903537764720284,0.09964499938792998,0.048016893132574366
1,64,-0.0903537764720284,0.09964499938792998,0.048016893132574366
1,65,-0.09059248378014445,0.09962663728730567,0.046792753090953605
1,66,-0.09048843187660668,0.10003060350104051,0.047943444730077125
1,67,-0.09048843187660668,0.10003060350104051,0.047943444730077125
1,68,-0.09064144938180928,0.09959603378626515,0.04768637532133676
1,69,-0.09076386338597135,0.09979801689313259,0.04751499571550986
1,70,-0.09076386338597135,0.09981637899375688,0.04834129024360387
1,71,-0.09047006977598238,0.09981637899375688,0.04834129024360387
1,72,-0.09070877708409843,0.09963275798751378,0.04813930713673644
1,73,-0.09056800097931203,0.0996939649895948,0.04718447790427225
1,74,-0.09056800097931203,0.0996939649895948,0.04718447790427225
1,75,-0.09056800097931203,0.0998653445954217,0.04772922022279349
1,76,-0.09053739747827153,0.0997000856898029,0.04785163422695556
1,77,-0.09053739747827153,0.0997000856898029,0.04785163422695556
1,78,-0.09076998408617945,0.09984698249479741,0.04798016893132574
1,79,-0.09062308728118497,0.09979189619292447,0.047747582323417796
1,80,-0.09062308728118497,0.09979189619292447,0.047747582323417796
1,81,-0.09081282898763618,0.09996939649895949,0.0475884441180071
1,82,-0.09057412167952014,0.09976129269188395,0.04778430652466642
1,83,-0.09057412167952014,0.09976129269188395,0.0477537030236259
1,84,-0.090684294283266,0.10000612070020812,0.0477537030236259
1,85,-0.09055575957889582,0.0998408617945893,0.04812706573632024
1,86,-0.09070877708409843,0.09960215448647325,0.04765577182029625
1,87,-0.09070877708409843,0.09960215448647325,0.04765577182029625
1,88,-0.0906781735830579,0.09960215448647325,0.04750887501530175
1,89,-0.09047006977598238,0.09973068919084344,0.04810870363569593
1,90,-0.09047006977598238,0.09973068919084344,0.04810870363569593
1,91,-0.0905190353776472,0.09936956787856531,0.04761292691883952
1,92,-0.09062308728118497,0.09953482678418411,0.047692496021544864
1,93,-0.09062308728118497,0.09953482678418411,0.047692496021544864
1,94,-0.09039662137348513,0.09981637899375688,0.047429305912596406
1,95,-0.09039050067327702,0.09960215448647325,0.047747582323417796
1,96,-0.09054963887868772,0.0996756028889705,0.047821030725915044
1,97,-0.0903598971722365,0.09968172358917861,0.04721508140531277
1,98,-0.09031093157057167,0.09976741339209205,0.04779654792508263
1,99,-0.09045782837556617,0.099528706083976,0.04821275553923369
2,0,0.08184600318276411,-0.07252417676582201,0.021857020443138694
2,1,0.08184600318276411,-0.07252417676582201,0.021857020443138694
2,2,0.0819806585873424,-0.07302607418288652,0.022628228669359773
2,3,0.08179703758109927,-0.07276900477414616,0.023399436895580855
2,4,0.08179703758109927,-0.07276900477414616,0.023399436895580855
2,5,0.08198677928755049,-0.07267107357081651,0.02324641939037826
2,6,0.08222548659566654,-0.07294038437997306,0.022628228669359773
2,7,0.08222548659566654,-0.07294038437997306,0.022628228669359773
2,8,0.081839882482556,-0.07275064267352185,0.02308728118496756
2,9,0.08218264169420982,-0.07294650508018116,0.022028400048965602
2,10,0.08218264169420982,-0.07294650508018116,0.022028400048965602
2,11,0.08178479618068307,-0.0729771085812217,0.02344228179703758
2,12,0.08190721018484515,-0.07280572897539479,0.02329538499204309
2,13,0.08190721018484515,-0.07280572897539479,0.022720039172481332
2,14,0.08204798628963153,-0.07273840127310564,0.022720039172481332
2,15,0.08185824458318032,-0.07256702166727874,0.02263434936956788
2,16,0.08191333088505325,-0.07272615987268943,0.023301505692251194
2,17,0.08191333088505325,-0.07272615987268943,0.023301505692251194
2,18,0.0819806585873424,-0.0725119353654058,0.023160729587464807
2,19,0.08205410698983964,-0.07229159015791406,0.023081160484759455
2,20,0.08205410698983964,-0.07229159015791406,0.023081160484759455
2,21,0.08191945158526134,-0.07284245317664341,0.023430040396621374
2,22,0.08172358917860204,-0.07281797037581099,0.023283143591626882
2,23,0.08210307259150447,-0.07282409107601909,0.023350471293916025
2,24,0.08210307259150447,-0.07282409107601909,0.023350471293916025
2,25,0.0823050556983719,-0.07248745256457338,0.02310564328559187
2,26,0.08204798628963153,-0.07293426367976497,0.023154608887256702
2,27,0.08204798628963153,-0.07293426367976497,0.023154608887256702
2,28,0.08229893499816379,-0.07288529807810014,0.023381074794956543
2,29,0.08202962418900722,-0.07272003917248133,0.022254865956665443
2,30,0.08202962418900722,-0.07272003917248133,0.022254865956665443
2,31,0.08180315828130738,-0.07277512547435426,0.023228057289753946
2,32,0.08176643408005876,-0.07300771208226221,0.022224262455624925
2,33,0.08176643408005876,-0.07300771208226221,0.022224262455624925
2,34,0.08208471049088015,-0.07281184967560289,0.022003917248133185
2,35,0.08192557228546946,-0.07287305667768393,0.0233137470926674
2,36,0.08192557228546946,-0.07287305667768393,0.023203574488921533
2,37,0.08206022769004774,-0.07252417676582201,0.023203574488921533
2,38,0.08187048598359652,-0.07276900477414616,0.02308728118496756
2,39,0.08190721018484515,-0.07271391847227324,0.02361978210307259
2,40,0.08190721018484515,-0.07271391847227324,0.02361978210307259
2,41,0.08207246909046395,-0.07270167707185701,0.023448402497245686
2,42,0.08171746847839392,-0.07260986656873546,0.023430040396621374
2,43,0.08171746847839392,-0.07260986656873546,0.023430040396621374
2,44,0.08171746847839392,-0.0728302117762272,0.023411678295997062
2,45,0.08187660668380463,-0.07296486718080548,0.023319867792875502
2,46,0.08187660668380463,-0.07296486718080548,0.023319867792875502
2,47,0.08217652099400172,-0.07256090096707063,0.022897539478516343
2,48,0.0819745378871343,-0.07292814297955687,0.023124005386216184
2,49,0.0819745378871343,-0.07292814297955687,0.023124005386216184
2,50,0.08177867548047497,-0.07258538376790305,0.022970987881013587
2,51,0.08194393438609376,-0.07282409107601909,0.022713918472273227
2,52,0.08192557228546946,-0.07257314236748684,0.023197453788713428
2,53,0.08192557228546946,-0.07257314236748684,0.023197453788713428
2,54,0.0821397967927531,-0.07258538376790305,0.023325988493083608
2,55,0.08194393438609376,-0.07287917737789204,0.023228057289753946
2,56,0.08194393438609376,-0.07287917737789204,0.023228057289753946
2,57,0.08211531399192068,-0.0726649528706084,0.022205900355000613
2,58,0.08212755539233688,-0.07292814297955687,0.02318521238829722
2,59,0.08212755539233688,-0.07292814297955687,0.02318521238829722
2,60,0.08185212388297222,-0.07278736687477047,0.023381074794956543
2,61,0.08182152038193169,-0.07253029746603011,0.02236503856041131
2,62,0.08182152038193169,-0.07253029746603011,0.02236503856041131
2,63,0.08174807197943444,-0.07253029746603011,0.02321581588933774
2,64,0.08185824458318032,-0.07245684906353286,0.022260986656873545
2,65,0.08185824458318032,-0.07245684906353286,0.022260986656873545
2,66,0.08174807197943444,-0.07253029746603011,0.023454523197453787
2,67,0.08152160607173461,-0.07256702166727874,0.022720039172481332
2,68,0.08192557228546946,-0.07285469457705962,0.02340555759578896
2,69,0.08192557228546946,-0.07285469457705962,0.02340555759578896
2,70,0.0819806585873424,-0.07263434936956788,0.023601420002448283
2,71,0.0818337617823479,-0.07272003917248133,0.02260986656873546
2,72,0.0818337617823479,-0.07272003917248133,0.02260986656873546
2,73,0.08176031337985065,-0.07264047006977599,0.023258660790794465
2,74,0.08222548659566654,-0.07261598726894357,0.023117884686008082
2,75,0.08222548659566654,-0.07261598726894357,0.023117884686008082
2,76,0.08207246909046395,-0.07279960827518668,0.023191333088505326
2,77,0.08192557228546946,-0.07261598726894357,0.023197453788713428
2,78,0.08192557228546946,-0.07261598726894357,0.023197453788713428
2,79,0.08164402007589669,-0.07271391847227324,0.02329538499204309
2,80,0.0819990206879667,-0.07295874648059739,0.02317909168808912
2,81,0.0819990206879667,-0.07281797037581099,0.02326478149100257
2,82,0.0818337617823479,-0.07281797037581099,0.02326478149100257
2,83,0.08187660668380463,-0.07262822866935978,0.023417798996205167
2,84,0.08211531399192068,-0.07262822866935978,0.022707797772065125
2,85,0.08211531399192068,-0.07262822866935978,0.022707797772065125
2,86,0.0821704002937936,-0.07291590157914066,0.0233137470926674
2,87,0.08202962418900722,-0.07281797037581099,0.023228057289753946
2,88,0.08202962418900722,-0.07281797037581099,0.023228057289753946
2,89,0.08191333088505325,-0.07268943567144082,0.023644264903905008
2,90,0.08191945158526134,-0.07279348757497858,0.023344350593707923
2,91,0.08191945158526134,-0.07279348757497858,0.023344350593707923
2,92,0.08191333088505325,-0.07253641816623821,0.023307626392459296
2,93,0.08218876239441793,-0.07249969396498959,0.022163055453543887
2,94,0.08218876239441793,-0.07249969396498959,0.022163055453543887
2,95,0.08193781368588567,-0.07265883217040028,0.023381074794956543
2,96,0.0819928999877586,-0.07273840127310564,0.02342391969641327
2,97,0.08209695189129637,-0.07289753947851633,0.023203574488921533
2,98,0.0819806585873424,-0.07275064267352185,0.023350471293916025
2,99,0.08209695189129637,-0.07257926306769494,0.022591504468111152
3,0,-0.08008936222303832,-0.06973925817113477,0.025633492471538743
3,1,-0.08026686252907332,-0.06969029256946994,0.02546823356591994
3,2,-0.08046272493573264,-0.06974537887134288,0.02564573387195495
3,3,-0.08046272493573264,-0.06974537887134288,0.02564573387195495
3,4,-0.08046272493573264,-0.06953115436405924,0.025388664463214593
3,5,-0.08036479373240299,-0.06962296486718081,0.02541314726404701
3,6,-0.08036479373240299,-0.06962296486718081,0.02541314726404701
3,7,-0.08033419023136247,-0.069457705961562,0.025578406169665807
3,8,-0.0803892765332354,-0.06989839637654548,0.025198922756763376
3,9,-0.0803892765332354,-0.06989839637654548,0.025198922756763376
3,10,-0.08026074182886522,-0.06941486106010528,0.025455992165503732
3,11,-0.0802301383278247,-0.06966580976863754,0.025309095360509244
3,12,-0.0802301383278247,-0.06966580976863754,0.025309095360509244
3,13,-0.08039539723344351,-0.06972701677071858,0.025407026563838902
3,14,-0.08030970743053005,-0.06981270657363202,0.0254009058636308
3,15,-0.08026686252907332,-0.06953727506426735,0.025254009058636305
3,16,-0.08026686252907332,-0.06953727506426735,0.025254009058636305
3,17,-0.08010772432366263,-0.0696107234667646,0.025376423062798387
3,18,-0.08030358673032195,-0.06968417186926185,0.025492716366752356
3,19,-0.08030358673032195,-0.06968417186926185,0.025492716366752356
3,20,-0.08040763863385972,-0.0697576202717591,0.02538254376300649
3,21,-0.08031582813073815,-0.06986167217529685,0.025394785163422695
3,22,-0.08032194883094626,-0.06971477537030236,0.02546823356591994
3,23,-0.08032194883094626,-0.06971477537030236,0.02546823356591994
3,24,-0.0802301383278247,-0.06953727506426735,0.025260129758844414
3,25,-0.08024237972824091,-0.06985555147508875,0.025327457461133553
3,26,-0.08024237972824091,-0.06985555147508875,0.025327457461133553
3,27,-0.08019341412657607,-0.0699473619782103,0.025443750765087526
3,28,-0.08050556983718937,-0.06989227567633736,0.025774268576325133
3,29,-0.08050556983718937,-0.06989227567633736,0.025774268576325133
3,30,-0.0805484147386461,-0.06987391357571307,0.025266250459052515
3,31,-0.08030970743053005,-0.06970253396988615,0.02522340555759579
3,32,-0.08030970743053005,-0.06970253396988615,0.02522340555759579
3,33,-0.08030358673032195,-0.06956787856530787,0.02541926796425511
3,34,-0.0804015179336516,-0.06965968906842943,0.025376423062798387
3,35,-0.08018117272615988,-0.06981270657363202,0.025676337372995472
3,36,-0.08018117272615988,-0.06981270657363202,0.025676337372995472
3,37,-0.08024237972824091,-0.0696107234667646,0.02522340555759579
3,38,-0.08028522462969764,-0.06967193046884564,0.02549883706696046
3,39,-0.08028522462969764,-0.06967193046884564,0.02549883706696046
3,40,-0.08029746603011384,-0.06974537887134288,0.025254009058636305
3,41,-0.08032194883094626,-0.06969641326967804,0.025296853960093034
3,42,-0.08032194883094626,-0.06969641326967804,0.025296853960093034
3,43,-0.08036479373240299,-0.069751499571551,0.025351940261965966
3,44,-0.0803709144326111,-0.0694393438609377,0.02568857877341168
3,45,-0.0803709144326111,-0.0694393438609377,0.02568857877341168
3,46,-0.08010772432366263,-0.06965356836822131,0.0254009058636308
3,47,-0.08028522462969764,-0.06972089607051046,0.0255661647692496
3,48,-0.08026686252907332,-0.06969641326967804,0.025480474966336146
3,49,-0.08026686252907332,-0.06969641326967804,0.025480474966336146
3,50,-0.08042600073448403,-0.06979434447300771,0.025407026563838902
3,51,-0.08027298322928142,-0.06972089607051046,0.02541314726404701
3,52,-0.08027298322928142,-0.06972089607051046,0.02541314726404701
3,53,-0.08035255233198678,-0.0697576202717591,0.02527237115926062
3,54,-0.08025462112865712,-0.06940874035989716,0.02565797527237116
3,55,-0.08025462112865712,-0.06940874035989716,0.02565797527237116
3,56,-0.08041988003427593,-0.06951891296364304,0.025455992165503732
3,57,-0.0803831558330273,-0.06959848206634839,0.025535561268209085
3,58,-0.0803831558330273,-0.06959848206634839,0.025535561268209085
3,59,-0.08018729342636798,-0.06987391357571307,0.025462112865711838
3,60,-0.08002815522095727,-0.06986167217529685,0.025315216060717342
3,61,-0.08002815522095727,-0.06973925817113477,0.025235646958011997
3,62,-0.08016281062553557,-0.06973925817113477,0.025235646958011997
3,63,-0.08041375933406782,-0.0694515852613539,0.0254009058636308
3,64,-0.08026074182886522,-0.07002081038070755,0.02532133676092545
3,65,-0.08026074182886522,-0.07002081038070755,0.02532133676092545
3,66,-0.08026074182886522,-0.0697576202717591,0.025486595666544255
3,67,-0.08030358673032195,-0.06962908556738891,0.02551719916758477
3,68,-0.08030358673032195,-0.06962908556738891,0.02551719916758477
3,69,-0.08028522462969764,-0.06938425755906476,0.025480474966336146
3,70,-0.08017505202595177,-0.06986167217529685,0.02543150936467132
3,71,-0.08017505202595177,-0.06986167217529685,0.02543150936467132
3,72,-0.08011384502387073,-0.06971477537030236,0.025480474966336146
3,73,-0.08048108703635695,-0.06967193046884564,0.025480474966336146
3,74,-0.08048108703635695,-0.06967193046884564,0.025480474966336146
3,75,-0.08032806953115437,-0.0697821030725915,0.025486595666544255
3,76,-0.08048108703635695,-0.06958624066593219,0.025504957767168563
3,77,-0.08008936222303832,-0.06976374097196719,0.025315216060717342
3,78,-0.08008936222303832,-0.06976374097196719,0.025315216060717342
3,79,-0.08018729342636798,-0.0694515852613539,0.025651854572163058
3,80,-0.08030358673032195,-0.06988003427592117,0.025211164157179583
3,81,-0.08030358673032195,-0.06988003427592117,0.025211164157179583
3,82,-0.08019953482678419,-0.06964132696780512,0.0255661647692496
3,83,-0.08035255233198678,-0.06983106867425634,0.025394785163422695
3,84,-0.08035255233198678,-0.06983106867425634,0.025394785163422695
3,85,-0.08027910392948953,-0.06996572407883463,0.025572285469457706
3,86,-0.08035255233198678,-0.06950055086301873,0.02532133676092545
3,87,-0.08035255233198678,-0.06950055086301873,0.02532133676092545
3,88,-0.08032194883094626,-0.06996572407883463,0.025425388664463217
3,89,-0.08015056922511934,-0.06957399926551597,0.025315216060717342
3,90,-0.08028522462969764,-0.06939649895948097,0.025309095360509244
3,91,-0.08028522462969764,-0.06939649895948097,0.025309095360509244
3,92,-0.08028522462969764,-0.06990451707675358,0.02537030236259028
3,93,-0.0803770351328192,-0.06978822377279961,0.02565797527237116
3,94,-0.0803770351328192,-0.06978822377279961,0.02565797527237116
3,95,-0.0803709144326111,-0.06963520626759702,0.025260129758844414
3,96,-0.08022401762761659,-0.06995348267841842,0.02564573387195495
3,97,-0.0804015179336516,-0.06965968906842943,0.025327457461133553
3,98,-0.08053005263802179,-0.06937813685885666,0.02535806096217407
3,99,-0.08025462112865712,-0.0697759823723834,0.025480474966336146
