values,,Magnetometer,Magnetometer,Magnetometer
axis,,x,y,z
Sensor,Sample,,,
0,0,0.03813808299669482,0.053329660913208475,0.005845268698739136
0,1,0.03813808299669482,0.053329660913208475,0.005845268698739136
0,2,0.03827885910148121,0.053501040519035384,0.005551475088750153
0,3,0.038089117395029994,0.05339698861549761,0.005355612682090831
0,4,0.03829110050189742,0.05348879911861917,0.005716733994368955
0,5,0.03829110050189742,0.05348879911861917,0.005716733994368955
0,6,0.037942220590035505,0.05358060962174073,0.005863630799363447
0,7,0.03818092789815155,0.053421471416330024,0.005833027298322928
0,8,0.03818092789815155,0.053421471416330024,0.005833027298322928
0,9,0.03805851389398947,0.05336638511445709,0.005600440690414984
0,10,0.038174807197943444,0.05339698861549761,0.0053862161831313505
0,11,0.038174807197943444,0.05339698861549761,0.0053862161831313505
0,12,0.038034031093157054,0.05326845391112743,0.005416819684171869
0,13,0.03821765209940017,0.05339698861549761,0.0056861304933284364
0,14,0.03821765209940017,0.05339698861549761,0.0056861304933284364
0,15,0.03804015179336516,0.05340923001591382,0.005900355000612071
0,16,0.03829110050189742,0.05364793732402987,0.005520871587709634
0,17,0.03829110050189742,0.05364793732402987,0.005520871587709634
0,18,0.038162565797527234,0.05348267841841107,0.005692251193536541
0,19,0.038229893499816384,0.05338474721508141,0.005147508875015302
0,20,0.038229893499816384,0.05338474721508141,0.005147508875015302
0,21,0.038389031705227075,0.05347043701799485,0.005563716489166361
0,22,0.038229893499816384,0.0533725058146652,0.0059493206022769
0,23,0.038229893499816384,0.0533725058146652,0.0059493206022769
0,24,0.03795446199045171,0.05339698861549761,0.0058024237972824095
0,25,0.038168686497735346,0.053501040519035384,0.005747337495409475
0,26,0.038027910392948956,0.0535255233198678,0.005710613294160852
0,27,0.038027910392948956,0.0535255233198678,0.005710613294160852
0,28,0.03822377279960827,0.05359285102215694,0.005869751499571551
0,29,0.038119720896070505,0.05375810992777573,0.005986044803525523
0,30,0.038119720896070505,0.05375810992777573,0.005986044803525523
0,31,0.03834006610356225,0.05347043701799485,0.005924837801444485
0,32,0.03813808299669482,0.05355000612070021,0.005808544497490513
0,33,0.03813808299669482,0.05355000612070021,0.005808544497490513
0,34,0.038144203696902926,0.053660178724446075,0.00564328559187171
0,35,0.03797282409107602,0.05350716121924348,0.005165870975639613
0,36,0.03797282409107602,0.05350716121924348,0.005165870975639613
0,37,0.0381013587954462,0.053415350716121926,0.006096217407271392
0,38,0.03838291100501897,0.05323172970987881,0.005796303097074305
0,39,0.03838291100501897,0.05323172970987881,0.005796303097074305
0,40,0.03827885910148121,0.05340310931570572,0.005833027298322928
0,41,0.03813808299669482,0.05358060962174073,0.005294405680009793
0,42,0.03813808299669482,0.05358060962174073,0.005294405680009793
0,43,0.038131962296486716,0.0533725058146652,0.005888113600195862
0,44,0.038144203696902926,0.0535255233198678,0.005435181784796181
0,45,0.038144203696902926,0.0535255233198678,0.005435181784796181
0,46,0.037899375688578776,0.05365405802423797,0.005924837801444485
0,47,0.038015668992532746,0.053733627126943316,0.00572285469457706
0,48,0.03829110050189742,0.0536969029256947,0.005582078589790672
0,49,0.03829110050189742,0.0536969029256947,0.005582078589790672
0,50,0.03835230750397846,0.05350716121924348,0.006016648304566043
0,51,0.03804015179336516,0.05355000612070021,0.005429061084588077
0,52,0.03804015179336516,0.05355000612070021,0.005429061084588077
0,53,0.03800342759211654,0.05360509242257314,0.005692251193536541
0,54,0.03822377279960827,0.053501040519035384,0.005765699596033786
0,55,0.03822377279960827,0.053501040519035384,0.005765699596033786
0,56,0.03832782470314604,0.053519402619659685,0.005471905986044803
0,57,0.03793609988982739,0.053574488921532624,0.00585138939894724
0,58,0.03793609988982739,0.053574488921532624,0.00585138939894724
0,59,0.038431876606683804,0.05340923001591382,0.0058758721997796545
0,60,0.03824213490023259,0.053501040519035384,0.005588199289998775
0,61,0.03824213490023259,0.053501040519035384,0.005588199289998775
0,62,0.038303341902313624,0.053813196229648676,0.005588199289998775
0,63,0.03819928999877586,0.053537764720284,0.005741216795201371
0,64,0.03819928999877586,0.053537764720284,0.005741216795201371
0,65,0.03822377279960827,0.05365405802423797,0.005398457583547558
0,66,0.03796670339086792,0.05349491981882727,0.005563716489166361
0,67,0.03796670339086792,0.05349491981882727,0.005563716489166361
0,68,0.03804015179336516,0.05376423062798384,0.005716733994368955
0,69,0.03832782470314604,0.05346431631778675,0.005826906598114824
0,70,0.03834006610356225,0.05358673032194883,0.00567388909291223
0,71,0.03834006610356225,0.05358673032194883,0.00567388909291223
0,72,0.03835230750397846,0.053519402619659685,0.005484147386461012
0,73,0.03830946260252173,0.05373974782715143,0.006016648304566043
0,74,0.03830946260252173,0.05373974782715143,0.006016648304566043
0,75,0.038174807197943444,0.05359285102215694,0.0055943199902068795
0,76,0.03830946260252173,0.053531644020075896,0.005747337495409475
0,77,0.03830946260252173,0.053531644020075896,0.005747337495409475
0,78,0.03833394540335414,0.053458195617578655,0.005698371893744644
0,79,0.03818092789815155,0.053415350716121926,0.005833027298322928
0,80,0.03818092789815155,0.053415350716121926,0.005833027298322928
0,81,0.0384196352062676,0.053537764720284,0.0058758721997796545
0,82,0.038131962296486716,0.05349491981882727,0.00577182029624189
0,83,0.038131962296486716,0.05349491981882727,0.00577182029624189
0,84,0.038174807197943444,0.053501040519035384,0.005784061696658098
0,85,0.03800342759211654,0.053672420124862286,0.005784061696658098
0,86,0.03800342759211654,0.053672420124862286,0.005784061696658098
0,87,0.038272738401273106,0.0535255233198678,0.005924837801444485
0,88,0.038089117395029994,0.0535255233198678,0.0056310441914555025
0,89,0.038089117395029994,0.0535255233198678,0.0056310441914555025
0,90,0.03807687599461378,0.05331129881258416,0.0061207002081038065
0,91,0.038131962296486716,0.05362345452319746,0.005220957277512548
0,92,0.038131962296486716,0.05355612682090831,0.006010527604357939
0,93,0.038260497000856895,0.05355612682090831,0.006010527604357939
0,94,0.03832170400293793,0.05372138572652711,0.005478026686252907
0,95,0.03813808299669482,0.053531644020075896,0.005484147386461012
0,96,0.03813808299669482,0.053531644020075896,0.005484147386461012
0,97,0.03819316929856776,0.05347655771820296,0.005453543885420492
0,98,0.03812584159627862,0.05336638511445709,0.005814665197698616
0,99,0.03812584159627862,0.05336638511445709,0.005814665197698616
1,0,-0.052252417676582195,0.07713306402252418,0.03236626270045293
1,1,-0.052252417676582195,0.07693720161586486,0.032715142612314854
1,2,-0.052252417676582195,0.07693720161586486,0.032433590402742074
1,3,-0.05232586607907944,0.07687599461378382,0.032433590402742074
1,4,-0.0524115558819929,0.07720039172481333,0.032715142612314854
1,5,-0.05238095238095238,0.0770106500183621,0.03258048720773656
1,6,-0.05238095238095238,0.0770106500183621,0.03258048720773656
1,7,-0.05238707308116049,0.07721263312522952,0.03219488309462602
1,8,-0.05206879667033909,0.07735952993022402,0.032574366507528464
1,9,-0.05206879667033909,0.07735952993022402,0.032574366507528464
1,10,-0.052160607173460646,0.07709021912106745,0.03256824580732036
1,11,-0.05205655526992288,0.07708409842085935,0.03205410698983964
1,12,-0.05205655526992288,0.07708409842085935,0.03205410698983964
1,13,-0.05209940017137961,0.07695556371648916,0.03228057289753948
1,14,-0.052289141877830826,0.07707797772065125,0.03207858979067205
1,15,-0.052289141877830826,0.07707797772065125,0.0315032439711103
1,16,-0.05227690047741461,0.07721263312522952,0.0315032439711103
1,17,-0.0523993144815767,0.07693108091565674,0.031662382176520995
1,18,-0.05244215938303341,0.07709633982127555,0.031876606683804626
1,19,-0.05244215938303341,0.07709633982127555,0.031876606683804626
1,20,-0.0525706940874036,0.07696168441669728,0.03146039906965357
1,21,-0.052448280083241525,0.07731668502876729,0.03157057167339944
1,22,-0.052448280083241525,0.07731668502876729,0.03157057167339944
1,23,-0.05218508997429307,0.0768392704125352,0.03185212388297221
1,24,-0.05248500428449014,0.07710246052148366,0.03220712449504223
1,25,-0.05248500428449014,0.07710246052148366,0.03220712449504223
1,26,-0.052417676582201,0.0770228914187783,0.031650140776104785
1,27,-0.05216672787366875,0.07698616721752968,0.03147876117027788
1,28,-0.05216672787366875,0.07698616721752968,0.03161341657485616
1,29,-0.05217284857387685,0.07682090831191088,0.03161341657485616
1,30,-0.052436038682825314,0.07737789203084833,0.03164402007589669
1,31,-0.052050434569714775,0.07715142612314849,0.03144815766923736
1,32,-0.052050434569714775,0.07715142612314849,0.03144815766923736
1,33,-0.052546211286571186,0.07715142612314849,0.031748071979434446
1,34,-0.05227077977720651,0.0768453911127433,0.031821520381931694
1,35,-0.05227077977720651,0.0768453911127433,0.031821520381931694
1,36,-0.052093279471171504,0.07721263312522952,0.03161341657485616
1,37,-0.052289141877830826,0.0771697882237728,0.03171134777818582
1,38,-0.052289141877830826,0.0771697882237728,0.03171134777818582
1,39,-0.05213000367242012,0.07737177133064023,0.03168686497735341
1,40,-0.05221569347533358,0.07719427102460522,0.03165626147631289
1,41,-0.05221569347533358,0.07679030481087037,0.03185824458318032
1,42,-0.05228302117762272,0.07679030481087037,0.03185824458318032
1,43,-0.052038193169298565,0.07706573632023503,0.031546088872567025
1,44,-0.05244215938303341,0.0771881503243971,0.0316685028767291
1,45,-0.05244215938303341,0.0771881503243971,0.0316685028767291
1,46,-0.05206267597013098,0.07691883951524055,0.03210307259150447
1,47,-0.05221569347533358,0.0771881503243971,0.031692985677561514
1,48,-0.05221569347533358,0.0771881503243971,0.031692985677561514
1,49,-0.052154486473252534,0.0770167707185702,0.031552209572775124
1,50,-0.052472762884073945,0.0768515118129514,0.03172358917860203
1,51,-0.052472762884073945,0.0768515118129514,0.03172358917860203
1,52,-0.05227077977720651,0.07698004651732157,0.03202350348879912
1,53,-0.051976986167217534,0.07707797772065125,0.031907210184845144
1,54,-0.05207491737054719,0.07713306402252418,0.031772554780266866
1,55,-0.05207491737054719,0.07713306402252418,0.031772554780266866
1,56,-0.05224017627616599,0.07702901211898641,0.032005141388174806
1,57,-0.052221814175541684,0.07727384012731056,0.0326416942098176
1,58,-0.052221814175541684,0.07727384012731056,0.0326416942098176
1,59,-0.05208715877096339,0.07688823601420003,0.03235402130003672
1,60,-0.0522462969763741,0.07709021912106745,0.03255600440690415
1,61,-0.0522462969763741,0.07709021912106745,0.03255600440690415
1,62,-0.05227077977720651,0.07696780511690537,0.03219488309462602
1,63,-0.052417676582201,0.07671685640837311,0.03226221079691517
1,64,-0.052417676582201,0.07671685640837311,0.03226221079691517
1,65,-0.051976986167217534,0.07693108091565674,0.032292814297955684
1,66,-0.05221569347533358,0.07679030481087037,0.0326416942098176
1,67,-0.05221569347533358,0.07689435671440813,0.032390745501285345
1,68,-0.05221569347533358,0.07689435671440813,0.032390745501285345
1,69,-0.052436038682825314,0.07745134043334558,0.032531521606071735
1,70,-0.05213000367242012,0.0771575468233566,0.03211531399192068
1,71,-0.05213000367242012,0.0771575468233566,0.03211531399192068
1,72,-0.05210552087158771,0.07707185702044314,0.03188272738401273
1,73,-0.052417676582201,0.07670461500795692,0.032378504100869135
1,74,-0.052417676582201,0.07670461500795692,0.032378504100869135
1,75,-0.05236871098053617,0.07740849553188885,0.032292814297955684
1,76,-0.05250336638511446,0.07707797772065125,0.032145917492961196
1,77,-0.05250336638511446,0.07707797772065125,0.032145917492961196
1,78,-0.05234422817970376,0.07715142612314849,0.03202962418900722
1,79,-0.05230138327824703,0.07738401273105643,0.03213979679275309
1,80,-0.05230138327824703,0.07693720161586486,0.03243971110295017
1,81,-0.052331986779287555,0.07693720161586486,0.03243971110295017
1,82,-0.052289141877830826,0.07713306402252418,0.03224384869629086
1,83,-0.0523993144815767,0.07745134043334558,0.03236626270045293
1,84,-0.0523993144815767,0.07745134043334558,0.03236626270045293
1,85,-0.05225853837679031,0.07692496021544865,0.03226833149712327
1,86,-0.052234055575957894,0.07704125351940262,0.032702901211898644
1,87,-0.052234055575957894,0.07704125351940262,0.032702901211898644
1,88,-0.05227077977720651,0.07704125351940262,0.03174195127922634
1,89,-0.05230750397845514,0.0769984086179459,0.03198065858734239
1,90,-0.05230750397845514,0.0769984086179459,0.03198065858734239
1,91,-0.05249724568490636,0.07720039172481333,0.03239686620149345
1,92,-0.05224017627616599,0.07720651242502143,0.03241522830211776
1,93,-0.05224017627616599,0.0769922879177378,0.03223772799608275
1,94,-0.05227690047741461,0.0769922879177378,0.03223772799608275
1,95,-0.05213612437262823,0.07698004651732157,0.0316685028767291
1,96,-0.05234422817970376,0.07705349491981883,0.03164402007589669
1,97,-0.05234422817970376,0.07705349491981883,0.03164402007589669
1,98,-0.05245440078344963,0.07690659811482434,0.03205410698983964
1,99,-0.05227077977720651,0.07696168441669728,0.03190108948463704
2,0,0.07966703390867916,-0.05338474721508141,0.04393438609376913
2,1,0.07954461990451708,-0.05326233321091933,0.04408128289876362
2,2,0.07984453421471416,-0.053280695311543634,0.04412412780022035
2,3,0.07984453421471416,-0.053280695311543634,0.04412412780022035
2,4,0.0797282409107602,-0.05361121312278124,0.04380585138939895
2,5,0.07994246541804383,-0.05361121312278124,0.045066715632268335
2,6,0.07994246541804383,-0.05361121312278124,0.045066715632268335
2,7,0.07985677561513037,-0.053427592116538136,0.043928265393561025
2,8,0.07974048231117639,-0.053537764720284,0.045152405435181786
2,9,0.07974048231117639,-0.053537764720284,0.045152405435181786
2,10,0.07991798261721142,-0.05359285102215694,0.04414861060105276
2,11,0.07955686130493328,-0.053427592116538136,0.04488921532623332
2,12,0.07955686130493328,-0.053427592116538136,0.04488921532623332
2,13,0.07981393071367364,-0.05349491981882727,0.04425878320479863
2,14,0.07994858611825192,-0.05349491981882727,0.04512792263434937
2,15,0.07994858611825192,-0.0533725058146652,0.04537887134288163
2,16,0.07988125841596279,-0.0533725058146652,0.04537887134288163
2,17,0.07967315460888726,-0.053733627126943316,0.04498102582935488
2,18,0.07952013710368466,-0.05362345452319746,0.044913698127065735
2,19,0.07952013710368466,-0.05362345452319746,0.044913698127065735
2,20,0.07962418900722243,-0.05349491981882727,0.04420369690292569
2,21,0.07965479250826295,-0.05329905741216795,0.04402007589668258
2,22,0.07965479250826295,-0.05329905741216795,0.04402007589668258
2,23,0.07957522340555759,-0.053317419512792265,0.04384257559064757
2,24,0.07982617211408985,-0.05337862651487331,0.04447300771208226
2,25,0.07982617211408985,-0.05337862651487331,0.04447300771208226
2,26,0.07950177500306035,-0.053329660913208475,0.04499938792997919
2,27,0.07994246541804383,-0.05361121312278124,0.04431999020687967
2,28,0.07994246541804383,-0.05361121312278124,0.04431999020687967
2,29,0.0800648794222059,-0.05350716121924348,0.04484637042477659
2,30,0.07963643040763864,-0.05379483412902436,0.04497490512914677
2,31,0.0797466030113845,-0.053188884808422085,0.04509731913330885
2,32,0.0797466030113845,-0.053188884808422085,0.04509731913330885
2,33,0.07968539600930347,-0.053635695923613655,0.04488921532623332
2,34,0.07944668870118742,-0.053458195617578655,0.045164646835597996
2,35,0.07944668870118742,-0.053458195617578655,0.045164646835597996
2,36,0.07948341290243603,-0.05319500550863019,0.04433223160729587
2,37,0.07967927530909537,-0.053317419512792265,0.04509119843310075
2,38,0.07967927530909537,-0.053317419512792265,0.04509119843310075
2,39,0.07975272371159262,-0.053501040519035384,0.04435671440812829
2,40,0.07950789570326845,-0.05347043701799485,0.044626025217284856
2,41,0.07950789570326845,-0.05347043701799485,0.044626025217284856
2,42,0.07964867180805484,-0.053280695311543634,0.04422817970375811
2,43,0.07961806830701432,-0.05344595421716244,0.0451768882360142
2,44,0.07961806830701432,-0.05344595421716244,0.0451768882360142
2,45,0.0798996205165871,-0.053501040519035384,0.04521973313747092
2,46,0.079893499816379,-0.053329660913208475,0.04400783449626637
2,47,0.07953849920430897,-0.053531644020075896,0.04448524911249847
2,48,0.07953849920430897,-0.053531644020075896,0.04448524911249847
2,49,0.07980781001346554,-0.05312155710613294,0.04520137103684661
2,50,0.07972212021055208,-0.05358060962174073,0.044154731301260866
2,51,0.07972212021055208,-0.05358060962174073,0.044154731301260866
2,52,0.07963030970743054,-0.05366629942465419,0.04521361243726282
2,53,0.07966703390867916,-0.05358060962174073,0.04456481821520382
2,54,0.07966703390867916,-0.05358060962174073,0.04456481821520382
2,55,0.07985065491492227,-0.05333578161341658,0.044313869506671565
2,56,0.07955686130493328,-0.05333578161341658,0.04514628473497368
2,57,0.07955686130493328,-0.05333578161341658,0.04514628473497368
2,58,0.07953849920430897,-0.053776472028400045,0.04416697270167707
2,59,0.07951401640347656,-0.053427592116538136,0.04511568123393316
2,60,0.07967315460888726,-0.053415350716121926,0.04519525033663851
2,61,0.07967315460888726,-0.053415350716121926,0.04519525033663851
2,62,0.07955074060472518,-0.053274574611335536,0.04444852491124985
2,63,0.07956910270534949,-0.05373974782715143,0.04491981882727384
2,64,0.07956910270534949,-0.05373974782715143,0.04491981882727384
2,65,0.07996694821887625,-0.053415350716121926,0.044870853225609006
2,66,0.079893499816379,-0.053360264414248994,0.044925939527481945
2,67,0.079893499816379,-0.053360264414248994,0.044925939527481945
2,68,0.07957522340555759,-0.0533725058146652,0.044087403598971724
2,69,0.07969151670951156,-0.05362345452319746,0.044883094626025216
2,70,0.07969151670951156,-0.05362345452319746,0.044883094626025216
2,71,0.0795813441057657,-0.053574488921532624,0.044289386705839144
2,72,0.07977108581221691,-0.053531644020075896,0.04513404333455747
2,73,0.07977108581221691,-0.053531644020075896,0.04513404333455747
2,74,0.07977720651242502,-0.053427592116538136,0.043787489288774635
2,75,0.07988125841596279,-0.05362345452319746,0.04499938792997919
2,76,0.07996694821887625,-0.05364181662382177,0.04435059370792019
2,77,0.07996694821887625,-0.05364181662382177,0.04435059370792019
2,78,0.07970375810992777,-0.05349491981882727,0.045085077732892644
2,79,0.07952625780389276,-0.05373974782715143,0.04506059493206023
2,80,0.07952625780389276,-0.05373974782715143,0.04506059493206023
2,81,0.07974048231117639,-0.05374586852735953,0.04376912718815033
2,82,0.0795813441057657,-0.05339698861549761,0.04397723099522585
2,83,0.0795813441057657,-0.05339698861549761,0.04397723099522585
2,84,0.07964867180805484,-0.05337862651487331,0.044913698127065735
2,85,0.07988125841596279,-0.053672420124862286,0.04416085200146897
2,86,0.07988125841596279,-0.053672420124862286,0.04416085200146897
2,87,0.07961194760680622,-0.0533725058146652,0.044711715020198314
2,88,0.07949565430285224,-0.05330517811237605,0.0450177500306035
2,89,0.08106255355612682,-0.053519402619659685,0.043658954584404455
2,90,0.07991798261721142,-0.053519402619659685,0.043658954584404455
2,91,0.07988737911617089,-0.053317419512792265,0.043928265393561025
2,92,0.07969151670951156,-0.053953972334435066,0.04509119843310075
2,93,0.07969151670951156,-0.053953972334435066,0.04509119843310075
2,94,0.07972212021055208,-0.053813196229648676,0.043885420492104296
2,95,0.07966703390867916,-0.05337862651487331,0.04362223038315584
2,96,0.07966703390867916,-0.05337862651487331,0.04362223038315584
2,97,0.07988125841596279,-0.05347655771820296,0.04409352429917983
2,98,0.07963030970743054,-0.05333578161341658,0.04495042232831436
2,99,0.07963030970743054,-0.05333578161341658,0.04495042232831436
3,0,-0.07735952993022402,-0.04936344717835721,0.04526257803892765
3,1,-0.07729832292814298,-0.04928999877585996,0.04537275064267352
3,2,-0.07729832292814298,-0.04928999877585996,0.04537275064267352
3,3,-0.07721263312522952,-0.04992043089729465,0.045525768147876115
3,4,-0.07729832292814298,-0.04960827518668136,0.04507895703268454
3,5,-0.07729832292814298,-0.04960827518668136,0.04507895703268454
3,6,-0.07724935732647815,-0.049700085689802914,0.04528706083976007
3,7,-0.07724935732647815,-0.04958379238584894,0.04521361243726282
3,8,-0.07724935732647815,-0.04958379238584894,0.04521361243726282
3,9,-0.07726771942710246,-0.049516464683559795,0.04498102582935488
3,10,-0.07726771942710246,-0.04963887868772188,0.045397233443505935
3,11,-0.077182029624189,-0.04948586118251928,0.04512180193414127
3,12,-0.077182029624189,-0.04948586118251928,0.04512180193414127
3,13,-0.07725547802668625,-0.04973068919084343,0.045299302240176274
3,14,-0.07723711592606194,-0.049742930591259636,0.045164646835597996
3,15,-0.07723711592606194,-0.049742930591259636,0.045164646835597996
3,16,-0.07726159872689435,-0.049644999387929975,0.04541559554413025
3,17,-0.07731056432855918,-0.049785775492716365,0.04540335414371404
3,18,-0.07731056432855918,-0.049785775492716365,0.04540335414371404
3,19,-0.07729220222793488,-0.04962051658709756,0.04513404333455747
3,20,-0.07704125351940262,-0.04950422328314359,0.04497490512914677
3,21,-0.07704125351940262,-0.04950422328314359,0.04497490512914677
3,22,-0.07745746113355367,-0.04945525768147876,0.045409474843922146
3,23,-0.07723099522585383,-0.04977965479250827,0.04527481943934386
3,24,-0.07731056432855918,-0.0496756028889705,0.04544619904517076
3,25,-0.07731056432855918,-0.0496756028889705,0.04544619904517076
3,26,-0.07736565063043213,-0.04960215448647325,0.04514628473497368
3,27,-0.07724935732647815,-0.049828620394173094,0.04504223283143592
3,28,-0.07724935732647815,-0.049828620394173094,0.04504223283143592
3,29,-0.07728608152772677,-0.04933896437752479,0.04521361243726282
3,30,-0.0771636675235647,-0.049314481576692375,0.04521361243726282
3,31,-0.0771636675235647,-0.049314481576692375,0.04521361243726282
3,32,-0.07721875382543762,-0.04980413759334068,0.04509119843310075
3,33,-0.07723711592606194,-0.049755171991675846,0.045311543640592485
3,34,-0.07723711592606194,-0.049755171991675846,0.045311543640592485
3,35,-0.07739013343126454,-0.04963275798751377,0.045427836944546454
3,36,-0.0771881503243971,-0.04969396498959481,0.045085077732892644
3,37,-0.0771881503243971,-0.04965112008813809,0.04543395764475456
3,38,-0.0771881503243971,-0.04965112008813809,0.04543395764475456
3,39,-0.07722487452564573,-0.05009793120332966,0.04506059493206023
3,40,-0.0771636675235647,-0.04976741339209206,0.045225853837679034
3,41,-0.0771636675235647,-0.04976741339209206,0.045225853837679034
3,42,-0.07734116782959971,-0.04959603378626515,0.04510956053372506
3,43,-0.07721263312522952,-0.04956543028522463,0.04503611213122781
3,44,-0.07721263312522952,-0.04956543028522463,0.04503611213122781
3,45,-0.07721263312522952,-0.049571550985432734,0.045170767535806094
3,46,-0.07753090953605093,-0.0495225853837679,0.045085077732892644
3,47,-0.07753090953605093,-0.0495225853837679,0.045085077732892644
3,48,-0.07726159872689435,-0.04963887868772188,0.04527481943934386
3,49,-0.07731056432855918,-0.04956543028522463,0.045066715632268335
3,50,-0.07731056432855918,-0.0495103439833517,0.04514628473497368
3,51,-0.07734116782959971,-0.0495103439833517,0.04514628473497368
3,52,-0.0773228057289754,-0.04973068919084343,0.04509119843310075
3,53,-0.07740237483168075,-0.0495225853837679,0.04512792263434937
3,54,-0.07740237483168075,-0.0495225853837679,0.04512792263434937
3,55,-0.07704125351940262,-0.04971844779042722,0.045225853837679034
3,56,-0.07737177133064023,-0.04947361978210307,0.04527481943934386
3,57,-0.07737177133064023,-0.04947361978210307,0.04527481943934386
3,58,-0.07729832292814298,-0.04936956787856531,0.045280940139551966
3,59,-0.07735340923001591,-0.04959603378626515,0.04514628473497368
3,60,-0.07735340923001591,-0.04959603378626515,0.04514628473497368
3,61,-0.07729832292814298,-0.04982249969396499,0.045085077732892644
3,62,-0.07705349491981883,-0.04971844779042722,0.045066715632268335
3,63,-0.07705349491981883,-0.04971844779042722,0.04547680254621129
3,64,-0.07708409842085935,-0.04966336148855429,0.04547680254621129
3,65,-0.07694332231607295,-0.04963275798751377,0.045342147141633
3,66,-0.07688823601420003,-0.049700085689802914,0.045225853837679034
3,67,-0.07688823601420003,-0.049700085689802914,0.045225853837679034
3,68,-0.0773350471293916,-0.0495225853837679,0.04511568123393316
3,69,-0.07710246052148366,-0.04998775859958379,0.045152405435181786
3,70,-0.07710246052148366,-0.04998775859958379,0.045152405435181786
3,71,-0.07737177133064023,-0.04985922389521361,0.045140164034765576
3,72,-0.07746970253396988,-0.04961439588688946,0.045085077732892644
3,73,-0.07746970253396988,-0.04961439588688946,0.045085077732892644
3,74,-0.07713918472273228,-0.04936344717835721,0.044925939527481945
3,75,-0.077182029624189,-0.04980413759334068,0.04527481943934386
3,76,-0.077182029624189,-0.04980413759334068,0.04509731913330885
3,77,-0.07734728852980781,-0.049742930591259636,0.04509731913330885
3,78,-0.07724323662627004,-0.049914310197086545,0.044944301628106254
3,79,-0.07734728852980781,-0.04960827518668136,0.04520137103684661
3,80,-0.07734728852980781,-0.04960827518668136,0.04520137103684661
3,81,-0.07724935732647815,-0.04958379238584894,0.04496266372873057
3,82,-0.07721875382543762,-0.04985310319500551,0.04521973313747092
3,83,-0.07721875382543762,-0.04985310319500551,0.04521973313747092
3,84,-0.07730444362835108,-0.049755171991675846,0.04543395764475456
3,85,-0.07723711592606194,-0.04959603378626515,0.045085077732892644
3,86,-0.07723711592606194,-0.04959603378626515,0.045085077732892644
3,87,-0.07727996082751867,-0.04959603378626515,0.04497490512914677
3,88,-0.07723711592606194,-0.0496817235891786,0.0453360264414249
3,89,-0.07723711592606194,-0.0496817235891786,0.0453360264414249
3,90,-0.0773350471293916,-0.04971844779042722,0.04498714652956298
3,91,-0.07729832292814298,-0.04962051658709756,0.04507895703268454
3,92,-0.07737789203084833,-0.0496817235891786,0.045152405435181786
3,93,-0.07737789203084833,-0.0496817235891786,0.045152405435181786
3,94,-0.07740237483168075,-0.049828620394173094,0.045170767535806094
3,95,-0.077182029624189,-0.049443016281062555,0.04536662994246542
3,96,-0.077182029624189,-0.049443016281062555,0.04536662994246542
3,97,-0.07712082262210797,-0.04962663728730567,0.044895336026441426
3,98,-0.07707185702044314,-0.04973068919084343,0.04504223283143592
3,99,-0.07707185702044314,-0.04973068919084343,0.04504223283143592
