values,,Magnetometer,Magnetometer,Magnetometer
axis,,x,y,z
Sensor,Sample,,,
0,0,0.04970620639001101,0.06311666054596646,0.006855184233076264
0,1,0.04969396498959481,0.06338597135512303,0.006775615130370914
0,2,0.04969396498959481,0.06338597135512303,0.006775615130370914
0,3,0.049755171991675846,0.06311053984575835,0.006432855918717101
0,4,0.049828620394173094,0.0633492471538744,0.006928632635573509
0,5,0.049828620394173094,0.0633492471538744,0.006928632635573509
0,6,0.049755171991675846,0.06339821275553922,0.006659321826416942
0,7,0.04981025829354878,0.0633370057534582,0.006653201126208838
0,8,0.04959603378626515,0.06314726404700698,0.00654302852246297
0,9,0.04959603378626515,0.06314726404700698,0.00654302852246297
0,10,0.049669482188762396,0.06337372995470682,0.006243114212265883
0,11,0.049871465295629816,0.06335536785408251,0.006304321214346921
0,12,0.049871465295629816,0.06335536785408251,0.006304321214346921
0,13,0.04973068919084343,0.06331252295262578,0.0070082017382788585
0,14,0.04956543028522463,0.06324519525033664,0.0069714775370302365
0,15,0.04956543028522463,0.06324519525033664,0.0069714775370302365
0,16,0.049840861794589304,0.06305545354388542,0.006855184233076264
0,17,0.0498469824947974,0.06337985065491493,0.006457338719549515
0,18,0.0498469824947974,0.06337985065491493,0.006457338719549515
0,19,0.049571550985432734,0.06314114334679888,0.006928632635573509
0,20,0.0496756028889705,0.06307993634471784,0.006487942220590036
0,21,0.0496756028889705,0.06307993634471784,0.006487942220590036
0,22,0.04949810258293549,0.06327579875137715,0.0067817358305790176
0,23,0.04962663728730567,0.06321459174929613,0.006965356836822133
0,24,0.04962663728730567,0.06321459174929613,0.006965356836822133
0,25,0.04981025829354878,0.0631778675480475,0.006983718937446444
0,26,0.049755171991675846,0.0633308850532501,0.0067450116293303955
0,27,0.049755171991675846,0.0633308850532501,0.0067450116293303955
0,28,0.049700085689802914,0.06342881625657976,0.0068000979312033295
0,29,0.049571550985432734,0.06328191945158526,0.0068000979312033295
0,30,0.04949810258293549,0.06330640225241768,0.006665442526625045
0,31,0.04949810258293549,0.06330640225241768,0.006665442526625045
0,32,0.04966336148855429,0.06314114334679888,0.006983718937446444
0,33,0.049443016281062555,0.06320235034887992,0.006304321214346921
0,34,0.049443016281062555,0.06320235034887992,0.006304321214346921
0,35,0.04947974048231117,0.06345329905741218,0.006757253029746603
0,36,0.04958991308605705,0.06337985065491493,0.006598114824335905
0,37,0.04958991308605705,0.06337985065491493,0.006598114824335905
0,38,0.04973068919084343,0.06345329905741218,0.006598114824335905
0,39,0.04981025829354878,0.06327579875137715,0.007173460643897662
0,40,0.04981025829354878,0.06327579875137715,0.007173460643897662
0,41,0.04969396498959481,0.06322683314971232,0.007130615742440935
0,42,0.04973068919084343,0.06330640225241768,0.006940874035989718
0,43,0.04973068919084343,0.06330640225241768,0.006940874035989718
0,44,0.04982249969396499,0.0631656261476313,0.00684906353286816
0,45,0.04976741339209206,0.06299424654180438,0.0065185457216305545
0,46,0.04976741339209206,0.06299424654180438,0.0065185457216305545
0,47,0.0495225853837679,0.06314726404700698,0.0067266495287060845
0,48,0.04981637899375689,0.0630003672420125,0.006653201126208838
0,49,0.04981637899375689,0.0630003672420125,0.006653201126208838
0,50,0.04982249969396499,0.06315338474721507,0.00728363324764353
0,51,0.04981637899375689,0.06325743665075284,0.007148977843065246
0,52,0.049559309585016524,0.0631717468478394,0.007038805239319377
0,53,0.049712327090219124,0.06326967805116905,0.006928632635573509
0,54,0.04949198188272738,0.06328191945158526,0.006916391235157302
0,55,0.04981025829354878,0.06325131595054474,0.006585873423919697
0,56,0.04970620639001101,0.06330640225241768,0.006898029134532991
0,57,0.04976741339209206,0.06322071244950422,0.006891908434324886
0,58,0.04977965479250827,0.06308605704492594,0.0062369935120577796
0,59,0.049712327090219124,0.06322683314971232,0.006824580732035746
0,60,0.04960827518668136,0.06331864365283388,0.006506304321214347
0,61,0.049700085689802914,0.06320235034887992,0.006647080426000734
0,62,0.049938792997918965,0.06325131595054474,0.006702166727873669
0,63,0.049430774880646344,0.06292079813930714,0.0065001836210062435
0,64,0.049430774880646344,0.06292079813930714,0.007222426245562493
0,65,0.04966336148855429,0.06323295384992042,0.007222426245562493
0,66,0.049785775492716365,0.06341045415595545,0.006910270534949197
0,67,0.049785775492716365,0.06330640225241768,0.006732770228914188
0,68,0.04963275798751377,0.06307381564450973,0.006751132329538499
0,69,0.04974905129146774,0.06314114334679888,0.007014322438486963
0,70,0.049669482188762396,0.06305545354388542,0.006934753335781614
0,71,0.049700085689802914,0.06324519525033664,0.00667156322683315
0,72,0.04976741339209206,0.06322071244950422,0.006898029134532991
0,73,0.04960215448647325,0.06320235034887992,0.006659321826416942
0,74,0.04959603378626515,0.0633308850532501,0.006861304933284368
0,75,0.04966336148855429,0.06323907455012853,0.006371648916636064
0,76,0.04958379238584894,0.06323907455012853,0.007002081038070755
0,77,0.04974905129146774,0.06335536785408251,0.0068000979312033295
0,78,0.049828620394173094,0.06309217774513405,0.006959236136614029
0,79,0.04977965479250827,0.06337372995470682,0.006475700820173828
0,80,0.04939405067939772,0.06337372995470682,0.006610356224752112
0,81,0.04969396498959481,0.06326967805116905,0.0064818215203819324
0,82,0.04969396498959481,0.06336760925449872,0.006604235524544008
0,83,0.04962663728730567,0.06336760925449872,0.006604235524544008
0,84,0.04970620639001101,0.06311666054596646,0.0065736320235034885
0,85,0.04977353409230016,0.06322683314971232,0.00718570204431387
0,86,0.0495225853837679,0.06328804015179337,0.006904149834741094
0,87,0.04949810258293549,0.0631778675480475,0.007002081038070755
0,88,0.04972456849063533,0.06311666054596646,0.006683804627249356
0,89,0.04980413759334068,0.06330640225241768,0.006377769616844167
0,90,0.04938792997918962,0.06332476435304199,0.006224752111641572
0,91,0.04969396498959481,0.06307993634471784,0.006787856530787122
0,92,0.04973680989105154,0.06306769494430163,0.006842942832660057
0,93,0.04979189619292447,0.06309217774513405,0.0065919941241278
0,94,0.049755171991675846,0.06323907455012853,0.006842942832660057
0,95,0.049755171991675846,0.06314114334679888,0.0065736320235034885
0,96,0.04966336148855429,0.06314114334679888,0.006806218631411433
0,97,0.05009793120332966,0.06331252295262578,0.006806218631411433
0,98,0.049798016893132575,0.06305545354388542,0.0072346676459786995
0,99,0.04960827518668136,0.06314114334679888,0.006640959725792631
1,0,-0.06326355735096095,0.08700575345819563,0.03398824825560044
1,1,-0.06284734973680989,0.08673032194883094,0.03411678295997062
1,2,-0.06284734973680989,0.08673032194883094,0.03411678295997062
1,3,-0.06314114334679888,0.08693842575590648,0.034355490268086666
1,4,-0.0631839882482556,0.08694454645611457,0.03413514506059494
1,5,-0.0631839882482556,0.08694454645611457,0.03413514506059494
1,6,-0.06328804015179337,0.086969029256947,0.033259884930836085
1,7,-0.06311666054596646,0.08690170155465785,0.03300893622230383
1,8,-0.06328804015179337,0.0868160117517444,0.033406781735830574
1,9,-0.06328804015179337,0.0868160117517444,0.033406781735830574
1,10,-0.06312890194638267,0.08720773656506305,0.033559799241033174
1,11,-0.06288407393805852,0.08703635695923614,0.03352307503978455
1,12,-0.06288407393805852,0.08703635695923614,0.03352307503978455
1,13,-0.0631778675480475,0.08687721875382544,0.033455747337495415
1,14,-0.0630248500428449,0.08654058024237973,0.03315583302729832
1,15,-0.0630248500428449,0.08654058024237973,0.03315583302729832
1,16,-0.06314114334679888,0.08695066715632269,0.03353531644020076
1,17,-0.0630003672420125,0.08685273595299302,0.033174195127922634
1,18,-0.0630003672420125,0.08685273595299302,0.033174195127922634
1,19,-0.06306157424409352,0.08685273595299302,0.033669971844779045
1,20,-0.06312890194638267,0.08672420124862285,0.03329660913208471
1,21,-0.0631839882482556,0.08697514995715509,0.03358428204186559
1,22,-0.0631839882482556,0.08697514995715509,0.03358428204186559
1,23,-0.063030970743053,0.08673644264903904,0.033559799241033174
1,24,-0.06290855673889093,0.08699351205777942,0.033767903048108706
1,25,-0.06290855673889093,0.08699351205777942,0.033767903048108706
1,26,-0.06332476435304199,0.08675480474966336,0.03339454033541437
1,27,-0.06281674623576937,0.0869812706573632,0.03314971232709022
1,28,-0.06281674623576937,0.0869812706573632,0.03314971232709022
1,29,-0.06330640225241768,0.08697514995715509,0.03381074794956543
1,30,-0.06323907455012853,0.0871526502631901,0.033033419023136244
1,31,-0.06323907455012853,0.0871526502631901,0.033033419023136244
1,32,-0.06309217774513405,0.08701799485861182,0.03338229893499816
1,33,-0.06309829844534215,0.08707920186069287,0.03316807442771453
1,34,-0.06308605704492594,0.08694454645611457,0.03333945403354144
1,35,-0.06308605704492594,0.08694454645611457,0.03333945403354144
1,36,-0.06301260864242869,0.0868221324519525,0.03373729954706818
1,37,-0.0633370057534582,0.08679764965112009,0.03347410943811972
1,38,-0.0633370057534582,0.08679764965112009,0.03347410943811972
1,39,-0.06307381564450973,0.08687721875382544,0.033406781735830574
1,40,-0.06330028155220957,0.08700575345819563,0.034141265760803036
1,41,-0.06330028155220957,0.08700575345819563,0.034141265760803036
1,42,-0.06303709144326111,0.08675480474966336,0.03347410943811972
1,43,-0.06320847104908801,0.08675480474966336,0.033767903048108706
1,44,-0.06320847104908801,0.08675480474966336,0.033767903048108706
1,45,-0.06320847104908801,0.08677316685028767,0.033969886154976134
1,46,-0.06329416085200147,0.08701187415840372,0.034184110662259765
1,47,-0.06331252295262578,0.0869812706573632,0.03393928265393561
1,48,-0.06331252295262578,0.0869812706573632,0.03393928265393561
1,49,-0.06320235034887992,0.08683437385236871,0.03436773166850288
1,50,-0.0628657118374342,0.08695678785653078,0.03410454155955441
1,51,-0.06289019463826662,0.08712204676214959,0.03433100746725425
1,52,-0.06296364304076386,0.08687109805361734,0.03406781735830579
1,53,-0.06332476435304199,0.08691394295507407,0.03379850654914922
1,54,-0.06304933284367732,0.0871404088627739,0.033272126331252296
1,55,-0.06306157424409352,0.08684661525278492,0.033669971844779045
1,56,-0.06314114334679888,0.08707308116048476,0.03431876606683805
1,57,-0.06328804015179337,0.08689558085444975,0.03415962786142735
1,58,-0.06314726404700698,0.08709756396131717,0.0342514383645489
1,59,-0.06301872934263679,0.08669359774758231,0.03393928265393561
1,60,-0.06301872934263679,0.08669359774758231,0.03393928265393561
1,61,-0.06305545354388542,0.08676704615007957,0.03396376545476802
1,62,-0.06293916023993144,0.08711592606194149,0.03416574856163545
1,63,-0.06298200514138817,0.08684661525278492,0.03394540335414371
1,64,-0.0631839882482556,0.08715877096339822,0.034129024360386825
1,65,-0.06310441914555025,0.08667523564695802,0.0339209205533113
1,66,-0.06314726404700698,0.08679764965112009,0.03357816134165749
1,67,-0.06307381564450973,0.0868221324519525,0.03406781735830579
1,68,-0.06341657485616355,0.08690782225486596,0.03431264536662994
1,69,-0.06326355735096095,0.08673032194883094,0.03363936834373853
1,70,-0.06301872934263679,0.0869873913575713,0.033229281429795574
1,71,-0.06326355735096095,0.08686497735340923,0.033859713551230256
1,72,-0.063030970743053,0.08712204676214959,0.033786265148733015
1,73,-0.06313502264659077,0.08683437385236871,0.03426367976496511
1,74,-0.06307381564450973,0.08709144326110907,0.034141265760803036
1,75,-0.06282286693597747,0.08673644264903904,0.03414738646101114
1,76,-0.06325131595054474,0.08694454645611457,0.034080058758722
1,77,-0.06277390133431264,0.0871526502631901,0.03336393683437385
1,78,-0.06330640225241768,0.08676704615007957,0.03322316072958746
1,79,-0.06308605704492594,0.0868160117517444,0.033927041253519405
1,80,-0.06308605704492594,0.08671808054841473,0.03434324886767046
1,81,-0.06331252295262578,0.08671808054841473,0.03357816134165749
1,82,-0.06332476435304199,0.08694454645611457,0.03357816134165749
1,83,-0.06312278124617457,0.08710980536173338,0.03393316195372751
1,84,-0.06345941975762028,0.08702411555881992,0.03412290366017872
1,85,-0.06303709144326111,0.0869629085567389,0.033927041253519405
1,86,-0.06306769494430163,0.08666299424654181,0.03411066225976252
1,87,-0.06323295384992042,0.08690782225486596,0.03410454155955441
1,88,-0.06308605704492594,0.08690782225486596,0.03417798996205166
1,89,-0.06311053984575835,0.08689558085444975,0.03406169665809768
1,90,-0.06315950544742319,0.08702411555881992,0.03398212755539234
1,91,-0.06303709144326111,0.08669359774758231,0.03373117884686008
1,92,-0.06315950544742319,0.08685273595299302,0.0337617823479006
1,93,-0.06315338474721507,0.08645489043946628,0.033682213245195256
1,94,-0.06295140164034765,0.08690170155465785,0.03367609254498714
1,95,-0.06326967805116905,0.08689558085444975,0.03374342024727629
1,96,-0.0631656261476313,0.08707920186069287,0.033774023748316805
1,97,-0.06326967805116905,0.08683437385236871,0.03365160974415473
1,98,-0.06311666054596646,0.0869812706573632,0.03383523075039784
1,99,-0.06329416085200147,0.08679764965112009,0.034184110662259765
2,0,0.08823601420002448,-0.06480597380340311,0.042404211041743176
2,1,0.08834006610356224,-0.06468355979924104,0.04259395274819439
2,2,0.08834006610356224,-0.06468355979924104,0.04259395274819439
2,3,0.08854204921042967,-0.06481209450361122,0.04087403598971722
2,4,0.08833394540335414,-0.06491002570694088,0.04122903660178724
2,5,0.08833394540335414,-0.06491002570694088,0.04122903660178724
2,6,0.08850532500918104,-0.06459786999632758,0.041963520626759704
2,7,0.08833394540335414,-0.0646345941975762,0.042532745746113355
2,8,0.08833394540335414,-0.0646345941975762,0.042532745746113355
2,9,0.08840127310564329,-0.06472028400048965,0.04258171134777818
2,10,0.08837679030481087,-0.06489778430652467,0.04175541681968417
2,11,0.08837679030481087,-0.06507528461255968,0.042520504345697145
2,12,0.08837679030481087,-0.06507528461255968,0.042520504345697145
2,13,0.08843799730689192,-0.06474476680132207,0.04282653935610234
2,14,0.08852368710980536,-0.0647937324029869,0.04129024360386828
2,15,0.08852368710980536,-0.0647937324029869,0.04129024360386828
2,16,0.08829110050189741,-0.06477537030236259,0.042716366752356474
2,17,0.08840127310564329,-0.06505080181172726,0.03998041375933407
2,18,0.08840127310564329,-0.06505080181172726,0.03998041375933407
2,19,0.08815032439711103,-0.06485493940506794,0.04105765699596034
2,20,0.08840739380585139,-0.06487330150569225,0.04245317664340801
2,21,0.08840739380585139,-0.06487330150569225,0.04245317664340801
2,22,0.08825437630064879,-0.06473864610111398,0.0424409352429918
2,23,0.08819316929856776,-0.06470804260007344,0.04238584894111887
2,24,0.08819316929856776,-0.06470804260007344,0.041308605704492594
2,25,0.0884318766066838,-0.06457338719549517,0.041308605704492594
2,26,0.0884196352062676,-0.06449381809278981,0.04241645244215938
2,27,0.08845023870730812,-0.0647876117027788,0.04236136614028645
2,28,0.08845023870730812,-0.0647876117027788,0.04236136614028645
2,29,0.0884318766066838,-0.06480597380340311,0.042673521850899745
2,30,0.08835230750397846,-0.06442649039050066,0.042673521850899745
2,31,0.08835230750397846,-0.06442649039050066,0.042673521850899745
2,32,0.08847472150814054,-0.06455502509487085,0.04286326355735096
2,33,0.08827273840127312,-0.06497123270902191,0.04256946994736198
2,34,0.08827273840127312,-0.06497123270902191,0.04256946994736198
2,35,0.08848084220834863,-0.0649589913086057,0.041822744521973314
2,36,0.08804015179336516,-0.06481209450361122,0.04271024605214836
2,37,0.08804015179336516,-0.06481209450361122,0.04271024605214836
2,38,0.08824213490023258,-0.06459786999632758,0.041033174195127926
2,39,0.08855429061084588,-0.0647937324029869,0.04127188150324397
2,40,0.08849308360876484,-0.06471416330028155,0.04078222548659567
2,41,0.08849308360876484,-0.06471416330028155,0.04078222548659567
2,42,0.08830334190231362,-0.0644632145917493,0.04259395274819439
2,43,0.08849920430897294,-0.0649589913086057,0.042661280450483535
2,44,0.08849920430897294,-0.0649589913086057,0.042661280450483535
2,45,0.0882482556004407,-0.06508140531276778,0.042379728240910755
2,46,0.08837679030481087,-0.06486718080548415,0.04258171134777818
2,47,0.08837679030481087,-0.06486718080548415,0.04258171134777818
2,48,0.0881258415962786,-0.06484269800465173,0.04247153874403232
2,49,0.08845635940751621,-0.06475088750153017,0.042606194148610596
2,50,0.08819316929856776,-0.06482433590402742,0.04258783204798629
2,51,0.08823601420002448,-0.06459174929611947,0.042306279838413514
2,52,0.08853592851022157,-0.06507528461255968,0.042575590647570084
2,53,0.08869506671563226,-0.06436528338841964,0.04059860448035255
2,54,0.08845635940751621,-0.06470804260007344,0.0413147264047007
2,55,0.08834618680377035,-0.0647692496021545,0.0426000734484025
2,56,0.08833394540335414,-0.06472028400048965,0.042802056555269925
2,57,0.08848696290855675,-0.06508752601297588,0.04261231484881871
2,58,0.08848696290855675,-0.06508752601297588,0.04261231484881871
2,59,0.08839515240543519,-0.06451830089362223,0.04135757130615743
2,60,0.08849308360876484,-0.06487942220590034,0.04250826294528094
2,61,0.08819928999877587,-0.0646345941975762,0.04171257191822745
2,62,0.08851756640959726,-0.06449993879299792,0.04248378014444852
2,63,0.08826049700085689,-0.0649345085077733,0.041651364916146405
2,64,0.08827885910148121,-0.06465295629820052,0.04247153874403232
2,65,0.0884135145060595,-0.06448769739258171,0.042606194148610596
2,66,0.08834618680377035,-0.06502631901089485,0.041535071612192435
2,67,0.08848084220834863,-0.06475088750153017,0.04160852001468968
2,68,0.08836454890439466,-0.06443873179091689,0.042287917737789206
2,69,0.08850532500918104,-0.06469580119965725,0.04206757253029746
2,70,0.08834618680377035,-0.06480597380340311,0.04187171012363815
2,71,0.08838291100501897,-0.0647876117027788,0.041437140408862774
2,72,0.08843799730689192,-0.06462235279716,0.0427653323540213
2,73,0.08853592851022157,-0.06475088750153017,0.04263067694944302
2,74,0.08846248010772433,-0.06459786999632758,0.04283878075651855
2,75,0.08846248010772433,-0.06459786999632758,0.04283878075651855
2,76,0.08845635940751621,-0.0646345941975762,0.04245929734361611
2,77,0.08845023870730812,-0.06468355979924104,0.042575590647570084
2,78,0.08827885910148121,-0.06461011139674379,0.04265515975027544
2,79,0.08823601420002448,-0.06500183621006243,0.04241645244215938
2,80,0.08865834251438365,-0.06451830089362223,0.042532745746113355
2,81,0.088266617701065,-0.06483657730444363,0.041963520626759704
2,82,0.08846248010772433,-0.06458562859591137,0.04181662382176521
2,83,0.08836454890439466,-0.06456726649528706,0.04248990084465663
2,84,0.08860325621251071,-0.06492838780756519,0.042789815154853715
2,85,0.08835230750397846,-0.06472028400048965,0.04181662382176521
2,86,0.08862161831313502,-0.06465907699840862,0.04157179581344106
2,87,0.08805239319378136,-0.06476312890194638,0.042018606928632636
2,88,0.08860325621251071,-0.064799853103195,0.04152283021177623
2,89,0.08836454890439466,-0.0649528706083976,0.042673521850899745
2,90,0.08852368710980536,-0.06457338719549517,0.04241033174195128
2,91,0.08860325621251071,-0.06490390500673276,0.042606194148610596
2,92,0.08860325621251071,-0.06490390500673276,0.042606194148610596
2,93,0.08834618680377035,-0.06475088750153017,0.04249602154486473
2,94,0.08847472150814054,-0.06456726649528706,0.040880156689925326
2,95,0.08871342881625657,-0.06452442159383034,0.04234912473987024
2,96,0.08849920430897294,-0.06452442159383034,0.041834985922389524
2,97,0.08824213490023258,-0.06459174929611947,0.04152895091198433
2,98,0.08852368710980536,-0.06492226710735707,0.042153262333210914
2,99,0.08854204921042967,-0.06435916268821154,0.04281429795568613
3,0,-0.08586118251928021,-0.06053984575835476,0.04331007467254254
3,1,-0.08574488921532623,-0.060711225364181665,0.04337740237483168
3,2,-0.08574488921532623,-0.060711225364181665,0.04337740237483168
3,3,-0.08583057901823968,-0.06059493206022769,0.04345085077732892
3,4,-0.08583669971844779,-0.060227690047741464,0.043187660668380465
3,5,-0.08583669971844779,-0.060227690047741464,0.043187660668380465
3,6,-0.0855429061084588,-0.060282776349614396,0.04333455747337495
3,7,-0.08592238952136125,-0.06009915534337128,0.04337128167462358
3,8,-0.08592238952136125,-0.06038070755294406,0.04334067817358306
3,9,-0.08581221691761538,-0.06038070755294406,0.04334067817358306
3,10,-0.08564083731178847,-0.0609315705716734,0.04331007467254254
3,11,-0.08591626882115314,-0.060497000856898034,0.043414126576080306
3,12,-0.08591626882115314,-0.060497000856898034,0.043414126576080306
3,13,-0.08596523442281798,-0.06050924225731423,0.043261109070877705
3,14,-0.08581221691761538,-0.06057656995960338,0.0432488676704615
3,15,-0.08581221691761538,-0.06057656995960338,0.0432488676704615
3,16,-0.08576325131595054,-0.060423552454400786,0.04345085077732892
3,17,-0.08595299302240175,-0.060313379850654915,0.043456971477537035
3,18,-0.08595299302240175,-0.060313379850654915,0.043456971477537035
3,19,-0.08579997551719917,-0.06058881136001959,0.04328559187171012
3,20,-0.08573264781491002,-0.0604602766556494,0.043389643775247885
3,21,-0.08573264781491002,-0.06036846615252785,0.04343860937691272
3,22,-0.08609376912718815,-0.06036846615252785,0.04343860937691272
3,23,-0.08592851022156935,-0.060454155955441305,0.043303953972334434
3,24,-0.08586118251928021,-0.060429673154608884,0.04329783327212633
3,25,-0.08586118251928021,-0.060429673154608884,0.04329783327212633
3,26,-0.08548781980658587,-0.06030113845023871,0.043187660668380465
3,27,-0.0856836822132452,-0.06047251805606561,0.043401885175664096
3,28,-0.0856836822132452,-0.06047251805606561,0.043401885175664096
3,29,-0.08589178602032073,-0.06064389766189252,0.04311421226588322
3,30,-0.08575100991553433,-0.060698983963765454,0.043487574978577546
3,31,-0.08575100991553433,-0.060698983963765454,0.043487574978577546
3,32,-0.08589178602032073,-0.06058881136001959,0.04328559187171012
3,33,-0.0860142000244828,-0.060527604357938546,0.043316195372750645
3,34,-0.0860142000244828,-0.060527604357938546,0.043346798873791156
3,35,-0.08565919941241278,-0.06000122414004162,0.043346798873791156
3,36,-0.08586730321948831,-0.06069286326355735,0.04319990206879667
3,37,-0.08603868282531521,-0.060429673154608884,0.043303953972334434
3,38,-0.08603868282531521,-0.060429673154608884,0.043303953972334434
3,39,-0.08589178602032073,-0.06039906965356837,0.04365283388419635
3,40,-0.08583057901823968,-0.06050924225731423,0.04353654058024238
3,41,-0.08583057901823968,-0.06050924225731423,0.04353654058024238
3,42,-0.08597747582323417,-0.06043579385481699,0.04321214346921288
3,43,-0.08572040641449383,-0.06022156934753335,0.04342024727628841
3,44,-0.08572040641449383,-0.06022156934753335,0.04342024727628841
3,45,-0.08608152772677194,-0.06061941486106011,0.04335291957399927
3,46,-0.08598359652344228,-0.06082751866813564,0.043444730077120824
3,47,-0.08598359652344228,-0.06082751866813564,0.043444730077120824
3,48,-0.08564083731178847,-0.060423552454400786,0.043144815766923736
3,49,-0.08576325131595054,-0.060417431754192674,0.04319990206879667
3,50,-0.0856836822132452,-0.06058881136001959,0.04299791896192924
3,51,-0.08578161341657485,-0.06064389766189252,0.04321214346921288
3,52,-0.08586118251928021,-0.060313379850654915,0.04342636797649651
3,53,-0.08572652711470193,-0.060570449259395275,0.04331007467254254
3,54,-0.08559187171012364,-0.06043579385481699,0.043169298567756156
3,55,-0.08590402742073693,-0.06050312155710613,0.04323662627004529
3,56,-0.08607540702656384,-0.06083976006855184,0.043157057167339946
3,57,-0.08586118251928021,-0.06054596645856286,0.043175419267964255
3,58,-0.08583669971844779,-0.06085812216917615,0.04350593707920186
3,59,-0.08591014812094504,-0.06085812216917615,0.04327947117150202
3,60,-0.0856959236136614,-0.06076019096584649,0.043414126576080306
3,61,-0.0856959236136614,-0.06076019096584649,0.043414126576080306
3,62,-0.08573876851511812,-0.06048475945648182,0.04331007467254254
3,63,-0.08597135512302607,-0.06052148365773045,0.04343860937691272
3,64,-0.08577549271636675,-0.06083363936834374,0.04343860937691272
3,65,-0.08597135512302607,-0.06072346676459787,0.04328559187171012
3,66,-0.08576937201615865,-0.060527604357938546,0.04347533357816134
3,67,-0.085848941118864,-0.060680621863141146,0.043346798873791156
3,68,-0.08547557840616966,-0.06060105276043579,0.04334067817358306
3,69,-0.08575713061574244,-0.06072346676459787,0.04347533357816134
3,70,-0.08580609621740727,-0.060558207858979064,0.043316195372750645
3,71,-0.08580609621740727,-0.06015424164524421,0.04325498837066961
3,72,-0.08603868282531521,-0.060313379850654915,0.043230505569837194
3,73,-0.08598359652344228,-0.06039906965356837,0.0432488676704615
3,74,-0.08589178602032073,-0.060570449259395275,0.04343860937691272
3,75,-0.08575100991553433,-0.060631656261476305,0.043316195372750645
3,76,-0.08586730321948831,-0.060613294160852,0.043389643775247885
3,77,-0.08562247521116416,-0.060668380462724936,0.04337128167462358
3,78,-0.08577549271636675,-0.06016036234545232,0.0434080058758722
3,79,-0.08572652711470193,-0.0607663116660546,0.04310197086546701
3,80,-0.08582445831803158,-0.0604602766556494,0.04323662627004529
3,81,-0.0856775615130371,-0.06033786265148733,0.04328559187171012
3,82,-0.08572652711470193,-0.060270534949198186,0.04327947117150202
3,83,-0.08572652711470193,-0.060270534949198186,0.04327947117150202
3,84,-0.08574488921532623,-0.06088872567021667,0.04323662627004529
3,85,-0.08589178602032073,-0.06048475945648182,0.04336516097441547
3,86,-0.08581833761782348,-0.06077855306647081,0.04351205777940996
3,87,-0.08583057901823968,-0.06074182886522218,0.04328559187171012
3,88,-0.08589790672052883,-0.06064389766189252,0.04328559187171012
3,89,-0.08575713061574244,-0.06060105276043579,0.04337128167462358
3,90,-0.08579385481699106,-0.06057656995960338,0.043658954584404455
3,91,-0.08587954461990452,-0.06040519035377647,0.043346798873791156
3,92,-0.08567144081282899,-0.06038070755294406,0.043218264169420983
3,93,-0.08587954461990452,-0.060558207858979064,0.04347533357816134
3,94,-0.08579997551719917,-0.06074182886522218,0.0432427469702534
3,95,-0.08593463092177746,-0.06043579385481699,0.04329783327212633
3,96,-0.08581833761782348,-0.0604419145550251,0.0430958501652589
3,97,-0.08578161341657485,-0.060711225364181665,0.043561023381074794
3,98,-0.0856898029134533,-0.0604419145550251,0.04337128167462358
3,99,-0.08575100991553433,-0.06052148365773045,0.04348145427836945
