values,,Magnetometer,Magnetometer,Magnetometer
axis,,x,y,z
Sensor,Sample,,,
0,0,0.10009181050312155,0.08127677806341045,0.02467866323907455
0,1,0.09987146529562982,0.08106867425633493,0.024286938425755904
0,2,0.0996939649895948,0.08079936344717835,0.024409352429917982
0,3,0.0996939649895948,0.08079936344717835,0.024409352429917982
0,4,0.10001836210062431,0.08154608887256702,0.024568490635328684
0,5,0.09990818949687844,0.08073203574488921,0.024378748928877463
0,6,0.09990818949687844,0.08073203574488921,0.024574611335536786
0,7,0.10000612070020812,0.08084220834863508,0.024574611335536786
0,8,0.10006732770228914,0.08109927775737544,0.024733749540947484
0,9,0.09994491369812707,0.08101970865467009,0.02409719671930469
0,10,0.09994491369812707,0.08101970865467009,0.02409719671930469
0,11,0.0998408617945893,0.08130738156445097,0.024684783939282653
0,12,0.09996939649895949,0.08101970865467009,0.024715387440323172
0,13,0.09996939649895949,0.08101970865467009,0.024715387440323172
0,14,0.09984698249479741,0.08108091565675113,0.024721508140531277
0,15,0.09988982739625413,0.08114824335904028,0.024758232341779898
0,16,0.09988982739625413,0.08114824335904028,0.024758232341779898
0,17,0.09973680989105153,0.08087893254988371,0.024776594442404213
0,18,0.10016525890561881,0.08107479495654303,0.024458318031582812
0,19,0.10016525890561881,0.08107479495654303,0.024458318031582812
0,20,0.10006732770228914,0.08108091565675113,0.024801077243236627
0,21,0.09992043089729466,0.08108703635695924,0.024739870241155586
0,22,0.09992043089729466,0.08108703635695924,0.024739870241155586
0,23,0.09959603378626515,0.08091565675113233,0.02483780144448525
0,24,0.0998653445954217,0.0808911739502999,0.02490512914677439
0,25,0.0998653445954217,0.0808911739502999,0.02490512914677439
0,26,0.09988982739625413,0.08100746725425388,0.024641939037825928
0,27,0.09971232709021913,0.08090953605092423,0.024850042844901457
0,28,0.09971232709021913,0.08090953605092423,0.024256334924715385
0,29,0.09990818949687844,0.08105643285591871,0.024256334924715385
0,30,0.10011629330395397,0.08095850165258905,0.024195127922634348
0,31,0.10014077610478637,0.08096462235279715,0.024189007222426246
0,32,0.10014077610478637,0.08096462235279715,0.024189007222426246
0,33,0.09971844779042723,0.08106255355612682,0.024929611947606806
0,34,0.09993879299791895,0.08109927775737544,0.02448892153262333
0,35,0.09993879299791895,0.08109927775737544,0.02448892153262333
0,36,0.09982862039417309,0.08090341535071613,0.024495042232831436
0,37,0.10003672420124862,0.08110539845758355,0.024452197331374707
0,38,0.10003672420124862,0.08110539845758355,0.024452197331374707
0,39,0.10000612070020812,0.08113600195862407,0.02438486962908557
0,40,0.09990206879667034,0.0808911739502999,0.02440323172970988
0,41,0.09990206879667034,0.0808911739502999,0.02440323172970988
0,42,0.10004896560166483,0.08109315705716734,0.024476680132207124
0,43,0.09987758599583793,0.08112988125841596,0.024654180438242135
0,44,0.09987758599583793,0.08112988125841596,0.024654180438242135
0,45,0.09984698249479741,0.08092789815154854,0.02487452564573387
0,46,0.09982249969396499,0.08101358795446198,0.02481943934386094
0,47,0.09982249969396499,0.08101358795446198,0.02481943934386094
0,48,0.09990206879667034,0.08090341535071613,0.024501162933039538
0,49,0.09971844779042723,0.08125229526257803,0.025070388052393193
0,50,0.09971844779042723,0.08125229526257803,0.02513771575468234
0,51,0.09998163789937568,0.08125229526257803,0.02513771575468234
0,52,0.10011017260374586,0.08110539845758355,0.02469090463949076
0,53,0.10001836210062431,0.0808605704492594,0.024972456849063532
0,54,0.10001836210062431,0.0808605704492594,0.024972456849063532
0,55,0.10006732770228914,0.08116660545966459,0.024972456849063532
0,56,0.09990818949687844,0.08097686375321336,0.024654180438242135
0,57,0.09972456849063532,0.08128901946382666,0.02416452442159383
0,58,0.09987758599583793,0.0808911739502999,0.024672542538866447
0,59,0.09965112008813808,0.08093401885175663,0.024599094136369203
0,60,0.09995103439833516,0.08092789815154854,0.024574611335536786
0,61,0.10003672420124862,0.08104419145550251,0.024794956543028525
0,62,0.1,0.08094626025217286,0.024427714530542294
0,63,0.10002448280083243,0.08108091565675113,0.024446076631166606
0,64,0.10002448280083243,0.08108091565675113,0.024446076631166606
0,65,0.09985922389521361,0.08105031215571061,0.024672542538866447
0,66,0.10000612070020812,0.08098910515362957,0.024715387440323172
0,67,0.0999938792997919,0.08105643285591871,0.024268576325131595
0,68,0.09993879299791895,0.08104419145550251,0.024703146039906965
0,69,0.09964499938792998,0.08098910515362957,0.0249234912473987
0,70,0.09996939649895949,0.08081160484759456,0.02424409352429918
0,71,0.09982249969396499,0.08100746725425388,0.02418288652221814
0,72,0.09982862039417309,0.0811972089607051,0.024709266740115067
0,73,0.1000122414004162,0.08100746725425388,0.02486840494552577
0,74,0.09979189619292447,0.0810258293548782,0.024495042232831436
0,75,0.0997000856898029,0.08098910515362957,0.024293059125964012
0,76,0.09973680989105153,0.08095850165258905,0.024550128534704372
0,77,0.09973068919084344,0.08122781246174562,0.024947974048231118
0,78,0.09990818949687844,0.0810380707552944,0.02467866323907455
0,79,0.09985310319500551,0.08095238095238096,0.024801077243236627
0,80,0.09985310319500551,0.08095238095238096,0.024801077243236627
0,81,0.09995103439833516,0.08098298445342147,0.025119353654058024
0,82,0.0998347410943812,0.08100746725425388,0.024574611335536786
0,83,0.09982249969396499,0.08095850165258905,0.024568490635328684
0,84,0.0998653445954217,0.08111763985799976,0.024078834618680378
0,85,0.09972456849063532,0.08097686375321336,0.02483780144448525
0,86,0.0999938792997919,0.0808911739502999,0.024794956543028525
0,87,0.10005508630187294,0.08112376055820786,0.024635818337617823
0,88,0.09978577549271636,0.08124005386216183,0.024715387440323172
0,89,0.09998163789937568,0.08091565675113233,0.024850042844901457
0,90,0.09982862039417309,0.08101358795446198,0.02480719794344473
0,91,0.09985310319500551,0.08109315705716734,0.025107112253641817
0,92,0.09992043089729466,0.08108703635695924,0.02480719794344473
0,93,0.09978577549271636,0.08106867425633493,0.024941853348023013
0,94,0.0998653445954217,0.08095850165258905,0.024550128534704372
0,95,0.0998653445954217,0.08095850165258905,0.024550128534704372
0,96,0.09995715509854328,0.08107479495654303,0.02448892153262333
0,97,0.09995715509854328,0.08098910515362957,0.02472762884073938
0,98,0.09976129269188395,0.08123393316195374,0.024972456849063532
0,99,0.10007344840249725,0.0808605704492594,0.0244338352307504
1,0,-0.11293303953972333,0.11000734484024972,0.059401395519647446
1,1,-0.11297588444118008,0.11003794834129024,0.058630187293426374
1,2,-0.1126820908311911,0.1099706206390011,0.05810992777573755
1,3,-0.1126820908311911,0.1099706206390011,0.05810992777573755
1,4,-0.11263312522952626,0.1099889827396254,0.0586791528950912
1,5,-0.11291467743909904,0.10992165503733627,0.05817113477781858
1,6,-0.11291467743909904,0.10992165503733627,0.05817113477781858
1,7,-0.11276778063410453,0.11007467254253886,0.05885053250091811
1,8,-0.1126820908311911,0.11001958624066592,0.05825070388052393
1,9,-0.1126820908311911,0.11001958624066592,0.05825070388052393
1,10,-0.11262700452931815,0.11016036234545232,0.0585200146896805
1,11,-0.11273105643285593,0.10986044803525523,0.05952380952380952
1,12,-0.11273105643285593,0.11025829354878199,0.05904027420736933
1,13,-0.11272493573264782,0.11025829354878199,0.05904027420736933
1,14,-0.1127065736320235,0.10987881013587955,0.058648549394050675
1,15,-0.11260252172848575,0.1103011384502387,0.05867303219488309
1,16,-0.11260252172848575,0.1103011384502387,0.05867303219488309
1,17,-0.11262088382911004,0.11003182764108214,0.05912596401028277
1,18,-0.11290243603868282,0.11004406904149835,0.05839760068551843
1,19,-0.11290243603868282,0.11004406904149835,0.05839760068551843
1,20,-0.11295140164034764,0.10991553433712817,0.058972946505080184
1,21,-0.11274329783327212,0.10993389643775249,0.05875872199779655
1,22,-0.11274329783327212,0.10993389643775249,0.05875872199779655
1,23,-0.1130370914432611,0.10994001713796057,0.05802423797282409
1,24,-0.11282286693597747,0.11017260374586853,0.0580426000734484
1,25,-0.11266984943077488,0.10989717223650386,0.05813441057656996
1,26,-0.11266984943077488,0.10989717223650386,0.05813441057656996
1,27,-0.11295752234055575,0.10989717223650386,0.05877708409842086
1,28,-0.11293303953972333,0.10988493083608766,0.05904027420736933
1,29,-0.11293303953972333,0.10988493083608766,0.05904027420736933
1,30,-0.11292691883951525,0.11021544864732527,0.0591688089117395
1,31,-0.11290855673889093,0.11017872444607664,0.05875872199779655
1,32,-0.11290855673889093,0.11017872444607664,0.05875872199779655
1,33,-0.11264536662994247,0.109786999632758,0.05907087770840984
1,34,-0.11289631533847473,0.11005018974170647,0.05896682580487208
1,35,-0.11289631533847473,0.11005018974170647,0.05896682580487208
1,36,-0.11266984943077488,0.11036234545231975,0.05888113600195862
1,37,-0.1128718325376423,0.10989717223650386,0.05873423919696413
1,38,-0.11289019463826662,0.1101358795446199,0.05920553311298813
1,39,-0.11289019463826662,0.1101358795446199,0.05920553311298813
1,40,-0.11298200514138816,0.11014812094503612,0.05859958379238585
1,41,-0.11260252172848575,0.11020932794711716,0.05806708287428082
1,42,-0.11260252172848575,0.11020932794711716,0.05806708287428082
1,43,-0.11281674623576939,0.1101542416452442,0.05818337617823479
1,44,-0.11270045293181541,0.1103011384502387,0.05842820418655894
1,45,-0.11270045293181541,0.1103011384502387,0.05842820418655894
1,46,-0.11276778063410453,0.10980536173338229,0.057920186069286325
1,47,-0.11284122903660179,0.10996449993879301,0.05845268698739135
1,48,-0.11284122903660179,0.10996449993879301,0.05845268698739135
1,49,-0.1128718325376423,0.1099706206390011,0.058293548781980654
1,50,-0.11265148733015058,0.11005018974170647,0.0586791528950912
1,51,-0.11266372873056678,0.11008691394295507,0.05807932427469703
1,52,-0.11266372873056678,0.11008691394295507,0.05807932427469703
1,53,-0.11259028032806953,0.10983596523442282,0.05807320357448892
1,54,-0.1127065736320235,0.10994613783816869,0.05839147998531032
1,55,-0.1127065736320235,0.10994613783816869,0.05839147998531032
1,56,-0.11254131472640469,0.11006243114212266,0.05849553188884808
1,57,-0.11278002203452075,0.11011139674378749,0.05847104908801567
1,58,-0.11289019463826662,0.10984820663483903,0.05877708409842086
1,59,-0.11282898763618558,0.1096645856285959,0.05962786142734729
1,60,-0.1127065736320235,0.11005631044191455,0.05956665442526625
1,61,-0.1126820908311911,0.10982984453421471,0.0589974293059126
1,62,-0.11260864242869384,0.1101358795446199,0.05889949810258294
1,63,-0.11289631533847473,0.11006855184233075,0.06005631044191455
1,64,-0.11290855673889093,0.11024605214836578,0.059230015913820544
1,65,-0.11279226343493695,0.11003794834129024,0.05871587709633982
1,66,-0.11263312522952626,0.10990941363692006,0.058930101603623455
1,67,-0.11275553923368833,0.11001958624066592,0.05833639368343738
1,68,-0.11295140164034764,0.1097931203329661,0.05863630799363447
1,69,-0.11295752234055575,0.1101236381442037,0.05906475700820174
1,70,-0.11252295262578038,0.10971967193046886,0.05865467009425879
1,71,-0.1126943322316073,0.10991553433712817,0.05853225609009671
1,72,-0.11299424654180439,0.11000734484024972,0.05861182519280206
1,73,-0.11277390133431264,0.11008691394295507,0.05910760190965847
1,74,-0.11275553923368833,0.11006243114212266,0.05909536050924226
1,75,-0.11290243603868282,0.11016036234545232,0.05831803158281308
1,76,-0.1127065736320235,0.10999510343983351,0.058936222303831554
1,77,-0.1127065736320235,0.10999510343983351,0.05939527481943935
1,78,-0.11272493573264782,0.1100991553433713,0.05939527481943935
1,79,-0.11288407393805851,0.1101236381442037,0.058060962174072715
1,80,-0.11291467743909904,0.11019096584649284,0.05815277267719428
1,81,-0.11266372873056678,0.11014812094503612,0.058446566287183255
1,82,-0.11255967682702901,0.11002570694087403,0.058232341779899624
1,83,-0.11257803892765332,0.11004406904149835,0.05861794589301016
1,84,-0.11254131472640469,0.1098237238340066,0.05818337617823479
1,85,-0.11279226343493695,0.1099706206390011,0.058434324886767045
1,86,-0.11281062553556127,0.10985432733504712,0.05889337740237484
1,87,-0.11279226343493695,0.11014200024482801,0.05867303219488309
1,88,-0.11306157424409354,0.1101542416452442,0.05881380829966948
1,89,-0.11283510833639368,0.11011751744399559,0.059291222915901574
1,90,-0.11276165993389645,0.1097931203329661,0.05885665320112621
1,91,-0.11290243603868282,0.10995225853837678,0.05926674011506916
1,92,-0.11250459052515607,0.10975639613171746,0.058305790182396865
1,93,-0.1126820908311911,0.1094993267229771,0.05962174072713918
1,94,-0.11267597013098299,0.11023381074794955,0.05898518790549638
1,95,-0.11267597013098299,0.1100991553433713,0.05889337740237484
1,96,-0.11282286693597747,0.1100991553433713,0.05889337740237484
1,97,-0.11291467743909904,0.1101236381442037,0.05873423919696413
1,98,-0.11277390133431264,0.10999510343983351,0.058703635695923614
1,99,-0.11280450483535316,0.1100991553433713,0.058948463704247764
2,0,0.07719427102460522,-0.07291590157914066,0.009940017137960583
2,1,0.07761659933896438,-0.07300159138205412,0.009958379238584895
2,2,0.07761659933896438,-0.07300159138205412,0.009958379238584895
2,3,0.07686987391357572,-0.07300771208226221,0.01000122414004162
2,4,0.0773289264291835,-0.07320969518912963,0.009585016525890562
2,5,0.0773289264291835,-0.07320969518912963,0.009585016525890562
2,6,0.0774819439343861,-0.07295874648059739,0.009554413024850043
2,7,0.07715142612314849,-0.07295874648059739,0.009756396131717467
2,8,0.07715142612314849,-0.07295874648059739,0.009756396131717467
2,9,0.07725547802668625,-0.07285469457705962,0.009358550618190721
2,10,0.07726159872689435,-0.07282409107601909,0.009713551230260742
2,11,0.07726159872689435,-0.07282409107601909,0.00974415473130126
2,12,0.07719427102460522,-0.07279348757497858,0.00974415473130126
2,13,0.07707185702044314,-0.07305667768392704,0.009689068429428327
2,14,0.0771881503243971,-0.07281184967560289,0.00995225853837679
2,15,0.0771881503243971,-0.07281184967560289,0.00995225853837679
2,16,0.07726771942710246,-0.07327702289141877,0.008985187905496388
2,17,0.07736565063043213,-0.07319133308850533,0.009199412412780023
2,18,0.07736565063043213,-0.07319133308850533,0.009199412412780023
2,19,0.07724935732647815,-0.07302607418288652,0.00977475823234178
2,20,0.07725547802668625,-0.07287917737789204,0.009842085934630922
2,21,0.07725547802668625,-0.07287917737789204,0.009842085934630922
2,22,0.07737789203084833,-0.07300771208226221,0.009854327335047128
2,23,0.0771881503243971,-0.0731484881870486,0.009799241033174196
2,24,0.0771881503243971,-0.0731484881870486,0.009799241033174196
2,25,0.0771636675235647,-0.07292814297955687,0.00913208471049088
2,26,0.0773289264291835,-0.07287305667768393,0.009205533112988126
2,27,0.07723711592606194,-0.07302607418288652,0.009585016525890562
2,28,0.07723711592606194,-0.07302607418288652,0.009585016525890562
2,29,0.07741461623209696,-0.07286081527726772,0.00906475700820174
2,30,0.07739013343126454,-0.07305055698371894,0.009835965234422818
2,31,0.07739013343126454,-0.07305055698371894,0.009835965234422818
2,32,0.07712082262210797,-0.07270779777206512,0.009652344228179703
2,33,0.07721263312522952,-0.07290978087893255,0.009431999020687967
2,34,0.07721263312522952,-0.07290978087893255,0.009431999020687967
2,35,0.07723099522585383,-0.07280572897539479,0.010044069041498347
2,36,0.0773289264291835,-0.07309340188517567,0.009015791406536907
2,37,0.0773289264291835,-0.07309340188517567,0.009015791406536907
2,38,0.07723711592606194,-0.07260374586852736,0.009640102827763496
2,39,0.07723099522585383,-0.07303219488309462,0.009854327335047128
2,40,0.07723099522585383,-0.07303219488309462,0.009854327335047128
2,41,0.0770228914187783,-0.07262822866935978,0.009383033419023136
2,42,0.07720039172481333,-0.07287305667768393,0.009664585628595911
2,43,0.07726771942710246,-0.07306891908434325,0.009970620639001102
2,44,0.07726771942710246,-0.07306891908434325,0.009970620639001102
2,45,0.07717590892398091,-0.07308728118496756,0.009762516831925572
2,46,0.07726159872689435,-0.0729771085812217,0.009217774513404334
2,47,0.07726159872689435,-0.0729771085812217,0.009217774513404334
2,48,0.07753090953605093,-0.07305055698371894,0.008122169176153753
2,49,0.07742073693230506,-0.07311176398579997,0.009670706328804016
2,50,0.07742073693230506,-0.07311176398579997,0.009670706328804016
2,51,0.07727996082751867,-0.07306891908434325,0.009076998408617946
2,52,0.07726771942710246,-0.07298322928142979,0.00954829232464194
2,53,0.07726771942710246,-0.07298322928142979,0.00954829232464194
2,54,0.07715142612314849,-0.07298934998163789,0.009976741339209205
2,55,0.07720039172481333,-0.07286081527726772,0.008942343004039661
2,56,0.07742073693230506,-0.07290366017872445,0.009523809523809523
2,57,0.07738401273105643,-0.07317909168808912,0.008966825804872078
2,58,0.07711470192189987,-0.07309340188517567,0.00982372383400661
2,59,0.07724935732647815,-0.07322805728975394,0.009603378626514874
2,60,0.07726771942710246,-0.07285469457705962,0.009254498714652956
2,61,0.0770228914187783,-0.07286693597747582,0.009915534337128168
2,62,0.07731668502876729,-0.07284857387685151,0.009505447423185213
2,63,0.07740237483168075,-0.07283633247643531,0.009652344228179703
2,64,0.07717590892398091,-0.07302607418288652,0.009689068429428327
2,65,0.07743297833272125,-0.07270167707185701,0.008250703880523933
2,66,0.07743297833272125,-0.07270167707185701,0.009927775737544376
2,67,0.07713306402252418,-0.07280572897539479,0.009927775737544376
2,68,0.07707797772065125,-0.07293426367976497,0.008979067205288285
2,69,0.07731668502876729,-0.07292814297955687,0.009860448035255234
2,70,0.07721875382543762,-0.07311176398579997,0.009640102827763496
2,71,0.07720651242502143,-0.07303219488309462,0.009848206634839025
2,72,0.07737177133064023,-0.0726833149712327,0.009811482433590403
2,73,0.07715142612314849,-0.07287305667768393,0.009750275431509364
2,74,0.07738401273105643,-0.07316685028767292,0.0098053617333823
2,75,0.07731056432855918,-0.07278124617456237,0.009878810135879544
2,76,0.07723099522585383,-0.07285469457705962,0.009725792630676949
2,77,0.07737177133064023,-0.07281797037581099,0.009793120332966091
2,78,0.07737789203084833,-0.07264659076998409,0.009089239809034155
2,79,0.07723099522585383,-0.07284245317664341,0.009793120332966091
2,80,0.07728608152772677,-0.07298322928142979,0.008801566899253275
2,81,0.07726771942710246,-0.07294038437997306,0.009835965234422818
2,82,0.07739625413147264,-0.07298322928142979,0.008415962786142735
2,83,0.07739625413147264,-0.07294038437997306,0.010037948341290244
2,84,0.07737177133064023,-0.07294038437997306,0.010037948341290244
2,85,0.07746358183376179,-0.07313012608642429,0.009713551230260742
2,86,0.0774941853348023,-0.07264659076998409,0.009597257926306769
2,87,0.07698004651732157,-0.07276288407393806,0.0098053617333823
2,88,0.0771636675235647,-0.07305055698371894,0.009891051536295752
2,89,0.07724935732647815,-0.07289753947851633,0.00967682702901212
2,90,0.07717590892398091,-0.07294038437997306,0.009927775737544376
2,91,0.07725547802668625,-0.07295262578038927,0.009982862039417308
2,92,0.07711470192189987,-0.07283633247643531,0.009946137838168686
2,93,0.07729832292814298,-0.07295262578038927,0.00943811972089607
2,94,0.0771697882237728,-0.07322193658954584,0.01005018974170645
2,95,0.0773289264291835,-0.07279960827518668,0.009768637532133676
2,96,0.07709633982127555,-0.07293426367976497,0.009946137838168686
2,97,0.07722487452564573,-0.07286693597747582,0.0090035500061207
2,98,0.07737177133064023,-0.07281184967560289,0.009113722609866568
2,99,0.0774941853348023,-0.07303219488309462,0.009915534337128168
3,0,-0.07679642551107847,-0.07433590402742074,0.015289509119843312
3,1,-0.07679642551107847,-0.07433590402742074,0.015289509119843312
3,2,-0.07641082139796793,-0.07420736932305055,0.015344595421716244
3,3,-0.07660668380462725,-0.0744338352307504,0.015185457216305546
3,4,-0.07660668380462725,-0.0744338352307504,0.015185457216305546
3,5,-0.07647202840004896,-0.07454400783449626,0.01525890561880279
3,6,-0.07658832170400294,-0.07455012853470437,0.015332354021300038
3,7,-0.07658832170400294,-0.07455012853470437,0.015332354021300038
3,8,-0.07659444240421104,-0.07438486962908557,0.015344595421716244
3,9,-0.07671685640837311,-0.07420736932305055,0.015356836822132453
3,10,-0.07671685640837311,-0.07420736932305055,0.015356836822132453
3,11,-0.07651487330150569,-0.07453176643408006,0.015271147019218997
3,12,-0.07660056310441915,-0.07469702533969887,0.015124250214224508
3,13,-0.07660056310441915,-0.07448892153262333,0.015546578528583672
3,14,-0.07660056310441915,-0.07448892153262333,0.015546578528583672
3,15,-0.07634961439588689,-0.0744277145305423,0.015136491614640715
3,16,-0.07656995960337862,-0.0744460766311666,0.01525890561880279
3,17,-0.07656995960337862,-0.0744460766311666,0.01525890561880279
3,18,-0.0768392704125352,-0.07426857632513159,0.015197698616721753
3,19,-0.0766984943077488,-0.0744460766311666,0.015148733015056922
3,20,-0.0766984943077488,-0.0744460766311666,0.015148733015056922
3,21,-0.07658832170400294,-0.074764353041988,0.015167095115681234
3,22,-0.07657608030358673,-0.07446443873179091,0.015338474721508141
3,23,-0.07657608030358673,-0.07446443873179091,0.015338474721508141
3,24,-0.07679030481087037,-0.07436650752846126,0.01525890561880279
3,25,-0.07660056310441915,-0.07434202472762884,0.015356836822132453
3,26,-0.07653323540213,-0.07446443873179091,0.015081405312767781
3,27,-0.07653323540213,-0.07446443873179091,0.015081405312767781
3,28,-0.07696168441669728,-0.07455624923491247,0.015295629820051415
3,29,-0.07656383890317052,-0.07439099032929367,0.015454768025462112
3,30,-0.07656383890317052,-0.07439099032929367,0.015454768025462112
3,31,-0.07664340800587587,-0.07459297343616109,0.015356836822132453
3,32,-0.07653323540213,-0.07471538744032317,0.015136491614640715
3,33,-0.07653323540213,-0.07471538744032317,0.015136491614640715
3,34,-0.07657608030358673,-0.07437874892887746,0.01500183621006243
3,35,-0.07655771820296242,-0.07479495654302852,0.015344595421716244
3,36,-0.07655771820296242,-0.07479495654302852,0.015344595421716244
3,37,-0.07673521850899742,-0.0744460766311666,0.015589423430040397
3,38,-0.07655159750275432,-0.07407883461868038,0.015118129514016403
3,39,-0.07655159750275432,-0.07432978332721263,0.015118129514016403
3,40,-0.07635573509609499,-0.07432978332721263,0.015118129514016403
3,41,-0.0766740115069164,-0.0744460766311666,0.015344595421716244
3,42,-0.07639245929734362,-0.07496021544864732,0.015105888113600197
3,43,-0.07639245929734362,-0.07496021544864732,0.015105888113600197
3,44,-0.0766862529073326,-0.0742808177255478,0.015362957522340556
3,45,-0.07666789080670829,-0.07436650752846126,0.015332354021300038
3,46,-0.07666789080670829,-0.07436650752846126,0.015332354021300038
3,47,-0.07671685640837311,-0.07420124862284246,0.015295629820051415
3,48,-0.07648426980046517,-0.07459297343616109,0.015289509119843312
3,49,-0.07648426980046517,-0.07459297343616109,0.015289509119843312
3,50,-0.07663116660545967,-0.07468478393928266,0.015265026319010893
3,51,-0.07677806341045415,-0.07473374954094748,0.015197698616721753
3,52,-0.07677806341045415,-0.07473374954094748,0.015148733015056922
3,53,-0.07666177010650019,-0.07446443873179091,0.015148733015056922
3,54,-0.0766862529073326,-0.07426857632513159,0.015295629820051415
3,55,-0.07672909780878932,-0.07420124862284246,0.015185457216305546
3,56,-0.07660668380462725,-0.0746174562369935,0.015479250826294528
3,57,-0.07637409719671931,-0.0742746970253397,0.015301750520259519
3,58,-0.07652711470192189,-0.0745990941363692,0.015546578528583672
3,59,-0.07678418411066226,-0.07448892153262333,0.015356836822132453
3,60,-0.07666789080670829,-0.07467866323907454,0.015234422817970375
3,61,-0.07666177010650019,-0.07478883584282042,0.015283388419635205
3,62,-0.07657608030358673,-0.07470314603990696,0.015252784918594687
3,63,-0.07634961439588689,-0.07433590402742074,0.015007956910270534
3,64,-0.07634961439588689,-0.07433590402742074,0.015007956910270534
3,65,-0.07651487330150569,-0.07434814542783694,0.015105888113600197
3,66,-0.07688211531399192,-0.07462969763740972,0.015387440323172972
3,67,-0.07664952870608398,-0.07445831803158282,0.015240543518178478
3,68,-0.07663116660545967,-0.07485616354510956,0.015216060717346064
3,69,-0.07657608030358673,-0.07447668013220712,0.015203819316929856
3,70,-0.0770167707185702,-0.07432978332721263,0.015411923124005387
3,71,-0.07653935610233811,-0.07460521483657731,0.01516097441547313
3,72,-0.07639857999755172,-0.07437262822866936,0.015338474721508141
3,73,-0.07671073570816501,-0.07448280083241524,0.01509364671318399
3,74,-0.07652711470192189,-0.07446443873179091,0.015136491614640715
3,75,-0.07670461500795692,-0.07436650752846126,0.015467009425878319
3,76,-0.07638633859713552,-0.07447668013220712,0.01536907822254866
3,77,-0.07682702901211899,-0.07440935242991799,0.014971232709021912
3,78,-0.07659444240421104,-0.07448892153262333,0.015222181417554168
3,79,-0.07672297710858123,-0.07451340433345574,0.015503733627126943
3,80,-0.07666789080670829,-0.07415840372138573,0.015154853715265027
3,81,-0.07645366629942466,-0.07451340433345574,0.015105888113600197
3,82,-0.07645366629942466,-0.07451340433345574,0.015479250826294528
3,83,-0.07666177010650019,-0.074115558819929,0.015479250826294528
3,84,-0.07659444240421104,-0.07452564573387196,0.015356836822132453
3,85,-0.07654547680254621,-0.07436038682825316,0.015295629820051415
3,86,-0.07648426980046517,-0.07417676582201004,0.015069163912351574
3,87,-0.07666177010650019,-0.07436650752846126,0.01536907822254866
3,88,-0.07654547680254621,-0.07449504223283143,0.015246664218386583
3,89,-0.07651487330150569,-0.07450728363324764,0.01541804382421349
3,90,-0.07651487330150569,-0.0744277145305423,0.015271147019218997
3,91,-0.07661892520504346,-0.07436650752846126,0.01519157791651365
3,92,-0.0768453911127433,-0.07450116293303954,0.015271147019218997
3,93,-0.0765087526012976,-0.0744399559309585,0.015148733015056922
3,94,-0.07635573509609499,-0.07415228302117763,0.015540457828375567
3,95,-0.0766740115069164,-0.07414616232096952,0.015234422817970375
3,96,-0.07640470069775981,-0.07429917982617211,0.015136491614640715
3,97,-0.07633125229526258,-0.07460521483657731,0.015356836822132453
3,98,-0.07659444240421104,-0.07461133553678541,0.015473130126086424
3,99,-0.07665564940629208,-0.07461133553678541,0.015197698616721753
