values,,Magnetometer,Magnetometer,Magnetometer
axis,,x,y,z
Sensor,Sample,,,
0,0,0.03645489043946627,0.05563716489166361,-0.003452074917370547
0,1,0.03657730444362835,0.05536173338229894,-0.0031276778063410457
0,2,0.03657730444362835,0.05536173338229894,-0.0031276778063410457
0,3,0.03648549394050679,0.05544742318521238,-0.0034643163177867546
0,4,0.03650997674133921,0.05555759578895826,-0.003323540213000367
0,5,0.03650997674133921,0.05555759578895826,-0.003323540213000367
0,6,0.03648549394050679,0.05532500918105031,-0.00348879911861917
0,7,0.03646713183988248,0.055398457583547556,-0.0029991431019708655
0,8,0.03646713183988248,0.05524544007834496,-0.0035255233198677933
0,9,0.03655894234300404,0.05524544007834496,-0.0035255233198677933
0,10,0.036405924837801446,0.05528216427959358,-0.003348023013832783
0,11,0.03647325254009058,0.05527604357938548,-0.002791039294895336
0,12,0.03647325254009058,0.05527604357938548,-0.002791039294895336
0,13,0.036632390745501286,0.05532500918105031,-0.0028461255967682703
0,14,0.036393683437385235,0.055012853470437016,-0.0030542294038438
0,15,0.036393683437385235,0.055012853470437016,-0.0030542294038438
0,16,0.03660178724446077,0.05539233688333946,-0.0031950055086301873
0,17,0.03648549394050679,0.05504957767168565,-0.0032868160117517442
0,18,0.03648549394050679,0.05504957767168565,-0.0032868160117517442
0,19,0.036552821642795934,0.05523319867792875,-0.0030848329048843185
0,20,0.036497735340923,0.05520259517688823,-0.0033786265148733016
0,21,0.036497735340923,0.05520259517688823,-0.0033786265148733016
0,22,0.036418166238217656,0.05536785408250704,-0.003452074917370547
0,23,0.03651609744154731,0.05523319867792875,-0.0032806953115436404
0,24,0.03651609744154731,0.05523319867792875,-0.0032806953115436404
0,25,0.03647325254009058,0.055116905373974776,-0.0030236259028032808
0,26,0.03647937324029869,0.05564940629207982,-0.0034398335169543394
0,27,0.03647937324029869,0.05564940629207982,-0.0034398335169543394
0,28,0.03654058024237973,0.055055698371893745,-0.002791039294895336
0,29,0.036534459542171625,0.05526992287917738,-0.0032500918105031217
0,30,0.036534459542171625,0.05526992287917738,-0.0032929367119598485
0,31,0.036418166238217656,0.05550250948708533,-0.0032929367119598485
0,32,0.03631411433467989,0.05517199167584772,-0.0038254376300648797
0,33,0.03648549394050679,0.05510466397355858,-0.0031031950055086304
0,34,0.03648549394050679,0.05510466397355858,-0.0031031950055086304
0,35,0.03655894234300404,0.05539233688333946,-0.003427592116538132
0,36,0.03654058024237973,0.05521483657730445,-0.0031031950055086304
0,37,0.03654058024237973,0.05521483657730445,-0.0031031950055086304
0,38,0.03644876973925817,0.05527604357938548,-0.003243971110295018
0,39,0.036632390745501286,0.05549026808666911,-0.002944056800097931
0,40,0.036632390745501286,0.05549026808666911,-0.002944056800097931
0,41,0.03678540825070388,0.055404578283755654,-0.0029318153996817234
0,42,0.03635695923613662,0.05534949198188273,-0.003427592116538132
0,43,0.03635695923613662,0.05534949198188273,-0.003427592116538132
0,44,0.036565063043212144,0.055294405680009796,-0.0030542294038438
0,45,0.036546700942587836,0.05542294038437997,-0.002907332598849308
0,46,0.036546700942587836,0.05542294038437997,-0.002907332598849308
0,47,0.03668747704737422,0.055612682090831186,-0.0029624189007222425
0,48,0.03648549394050679,0.05524544007834496,-0.0030297466030113846
0,49,0.03648549394050679,0.05524544007834496,-0.0030297466030113846
0,50,0.03654058024237973,0.05534949198188273,-0.003243971110295018
0,51,0.03660178724446077,0.05502509487085323,-0.002760435793854817
0,52,0.03654058024237973,0.05523319867792875,-0.0030236259028032808
0,53,0.03654058024237973,0.05523319867792875,-0.0030236259028032808
0,54,0.03651609744154731,0.05520259517688823,-0.00292569469947362
0,55,0.03650385604113111,0.05520259517688823,-0.00292569469947362
0,56,0.03650385604113111,0.05520259517688823,-0.00292569469947362
0,57,0.036307993634471784,0.05535561268209083,-0.003017505202595177
0,58,0.03644264903905007,0.05520871587709634,-0.003219488309462602
0,59,0.03644264903905007,0.05520871587709634,-0.003219488309462602
0,60,0.03643040763863386,0.055257681478761166,-0.002980781001346554
0,61,0.03652221814175542,0.05507406047251806,-0.002827763496143959
0,62,0.03652221814175542,0.05507406047251806,-0.002827763496143959
0,63,0.036412045538009544,0.05531888848084221,-0.0033541437140408867
0,64,0.03650997674133921,0.05539233688333946,-0.003048108703635696
0,65,0.03650997674133921,0.05539233688333946,-0.003048108703635696
0,66,0.03669971844779042,0.05526992287917738,-0.0031827641082139797
0,67,0.03671195984820663,0.055478026686252915,-0.003262333210919329
0,68,0.03671195984820663,0.055478026686252915,-0.003262333210919329
0,69,0.0361855796303097,0.05531888848084221,-0.0035255233198677933
0,70,0.036491614640714896,0.05527604357938548,-0.0029624189007222425
0,71,0.036491614640714896,0.05527604357938548,-0.0029624189007222425
0,72,0.03635695923613662,0.05519035377647202,-0.0032868160117517442
0,73,0.03637532133676093,0.055398457583547556,-0.002888970498224997
0,74,0.03650997674133921,0.05550250948708533,-0.003201126208838291
0,75,0.03650997674133921,0.05550250948708533,-0.003201126208838291
0,76,0.03646101113967438,0.055410698983963766,-0.0034031093157057164
0,77,0.036418166238217656,0.05520259517688823,-0.0027665564940629207
0,78,0.036418166238217656,0.05520259517688823,-0.0027665564940629207
0,79,0.03644264903905007,0.05531276778063411,-0.0031582813073815644
0,80,0.03658342514383646,0.055306647080426,-0.0031276778063410457
0,81,0.03658342514383646,0.055306647080426,-0.0031276778063410457
0,82,0.036552821642795934,0.05523319867792875,-0.0030970743053005266
0,83,0.03672420124862284,0.05520871587709634,-0.003678540825070388
0,84,0.03672420124862284,0.05520871587709634,-0.003678540825070388
0,85,0.03651609744154731,0.055337250581466525,-0.003243971110295018
0,86,0.03636920063655282,0.055453543885420495,-0.0034826784184110665
0,87,0.03636920063655282,0.055453543885420495,-0.0034826784184110665
0,88,0.036277390133431266,0.05525156077855307,-0.0034949198188272738
0,89,0.03643040763863386,0.055300526380217895,-0.0040457828375566164
0,90,0.03643040763863386,0.055300526380217895,-0.0040457828375566164
0,91,0.03644264903905007,0.05528216427959358,-0.002895091198433101
0,92,0.03644264903905007,0.05528216427959358,-0.002913453299057412
0,93,0.03644264903905007,0.05528216427959358,-0.002913453299057412
0,94,0.03669971844779042,0.0554657852858367,-0.0031154364059248377
0,95,0.03657730444362835,0.05526380217896928,-0.0030419880034275922
0,96,0.03657730444362835,0.05526380217896928,-0.0030909536050924224
0,97,0.036436528338841964,0.05541681968417187,-0.0030909536050924224
0,98,0.036620149345085076,0.05517199167584772,-0.0031215571061329415
0,99,0.03646713183988248,0.055404578283755654,-0.003133798506549149
1,0,-0.05036112131227812,0.08271514261231486,0.026361855796303096
1,1,-0.050483535316440196,0.08258660790794467,0.025713061574244096
1,2,-0.05054474231852124,0.08281307381564451,0.025908923980903414
1,3,-0.05054474231852124,0.08281307381564451,0.025908923980903414
1,4,-0.05058146651976986,0.08264169420981761,0.026214958991308608
1,5,-0.05031827641082139,0.08289264291834986,0.026276165993389645
1,6,-0.05031827641082139,0.08289264291834986,0.026245562492349123
1,7,-0.05044069041498347,0.08269065981148244,0.026245562492349123
1,8,-0.050495776716856414,0.08275186681356347,0.026588321704002937
1,9,-0.050269310809156566,0.0826600563104419,0.026637287305667768
1,10,-0.050269310809156566,0.0826600563104419,0.026637287305667768
1,11,-0.050110172603745874,0.08243359040274208,0.02647814910025707
1,12,-0.050342759211653806,0.08243359040274208,0.026698494307748805
1,13,-0.050342759211653806,0.08243359040274208,0.026698494307748805
1,14,-0.05043456971477537,0.0826539356102338,0.026490390500673276
1,15,-0.05022034520749173,0.08277022891418778,0.02596401028277635
1,16,-0.05022034520749173,0.08277022891418778,0.02596401028277635
1,17,-0.050526380217896925,0.08251928020565553,0.02656995960337863
1,18,-0.05037336271269434,0.08255600440690415,0.02657608030358673
1,19,-0.05037336271269434,0.08255600440690415,0.02657608030358673
1,20,-0.05053862161831314,0.08253152160607173,0.026692373607540704
1,21,-0.05030603501040519,0.08254376300648794,0.026276165993389645
1,22,-0.05058758721997797,0.08254988370669605,0.026319010894846374
1,23,-0.05058758721997797,0.08254988370669605,0.026319010894846374
1,24,-0.0501591382054107,0.0826539356102338,0.026502631901089486
1,25,-0.050281552209572776,0.0826294528094014,0.026343493695678788
1,26,-0.050281552209572776,0.0826294528094014,0.026343493695678788
1,27,-0.050422328314359166,0.08251315950544742,0.025633492471538743
1,28,-0.05018974170645122,0.08243359040274208,0.02633125229526258
1,29,-0.05018974170645122,0.08243359040274208,0.02633125229526258
1,30,-0.05075284612559677,0.08262333210919329,0.026178234790059984
1,31,-0.05058758721997797,0.08261109070877708,0.02662504590525156
1,32,-0.05058758721997797,0.08261109070877708,0.02662504590525156
1,33,-0.050630432121434685,0.08259884930836088,0.026680132207124497
1,34,-0.05036112131227812,0.08284367731668503,0.02644142489900845
1,35,-0.050342759211653806,0.08245195250336639,0.026380217896927412
1,36,-0.050342759211653806,0.08245195250336639,0.026380217896927412
1,37,-0.050422328314359166,0.08277022891418778,0.02615987268943567
1,38,-0.05039172481331864,0.08264169420981761,0.026551597502754314
1,39,-0.05039172481331864,0.08264169420981761,0.026551597502754314
1,40,-0.05033663851144571,0.08239686620149345,0.02639857999755172
1,41,-0.05039172481331864,0.08243359040274208,0.026361855796303096
1,42,-0.05039172481331864,0.08243359040274208,0.026361855796303096
1,43,-0.05020198310686742,0.08264781491002571,0.02643530419880034
1,44,-0.05026319010894846,0.08245195250336639,0.02672297710858122
1,45,-0.05026319010894846,0.08245195250336639,0.025156077855306647
1,46,-0.050428449014567264,0.08266617701065002,0.026092544987146533
1,47,-0.050483535316440196,0.0826600563104419,0.026129269188395154
1,48,-0.05033051781123761,0.08255600440690415,0.026692373607540704
1,49,-0.05033051781123761,0.08255600440690415,0.026692373607540704
1,50,-0.05053250091810503,0.08264169420981761,0.026325131595054473
1,51,-0.05036112131227812,0.08256212510711225,0.026606683804627253
1,52,-0.05036112131227812,0.08256212510711225,0.026606683804627253
1,53,-0.05044681111519158,0.08272126331252296,0.02625780389276533
1,54,-0.05031827641082139,0.08269065981148244,0.026343493695678788
1,55,-0.05031827641082139,0.08269065981148244,0.026343493695678788
1,56,-0.05036112131227812,0.08244583180315827,0.026245562492349123
1,57,-0.05034887991186192,0.08260497000856898,0.02647814910025707
1,58,-0.05034887991186192,0.08256212510711225,0.026606683804627253
1,59,-0.050563104419145556,0.08256212510711225,0.026606683804627253
1,60,-0.05053250091810503,0.08260497000856898,0.026423062798384134
1,61,-0.050526380217896925,0.08268453911127432,0.025725302974660302
1,62,-0.050526380217896925,0.08268453911127432,0.025725302974660302
1,63,-0.050563104419145556,0.08272126331252296,0.026600563104419144
1,64,-0.05046517321581588,0.08261721140898519,0.026263924592973435
1,65,-0.05046517321581588,0.08261721140898519,0.026263924592973435
1,66,-0.05054474231852124,0.08231117639858,0.026361855796303096
1,67,-0.050630432121434685,0.0826294528094014,0.026055820785897903
1,68,-0.050630432121434685,0.0826294528094014,0.026055820785897903
1,69,-0.050410086913942956,0.08252540090586363,0.02643530419880034
1,70,-0.05036724201248623,0.08258048720773656,0.02647814910025707
1,71,-0.05036724201248623,0.08218264169420982,0.026221079691516706
1,72,-0.05034887991186192,0.08218264169420982,0.026221079691516706
1,73,-0.05050189741706451,0.08291712571918228,0.026514873301505693
1,74,-0.050416207614151054,0.08266617701065002,0.0266862529073326
1,75,-0.050416207614151054,0.08266617701065002,0.0266862529073326
1,76,-0.05053250091810503,0.08245195250336639,0.026068062186314116
1,77,-0.050452931815399685,0.08271514261231486,0.02638633859713551
1,78,-0.050452931815399685,0.08271514261231486,0.02638633859713551
1,79,-0.050208103807075535,0.08254376300648794,0.025945648182152038
1,80,-0.050416207614151054,0.08284979801689313,0.026074182886522218
1,81,-0.050416207614151054,0.08284979801689313,0.026074182886522218
1,82,-0.05036724201248623,0.08247031460399071,0.02680254621128657
1,83,-0.050410086913942956,0.08272126331252296,0.026025217284857387
1,84,-0.050410086913942956,0.08272126331252296,0.025664095972579265
1,85,-0.050428449014567264,0.08256824580732036,0.025664095972579265
1,86,-0.05031827641082139,0.08257436650752846,0.02546823356591994
1,87,-0.05027543150936468,0.08260497000856898,0.02563961317174685
1,88,-0.05027543150936468,0.08260497000856898,0.02563961317174685
1,89,-0.05037948341290244,0.08264781491002571,0.02591504468111152
1,90,-0.050563104419145556,0.08278859101481209,0.025529440568000977
1,91,-0.050563104419145556,0.08278859101481209,0.025529440568000977
1,92,-0.0504774146162321,0.08261721140898519,0.025970130982984452
1,93,-0.050495776716856414,0.08245807320357448,0.02564573387195495
1,94,-0.050495776716856414,0.08245807320357448,0.02564573387195495
1,95,-0.05040396621373485,0.08249479740482311,0.026068062186314116
1,96,-0.05040396621373485,0.08241522830211775,0.02612314848818705
1,97,-0.05040396621373485,0.08241522830211775,0.02612314848818705
1,98,-0.050422328314359166,0.08288652221814176,0.025859958379238584
1,99,-0.050416207614151054,0.08268453911127432,0.02570082017382789
2,0,0.09553188884808422,-0.05665932182641694,0.051946382666177016
2,1,0.09553188884808422,-0.05665932182641694,0.051946382666177016
2,2,0.09555025094870853,-0.0562737177133064,0.050324397111029505
2,3,0.09549516464683559,-0.05626147631289019,0.05184845146284735
2,4,0.09549516464683559,-0.05626147631289019,0.05184845146284735
2,5,0.09561145795078957,-0.05651242502142245,0.05204431386950668
2,6,0.09549516464683559,-0.05629820051413882,0.0519280205655527
2,7,0.09549516464683559,-0.05629820051413882,0.0519280205655527
2,8,0.09551964744766801,-0.05640225241767658,0.050556983718937444
2,9,0.09561145795078957,-0.056506304321214354,0.05218508997429307
2,10,0.09559921655037337,-0.056212510711225364,0.052038193169298565
2,11,0.09559921655037337,-0.056212510711225364,0.052038193169298565
2,12,0.09552576814787613,-0.05641449381809279,0.04925327457461133
2,13,0.0956543028522463,-0.05647570082017382,0.050214224507283634
2,14,0.0956543028522463,-0.05647570082017382,0.050214224507283634
2,15,0.09541559554413025,-0.05623699351205778,0.05181172726159873
2,16,0.09544007834496267,-0.056432855918717106,0.05217284857387685
2,17,0.09544007834496267,-0.056432855918717106,0.05217284857387685
2,18,0.09562369935120578,-0.05626147631289019,0.05174439955930958
2,19,0.09564206145183009,-0.056285959113722604,0.05025706940874036
2,20,0.09564206145183009,-0.056285959113722604,0.05025706940874036
2,21,0.09545844044558698,-0.056145183008936214,0.05101603623454524
2,22,0.09532378504100869,-0.05648794222059004,0.05167707185702044
2,23,0.09532378504100869,-0.05492104296731546,0.05205655526992288
2,24,0.09530542294038438,-0.05615742440935243,0.05205655526992288
2,25,0.09556249234912474,-0.0562737177133064,0.05201371036846615
2,26,0.09556249234912474,-0.056279838413514506,0.05179948586118251
2,27,0.09556249234912474,-0.056279838413514506,0.05179948586118251
2,28,0.09554413024850042,-0.05625535561268209,0.05105888113600195
2,29,0.09571550985432734,-0.05635940751621985,0.05246664218386583
2,30,0.09571550985432734,-0.05635940751621985,0.05246664218386583
2,31,0.09561145795078957,-0.05671440812828987,0.05113845023870731
2,32,0.09573387195495164,-0.056322683314971235,0.050630432121434685
2,33,0.09573387195495164,-0.056322683314971235,0.050630432121434685
2,34,0.09559309585016526,-0.056212510711225364,0.05230138327824703
2,35,0.09593585506181908,-0.05667156322683316,0.05219733137470926
2,36,0.09593585506181908,-0.05667156322683316,0.05219733137470926
2,37,0.09583792385848941,-0.05634104541559555,0.05201983106867426
2,38,0.09572775125474355,-0.05629820051413882,0.05201983106867426
2,39,0.095813441057657,-0.05662871832537643,0.051909658464928385
2,40,0.095813441057657,-0.05662871832537643,0.051909658464928385
2,41,0.09551964744766801,-0.05639001101726038,0.051150691639123516
2,42,0.09571550985432734,-0.05601664830456604,0.05218508997429307
2,43,0.09571550985432734,-0.05601664830456604,0.05218508997429307
2,44,0.09544619904517077,-0.056292079813930716,0.05221569347533358
2,45,0.09555025094870853,-0.05630432121434692,0.051511812951401635
2,46,0.09555025094870853,-0.05630432121434692,0.051511812951401635
2,47,0.09574611335536785,-0.05632880401517933,0.05189741706451219
2,48,0.09538499204308973,-0.05616966580976864,0.05230750397845514
2,49,0.09538499204308973,-0.05616966580976864,0.05230750397845514
2,50,0.09535438854204921,-0.0562675970130983,0.05068551842330763
2,51,0.09573387195495164,-0.056567511323295384,0.05107724323662627
2,52,0.09569714775370303,-0.05635940751621985,0.05228302117762272
2,53,0.09569714775370303,-0.05635940751621985,0.05228302117762272
2,54,0.0954829232464194,-0.056224752111641574,0.052160607173460646
2,55,0.09572775125474355,-0.05623699351205778,0.05199534826784184
2,56,0.09572775125474355,-0.05623699351205778,0.05199534826784184
2,57,0.09575835475578406,-0.0562675970130983,0.051371036846615245
2,58,0.09552576814787613,-0.05637776961684417,0.05182396866201493
2,59,0.09552576814787613,-0.05637776961684417,0.05182396866201493
2,60,0.09560533725058147,-0.056151303709144326,0.051395519647447666
2,61,0.09559921655037337,-0.05644509731913331,0.05203207246909046
2,62,0.09559921655037337,-0.05644509731913331,0.05203207246909046
2,63,0.0955012853470437,-0.05633492471538744,0.051768882360142
2,64,0.0954890439466275,-0.0561084588076876,0.05204431386950668
2,65,0.0954890439466275,-0.0561084588076876,0.05204431386950668
2,66,0.09547068184600319,-0.05631656261476313,0.05140164034765578
2,67,0.09555025094870853,-0.05635328681601175,0.05207491737054719
2,68,0.0956726649528706,-0.056292079813930716,0.052160607173460646
2,69,0.0956726649528706,-0.056292079813930716,0.052160607173460646
2,70,0.09553800954829232,-0.056365528216427964,0.05198922756763373
2,71,0.09572163055453545,-0.0562737177133064,0.05204431386950668
2,72,0.09572163055453545,-0.0562737177133064,0.05204431386950668
2,73,0.09564206145183009,-0.056506304321214354,0.05136491614640715
2,74,0.09530542294038438,-0.05650018362100624,0.051940261965968904
2,75,0.09530542294038438,-0.05650018362100624,0.051940261965968904
2,76,0.09583792385848941,-0.05650018362100624,0.052111641571795805
2,77,0.09585628595911372,-0.056383890317052265,0.051750520259517686
2,78,0.09585628595911372,-0.056383890317052265,0.051750520259517686
2,79,0.09562369935120578,-0.05634104541559555,0.05221569347533358
2,80,0.09570938915411922,-0.056224752111641574,0.05202595176888236
2,81,0.09570938915411922,-0.056224752111641574,0.05107112253641817
2,82,0.09547680254621128,-0.056292079813930716,0.05107112253641817
2,83,0.0956604235524544,-0.0561023381074795,0.05110784673766679
2,84,0.0954829232464194,-0.056506304321214354,0.050281552209572776
2,85,0.0954829232464194,-0.056506304321214354,0.050281552209572776
2,86,0.09542171624433834,-0.056524666421838655,0.051554657852858364
2,87,0.09561757865099767,-0.056426735218508994,0.052038193169298565
2,88,0.09561757865099767,-0.056426735218508994,0.052038193169298565
2,89,0.0953115436405925,-0.05626147631289019,0.052081038070755294
2,90,0.09588688946015425,-0.05618802791039294,0.052160607173460646
2,91,0.09588688946015425,-0.05618802791039294,0.052160607173460646
2,92,0.0954890439466275,-0.05635328681601175,0.051413881748071974
2,93,0.09547068184600319,-0.056212510711225364,0.05204431386950668
2,94,0.09547068184600319,-0.056212510711225364,0.05204431386950668
2,95,0.09551964744766801,-0.05644509731913331,0.051548537152650266
2,96,0.09541559554413025,-0.056322683314971235,0.05221569347533358
2,97,0.09547680254621128,-0.05623087281184967,0.05187905496388787
2,98,0.09547680254621128,-0.05623087281184967,0.05187905496388787
2,99,0.09559921655037337,-0.056181907210184845,0.05162810625535561
3,0,-0.0927775737544375,-0.0559493206022769,0.0586975149957155
3,1,-0.0927775737544375,-0.0559493206022769,0.0586975149957155
3,2,-0.09302852246296976,-0.05596156200269311,0.058936222303831554
3,3,-0.0926061941486106,-0.05573509609499326,0.05896070510466397
3,4,-0.09285102215693475,-0.056071734606438974,0.05881380829966948
3,5,-0.09285102215693475,-0.056071734606438974,0.05881380829966948
3,6,-0.09263067694944302,-0.05595544130248501,0.058948463704247764
3,7,-0.09247765944424043,-0.05598604480352552,0.05875260129758845
3,8,-0.09247765944424043,-0.05598604480352552,0.05875260129758845
3,9,-0.09271024605214837,-0.05602888970498225,0.05875260129758845
3,10,-0.09268576325131596,-0.05597380340310931,0.058905618802791035
3,11,-0.09268576325131596,-0.05597380340310931,0.058905618802791035
3,12,-0.09300403966213736,-0.056083976006855184,0.058930101603623455
3,13,-0.09298567756151303,-0.056077855306647086,0.05879544619904518
3,14,-0.09298567756151303,-0.056077855306647086,0.05879544619904518
3,15,-0.09278981515485371,-0.055900355000612065,0.05867303219488309
3,16,-0.09306524666421838,-0.05605337250581467,0.05891173950299914
3,17,-0.09258171134777818,-0.055943199902068794,0.058691394295507404
3,18,-0.09258171134777818,-0.055943199902068794,0.058691394295507404
3,19,-0.09239809034153507,-0.05591259640102828,0.05875872199779655
3,20,-0.09256946994736198,-0.05587587219977965,0.05850165258905619
3,21,-0.09256946994736198,-0.05587587219977965,0.05850165258905619
3,22,-0.09274697025339698,-0.05609009670706329,0.0586975149957155
3,23,-0.09252662504590525,-0.05601664830456604,0.0586975149957155
3,24,-0.09252662504590525,-0.05601664830456604,0.0586975149957155
3,25,-0.0927592116538132,-0.055857510099155336,0.058862773901334306
3,26,-0.09272248745256458,-0.0561145795078957,0.05889949810258294
3,27,-0.09272248745256458,-0.0561145795078957,0.05889949810258294
3,28,-0.09253886644632145,-0.05602888970498225,0.05888113600195862
3,29,-0.09236748684049455,-0.05591871710123638,0.05870975639613172
3,30,-0.09267352185089975,-0.0559493206022769,0.058789325498837065
3,31,-0.09267352185089975,-0.0559493206022769,0.058789325498837065
3,32,-0.09256946994736198,-0.05574733749540948,0.05875260129758845
3,33,-0.0926000734484025,-0.05587587219977965,0.05875872199779655
3,34,-0.0926000734484025,-0.05587587219977965,0.05875872199779655
3,35,-0.09272860815277267,-0.0559493206022769,0.05853225609009671
3,36,-0.09270412535194025,-0.05601664830456604,0.05881992899987759
3,37,-0.09270412535194025,-0.05601664830456604,0.05881992899987759
3,38,-0.09264903905006733,-0.0561023381074795,0.058746480597380336
3,39,-0.09266128045048354,-0.05616354510956053,0.05871587709633982
3,40,-0.09266128045048354,-0.05616354510956053,0.05871587709633982
3,41,-0.09257559064757008,-0.05574121679520137,0.058801566899253276
3,42,-0.09263679764965112,-0.05580854449749051,0.05878320479862896
3,43,-0.09263679764965112,-0.05601664830456604,0.058832170400293794
3,44,-0.09273472885298079,-0.05601664830456604,0.058832170400293794
3,45,-0.09280205655526992,-0.05598604480352552,0.05881380829966948
3,46,-0.0926061941486106,-0.056077855306647086,0.05888113600195862
3,47,-0.0926061941486106,-0.056077855306647086,0.05888113600195862
3,48,-0.09281429795568613,-0.05599216550373363,0.058832170400293794
3,49,-0.09252662504590525,-0.05589423430040397,0.05904027420736933
3,50,-0.09252662504590525,-0.05589423430040397,0.05904027420736933
3,51,-0.09285102215693475,-0.05586363079936345,0.05876484269800465
3,52,-0.09272248745256458,-0.05618802791039294,0.058630187293426374
3,53,-0.09272248745256458,-0.05618802791039294,0.058630187293426374
3,54,-0.09271024605214837,-0.05609009670706329,0.05853837679030481
3,55,-0.09270412535194025,-0.05587587219977965,0.05873423919696413
3,56,-0.09269800465173215,-0.05597380340310931,0.05880768759946138
3,57,-0.09269800465173215,-0.05597380340310931,0.05880768759946138
3,58,-0.09237360754070265,-0.05602888970498225,0.0589974293059126
3,59,-0.09252662504590525,-0.05616966580976864,0.05883829110050189
3,60,-0.09252662504590525,-0.05616966580976864,0.05883829110050189
3,61,-0.09282041865589423,-0.05623087281184967,0.05859346309217774
3,62,-0.09285102215693475,-0.056077855306647086,0.05875872199779655
3,63,-0.09285102215693475,-0.056077855306647086,0.05875872199779655
3,64,-0.09258783204798629,-0.05613294160852002,0.0586791528950912
3,65,-0.09248378014444852,-0.05603501040519036,0.05871587709633982
3,66,-0.09248378014444852,-0.05603501040519036,0.05871587709633982
3,67,-0.09267964255110785,-0.055979924103317424,0.05880768759946138
3,68,-0.09267964255110785,-0.056145183008936214,0.05901579140653691
3,69,-0.09255722854694577,-0.05580854449749051,0.05896070510466397
3,70,-0.09255722854694577,-0.05580854449749051,0.05896070510466397
3,71,-0.09297343616109684,-0.05634104541559555,0.058832170400293794
3,72,-0.09281429795568613,-0.0561207002081038,0.05879544619904518
3,73,-0.09281429795568613,-0.0561207002081038,0.05879544619904518
3,74,-0.09281429795568613,-0.05585138939894724,0.05859958379238585
3,75,-0.09297343616109684,-0.05612682090831191,0.058685273595299306
3,76,-0.09297343616109684,-0.05612682090831191,0.058685273595299306
3,77,-0.09291222915901579,-0.05586975149957155,0.058832170400293794
3,78,-0.09269800465173215,-0.05620026931080916,0.058862773901334306
3,79,-0.09269800465173215,-0.05620026931080916,0.058862773901334306
3,80,-0.09272248745256458,-0.05613294160852002,0.05874035989717223
3,81,-0.09267352185089975,-0.05572897539478516,0.058844411800710004
3,82,-0.09267352185089975,-0.05572897539478516,0.0586791528950912
3,83,-0.09280817725547803,-0.056083976006855184,0.0586791528950912
3,84,-0.09265515975027543,-0.05603501040519036,0.05880768759946138
3,85,-0.09264291834985923,-0.05587587219977965,0.05863630799363447
3,86,-0.09264291834985923,-0.05587587219977965,0.05863630799363447
3,87,-0.09278369445464561,-0.055967682702901214,0.058844411800710004
3,88,-0.09271636675235648,-0.05582078589790672,0.058660790794466885
3,89,-0.09271636675235648,-0.05582078589790672,0.058660790794466885
3,90,-0.0926123148488187,-0.055937079201860695,0.05874035989717223
3,91,-0.0927775737544375,-0.05631656261476313,0.058630187293426374
3,92,-0.0927775737544375,-0.05631656261476313,0.058630187293426374
3,93,-0.09274084955318888,-0.055979924103317424,0.05878320479862896
3,94,-0.09258171134777818,-0.05582078589790672,0.05882604970008569
3,95,-0.09258171134777818,-0.05582078589790672,0.05882604970008569
3,96,-0.09264903905006733,-0.055784061696658095,0.05876484269800465
3,97,-0.09281429795568613,-0.0561023381074795,0.058489411188639984
3,98,-0.09304688456359408,-0.055753458195617576,0.05853837679030481
3,99,-0.09304688456359408,-0.055753458195617576,0.05853837679030481
