values,,Magnetometer,Magnetometer,Magnetometer
axis,,x,y,z
Sensor,Sample,,,
0,0,0.030444362835108336,0.05251560778553066,-0.008936222303831558
0,1,0.030585138939894722,0.052895091198433095,-0.008685273595299301
0,2,0.030585138939894722,0.052895091198433095,-0.008685273595299301
0,3,0.03035867303219488,0.052760435793854824,-0.008434324886767045
0,4,0.030530052638021787,0.05277267719427102,-0.008685273595299301
0,5,0.030530052638021787,0.05277267719427102,-0.008685273595299301
0,6,0.030285224629697637,0.05285224629697638,-0.008550618190721018
0,7,0.030572897539478516,0.05272983229281429,-0.008348635083853593
0,8,0.030572897539478516,0.05272983229281429,-0.008348635083853593
0,9,0.030315828130738152,0.052680866691149464,-0.008911739502999142
0,10,0.030634104541559553,0.052717590892398095,-0.0082017382788591
0,11,0.030634104541559553,0.052717590892398095,-0.0082017382788591
0,12,0.030536173338229895,0.052937936099889824,-0.008403721385726527
0,13,0.030438242134900234,0.052974660301138454,-0.008770963398212756
0,14,0.030438242134900234,0.052974660301138454,-0.008770963398212756
0,15,0.030444362835108336,0.052791039294895335,-0.008673032194883095
0,16,0.03041988003427592,0.052717590892398095,-0.008752601297588444
0,17,0.03041988003427592,0.052717590892398095,-0.008752601297588444
0,18,0.030572897539478516,0.05291345329905741,-0.00839147998531032
0,19,0.03037091443261109,0.05290733259884931,-0.008526135389888603
0,20,0.03037091443261109,0.05290733259884931,-0.008526135389888603
0,21,0.030407638633859712,0.05262578038927653,-0.008360876484269801
0,22,0.030260741828865224,0.052760435793854824,-0.00856898029134533
0,23,0.03043212143469213,0.05270534949198188,-0.00926061941486106
0,24,0.03043212143469213,0.05270534949198188,-0.00926061941486106
0,25,0.030334190231362468,0.052650263190108945,-0.008250703880523933
0,26,0.030762639245929736,0.05284612559676827,-0.008605704492593954
0,27,0.030762639245929736,0.05284612559676827,-0.008605704492593954
0,28,0.030523931937813685,0.05279715999510344,-0.008758721997796547
0,29,0.03041988003427592,0.052931815399681725,-0.008073203574488921
0,30,0.03041988003427592,0.052931815399681725,-0.008073203574488921
0,31,0.030346431631778675,0.052791039294895335,-0.008373117884686008
0,32,0.03041988003427592,0.05285224629697638,-0.008501652589056188
0,33,0.03041988003427592,0.05285224629697638,-0.008501652589056188
0,34,0.03043212143469213,0.05255845268698739,-0.008758721997796547
0,35,0.03043212143469213,0.05262578038927653,-0.008868894601542417
0,36,0.03043212143469213,0.05262578038927653,-0.008868894601542417
0,37,0.03037091443261109,0.052693108091565674,-0.008366997184477904
0,38,0.030487207736565065,0.05272371159260619,-0.008844411800710002
0,39,0.030487207736565065,0.05272371159260619,-0.008844411800710002
0,40,0.03078712204676215,0.05274207369323051,-0.008501652589056188
0,41,0.030585138939894722,0.05280328069531154,-0.008899498102582936
0,42,0.030585138939894722,0.05280328069531154,-0.008899498102582936
0,43,0.030352552331986783,0.052674745990941366,-0.008513893989472396
0,44,0.030462724935732648,0.05272371159260619,-0.008269065981148243
0,45,0.030462724935732648,0.05266250459052516,-0.008532256090096706
0,46,0.030530052638021787,0.05266250459052516,-0.008532256090096706
0,47,0.03056065613906231,0.05274207369323051,-0.008936222303831558
0,48,0.030505569837189373,0.05258905618802791,-0.008783204798628963
0,49,0.030505569837189373,0.05258905618802791,-0.008783204798628963
0,50,0.03029134532990574,0.05284000489656017,-0.00845880768759946
0,51,0.03035867303219488,0.052693108091565674,-0.008544497490512915
0,52,0.03035867303219488,0.052693108091565674,-0.008544497490512915
0,53,0.03056677683927041,0.05266250459052516,-0.008819928999877585
0,54,0.030297466030113844,0.052895091198433095,-0.008728118496756029
0,55,0.030297466030113844,0.052895091198433095,-0.008728118496756029
0,56,0.03064022524176766,0.05270534949198188,-0.0085200146896805
0,57,0.030548414738646102,0.052833884196352064,-0.008128289876361857
0,58,0.030548414738646102,0.052833884196352064,-0.008128289876361857
0,59,0.030481087036356956,0.05266862529073326,-0.008979067205288285
0,60,0.0303831558330273,0.052680866691149464,-0.008489411188639981
0,61,0.0303831558330273,0.052680866691149464,-0.008489411188639981
0,62,0.030542294038437993,0.05261353898886033,-0.00877708409842086
0,63,0.030585138939894722,0.052686987391357576,-0.009174929611947606
0,64,0.030585138939894722,0.052686987391357576,-0.009174929611947606
0,65,0.030346431631778675,0.05272371159260619,-0.00823234177989962
0,66,0.030505569837189373,0.05280328069531154,-0.008397600685518423
0,67,0.030523931937813685,0.05272983229281429,-0.00839147998531032
0,68,0.030523931937813685,0.05272983229281429,-0.00839147998531032
0,69,0.030248500428449017,0.052760435793854824,-0.008666911494674991
0,70,0.030352552331986783,0.05275431509364671,-0.008385359285102216
0,71,0.030352552331986783,0.05275431509364671,-0.008385359285102216
0,72,0.030621863141143346,0.05278491859468724,-0.008165014077610479
0,73,0.030456604235524543,0.05278491859468724,-0.00839147998531032
0,74,0.030456604235524543,0.05278491859468724,-0.00839147998531032
0,75,0.030487207736565065,0.05292569469947363,-0.008409842085934632
0,76,0.03051781123760558,0.05280328069531154,-0.00808544497490513
0,77,0.03051781123760558,0.05280328069531154,-0.00808544497490513
0,78,0.03041375933406782,0.05271147019218999,-0.008526135389888603
0,79,0.03024237972824091,0.05265638389031705,-0.008881136001958624
0,80,0.03024237972824091,0.05265638389031705,-0.008881136001958624
0,81,0.030438242134900234,0.05296853960093034,-0.00887501530175052
0,82,0.030487207736565065,0.05275431509364671,-0.008887256702166727
0,83,0.030487207736565065,0.05275431509364671,-0.008887256702166727
0,84,0.030395397233443505,0.05274207369323051,-0.008507773289264293
0,85,0.030340310931570573,0.05287060839760068,-0.008544497490512915
0,86,0.030340310931570573,0.05287060839760068,-0.008544497490512915
0,87,0.030444362835108336,0.05280940139551965,-0.008666911494674991
0,88,0.030536173338229895,0.05266250459052516,-0.008415962786142735
0,89,0.030536173338229895,0.05246052148365773,-0.008562859591137225
0,90,0.03043212143469213,0.05246052148365773,-0.008562859591137225
0,91,0.03036479373240299,0.052791039294895335,-0.00845880768759946
0,92,0.0303831558330273,0.0527359529930224,-0.008483290488431878
0,93,0.0303831558330273,0.0527359529930224,-0.008483290488431878
0,94,0.030438242134900234,0.05287060839760068,-0.008513893989472396
0,95,0.030474966336148858,0.052821642795935854,-0.009021912106745012
0,96,0.030474966336148858,0.052821642795935854,-0.009021912106745012
0,97,0.030334190231362468,0.05279715999510344,-0.008832170400293795
0,98,0.030487207736565065,0.05296853960093034,-0.008287428081772555
0,99,0.030487207736565065,0.05296853960093034,-0.008287428081772555
1,0,-0.0442098176031338,0.08011384502387073,0.02065736320235035
1,1,-0.04440568000979312,0.079893499816379,0.020363569592361366
1,2,-0.04440568000979312,0.079893499816379,0.020363569592361366
1,3,-0.044442404211041744,0.07982005141388174,0.01969029256946995
1,4,-0.04446076631166605,0.07993022401762762,0.020339086791528953
1,5,-0.04446076631166605,0.07993022401762762,0.020339086791528953
1,6,-0.0443689558085445,0.07993022401762762,0.019800465173215816
1,7,-0.044424042110417436,0.07956910270534949,0.01972701677071857
1,8,-0.044424042110417436,0.07956910270534949,0.01972701677071857
1,9,-0.04448524911249847,0.07961194760680622,0.019641326967805118
1,10,-0.044424042110417436,0.07964255110784674,0.019861672175296854
1,11,-0.044424042110417436,0.07964255110784674,0.019861672175296854
1,12,-0.04438731790916881,0.07985065491492227,0.02062675970130983
1,13,-0.0443628351083364,0.07980168931325744,0.020473742196107234
1,14,-0.04433835230750398,0.07976496511200881,0.020192189986534458
1,15,-0.04433835230750398,0.07976496511200881,0.020192189986534458
1,16,-0.04438119720896071,0.07970987881013589,0.01966580976863753
1,17,-0.044313869506671565,0.08011384502387073,0.019751499571550986
1,18,-0.044313869506671565,0.08011384502387073,0.019751499571550986
1,19,-0.04425878320479863,0.0798996205165871,0.020033051781123763
1,20,-0.044442404211041744,0.07996694821887625,0.020277879789447915
1,21,-0.044442404211041744,0.07996694821887625,0.020277879789447915
1,22,-0.04410576569959603,0.07994858611825192,0.02035132819194516
1,23,-0.04449136981270657,0.079893499816379,0.020277879789447915
1,24,-0.04449136981270657,0.079893499816379,0.020277879789447915
1,25,-0.044528094013955195,0.07940996449993878,0.01953727506426735
1,26,-0.04448524911249847,0.07997306891908434,0.0204186558942343
1,27,-0.044185334802301385,0.07963643040763864,0.020424776594442404
1,28,-0.044185334802301385,0.07963643040763864,0.020424776594442404
1,29,-0.04452197331374709,0.08017505202595177,0.02061451830089362
1,30,-0.04447300771208226,0.07967927530909537,0.020039172481331864
1,31,-0.04447300771208226,0.07967927530909537,0.020039172481331864
1,32,-0.044417921410209324,0.07965479250826295,0.02032072469090464
1,33,-0.044399559309585016,0.07967315460888726,0.020394173093401885
1,34,-0.044399559309585016,0.07967315460888726,0.020394173093401885
1,35,-0.0443689558085445,0.07992410331741952,0.02065736320235035
1,36,-0.04440568000979312,0.08001591382054107,0.020265638389031705
1,37,-0.04440568000979312,0.08001591382054107,0.020265638389031705
1,38,-0.044399559309585016,0.07980781001346554,0.020332966091320848
1,39,-0.04433223160729587,0.07964867180805484,0.02080426000734484
1,40,-0.044313869506671565,0.07964255110784674,0.020565552699228794
1,41,-0.044313869506671565,0.07964255110784674,0.020565552699228794
1,42,-0.044283266005631046,0.08002203452074917,0.019482188762394416
1,43,-0.04447300771208226,0.07967927530909537,0.020602276900477414
1,44,-0.04447300771208226,0.07967927530909537,0.020602276900477414
1,45,-0.04412412780022035,0.07956910270534949,0.020339086791528953
1,46,-0.04425878320479863,0.07983229281429796,0.020192189986534458
1,47,-0.04425878320479863,0.07983229281429796,0.020192189986534458
1,48,-0.0443689558085445,0.07953849920430897,0.02006365528216428
1,49,-0.04423430040396621,0.07985677561513037,0.01980658587342392
1,50,-0.04423430040396621,0.07985677561513037,0.01980658587342392
1,51,-0.04444852491124985,0.07963030970743054,0.02012486228424532
1,52,-0.044424042110417436,0.07983229281429796,0.020547190598604482
1,53,-0.04430774880646346,0.07999143101970865,0.020363569592361366
1,54,-0.04430774880646346,0.07999143101970865,0.020363569592361366
1,55,-0.04450361121312278,0.07976496511200881,0.020853225609009672
1,56,-0.04433223160729587,0.07987513771575469,0.02032072469090464
1,57,-0.04433223160729587,0.07987513771575469,0.02032072469090464
1,58,-0.044399559309585016,0.07999143101970865,0.019965724078834617
1,59,-0.044528094013955195,0.07988737911617089,0.019824947974048233
1,60,-0.044528094013955195,0.07988737911617089,0.019824947974048233
1,61,-0.044417921410209324,0.07988737911617089,0.020706328804015177
1,62,-0.04435059370792019,0.0800403966213735,0.02083486350838536
1,63,-0.04435059370792019,0.0800403966213735,0.02083486350838536
1,64,-0.04456481821520382,0.07996082751866813,0.020394173093401885
1,65,-0.04446076631166605,0.07993022401762762,0.0202595176888236
1,66,-0.04457705961562003,0.07987513771575469,0.020406414493818092
1,67,-0.04457705961562003,0.07987513771575469,0.020406414493818092
1,68,-0.0443750765087526,0.0798996205165871,0.01980658587342392
1,69,-0.04446688701187416,0.07982617211408985,0.020547190598604482
1,70,-0.04446688701187416,0.07982617211408985,0.020547190598604482
1,71,-0.044271024605214836,0.07995470681846004,0.02101236381442037
1,72,-0.04439343860937691,0.07992410331741952,0.02013098298445342
1,73,-0.04439343860937691,0.07992410331741952,0.02013098298445342
1,74,-0.044442404211041744,0.08003427592116538,0.020461500795691027
1,75,-0.04411188639980414,0.07987513771575469,0.02040029379360999
1,76,-0.04411188639980414,0.07987513771575469,0.02040029379360999
1,77,-0.04417921410209328,0.07961194760680622,0.02060839760068552
1,78,-0.04429550740604725,0.07970987881013589,0.02060839760068552
1,79,-0.04433835230750398,0.07991798261721142,0.02012486228424532
1,80,-0.04433835230750398,0.07991798261721142,0.02012486228424532
1,81,-0.04449136981270657,0.08002203452074917,0.020620639001101726
1,82,-0.04422205900355001,0.07999143101970865,0.020479862896315336
1,83,-0.04422205900355001,0.07999143101970865,0.020479862896315336
1,84,-0.04422817970375811,0.08015668992532746,0.019714775370302362
1,85,-0.044301628106255354,0.07986901701554658,0.02032072469090464
1,86,-0.044301628106255354,0.07986901701554658,0.02032072469090464
1,87,-0.044271024605214836,0.07980781001346554,0.020590035500061207
1,88,-0.04440568000979312,0.07978332721263312,0.020204431386950668
1,89,-0.04440568000979312,0.07978332721263312,0.020204431386950668
1,90,-0.044424042110417436,0.07983229281429796,0.020779777206512424
1,91,-0.044289386705839144,0.07965479250826295,0.020547190598604482
1,92,-0.04438119720896071,0.07961194760680622,0.0202595176888236
1,93,-0.04438119720896071,0.07961194760680622,0.0202595176888236
1,94,-0.04443628351083364,0.07958746480597381,0.02038805239319378
1,95,-0.04416697270167707,0.07967927530909537,0.02065736320235035
1,96,-0.04416697270167707,0.07967927530909537,0.02065736320235035
1,97,-0.04449136981270657,0.07976496511200881,0.020026931080915657
1,98,-0.04446076631166605,0.07970375810992777,0.02086546700942588
1,99,-0.04446076631166605,0.07970375810992777,0.02086546700942588
2,0,0.10364181662382177,-0.05304198800342759,0.06058269065981148
2,1,0.10364181662382177,-0.05304198800342759,0.06058269065981148
2,2,0.1035132819194516,-0.05302362590280328,0.060772432366262695
2,3,0.10368466152527848,-0.05315216060717346,0.06001346554045783
2,4,0.10368466152527848,-0.05315216060717346,0.06001346554045783
2,5,0.10344595421716245,-0.053115436405924844,0.06083976006855184
2,6,0.1036969029256947,-0.05292569469947363,0.060570449259395275
2,7,0.1036969029256947,-0.05292569469947363,0.060570449259395275
2,8,0.10362957522340557,-0.05320724690904639,0.060674501162933034
2,9,0.10364793732402985,-0.05299914310197087,0.05888113600195862
2,10,0.10364793732402985,-0.05299914310197087,0.05888113600195862
2,11,0.10353164402007589,-0.05284000489656017,0.06053984575835476
2,12,0.10358673032194883,-0.05277267719427102,0.06017872444607662
2,13,0.10339086791528951,-0.05294405680009793,0.05781613416574856
2,14,0.10339086791528951,-0.05294405680009793,0.05781613416574856
2,15,0.1035500061207002,-0.05301138450238707,0.06058881136001959
2,16,0.10366017872444608,-0.05291345329905741,0.06023993144815767
2,17,0.10366017872444608,-0.05291345329905741,0.06023993144815767
2,18,0.1035500061207002,-0.05276655649406292,0.05984208593463092
2,19,0.10333578161341657,-0.05295629820051414,0.060466397355857515
2,20,0.10333578161341657,-0.05295629820051414,0.060466397355857515
2,21,0.10337862651487331,-0.05292569469947363,0.059046394907577425
2,22,0.10359285102215694,-0.053133798506549146,0.059217774513404334
2,23,0.10359285102215694,-0.053133798506549146,0.059217774513404334
2,24,0.10373362712694331,-0.05301750520259517,0.05792630676949443
2,25,0.10360509242257314,-0.052895091198433095,0.060631656261476305
2,26,0.10365405802423797,-0.052895091198433095,0.06030113845023871
2,27,0.10365405802423797,-0.052895091198433095,0.06030113845023871
2,28,0.103715265026319,-0.05301750520259517,0.060356224752111644
2,29,0.10353164402007589,-0.053133798506549146,0.05995225853837679
2,30,0.10353164402007589,-0.053133798506549146,0.05995225853837679
2,31,0.1034031093157057,-0.053176643408005875,0.05986656873546333
2,32,0.10372138572652712,-0.05309707430530053,0.059150446811115184
2,33,0.10372138572652712,-0.05309707430530053,0.059150446811115184
2,34,0.10348879911861916,-0.05295017750030604,0.05850165258905619
2,35,0.1034031093157057,-0.05296853960093034,0.0591688089117395
2,36,0.1034031093157057,-0.05296853960093034,0.0591688089117395
2,37,0.10348267841841105,-0.0530481087036357,0.059230015913820544
2,38,0.1035132819194516,-0.05298078100134655,0.05837923858489411
2,39,0.1035132819194516,-0.05298078100134655,0.05837923858489411
2,40,0.10349491981882727,-0.05310319500550863,0.060668380462724936
2,41,0.1033480230138328,-0.05302362590280328,0.059083119108826056
2,42,0.1035255233198678,-0.05310931570571673,0.060031827641082135
2,43,0.1035255233198678,-0.05310931570571673,0.060031827641082135
2,44,0.10366017872444608,-0.053176643408005875,0.05846492838780757
2,45,0.10368466152527848,-0.05308483290488432,0.05956665442526625
2,46,0.10368466152527848,-0.05308483290488432,0.05956665442526625
2,47,0.1036969029256947,-0.053029746603011386,0.06053372505814665
2,48,0.10326845391112742,-0.05304198800342759,0.06014812094503611
2,49,0.10326845391112742,-0.05304198800342759,0.06014812094503611
2,50,0.10351940261965968,-0.05290733259884931,0.05900967070632881
2,51,0.10334190231362468,-0.05325621251071122,0.06053984575835476
2,52,0.10334190231362468,-0.05325621251071122,0.06053984575835476
2,53,0.10323172970987882,-0.0530481087036357,0.05861794589301016
2,54,0.10357448892153262,-0.05272371159260619,0.060527604357938546
2,55,0.10367242012486229,-0.05310319500550863,0.0602766556494063
2,56,0.10367242012486229,-0.05310319500550863,0.0602766556494063
2,57,0.10347043701799485,-0.05295017750030604,0.060527604357938546
2,58,0.1035255233198678,-0.05306647080426,0.05994001713796058
2,59,0.1035255233198678,-0.05306647080426,0.05994001713796058
2,60,0.10341535071612193,-0.05290733259884931,0.060429673154608884
2,61,0.10353164402007589,-0.052993022401762756,0.0598114824335904
2,62,0.10353164402007589,-0.052993022401762756,0.0598114824335904
2,63,0.10351940261965968,-0.053029746603011386,0.059829844534214714
2,64,0.10356836822132451,-0.0530481087036357,0.060949932672297716
2,65,0.10356836822132451,-0.0530481087036357,0.060949932672297716
2,66,0.10343983351695434,-0.05304198800342759,0.060705104663973566
2,67,0.10381319622964866,-0.05287672909780879,0.059291222915901574
2,68,0.10381319622964866,-0.05287672909780879,0.059291222915901574
2,69,0.10356836822132451,-0.05280940139551965,0.06072958746480598
2,70,0.10367242012486229,-0.05301750520259517,0.05957889582568245
2,71,0.10356836822132451,-0.052717590892398095,0.06068674256334925
2,72,0.10356836822132451,-0.052717590892398095,0.06068674256334925
2,73,0.10373362712694331,-0.05325621251071122,0.060172603745868525
2,74,0.10348267841841105,-0.0528828497980169,0.06074794956543028
2,75,0.10348267841841105,-0.0528828497980169,0.06074794956543028
2,76,0.10345207491737055,-0.052895091198433095,0.060527604357938546
2,77,0.10372750642673523,-0.052931815399681725,0.06001346554045783
2,78,0.10372750642673523,-0.052931815399681725,0.06001346554045783
2,79,0.10375810992777575,-0.05310319500550863,0.06010527604357938
2,80,0.10370302362590281,-0.052919573999265515,0.060558207858979064
2,81,0.10370302362590281,-0.052919573999265515,0.060558207858979064
2,82,0.10344595421716245,-0.05284000489656017,0.05934630921777452
2,83,0.10346431631778677,-0.05290733259884931,0.06062553556126821
2,84,0.10367242012486229,-0.05290733259884931,0.06054596645856286
2,85,0.10367242012486229,-0.05290733259884931,0.06054596645856286
2,86,0.10351940261965968,-0.05255233198677929,0.05912596401028277
2,87,0.10351940261965968,-0.05334802301383278,0.05934630921777452
2,88,0.10351940261965968,-0.05334802301383278,0.05934630921777452
2,89,0.103537764720284,-0.05310931570571673,0.0583547557840617
2,90,0.10334190231362468,-0.05298078100134655,0.05909536050924226
2,91,0.10334190231362468,-0.05298078100134655,0.05909536050924226
2,92,0.10334190231362468,-0.05309095360509243,0.06050924225731423
2,93,0.10356224752111642,-0.05292569469947363,0.0577182029624189
2,94,0.10356224752111642,-0.05292569469947363,0.0577182029624189
2,95,0.10339698861549762,-0.052974660301138454,0.059884930836087646
2,96,0.10361121312278125,-0.05312155710613294,0.05875872199779655
2,97,0.10361121312278125,-0.05312155710613294,0.05875872199779655
2,98,0.103715265026319,-0.05280328069531154,0.0598114824335904
2,99,0.10333578161341657,-0.05301138450238707,0.06072346676459787
3,0,-0.10011629330395397,-0.05208715877096339,0.06713796058269066
3,1,-0.10011629330395397,-0.05208715877096339,0.06713796058269066
3,2,-0.10022034520749175,-0.05224017627616599,0.06705839147998531
3,3,-0.10013465540457829,-0.05207491737054719,0.0673827885910148
3,4,-0.10013465540457829,-0.05207491737054719,0.0673827885910148
3,5,-0.10022034520749175,-0.05164034765577182,0.0670461500795691
3,6,-0.1001530175052026,-0.05208715877096339,0.06697882237727995
3,7,-0.09997551719916759,-0.05201371036846615,0.06716856408373117
3,8,-0.09997551719916759,-0.05201371036846615,0.06716856408373117
3,9,-0.10007344840249725,-0.05198310686742563,0.0675296853960093
3,10,-0.09988982739625413,-0.0519218998653446,0.06753580609621741
3,11,-0.09988982739625413,-0.0519218998653446,0.06753580609621741
3,12,-0.10036112131227812,-0.051891296364304076,0.0672052882849798
3,13,-0.10021422450728364,-0.05187905496388787,0.06729709878810136
3,14,-0.10021422450728364,-0.05187905496388787,0.06729709878810136
3,15,-0.09996939649895949,-0.05232586607907944,0.067217529685396
3,16,-0.1000122414004162,-0.05230750397845514,0.06699106377769617
3,17,-0.1000122414004162,-0.05230750397845514,0.06699106377769617
3,18,-0.0998408617945893,-0.051805606561390626,0.06741339209205534
3,19,-0.09992043089729466,-0.05197086546700943,0.06708899498102583
3,20,-0.1000122414004162,-0.05216672787366875,0.06736442649039051
3,21,-0.1000122414004162,-0.05216672787366875,0.06736442649039051
3,22,-0.10009793120332966,-0.05207491737054719,0.0673827885910148
3,23,-0.10028155220957277,-0.052007589668258046,0.06725425388664463
3,24,-0.10028155220957277,-0.052007589668258046,0.06725425388664463
3,25,-0.10022646590769983,-0.05213000367242012,0.06725425388664463
3,26,-0.09997551719916759,-0.05207491737054719,0.0672052882849798
3,27,-0.09997551719916759,-0.05207491737054719,0.0672052882849798
3,28,-0.0999938792997919,-0.05219733137470926,0.06716244338352308
3,29,-0.10000612070020812,-0.05164034765577182,0.0672052882849798
3,30,-0.10000612070020812,-0.05164034765577182,0.0672052882849798
3,31,-0.10004896560166483,-0.05214224507283634,0.06709511568123393
3,32,-0.1001530175052026,-0.05213612437262823,0.06715632268331498
3,33,-0.09995715509854328,-0.051934141265760805,0.06729709878810136
3,34,-0.09995715509854328,-0.051934141265760805,0.06729709878810136
3,35,-0.09995715509854328,-0.05213612437262823,0.06745623699351205
3,36,-0.1001897417064512,-0.051976986167217534,0.06743787489288774
3,37,-0.1001897417064512,-0.051976986167217534,0.06743787489288774
3,38,-0.09996939649895949,-0.05216672787366875,0.06714408128289875
3,39,-0.10000612070020812,-0.052081038070755294,0.06731546088872567
3,40,-0.10000612070020812,-0.052081038070755294,0.06731546088872567
3,41,-0.09998775859958378,-0.051934141265760805,0.06731546088872567
3,42,-0.10002448280083243,-0.051952503366385114,0.06742563349247153
3,43,-0.10002448280083243,-0.051952503366385114,0.06742563349247153
3,44,-0.1002999143101971,-0.052393193781368586,0.06731546088872567
3,45,-0.09991431019708655,-0.05227690047741461,0.06716244338352308
3,46,-0.1002999143101971,-0.0522462969763741,0.06731546088872567
3,47,-0.1002999143101971,-0.0522462969763741,0.06731546088872567
3,48,-0.10004896560166483,-0.05220345207491737,0.06746235769372017
3,49,-0.09996327579875137,-0.05212388297221202,0.06738890929122292
3,50,-0.09996327579875137,-0.05212388297221202,0.06738890929122292
3,51,-0.09994491369812707,-0.052093279471171504,0.06717468478393929
3,52,-0.1003243971110295,-0.051866813563471656,0.06697882237727995
3,53,-0.1003243971110295,-0.051866813563471656,0.06697882237727995
3,54,-0.10024482800832415,-0.0517750030603501,0.06718080548414739
3,55,-0.10008568980291346,-0.051940261965968904,0.06707675358060963
3,56,-0.10008568980291346,-0.051940261965968904,0.06707675358060963
3,57,-0.10027543150936466,-0.05178724446076631,0.06725425388664463
3,58,-0.09993879299791895,-0.0519280205655527,0.06753580609621741
3,59,-0.10004896560166483,-0.05185457216305546,0.06750520259517688
3,60,-0.10004896560166483,-0.05185457216305546,0.06750520259517688
3,61,-0.09990818949687844,-0.05224017627616599,0.06723589178602032
3,62,-0.0998653445954217,-0.05211776227200392,0.06732158158893378
3,63,-0.0998653445954217,-0.05211776227200392,0.06732158158893378
3,64,-0.10026931080915658,-0.05218508997429307,0.06730934018851756
3,65,-0.09990206879667034,-0.05203207246909046,0.06727261598726894
3,66,-0.09990206879667034,-0.05203207246909046,0.06727261598726894
3,67,-0.09989594809646224,-0.05190353776472029,0.06709511568123393
3,68,-0.10023870730811606,-0.05211776227200392,0.0668931325743665
3,69,-0.10023870730811606,-0.05211776227200392,0.0668931325743665
3,70,-0.09987146529562982,-0.05212388297221202,0.06713183988248256
3,71,-0.09996939649895949,-0.05204431386950668,0.06745011629330395
3,72,-0.0999938792997919,-0.05200146896804995,0.06732770228914188
3,73,-0.0999938792997919,-0.05200146896804995,0.06732770228914188
3,74,-0.10003672420124862,-0.05213612437262823,0.06750520259517688
3,75,-0.09987146529562982,-0.05212388297221202,0.06750520259517688
3,76,-0.09987146529562982,-0.05212388297221202,0.06750520259517688
3,77,-0.10006732770228914,-0.05183008936222304,0.06718692618435548
3,78,-0.1001897417064512,-0.05212388297221202,0.0675235646958012
3,79,-0.1001897417064512,-0.05212388297221202,0.0675235646958012
3,80,-0.10002448280083243,-0.051768882360142,0.06723589178602032
3,81,-0.09990206879667034,-0.05186069286326356,0.06706451218019341
3,82,-0.09990206879667034,-0.05186069286326356,0.06706451218019341
3,83,-0.09996327579875137,-0.051946382666177016,0.06737666789080671
3,84,-0.09980413759334068,-0.05202595176888236,0.06733994368955809
3,85,-0.10004284490145672,-0.05218508997429307,0.06730934018851756
3,86,-0.10004284490145672,-0.05218508997429307,0.06730934018851756
3,87,-0.09989594809646224,-0.05190353776472029,0.06739502999143102
3,88,-0.10039784551352675,-0.05238707308116049,0.06724813318643653
3,89,-0.10039784551352675,-0.05238707308116049,0.06724813318643653
3,90,-0.09989594809646224,-0.052289141877830826,0.06728485738768515
3,91,-0.10018362100624312,-0.05191577916513649,0.06707063288040152
3,92,-0.10018362100624312,-0.05191577916513649,0.06707063288040152
3,93,-0.10025094870853227,-0.051836210062431144,0.06710735708165014
3,94,-0.10007344840249725,-0.051976986167217534,0.06712571918227446
3,95,-0.10007344840249725,-0.051976986167217534,0.06712571918227446
3,96,-0.10011017260374586,-0.051909658464928385,0.06732770228914188
3,97,-0.09997551719916759,-0.05217284857387685,0.06740115069163913
3,98,-0.09997551719916759,-0.052081038070755294,0.06737054719059861
3,99,-0.10004284490145672,-0.052081038070755294,0.06737054719059861
