values,,Magnetometer,Magnetometer,Magnetometer
axis,,x,y,z
Sensor,Sample,,,
0,0,0.06437140408862774,0.06709511568123393,0.011170277879789447
0,1,0.06426735218508997,0.0671930468845636,0.010870363569592362
0,2,0.06426735218508997,0.0671930468845636,0.010870363569592362
0,3,0.06445097319133308,0.06743175419267963,0.01144570938915412
0,4,0.06406536907822255,0.06730321948830946,0.010943811972089606
0,5,0.06406536907822255,0.06730321948830946,0.010943811972089606
0,6,0.06435916268821154,0.06735218508997429,0.0114151058881136
0,7,0.06452442159383034,0.06733382298934998,0.011396743787489288
0,8,0.06452442159383034,0.06733382298934998,0.011396743787489288
0,9,0.06436528338841964,0.06742563349247153,0.011776227200391724
0,10,0.06434080058758722,0.06722365038560411,0.011311053984575836
0,11,0.06434080058758722,0.06722365038560411,0.011311053984575836
0,12,0.06440812828987637,0.06726037458685273,0.011531399192067571
0,13,0.06438364548904395,0.06726649528706083,0.011427347288529807
0,14,0.06438364548904395,0.06726649528706083,0.011427347288529807
0,15,0.06446933529195739,0.06763373729954707,0.011360019586240666
0,16,0.06433467988737912,0.06727261598726894,0.011053984575835476
0,17,0.06433467988737912,0.06736442649039051,0.011225364181662383
0,18,0.06445097319133308,0.06736442649039051,0.011225364181662383
0,19,0.0643101970865467,0.06726037458685273,0.01130493328436773
0,20,0.06424899008446566,0.06711959848206635,0.0109315705716734
0,21,0.06424899008446566,0.06711959848206635,0.0109315705716734
0,22,0.0639857999755172,0.06745623699351205,0.011207002081038071
0,23,0.06429795568613049,0.06749908189496878,0.011451830089362224
0,24,0.06429795568613049,0.06749908189496878,0.011451830089362224
0,25,0.06424286938425756,0.06753580609621741,0.011225364181662383
0,26,0.06438976618925205,0.06730934018851756,0.011390623087281185
0,27,0.06438976618925205,0.06730934018851756,0.011390623087281185
0,28,0.06442649039050066,0.06729097808789325,0.01143346798873791
0,29,0.06445097319133308,0.067217529685396,0.01123760558207859
0,30,0.06445097319133308,0.067217529685396,0.01123760558207859
0,31,0.06445097319133308,0.06754804749663361,0.01149467499081895
0,32,0.0641449381809279,0.06740115069163913,0.011500795691027053
0,33,0.0641449381809279,0.06740115069163913,0.011500795691027053
0,34,0.06427347288529808,0.06759089239809034,0.011531399192067571
0,35,0.0641633002815522,0.06750520259517688,0.01131717468478394
0,36,0.0641633002815522,0.06750520259517688,0.01131717468478394
0,37,0.06425511078467376,0.06733382298934998,0.011727261598726894
0,38,0.06429183498592239,0.06694821887623945,0.010833639368343738
0,39,0.0641633002815522,0.06748684049455259,0.011053984575835476
0,40,0.0641633002815522,0.06748684049455259,0.011053984575835476
0,41,0.06422450728363324,0.06716244338352308,0.01162320969518913
0,42,0.06443873179091689,0.067217529685396,0.011451830089362224
0,43,0.06443873179091689,0.067217529685396,0.011451830089362224
0,44,0.06451830089362223,0.06753580609621741,0.011531399192067571
0,45,0.06443261109070877,0.06725425388664463,0.011353898886032563
0,46,0.06443261109070877,0.06725425388664463,0.011353898886032563
0,47,0.06413881748071978,0.06764597869996328,0.011690537397478272
0,48,0.06416942098176032,0.06757865099767414,0.011733382298934999
0,49,0.06416942098176032,0.06757865099767414,0.011733382298934999
0,50,0.06405924837801444,0.06746847839392826,0.011506916391235158
0,51,0.06419390378259274,0.06749296119476068,0.01054596645856286
0,52,0.0644570938915412,0.06729709878810136,0.01090096707063288
0,53,0.0644570938915412,0.06729709878810136,0.01090096707063288
0,54,0.06403476557718203,0.06716244338352308,0.01170277879789448
0,55,0.06437140408862774,0.06715020198310687,0.01143346798873791
0,56,0.06437140408862774,0.06715020198310687,0.01143346798873791
0,57,0.06425511078467376,0.06738890929122292,0.011262088382911005
0,58,0.06432243848696291,0.06723589178602032,0.011770106500183621
0,59,0.06432243848696291,0.06723589178602032,0.011770106500183621
0,60,0.06431631778675481,0.06726037458685273,0.011384502387073081
0,61,0.06438976618925205,0.06730934018851756,0.011384502387073081
0,62,0.06438976618925205,0.06730934018851756,0.011384502387073081
0,63,0.06412657608030359,0.06751132329538499,0.01096217407271392
0,64,0.06430407638633859,0.06716244338352308,0.011133553678540825
0,65,0.06430407638633859,0.06716244338352308,0.011133553678540825
0,66,0.06435304198800343,0.06740115069163913,0.010870363569592362
0,67,0.06429183498592239,0.06751132329538499,0.011451830089362224
0,68,0.06429183498592239,0.06751132329538499,0.011451830089362224
0,69,0.06390011017260375,0.06732770228914188,0.011451830089362224
0,70,0.06443873179091689,0.06732770228914188,0.011249846982494798
0,71,0.06443873179091689,0.06732770228914188,0.011249846982494798
0,72,0.06440812828987637,0.06737054719059861,0.011396743787489288
0,73,0.06443261109070877,0.06729709878810136,0.011806830701432245
0,74,0.06433467988737912,0.06735218508997429,0.011641571795813441
0,75,0.06433467988737912,0.06735218508997429,0.011641571795813441
0,76,0.0642857142857143,0.06751132329538499,0.011188639980413759
0,77,0.06449993879299792,0.06749296119476068,0.011819072101848451
0,78,0.06449993879299792,0.06749296119476068,0.011819072101848451
0,79,0.06438976618925205,0.06763373729954707,0.011096829477292203
0,80,0.06420614518300893,0.06743787489288774,0.011427347288529807
0,81,0.06420614518300893,0.06743787489288774,0.011427347288529807
0,82,0.06435916268821154,0.06753580609621741,0.011311053984575836
0,83,0.06430407638633859,0.06722977108581221,0.01162320969518913
0,84,0.06430407638633859,0.06722977108581221,0.01162320969518913
0,85,0.0644570938915412,0.06728485738768515,0.011696658097686375
0,86,0.06412045538009549,0.06755416819684172,0.011200881380829968
0,87,0.06412045538009549,0.06755416819684172,0.011200881380829968
0,88,0.06436528338841964,0.06774390990329293,0.01136614028644877
0,89,0.06420614518300893,0.06735218508997429,0.011213122781246174
0,90,0.06420614518300893,0.06735218508997429,0.011213122781246174
0,91,0.0641571795813441,0.0673583057901824,0.01121924348145428
0,92,0.06432243848696291,0.06740115069163913,0.011555881992899988
0,93,0.06432243848696291,0.06740115069163913,0.011696658097686375
0,94,0.0643101970865467,0.06739502999143102,0.011696658097686375
0,95,0.06432855918717101,0.06742563349247153,0.011562002693108092
0,96,0.06437752478883584,0.06727261598726894,0.011580364793732404
0,97,0.06437752478883584,0.06727261598726894,0.011580364793732404
0,98,0.06436528338841964,0.06739502999143102,0.011610968294772922
0,99,0.06410209327947117,0.06728485738768515,0.011812951401640348
1,0,-0.0781368588566532,0.09674378748928877,0.044013955196474476
1,1,-0.07780634104541559,0.09684783939282654,0.043787489288774635
1,2,-0.07780634104541559,0.09684783939282654,0.043787489288774635
1,3,-0.07773289264291836,0.09654792508262945,0.043818092789815154
1,4,-0.07783082384624801,0.09675602888970498,0.04342636797649651
1,5,-0.07783082384624801,0.09675602888970498,0.04342636797649651
1,6,-0.07788591014812093,0.09709266740115069,0.04427714530542294
1,7,-0.07803280695311544,0.09665809768637532,0.043818092789815154
1,8,-0.07803280695311544,0.09665809768637532,0.043818092789815154
1,9,-0.07790427224874526,0.09639490757742686,0.04335904027420737
1,10,-0.07789815154853716,0.09656628718325376,0.04313257436650753
1,11,-0.07789815154853716,0.09656628718325376,0.04313257436650753
1,12,-0.07745746113355367,0.09657852858366997,0.04320602276900477
1,13,-0.07797159995103439,0.09674378748928877,0.04305912596401028
1,14,-0.07762884073938059,0.09701309829844534,0.04360386828253152
1,15,-0.07762884073938059,0.09701309829844534,0.04360386828253152
1,16,-0.07780634104541559,0.09663973558575101,0.04387317909168809
1,17,-0.07765944424042111,0.0966213734851267,0.043658954584404455
1,18,-0.07765944424042111,0.0966213734851267,0.043658954584404455
1,19,-0.07775125474354266,0.09682335659199412,0.043120332966091315
1,20,-0.07774513404333457,0.09674378748928877,0.04371404088627739
1,21,-0.07774513404333457,0.09674378748928877,0.04371404088627739
1,22,-0.07791039294895336,0.09682947729220223,0.0443689558085445
1,23,-0.07794099644999389,0.09660301138450239,0.044626025217284856
1,24,-0.07794099644999389,0.09660301138450239,0.044626025217284856
1,25,-0.07771453054229403,0.09672542538866447,0.043818092789815154
1,26,-0.07795323785041008,0.09686008079324274,0.04434447300771208
1,27,-0.07765332354021301,0.09653568368221324,0.04376300648794222
1,28,-0.07765332354021301,0.09653568368221324,0.04376300648794222
1,29,-0.07787366874770474,0.09656016648304566,0.04387929979189619
1,30,-0.07770228914187784,0.09679887379116171,0.04433835230750398
1,31,-0.07770228914187784,0.09679887379116171,0.04433835230750398
1,32,-0.07775125474354266,0.09671930468845637,0.04416085200146897
1,33,-0.07781858244583181,0.09675602888970498,0.04397723099522585
1,34,-0.07781858244583181,0.09675602888970498,0.04397723099522585
1,35,-0.07772677194271024,0.09667033908679153,0.04411188639980414
1,36,-0.07774513404333457,0.09653568368221324,0.04461378381686865
1,37,-0.07789815154853716,0.09680499449136981,0.04427714530542294
1,38,-0.07789815154853716,0.09680499449136981,0.04427714530542294
1,39,-0.07769004774146163,0.09638266617701065,0.04397723099522585
1,40,-0.0779777206512425,0.09643163177867548,0.0437262822866936
1,41,-0.0779777206512425,0.09643163177867548,0.0437262822866936
1,42,-0.07782470314603991,0.09673154608887256,0.044185334802301385
1,43,-0.07777573754437508,0.0962969763740972,0.04450361121312278
1,44,-0.07777573754437508,0.0962969763740972,0.04450361121312278
1,45,-0.07789203084832905,0.09673154608887256,0.043897661892520506
1,46,-0.07772065124250213,0.09665197698616722,0.04420369690292569
1,47,-0.07783694454645611,0.09656016648304566,0.044687232219365894
1,48,-0.07783694454645611,0.09656016648304566,0.044687232219365894
1,49,-0.07753090953605093,0.09648671808054841,0.04417921410209328
1,50,-0.07789815154853716,0.09643775247888359,0.04435671440812829
1,51,-0.07789815154853716,0.09643775247888359,0.04435671440812829
1,52,-0.07773289264291836,0.09667645978699964,0.04383645489043946
1,53,-0.07774513404333457,0.0967866323907455,0.04430774880646346
1,54,-0.07774513404333457,0.0967866323907455,0.04430774880646346
1,55,-0.07772677194271024,0.09663973558575101,0.043456971477537035
1,56,-0.07783694454645611,0.09656016648304566,0.04452197331374709
1,57,-0.07783694454645611,0.09656016648304566,0.04452197331374709
1,58,-0.07783082384624801,0.09692740849553189,0.04390990329293672
1,59,-0.07776349614395886,0.09641939037825928,0.04360386828253152
1,60,-0.07782470314603991,0.09626637287305669,0.04420369690292569
1,61,-0.07782470314603991,0.09626637287305669,0.04420369690292569
1,62,-0.07802668625290733,0.09665197698616722,0.04398335169543396
1,63,-0.07761659933896438,0.09635818337617823,0.04394050679397723
1,64,-0.07761659933896438,0.09635818337617823,0.04394050679397723
1,65,-0.07765332354021301,0.09656628718325376,0.044289386705839144
1,66,-0.07784306524666422,0.09640102827763496,0.04445464561145795
1,67,-0.07784306524666422,0.09640102827763496,0.04445464561145795
1,68,-0.07750642673521851,0.09648059738034032,0.044430162810625534
1,69,-0.07800220345207491,0.09671318398824826,0.04346309217774513
1,70,-0.07800220345207491,0.09671318398824826,0.04346309217774513
1,71,-0.07769616844166972,0.09662749418533481,0.044044558697514995
1,72,-0.07767780634104542,0.09672542538866447,0.044154731301260866
1,73,-0.0776472028400049,0.09658464928387808,0.044185334802301385
1,74,-0.0776472028400049,0.09658464928387808,0.044185334802301385
1,75,-0.07792263434936957,0.09635206267597013,0.04414861060105276
1,76,-0.07770840984208593,0.09643775247888359,0.04376300648794222
1,77,-0.07770840984208593,0.09643775247888359,0.04376300648794222
1,78,-0.07792263434936957,0.09657852858366997,0.04385481699106378
1,79,-0.07775125474354266,0.09659076998408618,0.044301628106255354
1,80,-0.07775125474354266,0.09659076998408618,0.044301628106255354
1,81,-0.07787366874770474,0.09686620149345085,0.04400783449626637
1,82,-0.07762884073938059,0.09663361488554291,0.044271024605214836
1,83,-0.07762884073938059,0.09663361488554291,0.044271024605214836
1,84,-0.07790427224874526,0.0964744766801322,0.04400783449626637
1,85,-0.07769616844166972,0.09649895948096462,0.04325498837066961
1,86,-0.07781858244583181,0.09686008079324274,0.04429550740604725
1,87,-0.07781858244583181,0.09686008079324274,0.04429550740604725
1,88,-0.07780022034520749,0.09657852858366997,0.044044558697514995
1,89,-0.07795935855061818,0.09655404578283756,0.04327947117150202
1,90,-0.07795935855061818,0.09655404578283756,0.04327947117150202
1,91,-0.07782470314603991,0.09652956298200514,0.04364671318398825
1,92,-0.07777573754437508,0.09653568368221324,0.04386705839147999
1,93,-0.07777573754437508,0.09653568368221324,0.04386705839147999
1,94,-0.07759823723834006,0.09654180438242135,0.044326110907087775
1,95,-0.07776961684416697,0.09699473619782104,0.04411188639980414
1,96,-0.07776961684416697,0.09699473619782104,0.04411188639980414
1,97,-0.07758599583792386,0.09673766678908066,0.04431999020687967
1,98,-0.07776349614395886,0.09680499449136981,0.04345085077732892
1,99,-0.07794099644999389,0.09681111519157791,0.04423430040396621
2,0,0.08457583547557841,-0.06724201248622842,0.02892030848329049
2,1,0.08448402497245686,-0.06713796058269066,0.028999877585995835
2,2,0.0844166972701677,-0.0672114089851879,0.028510221569347533
2,3,0.0844166972701677,-0.0672114089851879,0.028510221569347533
2,4,0.08471049088015668,-0.06735218508997429,0.028032806953115434
2,5,0.08439221446933529,-0.06730321948830946,0.029409964499938795
2,6,0.08439221446933529,-0.06730321948830946,0.029409964499938795
2,7,0.08452686987391358,-0.06696046027665566,0.02908556738890929
2,8,0.08437997306891909,-0.0668992532745746,0.0292630676949443
2,9,0.08437997306891909,-0.0668992532745746,0.0292630676949443
2,10,0.08460031827641082,-0.06697270167707185,0.029116170889949812
2,11,0.08433100746725425,-0.0670522707797772,0.02763496143958869
2,12,0.08449626637287305,-0.06726037458685273,0.02913453299057412
2,13,0.08449626637287305,-0.06726037458685273,0.02913453299057412
2,14,0.08450238707308116,-0.06702778797894479,0.02915901579140654
2,15,0.08428816256579753,-0.06693597747582324,0.02842453176643408
2,16,0.08428816256579753,-0.06693597747582324,0.02842453176643408
2,17,0.08454523197453788,-0.06701554657852858,0.028730566776839273
2,18,0.08458807687599461,-0.06710123638144204,0.029048843187660666
2,19,0.08458807687599461,-0.06710123638144204,0.029048843187660666
2,20,0.08447178357204063,-0.0670461500795691,0.02888970498224997
2,21,0.08442893867058392,-0.06714408128289875,0.029183498592238954
2,22,0.08442893867058392,-0.06714408128289875,0.029183498592238954
2,23,0.084257559064757,-0.06713183988248256,0.02921410209327947
2,24,0.08450238707308116,-0.06681356347166115,0.028981515485371527
2,25,0.08450238707308116,-0.06681356347166115,0.02850410086913943
2,26,0.0845941975762027,-0.0670522707797772,0.02850410086913943
2,27,0.08434324886767046,-0.06702166727873668,0.029238584894111887
2,28,0.08437385236871098,-0.06696658097686375,0.028914187783082385
2,29,0.08437385236871098,-0.06696658097686375,0.028914187783082385
2,30,0.08445342147141634,-0.06713183988248256,0.028767290978087896
2,31,0.08431264536662994,-0.06710735708165014,0.02847349736809891
2,32,0.08431264536662994,-0.06710735708165014,0.02847349736809891
2,33,0.08428204186558942,-0.06716856408373117,0.029422205900355002
2,34,0.08476557718202962,-0.06718080548414739,0.028981515485371527
2,35,0.08476557718202962,-0.06718080548414739,0.028981515485371527
2,36,0.08462480107724324,-0.06705839147998531,0.029287550495776714
2,37,0.08421471416330029,-0.06701554657852858,0.028528583669971845
2,38,0.0842514383645489,-0.0667339943689558,0.02791651364916146
2,39,0.0842514383645489,-0.0667339943689558,0.02791651364916146
2,40,0.08430652466642183,-0.0668931325743665,0.02930591259640103
2,41,0.08430652466642183,-0.0671930468845636,0.02809401395519647
2,42,0.08430652466642183,-0.0671930468845636,0.02809401395519647
2,43,0.0843983351695434,-0.06713183988248256,0.02921410209327947
2,44,0.08457583547557841,-0.06708899498102583,0.029244705594319992
2,45,0.08457583547557841,-0.06708899498102583,0.029244705594319992
2,46,0.0843983351695434,-0.06702778797894479,0.029428326600563104
2,47,0.08438609376912719,-0.06696046027665566,0.028559187171012364
2,48,0.08431264536662994,-0.0670522707797772,0.02921410209327947
2,49,0.08431264536662994,-0.0670522707797772,0.02921410209327947
2,50,0.08444118007100013,-0.06684416697270168,0.02917737789203085
2,51,0.08432488676704615,-0.06700942587832048,0.02906720528828498
2,52,0.08432488676704615,-0.06700942587832048,0.02906720528828498
2,53,0.08464316317786755,-0.06711347778185825,0.029073325988493083
2,54,0.08449626637287305,-0.06685640837311788,0.028834618680377032
2,55,0.08449626637287305,-0.06685640837311788,0.028834618680377032
2,56,0.08449626637287305,-0.06697882237727995,0.029189619292447056
2,57,0.0845941975762027,-0.0668931325743665,0.028479618068307018
2,58,0.0845941975762027,-0.0668931325743665,0.028479618068307018
2,59,0.08443505937079201,-0.06715632268331498,0.028999877585995835
2,60,0.0844228179703758,-0.06706451218019341,0.029422205900355002
2,61,0.0844228179703758,-0.06706451218019341,0.029422205900355002
2,62,0.08461868037703514,-0.0673827885910148,0.029103929489533602
2,63,0.08428816256579753,-0.0670461500795691,0.028559187171012364
2,64,0.08450850777328926,-0.06699106377769617,0.02810013465540458
2,65,0.08450850777328926,-0.06699106377769617,0.02810013465540458
2,66,0.08475945648182151,-0.06718080548414739,0.027543150936467132
2,67,0.08463704247765944,-0.06700942587832048,0.028901946382666178
2,68,0.08463704247765944,-0.06700942587832048,0.028901946382666178
2,69,0.08455747337495409,-0.06711959848206635,0.02922022279348758
2,70,0.08436773166850288,-0.06676459786999632,0.029152895091198432
2,71,0.08436773166850288,-0.06676459786999632,0.029152895091198432
2,72,0.08445342147141634,-0.06694821887623945,0.029042722487452564
2,73,0.0847349736809891,-0.06684416697270168,0.0281368588566532
2,74,0.0847349736809891,-0.06684416697270168,0.0281368588566532
2,75,0.08429428326600563,-0.06705839147998531,0.02839392826539356
2,76,0.08449014567266495,-0.0670339086791529,0.02896927408495532
2,77,0.0842514383645489,-0.0668992532745746,0.02824703146039907
2,78,0.0842514383645489,-0.0668992532745746,0.02824703146039907
2,79,0.08461868037703514,-0.06677683927041253,0.02746358183376178
2,80,0.08438609376912719,-0.06715020198310687,0.02919573999265516
2,81,0.08438609376912719,-0.06715020198310687,0.02919573999265516
2,82,0.08450238707308116,-0.0668992532745746,0.028179703758109926
2,83,0.08445954217162444,-0.06713183988248256,0.02694944301628106
2,84,0.08445954217162444,-0.06713183988248256,0.02694944301628106
2,85,0.08434324886767046,-0.06714408128289875,0.029079446688701188
2,86,0.08419023136246787,-0.06729709878810136,0.028314359162688214
2,87,0.08419023136246787,-0.06729709878810136,0.028314359162688214
2,88,0.0843983351695434,-0.0672114089851879,0.02908556738890929
2,89,0.08452686987391358,-0.06708287428081773,0.02851634226955564
2,90,0.08452686987391358,-0.06708287428081773,0.02851634226955564
2,91,0.08452686987391358,-0.06700942587832048,0.029183498592238954
2,92,0.08428816256579753,-0.06713183988248256,0.029330395397233443
2,93,0.08451462847349736,-0.06708899498102583,0.02827763496143959
2,94,0.08451462847349736,-0.06708899498102583,0.02827763496143959
2,95,0.08436161096829478,-0.06715020198310687,0.028540825070388055
2,96,0.08455135267474599,-0.06696046027665566,0.02935487819806586
2,97,0.08455135267474599,-0.06696046027665566,0.02935487819806586
2,98,0.08437385236871098,-0.06727873668747705,0.029079446688701188
2,99,0.08434936956787856,-0.06722977108581221,0.029287550495776714
3,0,-0.08308238462480108,-0.06898641204553801,0.03625290733259885
3,1,-0.08287428081772555,-0.06908434324886767,0.03620394173093402
3,2,-0.08292936711959849,-0.06915779165136492,0.03606316562614763
3,3,-0.08292936711959849,-0.06915779165136492,0.03606316562614763
3,4,-0.08292936711959849,-0.06882115313991921,0.03611825192802057
3,5,-0.08283755661647693,-0.06882727384012731,0.0361855796303097
3,6,-0.08278859101481209,-0.06887011874158404,0.03635695923613662
3,7,-0.08278859101481209,-0.06887011874158404,0.03635695923613662
3,8,-0.08275186681356347,-0.06879054963887868,0.035995837923858486
3,9,-0.08294160852001468,-0.06899865344595421,0.036148855429061086
3,10,-0.08294160852001468,-0.06899865344595421,0.036148855429061086
3,11,-0.08300281552209574,-0.06909046394907578,0.03615497612926919
3,12,-0.08292936711959849,-0.06890072224262456,0.03604480352552332
3,13,-0.08292936711959849,-0.06890072224262456,0.03604480352552332
3,14,-0.08288040151793366,-0.06871098053617333,0.036277390133431266
3,15,-0.08290488431876607,-0.06882115313991921,0.03638756273717713
3,16,-0.08290488431876607,-0.06882115313991921,0.03638756273717713
3,17,-0.0832598849308361,-0.06884563594075163,0.036307993634471784
3,18,-0.08291100501897417,-0.0689619292447056,0.036350838535928506
3,19,-0.08268453911127432,-0.06886399804137593,0.036124372628228665
3,20,-0.08268453911127432,-0.06886399804137593,0.036124372628228665
3,21,-0.08291100501897417,-0.06899865344595421,0.03609988982739625
3,22,-0.08287428081772555,-0.06909658464928388,0.036167217529685394
3,23,-0.08287428081772555,-0.06909658464928388,0.036167217529685394
3,24,-0.08284367731668503,-0.06875382543763006,0.036093769127188154
3,25,-0.08314359162688212,-0.06909046394907578,0.036552821642795934
3,26,-0.08314359162688212,-0.06909046394907578,0.036552821642795934
3,27,-0.08291712571918228,-0.06905373974782715,0.03638756273717713
3,28,-0.0829477292202228,-0.06894968784428938,0.03632635573509609
3,29,-0.0829477292202228,-0.06894968784428938,0.03632635573509609
3,30,-0.08297221202105522,-0.06899865344595421,0.03637532133676093
3,31,-0.0829477292202228,-0.06871098053617333,0.03628351083363937
3,32,-0.08288040151793366,-0.06907210184845146,0.03619782103072591
3,33,-0.08288040151793366,-0.06907210184845146,0.03619782103072591
3,34,-0.0829660913208471,-0.06902925694699473,0.03634471783572041
3,35,-0.08304566042355246,-0.06900477414616232,0.03613049332843678
3,36,-0.08304566042355246,-0.06900477414616232,0.03613049332843678
3,37,-0.08288040151793366,-0.0686497735340923,0.03616109682947729
3,38,-0.08297221202105522,-0.06901089484637044,0.03615497612926919
3,39,-0.0827947117150202,-0.06878442893867058,0.036350838535928506
3,40,-0.0827947117150202,-0.06878442893867058,0.036350838535928506
3,41,-0.08302117762272004,-0.06887623944179214,0.03624678663239074
3,42,-0.08281307381564451,-0.06903537764720284,0.036020320724690906
3,43,-0.08281307381564451,-0.06903537764720284,0.036020320724690906
3,44,-0.08280695311543641,-0.06889460154241646,0.036265148733015055
3,45,-0.08293548781980659,-0.06884563594075163,0.035995837923858486
3,46,-0.08293548781980659,-0.06884563594075163,0.035995837923858486
3,47,-0.08282531521606071,-0.06885175664095973,0.036265148733015055
3,48,-0.08278247031460399,-0.06892520504345698,0.03631411433467989
3,49,-0.08278247031460399,-0.06892520504345698,0.03631411433467989
3,50,-0.08272738401273105,-0.06883951524054352,0.03611825192802057
3,51,-0.08286816011751744,-0.06872934263679766,0.0361733382298935
3,52,-0.08294160852001468,-0.06882115313991921,0.036222303831558327
3,53,-0.08294160852001468,-0.06882115313991921,0.036222303831558327
3,54,-0.08289264291834986,-0.06892520504345698,0.036148855429061086
3,55,-0.08281307381564451,-0.06908434324886767,0.036265148733015055
3,56,-0.08281307381564451,-0.06908434324886767,0.036265148733015055
3,57,-0.08271514261231486,-0.06885787734116783,0.036167217529685394
3,58,-0.08305790182396866,-0.06884563594075163,0.036307993634471784
3,59,-0.08305790182396866,-0.06884563594075163,0.036307993634471784
3,60,-0.08291100501897417,-0.06890072224262456,0.036124372628228665
3,61,-0.08275798751377159,-0.06919451585261353,0.036148855429061086
3,62,-0.08275798751377159,-0.06919451585261353,0.036148855429061086
3,63,-0.08291712571918228,-0.06874770473742196,0.03605704492593953
3,64,-0.08289264291834986,-0.06879054963887868,0.036277390133431266
3,65,-0.08297833272126331,-0.06899253274574611,0.03609988982739625
3,66,-0.08297833272126331,-0.06899253274574611,0.03609988982739625
3,67,-0.08286816011751744,-0.0689802913453299,0.036148855429061086
3,68,-0.08290488431876607,-0.06901089484637044,0.036265148733015055
3,69,-0.08290488431876607,-0.06901089484637044,0.036265148733015055
3,70,-0.08308238462480108,-0.06869261843554902,0.036167217529685394
3,71,-0.08269678051169053,-0.06895580854449748,0.036136614028644876
3,72,-0.08269678051169053,-0.06895580854449748,0.036136614028644876
3,73,-0.08305790182396866,-0.06910270534949198,0.036412045538009544
3,74,-0.08276410821397968,-0.06910270534949198,0.036020320724690906
3,75,-0.08276410821397968,-0.06910270534949198,0.036020320724690906
3,76,-0.08299057412167951,-0.06895580854449748,0.03621006243114212
3,77,-0.08292324641939038,-0.06877218753825438,0.03629575223405558
3,78,-0.08286203941730934,-0.06892520504345698,0.03632635573509609
3,79,-0.08286203941730934,-0.06892520504345698,0.03632635573509609
3,80,-0.08297833272126331,-0.06888848084220835,0.035995837923858486
3,81,-0.0829538499204309,-0.06876606683804627,0.03615497612926919
3,82,-0.0829538499204309,-0.06876606683804627,0.03615497612926919
3,83,-0.08299057412167951,-0.06911494674990819,0.036350838535928506
3,84,-0.0827947117150202,-0.06883951524054352,0.036167217529685394
3,85,-0.0827947117150202,-0.06883951524054352,0.036167217529685394
3,86,-0.08284979801689313,-0.06893132574366508,0.03607540702656384
3,87,-0.08278247031460399,-0.06875382543763006,0.03647937324029869
3,88,-0.08278247031460399,-0.06875382543763006,0.03647937324029869
3,89,-0.08291100501897417,-0.06869261843554902,0.03621618313135023
3,90,-0.08284367731668503,-0.06889460154241646,0.0361855796303097
3,91,-0.08284367731668503,-0.06865589423430041,0.03629575223405558
3,92,-0.08277022891418778,-0.06865589423430041,0.03629575223405558
3,93,-0.0826355735096095,-0.06874770473742196,0.03608152772677194
3,94,-0.08291712571918228,-0.06895580854449748,0.036008079324274696
3,95,-0.08291712571918228,-0.06895580854449748,0.036008079324274696
3,96,-0.08304566042355246,-0.06879667033908679,0.03621006243114212
3,97,-0.0829538499204309,-0.06909658464928388,0.03627126943322316
3,98,-0.0829538499204309,-0.06909658464928388,0.03627126943322316
3,99,-0.08304566042355246,-0.0689680499449137,0.036424286938425754
