values,,Magnetometer,Magnetometer,Magnetometer
axis,,x,y,z
Sensor,Sample,,,
0,0,0.0477537030236259,0.06726649528706083,-0.008477169788223774
0,1,0.0477537030236259,0.06726649528706083,-0.008477169788223774
0,2,0.04784551352674746,0.06723589178602032,-0.007920186069286326
0,3,0.04757008201738279,0.06735218508997429,-0.007920186069286326
0,4,0.04757008201738279,0.06735218508997429,-0.007920186069286326
0,5,0.047674133920920556,0.06734606438976619,-0.00831191088260497
0,6,0.0475884441180071,0.06714408128289875,-0.00845880768759946
0,7,0.0475884441180071,0.06714408128289875,-0.00845880768759946
0,8,0.04763128901946383,0.06738890929122292,-0.008434324886767045
0,9,0.047876117027787976,0.06727873668747705,-0.008636307993634473
0,10,0.047876117027787976,0.06727873668747705,-0.008636307993634473
0,11,0.04777818582445832,0.06716244338352308,-0.008415962786142735
0,12,0.04782715142612315,0.06749296119476068,-0.008207858979067204
0,13,0.04782715142612315,0.06749296119476068,-0.008207858979067204
0,14,0.047759823723834006,0.06711959848206635,-0.00861794589301016
0,15,0.04786387562737177,0.06755416819684172,-0.009021912106745012
0,16,0.04777206512425021,0.06731546088872567,-0.0082017382788591
0,17,0.04777206512425021,0.06731546088872567,-0.0082017382788591
0,18,0.04769861672175297,0.06733994368955809,-0.008122169176153753
0,19,0.047802668625290735,0.06737054719059861,-0.008483290488431878
0,20,0.047802668625290735,0.06737054719059861,-0.008483290488431878
0,21,0.047790427224874525,0.06726649528706083,-0.0082017382788591
0,22,0.04783327212633125,0.06730321948830946,-0.008238462480107725
0,23,0.04783327212633125,0.06730321948830946,-0.008238462480107725
0,24,0.047674133920920556,0.06741339209205534,-0.008538376790304811
0,25,0.04782715142612315,0.06736442649039051,-0.008060962174072714
0,26,0.04782715142612315,0.06736442649039051,-0.008060962174072714
0,27,0.04799241033174195,0.0671930468845636,-0.008893377402374832
0,28,0.047931203329660915,0.06727261598726894,-0.00808544497490513
0,29,0.047931203329660915,0.06727261598726894,-0.00808544497490513
0,30,0.04751499571550986,0.06741951279226344,-0.008293548781980659
0,31,0.0477414616232097,0.06726037458685273,-0.008415962786142735
0,32,0.0477414616232097,0.06726037458685273,-0.008415962786142735
0,33,0.04745990941363692,0.06726037458685273,-0.008293548781980659
0,34,0.04769861672175297,0.06743787489288774,-0.008324152283021177
0,35,0.04769861672175297,0.06743787489288774,-0.008324152283021177
0,36,0.04764353041988004,0.0671930468845636,-0.008507773289264293
0,37,0.04781491002570694,0.06728485738768515,-0.008348635083853593
0,38,0.04785775492716367,0.06730934018851756,-0.008354755784061698
0,39,0.04785775492716367,0.06730934018851756,-0.008354755784061698
0,40,0.0477414616232097,0.06733382298934998,-0.00839147998531032
0,41,0.04779654792508263,0.0673583057901824,-0.008226221079691516
0,42,0.04779654792508263,0.0673583057901824,-0.008226221079691516
0,43,0.04779654792508263,0.06722977108581221,-0.008042600073448402
0,44,0.047808789325498834,0.06762761659933897,-0.008177255478026686
0,45,0.047808789325498834,0.06762761659933897,-0.008177255478026686
0,46,0.04782715142612315,0.06741951279226344,-0.008385359285102216
0,47,0.047931203329660915,0.06737054719059861,-0.00808544497490513
0,48,0.047931203329660915,0.06737054719059861,-0.00808544497490513
0,49,0.047606806218631406,0.06745623699351205,-0.008354755784061698
0,50,0.047888358428204186,0.06763985799975517,-0.008501652589056188
0,51,0.047821030725915044,0.06726037458685273,-0.008593463092177745
0,52,0.04754559921655037,0.06718080548414739,-0.008501652589056188
0,53,0.04781491002570694,0.06743787489288774,-0.008299669482188762
0,54,0.0477537030236259,0.06740115069163913,-0.0085200146896805
0,55,0.0475945648182152,0.06729709878810136,-0.00856898029134533
0,56,0.04809646223527971,0.06744399559309586,-0.008813808299669481
0,57,0.047876117027787976,0.06724813318643653,-0.008428204186558942
0,58,0.047876117027787976,0.06719916758477171,-0.0085200146896805
0,59,0.047747582323417796,0.06719916758477171,-0.0085200146896805
0,60,0.04776594442404211,0.06733382298934998,-0.008422083486350838
0,61,0.04786999632757988,0.06733994368955809,-0.008299669482188762
0,62,0.047674133920920556,0.06733382298934998,-0.008611825192802057
0,63,0.04768637532133676,0.06745623699351205,-0.0085200146896805
0,64,0.04779654792508263,0.0673583057901824,-0.00813441057656996
0,65,0.04776594442404211,0.06729709878810136,-0.008471049088015669
0,66,0.047790427224874525,0.06741951279226344,-0.008244583180315828
0,67,0.047949565430285224,0.06743175419267963,-0.00810380707552944
0,68,0.047649651120088135,0.06725425388664463,-0.008360876484269801
0,69,0.04772922022279349,0.06754804749663361,-0.00782837556616477
0,70,0.04777206512425021,0.06728485738768515,-0.008269065981148243
0,71,0.04784551352674746,0.06759701309829844,-0.007963030970743053
0,72,0.047606806218631406,0.06740115069163913,-0.007969151670951156
0,73,0.04773534092300159,0.06737054719059861,-0.008660790794466886
0,74,0.047661892520504345,0.06714408128289875,-0.008593463092177745
0,75,0.04781491002570694,0.06718692618435548,-0.00821397967927531
0,76,0.04781491002570694,0.06875382543763006,-0.00858734239196964
0,77,0.04763128901946383,0.06740115069163913,-0.00858734239196964
0,78,0.047747582323417796,0.06754804749663361,-0.008477169788223774
0,79,0.04768637532133676,0.06727261598726894,-0.00845880768759946
0,80,0.04786999632757988,0.06736442649039051,-0.008679152895091198
0,81,0.04753947851634227,0.06733994368955809,-0.008703635695923613
0,82,0.04778430652466642,0.06739502999143102,-0.008324152283021177
0,83,0.047821030725915044,0.06732158158893378,-0.008018117272615987
0,84,0.047716978822377284,0.06746235769372017,-0.00805484147386461
0,85,0.0477414616232097,0.0673827885910148,-0.007901823968662016
0,86,0.04769861672175297,0.06700330517811237,-0.008544497490512915
0,87,0.0479067205288285,0.06737054719059861,-0.008415962786142735
0,88,0.04805361733382299,0.06739502999143102,-0.008813808299669481
0,89,0.0477537030236259,0.06726037458685273,-0.008721997796547925
0,90,0.0479067205288285,0.06749296119476068,-0.0077426857632513155
0,91,0.04785775492716367,0.0671930468845636,-0.008079324274697024
0,92,0.04785775492716367,0.0671930468845636,-0.008079324274697024
0,93,0.0477537030236259,0.06707675358060963,-0.008018117272615987
0,94,0.047931203329660915,0.06723589178602032,-0.008703635695923613
0,95,0.047716978822377284,0.0671930468845636,-0.00882604970008569
0,96,0.047759823723834006,0.06702778797894479,-0.008318031582813074
0,97,0.047692496021544864,0.06745623699351205,-0.0082017382788591
0,98,0.047802668625290735,0.06737054719059861,-0.008740359897172237
0,99,0.047606806218631406,0.06748684049455259,-0.008366997184477904
1,0,-0.061023381074794956,0.09648671808054841,0.02249357326478149
1,1,-0.061207002081038075,0.09641939037825928,0.02247521116415718
1,2,-0.06123148488187049,0.09636430407638634,0.022487452564573386
1,3,-0.06123148488187049,0.09636430407638634,0.022487452564573386
1,4,-0.06099889827396254,0.0963092177745134,0.022548659566654423
1,5,-0.06096217407271391,0.0964683559799241,0.022432366262700454
1,6,-0.06096217407271391,0.0964683559799241,0.022432366262700454
1,7,-0.06102950177500306,0.09651732158158893,0.022322193658954582
1,8,-0.061066225976251685,0.09641939037825928,0.022793487574978576
1,9,-0.061066225976251685,0.09641939037825928,0.022793487574978576
1,10,-0.06110907087770841,0.09653568368221324,0.022371159260619413
1,11,-0.06122536418166238,0.09649895948096462,0.022677194271024607
1,12,-0.06122536418166238,0.09649895948096462,0.022677194271024607
1,13,-0.06117639857999755,0.09652956298200514,0.022432366262700454
1,14,-0.06132941608520015,0.09632145917492961,0.02216917615375199
1,15,-0.0610907087770841,0.09653568368221324,0.02244460766311666
1,16,-0.0610907087770841,0.09653568368221324,0.02244460766311666
1,17,-0.061170277879789445,0.0964683559799241,0.022579263067694942
1,18,-0.06112131227812462,0.09624189007222426,0.022628228669359773
1,19,-0.06112131227812462,0.09624189007222426,0.022628228669359773
1,20,-0.06096217407271391,0.0961317174684784,0.022389521361243725
1,21,-0.06116415717958135,0.09608887256702167,0.022377279960827518
1,22,-0.06116415717958135,0.09608887256702167,0.022377279960827518
1,23,-0.0610907087770841,0.09640102827763496,0.022658832170400295
1,24,-0.06110907087770841,0.09644387317909169,0.0221875382543763
1,25,-0.06110907087770841,0.09644387317909169,0.0221875382543763
1,26,-0.06113355367854082,0.09651120088138083,0.022450728363324766
1,27,-0.06126208838291101,0.09648059738034032,0.02279960827518668
1,28,-0.060956053372505814,0.09643775247888359,0.022885298078100136
1,29,-0.060956053372505814,0.09643775247888359,0.022885298078100136
1,30,-0.06113967437874893,0.09659076998408618,0.02191210674501163
1,31,-0.06132329538499204,0.09625413147264048,0.022254865956665443
1,32,-0.06132329538499204,0.09625413147264048,0.022254865956665443
1,33,-0.06101726037458686,0.09600318276410821,0.022775125474354264
1,34,-0.06120088138082996,0.09632145917492961,0.022377279960827518
1,35,-0.06120088138082996,0.09632145917492961,0.022377279960827518
1,36,-0.060956053372505814,0.09627249357326478,0.022713918472273227
1,37,-0.06113967437874893,0.09616844166972702,0.022377279960827518
1,38,-0.06113967437874893,0.09616844166972702,0.022377279960827518
1,39,-0.061127432978332716,0.09636430407638634,0.022481331864365284
1,40,-0.06117639857999755,0.09621740727139186,0.02180193414126576
1,41,-0.061237605582078594,0.09632757987513771,0.022658832170400295
1,42,-0.061237605582078594,0.09632757987513771,0.022658832170400295
1,43,-0.06114579507895703,0.09662749418533481,0.022156934753335782
1,44,-0.06116415717958135,0.09641939037825928,0.02265271147019219
1,45,-0.06116415717958135,0.09641939037825928,0.02265271147019219
1,46,-0.060949932672297716,0.09657852858366997,0.022389521361243725
1,47,-0.06100501897417064,0.09660913208471049,0.022456849063532867
1,48,-0.06100501897417064,0.09660913208471049,0.022456849063532867
1,49,-0.06134777818582445,0.09621128657118375,0.02168564083731179
1,50,-0.06114579507895703,0.09652344228179703,0.02244460766311666
1,51,-0.061096829477292204,0.09625413147264048,0.022646590769984088
1,52,-0.06124372628228669,0.09653568368221324,0.022897539478516343
1,53,-0.06123148488187049,0.09611947606806218,0.022499693964989596
1,54,-0.061127432978332716,0.09657852858366997,0.022560900967070634
1,55,-0.06127432978332721,0.09611947606806218,0.0228302117762272
1,56,-0.061066225976251685,0.0963030970743053,0.022824091076019095
1,57,-0.06124372628228669,0.09637654547680255,0.022450728363324766
1,58,-0.06086424286938426,0.09627861427347288,0.022101848451462847
1,59,-0.06127432978332721,0.0962969763740972,0.022567021667278735
1,60,-0.060968294772922024,0.09621740727139186,0.02244460766311666
1,61,-0.061096829477292204,0.09640714897784305,0.02191210674501163
1,62,-0.06116415717958135,0.09633982127555393,0.02213857265271147
1,63,-0.061311053984575835,0.09622352797159996,0.02252417676582201
1,64,-0.059744154731301256,0.09629085567388909,0.021936589545844046
1,65,-0.06104786387562737,0.09629085567388909,0.022658832170400295
1,66,-0.06120088138082996,0.09644999387929978,0.022658832170400295
1,67,-0.06123148488187049,0.09659076998408618,0.022328314359162688
1,68,-0.060815277267719424,0.09652344228179703,0.022585383767903047
1,69,-0.06101726037458686,0.0964744766801322,0.022646590769984088
1,70,-0.061096829477292204,0.09661525278491859,0.022720039172481332
1,71,-0.061170277879789445,0.09638878687721876,0.022548659566654423
1,72,-0.06111519157791652,0.0966213734851267,0.021985555147508877
1,73,-0.0612559676827029,0.09619292447055942,0.022309952258538376
1,74,-0.0610907087770841,0.09619292447055942,0.022591504468111152
1,75,-0.06102950177500306,0.09654792508262945,0.022560900967070634
1,76,-0.061439588688946015,0.09627861427347288,0.022205900355000613
1,77,-0.06106010527604357,0.09622964867180805,0.02279960827518668
1,78,-0.06127432978332721,0.09650508018117274,0.02236503856041131
1,79,-0.06094381197208961,0.09644999387929978,0.022530297466030115
1,80,-0.061096829477292204,0.09652344228179703,0.02295874648059738
1,81,-0.06106010527604357,0.09640102827763496,0.022713918472273227
1,82,-0.06122536418166238,0.09604602766556494,0.02229771085812217
1,83,-0.061207002081038075,0.09634594197576203,0.022842453176643407
1,84,-0.06110907087770841,0.09652956298200514,0.02268331497123271
1,85,-0.06128657118374342,0.09639490757742686,0.022371159260619413
1,86,-0.06123148488187049,0.09653568368221324,0.022456849063532867
1,87,-0.06123148488187049,0.09649895948096462,0.022615987268943566
1,88,-0.06147019218998654,0.09649895948096462,0.022615987268943566
1,89,-0.061237605582078594,0.09654180438242135,0.022677194271024607
1,90,-0.061127432978332716,0.09611947606806218,0.022511935365405803
1,91,-0.060956053372505814,0.09629085567388909,0.022658832170400295
1,92,-0.06113967437874893,0.0959848206634839,0.02231607295874648
1,93,-0.06112131227812462,0.09618680377035133,0.023050556983718936
1,94,-0.061298812584159625,0.09633982127555393,0.022560900967070634
1,95,-0.06132329538499204,0.09649895948096462,0.022389521361243725
1,96,-0.06106010527604357,0.09626025217284857,0.021759089239809036
1,97,-0.061096829477292204,0.0963030970743053,0.0226649528706084
1,98,-0.06077855306647081,0.09646223527971601,0.022591504468111152
1,99,-0.061066225976251685,0.09649895948096462,0.022156934753335782
2,0,0.11775003060350105,-0.07456849063532868,0.05125474354266128
2,1,0.11763373729954707,-0.07429917982617211,0.050385604113110535
2,2,0.11776839270412535,-0.07429305912596401,0.05131595054474232
2,3,0.11776839270412535,-0.07429305912596401,0.05131595054474232
2,4,0.11798873791161708,-0.07449504223283143,0.051689313257436656
2,5,0.11781123760558207,-0.07469090463949077,0.051407761047863876
2,6,0.11781123760558207,-0.07469090463949077,0.051407761047863876
2,7,0.11743175419267964,-0.07440323172970988,0.051652589056188025
2,8,0.11775615130370913,-0.0744338352307504,0.051126208838291096
2,9,0.1178357204064145,-0.07450728363324764,0.05015301750520259
2,10,0.1178357204064145,-0.07450728363324764,0.05015301750520259
2,11,0.11766434080058759,-0.07458685273595299,0.0512853470437018
2,12,0.11762149589913087,-0.07461133553678541,0.051664830456604235
2,13,0.11762149589913087,-0.07461133553678541,0.051664830456604235
2,14,0.11754192679642553,-0.07436038682825316,0.05034887991186192
2,15,0.11758477169788224,-0.07458073203574489,0.05022034520749173
2,16,0.11758477169788224,-0.07458073203574489,0.05022034520749173
2,17,0.11757865099767413,-0.07405435181784796,0.051009915534337126
2,18,0.11738890929122292,-0.07442159383033418,0.05179948586118251
2,19,0.11738890929122292,-0.07442159383033418,0.05179948586118251
2,20,0.1175235646958012,-0.07457461133553679,0.05113845023870731
2,21,0.11776227200391724,-0.07463581833761782,0.050991553433712825
2,22,0.11776227200391724,-0.07463581833761782,0.051266984943077486
2,23,0.11742563349247155,-0.07453788713428816,0.051266984943077486
2,24,0.11761537519892276,-0.0742808177255478,0.051695433957644754
2,25,0.11765209940017138,-0.07447055943199901,0.05171991675847717
2,26,0.11765209940017138,-0.07447055943199901,0.05171991675847717
2,27,0.11772554780266861,-0.07434814542783694,0.051652589056188025
2,28,0.11733382298934998,-0.07418900722242625,0.050911984331007465
2,29,0.11733382298934998,-0.07418900722242625,0.050911984331007465
2,30,0.11756640959725792,-0.07437262822866936,0.051621985555147507
2,31,0.11741339209205533,-0.07445831803158282,0.051793365160974415
2,32,0.11741339209205533,-0.07445831803158282,0.051793365160974415
2,33,0.11776839270412535,-0.07469702533969887,0.05134043334557473
2,34,0.11798873791161708,-0.07453788713428816,0.05146896804994492
2,35,0.11798873791161708,-0.07453788713428816,0.05146896804994492
2,36,0.11769494430162811,-0.07437262822866936,0.05027543150936468
2,37,0.11758477169788224,-0.07422573142367486,0.048818704859835964
2,38,0.11788468600807933,-0.07445219733137472,0.05167707185702044
2,39,0.11788468600807933,-0.07445219733137472,0.05167707185702044
2,40,0.11767658220100378,-0.07412780022034521,0.04902068796670339
2,41,0.11778675480474968,-0.07483168074427714,0.051750520259517686
2,42,0.11778675480474968,-0.07483168074427714,0.051750520259517686
2,43,0.11771942710246053,-0.07418900722242625,0.049944913698127064
2,44,0.11787244460766311,-0.07421961072346676,0.049430774880646344
2,45,0.11787244460766311,-0.07421961072346676,0.049430774880646344
2,46,0.11792141020932793,-0.07418288652221813,0.05027543150936468
2,47,0.11798873791161708,-0.07446443873179091,0.049755171991675846
2,48,0.11798873791161708,-0.07446443873179091,0.049755171991675846
2,49,0.11786020320724691,-0.07454400783449626,0.050991553433712825
2,50,0.11786632390745502,-0.07466642183865835,0.051695433957644754
2,51,0.1178357204064145,-0.07466642183865835,0.05134043334557473
2,52,0.1176827029012119,-0.07447055943199901,0.0504774146162321
2,53,0.11774390990329293,-0.07445219733137472,0.04997551719916758
2,54,0.1175174439955931,-0.07431754192679643,0.05173827885910148
2,55,0.11744399559309585,-0.07445219733137472,0.05158526135389888
2,56,0.11746235769372015,-0.07445831803158282,0.05164646835597993
2,57,0.11787244460766311,-0.07447055943199901,0.05147508875015302
2,58,0.11784184110662259,-0.0744277145305423,0.050911984331007465
2,59,0.11766434080058759,-0.07429305912596401,0.05104051903537765
2,60,0.11776227200391724,-0.07470314603990696,0.051095605337250584
2,61,0.11774390990329293,-0.07450728363324764,0.051707675358060964
2,62,0.11781123760558207,-0.0742746970253397,0.051554657852858364
2,63,0.1178479618068307,-0.07458685273595299,0.050208103807075535
2,64,0.11785408250703881,-0.07436038682825316,0.05022034520749173
2,65,0.11773166850287672,-0.0742746970253397,0.04905129146774391
2,66,0.11773166850287672,-0.0742808177255478,0.051352674745990944
2,67,0.11756640959725792,-0.0742808177255478,0.051352674745990944
2,68,0.11785408250703881,-0.07432978332721263,0.05078957032684539
2,69,0.11782347900599828,-0.07438486962908557,0.05123026074182887
2,70,0.11777451340433345,-0.07426245562492349,0.05091810503121556
2,71,0.11756028889704981,-0.07450116293303954,0.05179948586118251
2,72,0.11766434080058759,-0.07420124862284246,0.0517627616599339
2,73,0.11762149589913087,-0.07442159383033418,0.05183008936222304
2,74,0.11759089239809035,-0.07463581833761782,0.05005508630187293
2,75,0.11774390990329293,-0.0746174562369935,0.051664830456604235
2,76,0.11757253029746603,-0.07412780022034521,0.0506365528216428
2,77,0.11779287550495776,-0.07477047374219611,0.051695433957644754
2,78,0.1176827029012119,-0.07448892153262333,0.04985310319500551
2,79,0.11772554780266861,-0.07466030113845024,0.05188517566409597
2,80,0.1178479618068307,-0.07420124862284246,0.05165870975639612
2,81,0.11769494430162811,-0.07451340433345574,0.05124862284245317
2,82,0.11782347900599828,-0.07436650752846126,0.051689313257436656
2,83,0.11784184110662259,-0.07434814542783694,0.051976986167217534
2,84,0.11762149589913087,-0.07452564573387196,0.051836210062431144
2,85,0.11755416819684172,-0.07435426612804505,0.051169053739747825
2,86,0.11755416819684172,-0.07417676582201004,0.05097931203329661
2,87,0.11763985799975518,-0.07417676582201004,0.05178724446076631
2,88,0.11757865099767413,-0.07460521483657731,0.05178724446076631
2,89,0.11762761659933896,-0.07453788713428816,0.05093646713183988
2,90,0.11790304810870364,-0.07439711102950178,0.0512792263434937
2,91,0.11767658220100378,-0.07431142122658832,0.05164034765577182
2,92,0.1175052025951769,-0.07437874892887746,0.05150569225119354
2,93,0.11748071979434446,-0.0744460766311666,0.05165870975639612
2,94,0.11765822010037948,-0.07447055943199901,0.05069163912351573
2,95,0.11784184110662259,-0.07461133553678541,0.051909658464928385
2,96,0.11761537519892276,-0.07423185212388297,0.049895948096462236
2,97,0.11765822010037948,-0.07469090463949077,0.05171991675847717
2,98,0.11771330640225242,-0.07445219733137472,0.051095605337250584
2,99,0.11787244460766311,-0.07429305912596401,0.05171991675847717
3,0,-0.11502631901089484,-0.07477047374219611,0.061451830089362225
3,1,-0.11511812951401641,-0.07475823234177989,0.06139674378748929
3,2,-0.11511812951401641,-0.07475823234177989,0.06139674378748929
3,3,-0.11507528461255967,-0.07498469824947974,0.0615742440935243
3,4,-0.11519157791651365,-0.07454400783449626,0.061421226588321706
3,5,-0.11519157791651365,-0.07454400783449626,0.061421226588321706
3,6,-0.1149467499081895,-0.07468478393928266,0.061513037091443255
3,7,-0.11500183621006244,-0.07488064634594196,0.06153751989227567
3,8,-0.11500183621006244,-0.07488064634594196,0.06153751989227567
3,9,-0.11523442281797039,-0.0747398702411556,0.06154364059248378
3,10,-0.11501407761047863,-0.07517443995593096,0.061482433590402744
3,11,-0.11516097441547313,-0.07481943934386094,0.06154364059248378
3,12,-0.11516097441547313,-0.07481943934386094,0.06154364059248378
3,13,-0.11501407761047863,-0.07494797404823111,0.06137838168686498
3,14,-0.11514261231484882,-0.07475211164157179,0.0615681233933162
3,15,-0.11514261231484882,-0.07475211164157179,0.0615681233933162
3,16,-0.11483657730444363,-0.0749173705471906,0.06123148488187049
3,17,-0.11520994001713795,-0.07486840494552577,0.0617456236993512
3,18,-0.11520994001713795,-0.07486840494552577,0.0617456236993512
3,19,-0.11524054351817847,-0.07480107724323662,0.06131717468478394
3,20,-0.11495287060839761,-0.07462969763740972,0.06152527849185947
3,21,-0.11495287060839761,-0.07462969763740972,0.06152527849185947
3,22,-0.11516097441547313,-0.07482556004406904,0.06153139919206757
3,23,-0.11506916391235159,-0.07477659444240421,0.06146407148977843
3,24,-0.11500183621006244,-0.07454400783449626,0.06138450238707308
3,25,-0.11500183621006244,-0.07454400783449626,0.06138450238707308
3,26,-0.11486106010527604,-0.07469090463949077,0.06156200269310809
3,27,-0.11502631901089484,-0.07487452564573387,0.06164157179581344
3,28,-0.11502631901089484,-0.07487452564573387,0.06164157179581344
3,29,-0.11516097441547313,-0.07452564573387196,0.061555881992899984
3,30,-0.1147876117027788,-0.07477047374219611,0.06162320969518913
3,31,-0.1147876117027788,-0.07477047374219611,0.06162320969518913
3,32,-0.11517933651609744,-0.07483168074427714,0.0615742440935243
3,33,-0.11474476680132206,-0.07463581833761782,0.0614028644876974
3,34,-0.11474476680132206,-0.07463581833761782,0.0614028644876974
3,35,-0.11519157791651365,-0.07495409474843923,0.06143346798873791
3,36,-0.11504468111151915,-0.07467866323907454,0.061592606194148615
3,37,-0.11504468111151915,-0.0749296119476068,0.06148855429061084
3,38,-0.1149406292079814,-0.0749296119476068,0.06148855429061084
3,39,-0.11521606071734607,-0.07469090463949077,0.061513037091443255
3,40,-0.11513649161464072,-0.07478271514261231,0.061415105888113594
3,41,-0.11513649161464072,-0.07478271514261231,0.061415105888113594
3,42,-0.1149406292079814,-0.07478271514261231,0.061421226588321706
3,43,-0.1150875260129759,-0.07447668013220712,0.06137838168686498
3,44,-0.1150875260129759,-0.07447668013220712,0.06137838168686498
3,45,-0.11518545721630555,-0.07477047374219611,0.061408985187905496
3,46,-0.11497123270902192,-0.07479495654302852,0.061439588688946015
3,47,-0.11497123270902192,-0.07479495654302852,0.061439588688946015
3,48,-0.11499571550985432,-0.07463581833761782,0.06147019218998654
3,49,-0.1149467499081895,-0.07453788713428816,0.06178846860080793
3,50,-0.11509364671318398,-0.07499693964989594,0.06139674378748929
3,51,-0.11515485371526502,-0.07488676704615008,0.06130493328436774
3,52,-0.11484881870485983,-0.07480719794344473,0.06164157179581344
3,53,-0.11483657730444363,-0.07472150814053127,0.06178234790059983
3,54,-0.11470804260007346,-0.07478883584282042,0.06127432978332721
3,55,-0.1151120088138083,-0.07470314603990696,0.06153139919206757
3,56,-0.11507528461255967,-0.07485004284490146,0.061482433590402744
3,57,-0.11513649161464072,-0.07481943934386094,0.061421226588321706
3,58,-0.1149651120088138,-0.07473374954094748,0.0615681233933162
3,59,-0.11491002570694087,-0.07486840494552577,0.06146407148977843
3,60,-0.11491002570694087,-0.07486840494552577,0.061451830089362225
3,61,-0.11520994001713795,-0.07471538744032317,0.061451830089362225
3,62,-0.11509976741339209,-0.07489900844656629,0.06152527849185947
3,63,-0.11500183621006244,-0.07514383645489045,0.061635451095605344
3,64,-0.11498959480964624,-0.0749112498469825,0.061298812584159625
3,65,-0.11503856041131107,-0.07454400783449626,0.06132329538499204
3,66,-0.11495287060839761,-0.07477659444240421,0.06156200269310809
3,67,-0.11513649161464072,-0.07483780144448525,0.06139674378748929
3,68,-0.11519157791651365,-0.0746174562369935,0.061555881992899984
3,69,-0.114799853103195,-0.07462357693720162,0.0615681233933162
3,70,-0.11503243971110295,-0.07502142245072836,0.06156200269310809
3,71,-0.11502019831068674,-0.07483780144448525,0.061690537397478276
3,72,-0.11506916391235159,-0.07502142245072836,0.06133553678540825
3,73,-0.11503856041131107,-0.07483168074427714,0.061408985187905496
3,74,-0.1149406292079814,-0.07458073203574489,0.06151915779165137
3,75,-0.11508140531276778,-0.07479495654302852,0.06153139919206757
3,76,-0.11505692251193536,-0.0749173705471906,0.061482433590402744
3,77,-0.11500795691027052,-0.07480107724323662,0.06165993389643776
3,78,-0.11495287060839761,-0.07472150814053127,0.06161708899498103
3,79,-0.11519769861672176,-0.07483168074427714,0.06156200269310809
3,80,-0.11499571550985432,-0.0750826294528094,0.06167217529685396
3,81,-0.11499571550985432,-0.0750826294528094,0.061653813196229645
3,82,-0.11505080181172726,-0.07481331864365284,0.061653813196229645
3,83,-0.11509976741339209,-0.07467866323907454,0.06143346798873791
3,84,-0.11509364671318398,-0.07466642183865835,0.06153751989227567
3,85,-0.11528338841963522,-0.07505814665197699,0.06152527849185947
3,86,-0.11517321581588932,-0.07450728363324764,0.06137838168686498
3,87,-0.11492226710735709,-0.07481331864365284,0.06112131227812462
3,88,-0.11492226710735709,-0.07481943934386094,0.06162933039539723
3,89,-0.1149651120088138,-0.07448892153262333,0.06154364059248378
3,90,-0.11508140531276778,-0.07485616354510956,0.061451830089362225
3,91,-0.11523442281797039,-0.07489900844656629,0.06138450238707308
3,92,-0.11511812951401641,-0.07468478393928266,0.061555881992899984
3,93,-0.11506916391235159,-0.07477659444240421,0.0614028644876974
3,94,-0.11506916391235159,-0.07475211164157179,0.06162320969518913
3,95,-0.11483045660423552,-0.07494185334802302,0.06129269188395152
3,96,-0.11509976741339209,-0.07466030113845024,0.06139674378748929
3,97,-0.11514873301505693,-0.07475211164157179,0.06162933039539723
3,98,-0.11530787122046762,-0.07458685273595299,0.061592606194148615
3,99,-0.11503856041131107,-0.07446443873179091,0.061268209083119106
