values,,Magnetometer,Magnetometer,Magnetometer
axis,,x,y,z
Sensor,Sample,,,
0,0,0.047888358428204186,0.057963030970743054,0.005318888480842209
0,1,0.04769861672175297,0.05806708287428082,0.005569837189374464
0,2,0.04769861672175297,0.05806708287428082,0.005569837189374464
0,3,0.04762516831925572,0.05778553066470804,0.005447423185212389
0,4,0.04765577182029625,0.05813441057656996,0.004847594564818215
0,5,0.04765577182029625,0.05813441057656996,0.004847594564818215
0,6,0.04802301383278247,0.05783449626637287,0.005502509487085323
0,7,0.04772309952258538,0.05777328926429184,0.005655526992287918
0,8,0.04772309952258538,0.05777328926429184,0.005655526992287918
0,9,0.04777206512425021,0.05783449626637287,0.005747337495409475
0,10,0.047704737421961074,0.057846737666789085,0.005808544497490513
0,11,0.047704737421961074,0.057846737666789085,0.005808544497490513
0,12,0.047747582323417796,0.05781613416574856,0.005735096094993267
0,13,0.04785163422695556,0.05807320357448892,0.00577182029624189
0,14,0.04785163422695556,0.05807320357448892,0.00577182029624189
0,15,0.04778430652466642,0.05779777206512425,0.005331129881258416
0,16,0.0479005998286204,0.05833027298322928,0.0056494062920798135
0,17,0.04784551352674746,0.05772432366262701,0.005655526992287918
0,18,0.04784551352674746,0.05772432366262701,0.005655526992287918
0,19,0.04762516831925572,0.057877341167829596,0.005422940384379973
0,20,0.04765577182029625,0.05789570326845391,0.0056126820908311914
0,21,0.04765577182029625,0.05789570326845391,0.0056126820908311914
0,22,0.04768637532133676,0.057669237360754064,0.005526992287917738
0,23,0.04754559921655037,0.057987513771575475,0.005777940996449994
0,24,0.04754559921655037,0.057987513771575475,0.005777940996449994
0,25,0.047759823723834006,0.058189496878442895,0.005667768392704125
0,26,0.047661892520504345,0.0578650997674134,0.005551475088750153
0,27,0.047661892520504345,0.0578650997674134,0.005551475088750153
0,28,0.047759823723834006,0.05782225486595667,0.006004406904149834
0,29,0.04764353041988004,0.05774880646345942,0.00554535438854205
0,30,0.04764353041988004,0.05774880646345942,0.00554535438854205
0,31,0.047802668625290735,0.05782225486595667,0.005471905986044803
0,32,0.04755784061696658,0.0580364793732403,0.005276043579385482
0,33,0.04755784061696658,0.0580364793732403,0.005276043579385482
0,34,0.04761292691883952,0.058005875872199776,0.005508630187293426
0,35,0.047704737421961074,0.05775492716366752,0.0056861304933284364
0,36,0.047704737421961074,0.05775492716366752,0.0056861304933284364
0,37,0.04760068551842331,0.05789570326845391,0.005343371281674623
0,38,0.04788223772799609,0.05790182396866202,0.005239319378136859
0,39,0.04777818582445832,0.05817725547802669,0.005257681478761171
0,40,0.04777818582445832,0.05817725547802669,0.005257681478761171
0,41,0.04747827151426123,0.057699840861794596,0.005692251193536541
0,42,0.04784551352674746,0.058103807075529444,0.005190353776472029
0,43,0.04784551352674746,0.058103807075529444,0.005190353776472029
0,44,0.04771085812216917,0.057963030970743054,0.0055759578895825685
0,45,0.04755171991675848,0.05776104786387563,0.005416819684171869
0,46,0.04755171991675848,0.05776104786387563,0.005416819684171869
0,47,0.04783327212633125,0.0573999265515975,0.00572285469457706
0,48,0.04777818582445832,0.05790182396866202,0.005263802178969274
0,49,0.04777818582445832,0.05790182396866202,0.005263802178969274
0,50,0.04786999632757988,0.057846737666789085,0.005453543885420492
0,51,0.04786387562737177,0.05782837556616477,0.0054657852858367
0,52,0.04786387562737177,0.05782837556616477,0.0054657852858367
0,53,0.047949565430285224,0.057877341167829596,0.0058758721997796545
0,54,0.04768025462112866,0.057950789570326844,0.005135267474599094
0,55,0.04768025462112866,0.057950789570326844,0.005135267474599094
0,56,0.0479005998286204,0.05781613416574856,0.005416819684171869
0,57,0.04758232341779899,0.058060962174072715,0.005508630187293426
0,58,0.04758232341779899,0.058060962174072715,0.005508630187293426
0,59,0.047649651120088135,0.058122169176153746,0.005520871587709634
0,60,0.04749663361488554,0.057693720161586484,0.005747337495409475
0,61,0.047918961929244705,0.05775492716366752,0.005520871587709634
0,62,0.047918961929244705,0.05775492716366752,0.005520871587709634
0,63,0.047808789325498834,0.05809768637532133,0.005484147386461012
0,64,0.04765577182029625,0.05789570326845391,0.005710613294160852
0,65,0.04765577182029625,0.05789570326845391,0.005710613294160852
0,66,0.04786387562737177,0.058048720773656505,0.005655526992287918
0,67,0.04755784061696658,0.05779165136491614,0.005618802791039295
0,68,0.04755784061696658,0.05779165136491614,0.005618802791039295
0,69,0.04786999632757988,0.057950789570326844,0.0051413881748071984
0,70,0.04783327212633125,0.05796915167095116,0.0053494919818827275
0,71,0.04783327212633125,0.05796915167095116,0.0053494919818827275
0,72,0.04783939282653936,0.058005875872199776,0.005539233688333946
0,73,0.047704737421961074,0.057950789570326844,0.0055943199902068795
0,74,0.047704737421961074,0.057950789570326844,0.0055943199902068795
0,75,0.047490512914677444,0.057767168564083725,0.005453543885420492
0,76,0.04793732402986901,0.05807320357448892,0.005367854082507039
0,77,0.04793732402986901,0.05807320357448892,0.005367854082507039
0,78,0.04779654792508263,0.058048720773656505,0.0056126820908311914
0,79,0.04779654792508263,0.05797527237115926,0.005637164891663606
0,80,0.04779654792508263,0.05797527237115926,0.005637164891663606
0,81,0.04786387562737177,0.057846737666789085,0.004927163667523564
0,82,0.04781491002570694,0.05778553066470804,0.005318888480842209
0,83,0.04778430652466642,0.057963030970743054,0.005318888480842209
0,84,0.04778430652466642,0.057963030970743054,0.005318888480842209
0,85,0.04773534092300159,0.05806708287428082,0.005422940384379973
0,86,0.04777818582445832,0.057877341167829596,0.005930958501652589
0,87,0.04777818582445832,0.057877341167829596,0.005930958501652589
0,88,0.047821030725915044,0.057846737666789085,0.005165870975639613
0,89,0.0479067205288285,0.05781613416574856,0.005520871587709634
0,90,0.0479067205288285,0.05781613416574856,0.005520871587709634
0,91,0.047649651120088135,0.05783449626637287,0.0056310441914555025
0,92,0.04782715142612315,0.05785285836699718,0.00520871587709634
0,93,0.04782715142612315,0.05785285836699718,0.00520871587709634
0,94,0.04768025462112866,0.05782837556616477,0.005373974782715143
0,95,0.04771085812216917,0.05782225486595667,0.005569837189374464
0,96,0.04771085812216917,0.05782225486595667,0.005569837189374464
0,97,0.04777818582445832,0.05763863385971355,0.005331129881258416
0,98,0.04768637532133676,0.05788958256824581,0.005422940384379973
0,99,0.04768637532133676,0.05788958256824581,0.005422940384379973
1,0,-0.061610968294772916,0.08763618557963031,0.03756885787734117
1,1,-0.0617456236993512,0.08718937446443872,0.03783816868649774
1,2,-0.0617456236993512,0.08718937446443872,0.03783816868649774
1,3,-0.06159872689435671,0.08739747827151426,0.037574978577549274
1,4,-0.061666054596645856,0.0873056677683927,0.03792385848941119
1,5,-0.061666054596645856,0.0873056677683927,0.03792385848941119
1,6,-0.061353898886032564,0.08722609866568735,0.03731178846860081
1,7,-0.06156200269310809,0.08725670216672787,0.03759334067817358
1,8,-0.06156200269310809,0.08725670216672787,0.03759334067817358
1,9,-0.061451830089362225,0.08715877096339822,0.03772799608275187
1,10,-0.06175174439955931,0.08742808177255477,0.037703513281919454
1,11,-0.06175174439955931,0.08742808177255477,0.037703513281919454
1,12,-0.061549761292691886,0.08711592606194149,0.0376239441792141
1,13,-0.06153751989227567,0.08720161586485495,0.0374648059738034
1,14,-0.06164769249602155,0.08727506426735218,0.037874892887746356
1,15,-0.06164769249602155,0.08727506426735218,0.037874892887746356
1,16,-0.06145795078957032,0.0874709266740115,0.038027910392948956
1,17,-0.06143346798873791,0.08706083976006855,0.037691271881503244
1,18,-0.06143346798873791,0.08706083976006855,0.037691271881503244
1,19,-0.061708899498102585,0.08738523687109805,0.037660668380462725
1,20,-0.061513037091443255,0.08743420247276287,0.03786265148733015
1,21,-0.061513037091443255,0.08743420247276287,0.03786265148733015
1,22,-0.06160484759456482,0.08733015056922512,0.037887134288162566
1,23,-0.06159872689435671,0.08726282286693597,0.037446443873179094
1,24,-0.06159872689435671,0.08726282286693597,0.037446443873179094
1,25,-0.06162933039539723,0.0871404088627739,0.037017994858611826
1,26,-0.06162933039539723,0.08759334067817358,0.0371404088627739
1,27,-0.061635451095605344,0.08718325376423063,0.03726282286693598
1,28,-0.061635451095605344,0.08718325376423063,0.03726282286693598
1,29,-0.06175786509976742,0.08726282286693597,0.03696290855673889
1,30,-0.061298812584159625,0.08751989227567633,0.037146529562982006
1,31,-0.061298812584159625,0.08751989227567633,0.037146529562982006
1,32,-0.061555881992899984,0.08737911617088995,0.03692618435549026
1,33,-0.061610968294772916,0.0874770473742196,0.03731790916880891
1,34,-0.061610968294772916,0.0874770473742196,0.03731790916880891
1,35,-0.061482433590402744,0.08709756396131717,0.03694454645611458
1,36,-0.06170277879789447,0.08720773656506305,0.03692618435549026
1,37,-0.06170277879789447,0.08720773656506305,0.03692618435549026
1,38,-0.06171502019831069,0.08721385726527114,0.03718937446443873
1,39,-0.061837434202472764,0.08748928877463583,0.03752601297588444
1,40,-0.06172114089851879,0.08756885787734117,0.037305667768392704
1,41,-0.06172114089851879,0.08756885787734117,0.037305667768392704
1,42,-0.061482433590402744,0.08740359897172237,0.037275064267352186
1,43,-0.06147019218998654,0.08722609866568735,0.03699963275798752
1,44,-0.06147019218998654,0.08722609866568735,0.03699963275798752
1,45,-0.06168441669727017,0.08734239196964133,0.03712204676214959
1,46,-0.06170277879789447,0.0876239441792141,0.037164891663606314
1,47,-0.06170277879789447,0.0876239441792141,0.037164891663606314
1,48,-0.061635451095605344,0.08741584037213858,0.03731178846860081
1,49,-0.061610968294772916,0.08739747827151426,0.03720161586485494
1,50,-0.061610968294772916,0.08723834006610356,0.03749540947484392
1,51,-0.06162933039539723,0.08723834006610356,0.03749540947484392
1,52,-0.061494674990818954,0.08763006487942221,0.03779532378504101
1,53,-0.061690537397478276,0.08774635818337619,0.03756885787734117
1,54,-0.061690537397478276,0.08774635818337619,0.03756885787734117
1,55,-0.061794589301016035,0.0871404088627739,0.03799118619170033
1,56,-0.06153139919206757,0.08751377157546823,0.03758109927775737
1,57,-0.06153139919206757,0.08751377157546823,0.03758109927775737
1,58,-0.06152527849185947,0.08709144326110907,0.03750765087526013
1,59,-0.06181907210184845,0.08739135757130616,0.037917737789203085
1,60,-0.06181907210184845,0.08739135757130616,0.037917737789203085
1,61,-0.061690537397478276,0.08754437507650875,0.03751377157546824
1,62,-0.06139674378748929,0.08719549516464684,0.03769739258171135
1,63,-0.06139674378748929,0.08735463337005753,0.037691271881503244
1,64,-0.0615681233933162,0.08735463337005753,0.037691271881503244
1,65,-0.06142734728852981,0.08699351205777942,0.03788101358795446
1,66,-0.061482433590402744,0.0874709266740115,0.038034031093157054
1,67,-0.061482433590402744,0.0874709266740115,0.038034031093157054
1,68,-0.061513037091443255,0.0872934263679765,0.03795446199045171
1,69,-0.061696658097686374,0.08709756396131717,0.03783204798628963
1,70,-0.061696658097686374,0.08709756396131717,0.03783204798628963
1,71,-0.061794589301016035,0.08723221936589545,0.038358428204186557
1,72,-0.061653813196229645,0.08743420247276287,0.03753825437630065
1,73,-0.061653813196229645,0.08743420247276287,0.03753825437630065
1,74,-0.06154364059248378,0.08736075407026564,0.037630064879422206
1,75,-0.06156200269310809,0.08731790916880891,0.03724446076631167
1,76,-0.06156200269310809,0.08731790916880891,0.03775247888358428
1,77,-0.06167217529685396,0.0871281674623577,0.03775247888358428
1,78,-0.06167217529685396,0.0873056677683927,0.03769739258171135
1,79,-0.06161708899498103,0.08748316807442771,0.03775247888358428
1,80,-0.06161708899498103,0.08748316807442771,0.03775247888358428
1,81,-0.06165993389643776,0.08738523687109805,0.03799730689190843
1,82,-0.061666054596645856,0.0874525645733872,0.03755661647692496
1,83,-0.061666054596645856,0.0874525645733872,0.03755661647692496
1,84,-0.061494674990818954,0.08726282286693597,0.037819806585873424
1,85,-0.06160484759456482,0.08735463337005753,0.037421961072346674
1,86,-0.06160484759456482,0.08735463337005753,0.037421961072346674
1,87,-0.06115803647937325,0.08755049577671685,0.036864977353409226
1,88,-0.06162933039539723,0.08751377157546823,0.038046272493573265
1,89,-0.06162933039539723,0.08751377157546823,0.038046272493573265
1,90,-0.06147631289019464,0.08738523687109805,0.038089117395029994
1,91,-0.06151915779165137,0.087617823479006,0.036950667156322684
1,92,-0.06178846860080793,0.08721385726527114,0.037293426367976494
1,93,-0.06178846860080793,0.08721385726527114,0.037293426367976494
1,94,-0.06147019218998654,0.08734851266984943,0.03721385726527115
1,95,-0.061592606194148615,0.08718325376423063,0.03741584037213857
1,96,-0.061592606194148615,0.08718325376423063,0.03741584037213857
1,97,-0.06131717468478394,0.08717713306402253,0.0371404088627739
1,98,-0.061421226588321706,0.08703635695923614,0.0368098910515363
1,99,-0.061421226588321706,0.08703635695923614,0.0368098910515363
2,0,0.08387807565185457,-0.05844044558697516,0.03770963398212755
2,1,0.08392704125351941,-0.058770963398212764,0.03645489043946627
2,2,0.08406781735830579,-0.05863630799363447,0.03691394295507406
2,3,0.08378014444852491,-0.058299669482188766,0.03707920186069286
2,4,0.08378014444852491,-0.058299669482188766,0.03707920186069286
2,5,0.08401885175664095,-0.05876484269800465,0.03768515118129514
2,6,0.08402497245684906,-0.058348635083853594,0.035995837923858486
2,7,0.08402497245684906,-0.058348635083853594,0.035995837923858486
2,8,0.08400048965601666,-0.058703635695923614,0.03631411433467989
2,9,0.0839209205533113,-0.058746480597380336,0.037164891663606314
2,10,0.0839209205533113,-0.058746480597380336,0.037164891663606314
2,11,0.08420247276288408,-0.0583608764842698,0.03752601297588444
2,12,0.08399436895580854,-0.0583547557840617,0.03693842575590647
2,13,0.08399436895580854,-0.0583547557840617,0.03693842575590647
2,14,0.08422695556371648,-0.05846492838780757,0.03785041008691394
2,15,0.08415350716121925,-0.05864242869384258,0.037801444485249115
2,16,0.08415350716121925,-0.05864242869384258,0.037801444485249115
2,17,0.08414738646101114,-0.05831191088260497,0.03786265148733015
2,18,0.08406781735830579,-0.0586975149957155,0.03772799608275187
2,19,0.08389031705227078,-0.058544497490512916,0.03772187538254376
2,20,0.08389031705227078,-0.058544497490512916,0.03772187538254376
2,21,0.08406169665809768,-0.05826906598114824,0.03802178969274085
2,22,0.0839147998531032,-0.05845880768759946,0.0368160117517444
2,23,0.0839147998531032,-0.05845880768759946,0.0368160117517444
2,24,0.08397600685518423,-0.058703635695923614,0.037691271881503244
2,25,0.08426367976496511,-0.05837311788468601,0.037617823479005996
2,26,0.08426367976496511,-0.05837311788468601,0.037617823479005996
2,27,0.08406169665809768,-0.05874035989717223,0.03711592606194149
2,28,0.08383523075039785,-0.05832415228302118,0.03780756518545721
2,29,0.08383523075039785,-0.05832415228302118,0.03780756518545721
2,30,0.08412902436038683,-0.058648549394050675,0.03598971722365039
2,31,0.08409842085934631,-0.0586791528950912,0.037789203084832905
2,32,0.08404945525768148,-0.0583608764842698,0.03654058024237973
2,33,0.08404945525768148,-0.0583608764842698,0.03654058024237973
2,34,0.08406169665809768,-0.058648549394050675,0.03759946137838169
2,35,0.0840739380585139,-0.058434324886767045,0.037060839760068555
2,36,0.0840739380585139,-0.058434324886767045,0.037060839760068555
2,37,0.08395152405435183,-0.05862406659321826,0.03719549516464683
2,38,0.08395152405435183,-0.058691394295507404,0.03703023625902803
2,39,0.08395152405435183,-0.058691394295507404,0.03703023625902803
2,40,0.08399436895580854,-0.0586791528950912,0.03755049577671686
2,41,0.0839147998531032,-0.058550618190721014,0.037691271881503244
2,42,0.0839147998531032,-0.058550618190721014,0.037691271881503244
2,43,0.08405557595788958,-0.058648549394050675,0.03676704615007957
2,44,0.08389643775247888,-0.058415962786142736,0.037152650263190104
2,45,0.08389643775247888,-0.05874035989717223,0.037899375688578776
2,46,0.08381074794956543,-0.05874035989717223,0.037899375688578776
2,47,0.08415962786142735,-0.0585261353898886,0.037874892887746356
2,48,0.08401273105643285,-0.05857510099155343,0.03772799608275187
2,49,0.08401273105643285,-0.05857510099155343,0.03772799608275187
2,50,0.08412290366017873,-0.05833027298322928,0.03731178846860081
2,51,0.08401885175664095,-0.05842820418655894,0.036620149345085076
2,52,0.08401885175664095,-0.05842820418655894,0.036620149345085076
2,53,0.0839147998531032,-0.05856285959113723,0.03707920186069286
2,54,0.084080058758722,-0.05828742808177255,0.03768515118129514
2,55,0.084080058758722,-0.05828742808177255,0.03768515118129514
2,56,0.08403109315705717,-0.05859958379238585,0.037562737177133064
2,57,0.08395152405435183,-0.05828130738156445,0.03725058146651977
2,58,0.08395152405435183,-0.05828130738156445,0.03725058146651977
2,59,0.08404945525768148,-0.05861182519280206,0.03783204798628963
2,60,0.08395764475455993,-0.05842820418655894,0.03772799608275187
2,61,0.08402497245684906,-0.05856285959113723,0.03799730689190843
2,62,0.08402497245684906,-0.05856285959113723,0.03799730689190843
2,63,0.08410454155955441,-0.05819561757865099,0.037630064879422206
2,64,0.0840861794589301,-0.05847716978822377,0.03772187538254376
2,65,0.0840861794589301,-0.05847716978822377,0.03772187538254376
2,66,0.0839392826539356,-0.05859346309217774,0.037305667768392704
2,67,0.08400048965601666,-0.058446566287183255,0.03679764965112009
2,68,0.08400048965601666,-0.058446566287183255,0.03679764965112009
2,69,0.08394540335414372,-0.05844044558697516,0.03586118251928021
2,70,0.08400048965601666,-0.05832415228302118,0.036093769127188154
2,71,0.08400048965601666,-0.05832415228302118,0.036093769127188154
2,72,0.08434936956787856,-0.05872199779654792,0.035683682213245194
2,73,0.08390255845268699,-0.058348635083853594,0.03636920063655282
2,74,0.08390255845268699,-0.058348635083853594,0.03767903048108704
2,75,0.08406169665809768,-0.058550618190721014,0.03767903048108704
2,76,0.08415350716121925,-0.05842208348635084,0.03786265148733015
2,77,0.08395152405435183,-0.05853837679030481,0.036436528338841964
2,78,0.08395152405435183,-0.05853837679030481,0.036436528338841964
2,79,0.0840923001591382,-0.0583608764842698,0.036418166238217656
2,80,0.08417798996205166,-0.05853225609009671,0.0377769616844167
2,81,0.08417798996205166,-0.05853225609009671,0.0377769616844167
2,82,0.08412290366017873,-0.058446566287183255,0.03644876973925817
2,83,0.08417798996205166,-0.0583608764842698,0.0376239441792141
2,84,0.08417798996205166,-0.0583608764842698,0.0376239441792141
2,85,0.08406781735830579,-0.058556738890929126,0.03674868404945526
2,86,0.08400661035622475,-0.05857510099155343,0.03763618557963031
2,87,0.08400661035622475,-0.05857510099155343,0.03763618557963031
2,88,0.08399436895580854,-0.05850165258905619,0.03744032317297098
2,89,0.08366385114457095,-0.05872199779654792,0.037948341290243603
2,90,0.08402497245684906,-0.058489411188639984,0.036920063655282165
2,91,0.08402497245684906,-0.058489411188639984,0.036920063655282165
2,92,0.08401885175664095,-0.05831803158281308,0.03772187538254376
2,93,0.08390255845268699,-0.058507773289264285,0.03783816868649774
2,94,0.08390255845268699,-0.058507773289264285,0.03783816868649774
2,95,0.08403109315705717,-0.05856285959113723,0.037605582078589786
2,96,0.08404945525768148,-0.058544497490512916,0.03707920186069286
2,97,0.08404945525768148,-0.058544497490512916,0.03707920186069286
2,98,0.08384135145060595,-0.05866691149467499,0.03634471783572041
2,99,0.08403721385726527,-0.05842820418655894,0.0376117027787979
3,0,-0.08210307259150447,-0.060992777573754445,0.046125596768270286
3,1,-0.08210307259150447,-0.06096217407271391,0.04607663116660546
3,2,-0.08251928020565553,-0.06096217407271391,0.04607663116660546
3,3,-0.08203574488921532,-0.060754070265638394,0.04633982127555392
3,4,-0.08223160729587466,-0.0611029501775003,0.04633982127555392
3,5,-0.08223160729587466,-0.0611029501775003,0.04633982127555392
3,6,-0.0821704002937936,-0.060925449871465295,0.04633370057534582
3,7,-0.0821459174929612,-0.060949932672297716,0.046150079569102706
3,8,-0.0821459174929612,-0.060949932672297716,0.046150079569102706
3,9,-0.08218876239441793,-0.06101726037458686,0.046321459174929615
3,10,-0.08204798628963153,-0.06096217407271391,0.04621128657118374
3,11,-0.08204798628963153,-0.06096217407271391,0.04621128657118374
3,12,-0.08226221079691518,-0.061170277879789445,0.04602766556494063
3,13,-0.08212755539233688,-0.0609376912718815,0.04596033786265148
3,14,-0.08212755539233688,-0.0609376912718815,0.04617456236993512
3,15,-0.08229893499816379,-0.06089484637042477,0.04617456236993512
3,16,-0.08201126208838291,-0.06082139796792753,0.0462969763740972
3,17,-0.08223160729587466,-0.061023381074794956,0.04617456236993512
3,18,-0.08223160729587466,-0.061023381074794956,0.04617456236993512
3,19,-0.08202350348879912,-0.06104174317541927,0.04647447668013221
3,20,-0.0821642795935855,-0.06097441547313013,0.0459848206634839
3,21,-0.0821642795935855,-0.06097441547313013,0.0459848206634839
3,22,-0.08229893499816379,-0.0609193291712572,0.04640102827763496
3,23,-0.08223160729587466,-0.060913208471049085,0.04647447668013221
3,24,-0.08223160729587466,-0.060913208471049085,0.04647447668013221
3,25,-0.08243971110295018,-0.06112131227812462,0.04620516587097564
3,26,-0.08188884808422084,-0.061023381074794956,0.04652956298200514
3,27,-0.08188884808422084,-0.061023381074794956,0.04652956298200514
3,28,-0.08220100379483412,-0.0609193291712572,0.046150079569102706
3,29,-0.08209083119108826,-0.060968294772922024,0.04593585506181907
3,30,-0.08220100379483412,-0.06086424286938426,0.04633370057534582
3,31,-0.08220100379483412,-0.06086424286938426,0.04633370057534582
3,32,-0.08227445219733137,-0.060882604970008566,0.046266372873056676
3,33,-0.08212143469212878,-0.06116415717958135,0.04624801077243237
3,34,-0.08212143469212878,-0.06116415717958135,0.04624801077243237
3,35,-0.08229281429795568,-0.060949932672297716,0.04648671808054842
3,36,-0.08212755539233688,-0.06102950177500306,0.0461317174684784
3,37,-0.08212755539233688,-0.06102950177500306,0.0461317174684784
3,38,-0.08227445219733137,-0.060680621863141146,0.046278614273472886
3,39,-0.08223772799608275,-0.06072958746480598,0.04627249357326478
3,40,-0.08223772799608275,-0.06072958746480598,0.04627249357326478
3,41,-0.0821704002937936,-0.060674501162933034,0.04615620026931081
3,42,-0.0821704002937936,-0.061023381074794956,0.046235769372016164
3,43,-0.08198677928755049,-0.060882604970008566,0.04622964867180805
3,44,-0.08198677928755049,-0.060882604970008566,0.04622964867180805
3,45,-0.0821520381931693,-0.06083976006855184,0.04620516587097564
3,46,-0.08192557228546946,-0.06076019096584649,0.046168441669727014
3,47,-0.08192557228546946,-0.06076019096584649,0.046168441669727014
3,48,-0.08234790059982862,-0.06089484637042477,0.046168441669727014
3,49,-0.0819928999877586,-0.060882604970008566,0.046266372873056676
3,50,-0.0819928999877586,-0.060882604970008566,0.046266372873056676
3,51,-0.0821642795935855,-0.0609376912718815,0.04627249357326478
3,52,-0.08209083119108826,-0.06107234667645979,0.04602766556494063
3,53,-0.08209083119108826,-0.060809156567511326,0.046449993879299795
3,54,-0.08226833149712327,-0.060809156567511326,0.046449993879299795
3,55,-0.08198677928755049,-0.06128657118374342,0.04584404455869752
3,56,-0.08204186558942343,-0.060754070265638394,0.04624801077243237
3,57,-0.08204186558942343,-0.060754070265638394,0.04624801077243237
3,58,-0.08228057289753948,-0.06064389766189252,0.04637042477659444
3,59,-0.08243971110295018,-0.06072958746480598,0.04624189007222426
3,60,-0.08243971110295018,-0.06072958746480598,0.04624189007222426
3,61,-0.0821704002937936,-0.06090708777084099,0.04635818337617824
3,62,-0.08217652099400172,-0.060882604970008566,0.04637654547680255
3,63,-0.08217652099400172,-0.060882604970008566,0.04637654547680255
3,64,-0.08221936589545845,-0.060925449871465295,0.04637654547680255
3,65,-0.08231117639858,-0.060705104663973566,0.04620516587097564
3,66,-0.08231117639858,-0.060705104663973566,0.046180683070143225
3,67,-0.08201126208838291,-0.06101726037458686,0.046180683070143225
3,68,-0.08207858979067205,-0.06097441547313013,0.04622964867180805
3,69,-0.0819928999877586,-0.06094381197208961,0.04624189007222426
3,70,-0.0819928999877586,-0.06094381197208961,0.04624189007222426
3,71,-0.08193169298567757,-0.06107846737666789,0.04622964867180805
3,72,-0.08205410698983964,-0.06087648426980047,0.0461439588688946
3,73,-0.08205410698983964,-0.06087648426980047,0.0461439588688946
3,74,-0.08202962418900722,-0.061053984575835475,0.04638266617701065
3,75,-0.08196841718692618,-0.060968294772922024,0.046150079569102706
3,76,-0.08196841718692618,-0.060968294772922024,0.046150079569102706
3,77,-0.08234790059982862,-0.06085812216917615,0.046407148977843066
3,78,-0.08207858979067205,-0.061372260986656865,0.04631533847472151
3,79,-0.08207858979067205,-0.061372260986656865,0.04631533847472151
3,80,-0.08221936589545845,-0.060949932672297716,0.046235769372016164
3,81,-0.08219488309462603,-0.06072958746480598,0.046413269678051164
3,82,-0.0823050556983719,-0.06096217407271391,0.04633370057534582
3,83,-0.0823050556983719,-0.06096217407271391,0.04633370057534582
3,84,-0.08232953849920431,-0.06122536418166238,0.046309217774513405
3,85,-0.08226833149712327,-0.061011139674378746,0.04633982127555392
3,86,-0.08226833149712327,-0.061011139674378746,0.04633982127555392
3,87,-0.08228669359774758,-0.06098665687354633,0.04637654547680255
3,88,-0.08212143469212878,-0.060956053372505814,0.04621128657118374
3,89,-0.08212143469212878,-0.060956053372505814,0.04621128657118374
3,90,-0.08191945158526134,-0.06077855306647081,0.046150079569102706
3,91,-0.08206634839025585,-0.060809156567511326,0.04624189007222426
3,92,-0.08206634839025585,-0.060809156567511326,0.04624189007222426
3,93,-0.08212143469212878,-0.060949932672297716,0.04634594197576203
3,94,-0.08219488309462603,-0.06113355367854082,0.04619904517076753
3,95,-0.08237850410086914,-0.061023381074794956,0.04621740727139185
3,96,-0.08237850410086914,-0.061023381074794956,0.04621740727139185
3,97,-0.08229281429795568,-0.06069286326355735,0.04633982127555392
3,98,-0.08222548659566654,-0.06097441547313013,0.04637042477659444
3,99,-0.08222548659566654,-0.06097441547313013,0.04637042477659444
