values,,Magnetometer,Magnetometer,Magnetometer
axis,,x,y,z
Sensor,Sample,,,
0,0,0.04748439221446933,0.06814175541681969,-0.012804504835353165
0,1,0.04746603011384502,0.068337617823479,-0.012663728730566776
0,2,0.047533357816134165,0.06820296241890073,-0.01274941853348023
0,3,0.047533357816134165,0.06820296241890073,-0.01274941853348023
0,4,0.04738646101113968,0.06820296241890073,-0.013128901946382665
0,5,0.047221202105520874,0.06842942832660057,-0.012902436038682824
0,6,0.047221202105520874,0.06842942832660057,-0.012902436038682824
0,7,0.04741094381197209,0.06857632513159505,-0.012639245929734361
0,8,0.04772309952258538,0.06838658342514384,-0.012969763740971968
0,9,0.04772309952258538,0.06838658342514384,-0.012969763740971968
0,10,0.04747827151426123,0.06837434202472763,-0.012743297833272127
0,11,0.047606806218631406,0.06842942832660057,-0.013496143958868894
0,12,0.047606806218631406,0.06842942832660057,-0.013496143958868894
0,13,0.04764353041988004,0.06826416942098176,-0.013294160852001469
0,14,0.04746603011384502,0.06826416942098176,-0.012675970130982983
0,15,0.04763740971967193,0.068160117517444,-0.012578038927653324
0,16,0.04763740971967193,0.068160117517444,-0.012578038927653324
0,17,0.04752723711592606,0.06834985922389522,-0.013251315950544743
0,18,0.047521116415717955,0.06838046272493573,-0.013306402252417675
0,19,0.047521116415717955,0.06838046272493573,-0.013306402252417675
0,20,0.047435426612804504,0.0681539968172359,-0.013092177745134043
0,21,0.047306891908434325,0.06812951401640348,-0.01291467743909903
0,22,0.047306891908434325,0.06812951401640348,-0.01291467743909903
0,23,0.04723956420614518,0.06830701432243849,-0.013018729342636797
0,24,0.04761292691883952,0.06822132451952503,-0.012994246541804384
0,25,0.04761292691883952,0.06822132451952503,-0.012994246541804384
0,26,0.047533357816134165,0.06836210062431142,-0.01308605704492594
0,27,0.04750275431509365,0.06851511812951402,-0.01352062675970131
0,28,0.04750275431509365,0.06851511812951402,-0.01352062675970131
0,29,0.047619047619047616,0.06836210062431142,-0.012559676827029012
0,30,0.04745990941363692,0.06830701432243849,-0.012865711837434202
0,31,0.04745990941363692,0.06830701432243849,-0.012865711837434202
0,32,0.04761292691883952,0.06834985922389522,-0.012675970130982983
0,33,0.04752723711592606,0.06841718692618436,-0.013079936344717834
0,34,0.04752723711592606,0.06841718692618436,-0.013079936344717834
0,35,0.04744154731301261,0.06841718692618436,-0.012718815032439712
0,36,0.04763740971967193,0.06822132451952503,-0.01321459174929612
0,37,0.04752723711592606,0.06836822132451953,-0.013220712449504225
0,38,0.04752723711592606,0.06836822132451953,-0.013220712449504225
0,39,0.04745990941363692,0.0683253764230628,-0.012804504835353165
0,40,0.04737421961072347,0.06837434202472763,-0.013018729342636797
0,41,0.04737421961072347,0.06837434202472763,-0.013018729342636797
0,42,0.04736197821030726,0.06818460031827642,-0.012804504835353165
0,43,0.04748439221446933,0.06814787611702779,-0.012712694332231609
0,44,0.04748439221446933,0.06814787611702779,-0.012712694332231609
0,45,0.04751499571550986,0.06834373852368711,-0.01300648794222059
0,46,0.04763128901946383,0.06821520381931692,-0.012767780634104543
0,47,0.04763128901946383,0.06821520381931692,-0.012767780634104543
0,48,0.047404823111763986,0.06824580732035744,-0.012516831925572286
0,49,0.047435426612804504,0.06845391112743297,-0.01282898763618558
0,50,0.047435426612804504,0.06845391112743297,-0.01282898763618558
0,51,0.04748439221446933,0.0683192557228547,-0.012718815032439712
0,52,0.047294650508018114,0.06839270412535195,-0.013122781246174562
0,53,0.047294650508018114,0.06839270412535195,-0.013122781246174562
0,54,0.04747827151426123,0.06836210062431142,-0.012975884441180072
0,55,0.04738646101113968,0.06828253152160607,-0.012565797527237115
0,56,0.04736809891051536,0.06822132451952503,-0.012767780634104543
0,57,0.04736809891051536,0.06822132451952503,-0.012767780634104543
0,58,0.04750887501530175,0.06820908311910882,-0.012804504835353165
0,59,0.04750275431509365,0.06859468723221937,-0.012877953237850409
0,60,0.04750275431509365,0.06859468723221937,-0.012877953237850409
0,61,0.04747215081405313,0.0685028767290978,-0.01291467743909903
0,62,0.047447668013220715,0.06850899742930591,-0.013153384747215082
0,63,0.047447668013220715,0.06850899742930591,-0.013153384747215082
0,64,0.04741094381197209,0.06791528950911985,-0.012718815032439712
0,65,0.04747827151426123,0.06842330762639245,-0.012933039539723346
0,66,0.04747827151426123,0.06842330762639245,-0.012933039539723346
0,67,0.04747215081405313,0.06852123882972212,-0.012988125841596278
0,68,0.04763128901946383,0.06836210062431142,-0.012798384135145061
0,69,0.04763128901946383,0.06836210062431142,-0.012798384135145061
0,70,0.04738646101113968,0.06853960093034643,-0.012859591137226099
0,71,0.04738646101113968,0.06804382421349002,-0.012933039539723346
0,72,0.04738646101113968,0.06804382421349002,-0.012933039539723346
0,73,0.04741094381197209,0.06824580732035744,-0.013379850654914921
0,74,0.047576202717590894,0.0681784796180683,-0.01278002203452075
0,75,0.047576202717590894,0.0681784796180683,-0.01278002203452075
0,76,0.04744154731301261,0.06818460031827642,-0.012553556126820908
0,77,0.04747827151426123,0.06841106622597624,-0.013030970743053006
0,78,0.04703758109927776,0.06844779042722487,-0.013288040151793365
0,79,0.04703758109927776,0.06844779042722487,-0.013288040151793365
0,80,0.04737421961072347,0.06842330762639245,-0.013000367242012487
0,81,0.047563961317174684,0.06819072101848452,-0.013079936344717834
0,82,0.047563961317174684,0.06819072101848452,-0.013079936344717834
0,83,0.047606806218631406,0.06834373852368711,-0.013416574856163547
0,84,0.04763740971967193,0.06836822132451953,-0.012877953237850409
0,85,0.04763740971967193,0.06836822132451953,-0.012877953237850409
0,86,0.047404823111763986,0.06839270412535195,-0.012926918839515241
0,87,0.04755171991675848,0.06817235891786019,-0.01319622964867181
0,88,0.04755171991675848,0.06817235891786019,-0.01319622964867181
0,89,0.047435426612804504,0.06825804872077365,-0.013024850042844902
0,90,0.04760068551842331,0.06818460031827642,-0.013024850042844902
0,91,0.04760068551842331,0.06818460031827642,-0.013024850042844902
0,92,0.04754559921655037,0.06828865222181417,-0.013024850042844902
0,93,0.04744154731301261,0.06841106622597624,-0.012688211531399193
0,94,0.04744154731301261,0.06841106622597624,-0.012688211531399193
0,95,0.047429305912596406,0.06842330762639245,-0.012859591137226099
0,96,0.04738646101113968,0.06831313502264659,-0.012988125841596278
0,97,0.04738646101113968,0.06831313502264659,-0.012988125841596278
0,98,0.04733137470926674,0.0683253764230628,-0.012773901334312646
0,99,0.047661892520504345,0.06839882482556005,-0.012657608030358671
1,0,-0.06086424286938426,0.09925939527481945,0.017688823601420003
1,1,-0.0607663116660546,0.09897784306524667,0.018319255722854692
1,2,-0.0607663116660546,0.09907577426857632,0.01817847961806831
1,3,-0.061053984575835475,0.09907577426857632,0.01817847961806831
1,4,-0.06080303586730322,0.09928999877585995,0.01805606561390623
1,5,-0.06053984575835476,0.09913698127065737,0.017964255110784675
1,6,-0.06053984575835476,0.09913698127065737,0.017964255110784675
1,7,-0.06072958746480598,0.09911249846982495,0.018013220712449506
1,8,-0.060674501162933034,0.098879911861917,0.0176827029012119
1,9,-0.060674501162933034,0.098879911861917,0.0176827029012119
1,10,-0.060949932672297716,0.09902680866691149,0.01766434080058759
1,11,-0.060705104663973566,0.09932060227690048,0.01813563471661158
1,12,-0.060705104663973566,0.09932060227690048,0.01813563471661158
1,13,-0.06062553556126821,0.09891051536295752,0.01834373852368711
1,14,-0.060705104663973566,0.09910637776961685,0.017786754804749665
1,15,-0.060705104663973566,0.09916758477169788,0.01786020320724691
1,16,-0.0609376912718815,0.09916758477169788,0.01786020320724691
1,17,-0.06079079446688701,0.09932060227690048,0.01792141020932795
1,18,-0.06050924225731423,0.09910025706940874,0.018098910515362956
1,19,-0.06050924225731423,0.09910025706940874,0.018098910515362956
1,20,-0.06072958746480598,0.09894723956420615,0.01861304933284368
1,21,-0.06077855306647081,0.0995225853837679,0.018557963030970744
1,22,-0.06077855306647081,0.0995225853837679,0.018557963030970744
1,23,-0.060956053372505814,0.0991981882727384,0.01847227322805729
1,24,-0.060949932672297716,0.09915534337128168,0.01857020443138695
1,25,-0.060949932672297716,0.09915534337128168,0.01857020443138695
1,26,-0.06063777696168442,0.09941853348023014,0.01818460031827641
1,27,-0.06063777696168442,0.09938792997918962,0.018025462112865712
1,28,-0.060809156567511326,0.09924103317419512,0.018153996817235892
1,29,-0.060809156567511326,0.09924103317419512,0.018153996817235892
1,30,-0.06088872567021667,0.09896560166483045,0.018515118129514015
1,31,-0.06085812216917615,0.0991981882727384,0.018196841718692618
1,32,-0.06085812216917615,0.0991981882727384,0.018196841718692618
1,33,-0.06087648426980047,0.09908189496878443,0.018759946137838168
1,34,-0.06089484637042477,0.09923491247398702,0.018325376423062797
1,35,-0.06089484637042477,0.09923491247398702,0.018325376423062797
1,36,-0.060882604970008566,0.09953482678418411,0.018968049944913697
1,37,-0.060680621863141146,0.09906965356836822,0.01882727384012731
1,38,-0.060680621863141146,0.09906965356836822,0.01882727384012731
1,39,-0.06059493206022769,0.09924715387440322,0.01857020443138695
1,40,-0.0609193291712572,0.099351205777941,0.01853960093034643
1,41,-0.06072958746480598,0.09939405067939773,0.018588566532011262
1,42,-0.06072958746480598,0.09939405067939773,0.018588566532011262
1,43,-0.06076019096584649,0.09922879177377893,0.018710980536173337
1,44,-0.06087648426980047,0.09906965356836822,0.018564083731178845
1,45,-0.06087648426980047,0.09906965356836822,0.018564083731178845
1,46,-0.0607663116660546,0.09945525768147875,0.018141755416819685
1,47,-0.061011139674378746,0.09916758477169788,0.018576325131595052
1,48,-0.061011139674378746,0.09916758477169788,0.018576325131595052
1,49,-0.060772432366262695,0.0993450850777329,0.018802791039294893
1,50,-0.06086424286938426,0.0992104296731546,0.018753825437630066
1,51,-0.06086424286938426,0.0992104296731546,0.018753825437630066
1,52,-0.06079079446688701,0.09932672297710858,0.018000979312033295
1,53,-0.0609376912718815,0.09930836087648427,0.018460031827641082
1,54,-0.06077855306647081,0.0990145672664953,0.01834373852368711
1,55,-0.06077855306647081,0.0990145672664953,0.01834373852368711
1,56,-0.060429673154608884,0.09914310197086547,0.018484514628473496
1,57,-0.06086424286938426,0.09927163667523564,0.018337617823479004
1,58,-0.06086424286938426,0.09927163667523564,0.018337617823479004
1,59,-0.060711225364181665,0.09913698127065737,0.019139429550740605
1,60,-0.06082139796792753,0.09925327457461133,0.01900477414616232
1,61,-0.06082139796792753,0.09925327457461133,0.01900477414616232
1,62,-0.0609193291712572,0.09930836087648427,0.018802791039294893
1,63,-0.060809156567511326,0.09929611947606806,0.01883339454033541
1,64,-0.060809156567511326,0.09929611947606806,0.01883339454033541
1,65,-0.060956053372505814,0.09927163667523564,0.01869873913575713
1,66,-0.06073570816501408,0.0993634471783572,0.018576325131595052
1,67,-0.06073570816501408,0.09921655037336272,0.01810503121557106
1,68,-0.06073570816501408,0.09921655037336272,0.01810503121557106
1,69,-0.060913208471049085,0.0991920675725303,0.01852123882972212
1,70,-0.06077855306647081,0.09931448157669237,0.017994858611825194
1,71,-0.06077855306647081,0.09931448157669237,0.017994858611825194
1,72,-0.060711225364181665,0.09885542906108459,0.018894601542416452
1,73,-0.0604480352552332,0.09939405067939773,0.018741584037213856
1,74,-0.0604480352552332,0.09939405067939773,0.018741584037213856
1,75,-0.060754070265638394,0.09927775737544375,0.018447790427224876
1,76,-0.06090708777084099,0.09937568857877341,0.01874770473742196
1,77,-0.06090708777084099,0.09937568857877341,0.01874770473742196
1,78,-0.06087648426980047,0.09963887868772188,0.017774513404333454
1,79,-0.06076019096584649,0.09907577426857632,0.017933651609744156
1,80,-0.0609376912718815,0.09927163667523564,0.017823479005998285
1,81,-0.0609376912718815,0.09927163667523564,0.017823479005998285
1,82,-0.06078467376667891,0.09900232586607907,0.018282531521606072
1,83,-0.06073570816501408,0.0991798261721141,0.01813563471661158
1,84,-0.06073570816501408,0.0991798261721141,0.01813563471661158
1,85,-0.06079079446688701,0.09930836087648427,0.018288652221814174
1,86,-0.0609193291712572,0.09911861917003305,0.018576325131595052
1,87,-0.0609193291712572,0.09911861917003305,0.018576325131595052
1,88,-0.060870363569592356,0.09914310197086547,0.01823356591994124
1,89,-0.06086424286938426,0.09902680866691149,0.018380462724935733
1,90,-0.06086424286938426,0.09902680866691149,0.018380462724935733
1,91,-0.06100501897417064,0.0991798261721141,0.018227445219733136
1,92,-0.0609315705716734,0.09911861917003305,0.0176827029012119
1,93,-0.0607663116660546,0.09924103317419512,0.01812339331619537
1,94,-0.0607663116660546,0.09924103317419512,0.01812339331619537
1,95,-0.06066225976251684,0.09914922267107357,0.0184906353286816
1,96,-0.06071734606438976,0.09891051536295752,0.01821520381931693
1,97,-0.06071734606438976,0.09891051536295752,0.01821520381931693
1,98,-0.06082751866813564,0.09899008446566288,0.018019341412657607
1,99,-0.06098665687354633,0.09880646345941976,0.018319255722854692
2,0,0.12847961806830702,-0.07776349614395886,0.053433712816746234
2,1,0.12809401395519648,-0.07786754804749664,0.052674745990941366
2,2,0.12795323785041007,-0.07804504835353164,0.05339698861549761
2,3,0.12828375566164768,-0.07762884073938059,0.053415350716121926
2,4,0.12828375566164768,-0.07762884073938059,0.053415350716121926
2,5,0.1282898763618558,-0.07767780634104542,0.05252784918594687
2,6,0.12821030725915045,-0.07800832415228302,0.05346431631778675
2,7,0.12821030725915045,-0.07800832415228302,0.05346431631778675
2,8,0.12832047986289633,-0.07791651364916147,0.05340923001591382
2,9,0.12852246296976375,-0.07816746235769371,0.052160607173460646
2,10,0.12852246296976375,-0.07816746235769371,0.052160607173460646
2,11,0.1282898763618558,-0.0778124617456237,0.05323785041008692
2,12,0.12825315216060718,-0.07771453054229403,0.05323785041008692
2,13,0.12825315216060718,-0.07771453054229403,0.05323785041008692
2,14,0.12833884196352063,-0.07805728975394785,0.05340310931570572
2,15,0.128124617456237,-0.07792875504957766,0.05204431386950668
2,16,0.1284918594687232,-0.07776349614395886,0.0528828497980169
2,17,0.1284918594687232,-0.07776349614395886,0.0528828497980169
2,18,0.12818582445831803,-0.07789203084832905,0.052546211286571186
2,19,0.12811849675602888,-0.07762884073938059,0.05272371159260619
2,20,0.12811849675602888,-0.07762884073938059,0.05272371159260619
2,21,0.12817970375810991,-0.07772677194271024,0.0527359529930224
2,22,0.12809401395519648,-0.07769004774146163,0.053176643408005875
2,23,0.12809401395519648,-0.07769004774146163,0.053176643408005875
2,24,0.12834496266372872,-0.07784306524666422,0.05336638511445709
2,25,0.12816746235769372,-0.07789815154853716,0.05347655771820296
2,26,0.12816746235769372,-0.07789815154853716,0.05347655771820296
2,27,0.1282898763618558,-0.07803280695311544,0.05310931570571673
2,28,0.12805116905373976,-0.07803280695311544,0.05344595421716244
2,29,0.12805116905373976,-0.07803280695311544,0.05344595421716244
2,30,0.1282592728608153,-0.07773289264291836,0.052888970498224996
2,31,0.12818582445831803,-0.07797159995103439,0.05233810747949565
2,32,0.128124617456237,-0.0778124617456237,0.053390867915289505
2,33,0.128124617456237,-0.0778124617456237,0.053390867915289505
2,34,0.12818582445831803,-0.07808177255478027,0.053317419512792265
2,35,0.12830211776227202,-0.07763496143958869,0.05108948463704248
2,36,0.12830211776227202,-0.07763496143958869,0.05108948463704248
2,37,0.1282959970620639,-0.07779409964499939,0.05350716121924348
2,38,0.12833884196352063,-0.07784306524666422,0.052331986779287555
2,39,0.12833884196352063,-0.07784306524666422,0.052331986779287555
2,40,0.12849798016893133,-0.07828987636185579,0.053531644020075896
2,41,0.12839392826539356,-0.07814297955686131,0.05250948708532256
2,42,0.12839392826539356,-0.07814297955686131,0.05250948708532256
2,43,0.12820418655894233,-0.0782776349614396,0.05372138572652711
2,44,0.12840004896560167,-0.07769616844166972,0.05347655771820296
2,45,0.12797772065124252,-0.07781858244583181,0.05318276410821397
2,46,0.12797772065124252,-0.07781858244583181,0.05318276410821397
2,47,0.12805728975394787,-0.07794099644999389,0.05259517688823602
2,48,0.12821642795935856,-0.0779777206512425,0.05205655526992288
2,49,0.12821642795935856,-0.0779777206512425,0.05205655526992288
2,50,0.12855918717101236,-0.07807565185457216,0.052429917982617216
2,51,0.12822254865956667,-0.07792875504957766,0.053562247521116414
2,52,0.12822254865956667,-0.07792875504957766,0.053562247521116414
2,53,0.12830211776227202,-0.07804504835353164,0.05355000612070021
2,54,0.12830211776227202,-0.07797159995103439,0.05190353776472029
2,55,0.12830211776227202,-0.07797159995103439,0.05190353776472029
2,56,0.12840004896560167,-0.07783082384624801,0.05219733137470926
2,57,0.12843065246664218,-0.07795323785041008,0.05345207491737055
2,58,0.1286020320724691,-0.07807565185457216,0.053537764720284
2,59,0.1286020320724691,-0.07807565185457216,0.053537764720284
2,60,0.12820418655894233,-0.07815522095727752,0.05053862161831314
2,61,0.12792875504957768,-0.07781858244583181,0.053415350716121926
2,62,0.12792875504957768,-0.07781858244583181,0.053415350716121926
2,63,0.12827763496143957,-0.07795935855061818,0.053672420124862286
2,64,0.1284918594687232,-0.07794099644999389,0.05275431509364671
2,65,0.1284918594687232,-0.07794099644999389,0.05275431509364671
2,66,0.12851634226955563,-0.07794099644999389,0.05325621251071122
2,67,0.12849798016893133,-0.07806341045415596,0.05326845391112743
2,68,0.12849798016893133,-0.07806341045415596,0.05326845391112743
2,69,0.1284551352674746,-0.0779654792508263,0.05294405680009793
2,70,0.12817970375810991,-0.07781858244583181,0.05161586485493941
2,71,0.12817970375810991,-0.07781858244583181,0.05161586485493941
2,72,0.1282898763618558,-0.07810013465540458,0.05359897172236504
2,73,0.12794711715020196,-0.07772065124250213,0.051946382666177016
2,74,0.12838168686497736,-0.07764108213979679,0.053433712816746234
2,75,0.12838168686497736,-0.07764108213979679,0.053433712816746234
2,76,0.12842453176643406,-0.07795323785041008,0.053568368221324526
2,77,0.12824091076019098,-0.07781858244583181,0.053672420124862286
2,78,0.12824091076019098,-0.07781858244583181,0.053672420124862286
2,79,0.12817970375810991,-0.07794099644999389,0.05340923001591382
2,80,0.12827763496143957,-0.07807565185457216,0.05244215938303341
2,81,0.12827763496143957,-0.07807565185457216,0.05244215938303341
2,82,0.12821030725915045,-0.07816746235769371,0.053458195617578655
2,83,0.12817358305790183,-0.07799608275186681,0.05323172970987881
2,84,0.12817358305790183,-0.07799608275186681,0.05323172970987881
2,85,0.1282592728608153,-0.07791039294895336,0.05333578161341658
2,86,0.12833272126331252,-0.07791039294895336,0.052252417676582195
2,87,0.12833272126331252,-0.07791039294895336,0.05263190108948464
2,88,0.12835108336393683,-0.07805116905373974,0.05263190108948464
2,89,0.12859591137226098,-0.07805728975394785,0.05187293426367976
2,90,0.12838168686497736,-0.07808177255478027,0.05122414004162076
2,91,0.12838168686497736,-0.07808177255478027,0.05122414004162076
2,92,0.1281613416574856,-0.07765332354021301,0.05359285102215694
2,93,0.12859591137226098,-0.07770840984208593,0.05320724690904639
2,94,0.12859591137226098,-0.07770840984208593,0.05320724690904639
2,95,0.12820418655894233,-0.07818582445831804,0.05348267841841107
2,96,0.12821642795935856,-0.07791039294895336,0.05347043701799485
2,97,0.12821642795935856,-0.07791039294895336,0.05347043701799485
2,98,0.12825315216060718,-0.07780634104541559,0.05262578038927653
2,99,0.12822866935977476,-0.07794711715020199,0.05304198800342759
3,0,-0.12614763128901946,-0.08079324274697025,0.0668992532745746
3,1,-0.12614763128901946,-0.08079324274697025,0.0668992532745746
3,2,-0.12632513159505449,-0.08043212143469212,0.0670461500795691
3,3,-0.12630064879422204,-0.08008324152283021,0.06691761537519893
3,4,-0.12630064879422204,-0.08008324152283021,0.06691761537519893
3,5,-0.12644142489900845,-0.08063410454155956,0.06686252907332599
3,6,-0.12613538988860326,-0.08034643163177868,0.06692373607540703
3,7,-0.12611090708777084,-0.080071000122414,0.06691149467499083
3,8,-0.12611090708777084,-0.080071000122414,0.06691149467499083
3,9,-0.12599461378381688,-0.08047496633614885,0.067040029379361
3,10,-0.12609866568735464,-0.0803892765332354,0.06713796058269066
3,11,-0.12609866568735464,-0.0803892765332354,0.06713796058269066
3,12,-0.12603745868527358,-0.0803770351328192,0.06710735708165014
3,13,-0.1262149589913086,-0.08058513893989473,0.06707063288040152
3,14,-0.1262149589913086,-0.08058513893989473,0.06707063288040152
3,15,-0.12625168319255722,-0.08032194883094626,0.06710735708165014
3,16,-0.12624556249234914,-0.08029746603011384,0.06695433957644754
3,17,-0.12624556249234914,-0.08029746603011384,0.06695433957644754
3,18,-0.1261965968906843,-0.08057901823968662,0.06716244338352308
3,19,-0.1260435793854817,-0.08027910392948953,0.0670339086791529
3,20,-0.1263618557963031,-0.0800648794222059,0.06723589178602032
3,21,-0.1263618557963031,-0.0800648794222059,0.06723589178602032
3,22,-0.1261659933896438,-0.08027298322928142,0.06694821887623945
3,23,-0.12627004529318153,-0.0804015179336516,0.06695433957644754
3,24,-0.12627004529318153,-0.0804015179336516,0.06695433957644754
3,25,-0.1262088382911005,-0.08064022524176766,0.06718692618435548
3,26,-0.12567633737299547,-0.08039539723344351,0.0668686497735341
3,27,-0.12567633737299547,-0.08039539723344351,0.0668686497735341
3,28,-0.1260497000856898,-0.08049944913698127,0.06700330517811237
3,29,-0.12590892398090342,-0.08044436283510834,0.06671563226833149
3,30,-0.12590892398090342,-0.08044436283510834,0.06671563226833149
3,31,-0.1262149589913086,-0.08053005263802179,0.06683192557228547
3,32,-0.12609866568735464,-0.0802056555269923,0.06681356347166115
3,33,-0.126355735096095,-0.0803892765332354,0.06693597747582324
3,34,-0.126355735096095,-0.0803892765332354,0.06693597747582324
3,35,-0.1261659933896438,-0.08048108703635695,0.06681356347166115
3,36,-0.1262272003917248,-0.08039539723344351,0.06715020198310687
3,37,-0.1262272003917248,-0.08039539723344351,0.06715020198310687
3,38,-0.12643530419880034,-0.08017505202595177,0.06696046027665566
3,39,-0.12617211408985188,-0.08035255233198678,0.06680744277145305
3,40,-0.12617211408985188,-0.08035255233198678,0.06680744277145305
3,41,-0.12630676949443015,-0.0802056555269923,0.06702166727873668
3,42,-0.12611090708777084,-0.08032806953115437,0.06684416697270168
3,43,-0.12611090708777084,-0.08032806953115437,0.06684416697270168
3,44,-0.1261843554902681,-0.08031582813073815,0.06727873668747705
3,45,-0.12627004529318153,-0.08007712082262211,0.06701554657852858
3,46,-0.12627004529318153,-0.08022401762761659,0.06718080548414739
3,47,-0.12617211408985188,-0.08022401762761659,0.06718080548414739
3,48,-0.1263802178969274,-0.08046272493573264,0.06728485738768515
3,49,-0.12623332109193292,-0.08002203452074917,0.0670461500795691
3,50,-0.12623332109193292,-0.08002203452074917,0.0670461500795691
3,51,-0.12617823479006,-0.08011996572407884,0.0671930468845636
3,52,-0.12602521728485738,-0.08026074182886522,0.06699718447790427
3,53,-0.12602521728485738,-0.08026074182886522,0.06699718447790427
3,54,-0.12617823479006,-0.08026686252907332,0.06699718447790427
3,55,-0.1262088382911005,-0.08042600073448403,0.06716856408373117
3,56,-0.1262088382911005,-0.08042600073448403,0.06716856408373117
3,57,-0.12627616599338964,-0.0805606561390623,0.06707063288040152
3,58,-0.12629452809401395,-0.0802056555269923,0.06708287428081773
3,59,-0.12598849308360877,-0.0803709144326111,0.06684416697270168
3,60,-0.12598849308360877,-0.0803709144326111,0.06684416697270168
3,61,-0.126000734484025,-0.07996082751866813,0.06685640837311788
3,62,-0.1260558207858979,-0.08034643163177868,0.06716856408373117
3,63,-0.1260558207858979,-0.08034643163177868,0.06716856408373117
3,64,-0.12647202840004895,-0.08043212143469212,0.06665442526625046
3,65,-0.12627616599338964,-0.08041988003427593,0.06718080548414739
3,66,-0.12627616599338964,-0.08041988003427593,0.06718080548414739
3,67,-0.12611090708777084,-0.08016893132574367,0.06691149467499083
3,68,-0.1260190965846493,-0.0803892765332354,0.06699718447790427
3,69,-0.1260190965846493,-0.0803892765332354,0.06699718447790427
3,70,-0.12612926918839515,-0.08019953482678419,0.06699718447790427
3,71,-0.1260435793854817,-0.08014444852491125,0.06736442649039051
3,72,-0.1259028032806953,-0.08043212143469212,0.06709511568123393
3,73,-0.1259028032806953,-0.08043212143469212,0.06709511568123393
3,74,-0.12623944179214103,-0.08018729342636798,0.0668808911739503
3,75,-0.12610478638756273,-0.08047496633614885,0.06677683927041253
3,76,-0.12610478638756273,-0.08047496633614885,0.06677683927041253
3,77,-0.12576814787611704,-0.0804015179336516,0.06710123638144204
3,78,-0.12592728608152773,-0.08040763863385972,0.06694821887623945
3,79,-0.12592728608152773,-0.08040763863385972,0.06694821887623945
3,80,-0.12597013098298446,-0.08046884563594076,0.06690537397478272
3,81,-0.1261965968906843,-0.08059125964010283,0.06701554657852858
3,82,-0.1261965968906843,-0.08059125964010283,0.06701554657852858
3,83,-0.12607418288652222,-0.08060350104051903,0.06729097808789325
3,84,-0.126000734484025,-0.08012608642428694,0.06702778797894479
3,85,-0.126000734484025,-0.08012608642428694,0.06710735708165014
3,86,-0.12617211408985188,-0.08046272493573264,0.06710735708165014
3,87,-0.12614763128901946,-0.0803892765332354,0.06709511568123393
3,88,-0.1262149589913086,-0.08035867303219488,0.06684416697270168
3,89,-0.1262149589913086,-0.08035867303219488,0.06684416697270168
3,90,-0.12592116538131964,-0.08004651732158159,0.0672052882849798
3,91,-0.126000734484025,-0.08032806953115437,0.06691149467499083
3,92,-0.126000734484025,-0.08032806953115437,0.06691149467499083
3,93,-0.1261843554902681,-0.08034031093157057,0.0668992532745746
3,94,-0.12608030358673034,-0.08010160362345452,0.0670461500795691
3,95,-0.12608030358673034,-0.08010160362345452,0.0670461500795691
3,96,-0.1260680621863141,-0.08026686252907332,0.0670461500795691
3,97,-0.1262210796915167,-0.08032806953115437,0.06700330517811237
3,98,-0.1262210796915167,-0.08032806953115437,0.06700330517811237
3,99,-0.12598849308360877,-0.08032194883094626,0.06722977108581221
