values,,Magnetometer,Magnetometer,Magnetometer
axis,,x,y,z
Sensor,Sample,,,
0,0,0.08982739625413147,0.06983106867425634,0.023019953482678417
0,1,0.08989472395642062,0.06995960337862651,0.023448402497245686
0,2,0.08989472395642062,0.06995960337862651,0.023448402497245686
0,3,0.08985799975517199,0.06991063777696169,0.023062798384135143
0,4,0.0901823968662015,0.0699412412780022,0.02369935120577794
0,5,0.0901823968662015,0.0699412412780022,0.02369935120577794
0,6,0.09010282776349614,0.0699351205777941,0.02349124739870241
0,7,0.08996817235891787,0.07002693108091565,0.023754437507650876
0,8,0.08996817235891787,0.07002693108091565,0.023754437507650876
0,9,0.08980291345329906,0.06981270657363202,0.02358305790182397
0,10,0.08995593095850166,0.06996572407883463,0.023564695801199655
0,11,0.08995593095850166,0.06996572407883463,0.023564695801199655
0,12,0.08973558575100991,0.06968417186926185,0.023197453788713428
0,13,0.08981515485371526,0.0700942587832048,0.02329538499204309
0,14,0.08981515485371526,0.0700942587832048,0.02329538499204309
0,15,0.08968662014934509,0.069928999877586,0.023411678295997062
0,16,0.09004774146162321,0.07021055208715878,0.02279960827518668
0,17,0.09004774146162321,0.07021055208715878,0.02279960827518668
0,18,0.08976618925205043,0.0699351205777941,0.023172970987881014
0,19,0.08982739625413147,0.069928999877586,0.023479005998286204
0,20,0.08982739625413147,0.069928999877586,0.023479005998286204
0,21,0.08982739625413147,0.07016158648549395,0.02344228179703758
0,22,0.08985799975517199,0.07001468968049945,0.02292814297955686
0,23,0.08978455135267474,0.06989227567633736,0.023081160484759455
0,24,0.08978455135267474,0.06989227567633736,0.023081160484759455
0,25,0.08976006855184233,0.07024727628840739,0.02287305667768393
0,26,0.08993144815766924,0.06989839637654548,0.0229893499816379
0,27,0.08993144815766924,0.06989839637654548,0.0229893499816379
0,28,0.08983963765454768,0.0699228791773779,0.022817970375810993
0,29,0.08984575835475579,0.070106500183621,0.023534092300159137
0,30,0.08984575835475579,0.070106500183621,0.023534092300159137
0,31,0.08974170645121801,0.06984943077488065,0.023515730199534825
0,32,0.08981515485371526,0.06997796547925082,0.023081160484759455
0,33,0.08981515485371526,0.06997796547925082,0.023081160484759455
0,34,0.09009670706328804,0.07013098298445342,0.023270902191210675
0,35,0.08989472395642062,0.07003917248133187,0.02342391969641327
0,36,0.08989472395642062,0.07003917248133187,0.02342391969641327
0,37,0.08996205165870975,0.0699351205777941,0.0231484881870486
0,38,0.08951524054351818,0.06983718937446444,0.023117884686008082
0,39,0.08951524054351818,0.06983718937446444,0.023117884686008082
0,40,0.0898702411555882,0.07013098298445342,0.023332109193291713
0,41,0.08985187905496389,0.07014934508507772,0.023785041008691395
0,42,0.08985187905496389,0.07014934508507772,0.023564695801199655
0,43,0.08969274084955318,0.07001468968049945,0.023564695801199655
0,44,0.08996205165870975,0.07012486228424532,0.02336271269433223
0,45,0.0895580854449749,0.0701003794834129,0.02340555759578896
0,46,0.0895580854449749,0.0701003794834129,0.02340555759578896
0,47,0.0898702411555882,0.0700942587832048,0.02372995470681846
0,48,0.0897172236503856,0.07005753458195617,0.02308728118496756
0,49,0.0897172236503856,0.07005753458195617,0.02308728118496756
0,50,0.08968049944913699,0.07005753458195617,0.023430040396621374
0,51,0.0900171379605827,0.06999632757987514,0.023209695189129638
0,52,0.08991308605704493,0.07030848329048843,0.022769004774146163
0,53,0.08974782715142612,0.07000244828008324,0.023191333088505326
0,54,0.08985799975517199,0.0704370179948586,0.023454523197453787
0,55,0.08985799975517199,0.0704370179948586,0.023289264291834984
0,56,0.08996205165870975,0.0699167584771698,0.023289264291834984
0,57,0.08977230995225853,0.0700881380829967,0.023332109193291713
0,58,0.08990084465662872,0.0702656383890317,0.023307626392459296
0,59,0.08983351695433958,0.07019831068674257,0.023338229893499814
0,60,0.08977843065246664,0.07006977598237238,0.023717713306402252
0,61,0.08985799975517199,0.07003305178112376,0.023191333088505326
0,62,0.08985799975517199,0.07008201738278859,0.02317909168808912
0,63,0.0895519647447668,0.07000244828008324,0.02338719549516465
0,64,0.08997429305912596,0.06981270657363202,0.023644264903905008
0,65,0.08978455135267474,0.0700942587832048,0.023503488799118618
0,66,0.08996205165870975,0.06998408617945892,0.02357081650140776
0,67,0.08971110295017751,0.0701003794834129,0.023754437507650876
0,68,0.08987636185579631,0.07031460399069653,0.023999265515975025
0,69,0.08981515485371526,0.07018606928632636,0.023601420002448283
0,70,0.08974170645121801,0.07002693108091565,0.02366262700452932
0,71,0.08974170645121801,0.06988615497612927,0.023625902803280696
0,72,0.08986412045538009,0.06988615497612927,0.023625902803280696
0,73,0.08979067205288285,0.0701003794834129,0.023350471293916025
0,74,0.0897049822499694,0.06980046517321582,0.02377892030848329
0,75,0.08990084465662872,0.06996572407883463,0.023809523809523808
0,76,0.08978455135267474,0.06973313747092667,0.023589178602032072
0,77,0.08956420614518301,0.06988615497612927,0.023589178602032072
0,78,0.08971110295017751,0.06982494797404823,0.023546333700575343
0,79,0.08986412045538009,0.0700942587832048,0.02352185089974293
0,80,0.0897049822499694,0.07002693108091565,0.023638144203696903
0,81,0.08995593095850166,0.07006977598237238,0.022903660178724448
0,82,0.09002937936099889,0.07011874158403722,0.023858489411188642
0,83,0.08974170645121801,0.06995348267841842,0.023368833394540336
0,84,0.08979679275309095,0.07000856898029134,0.0236320235034888
0,85,0.09001101726037458,0.0701003794834129,0.023344350593707923
0,86,0.08990084465662872,0.07006365528216428,0.02342391969641327
0,87,0.08988248255600441,0.07011874158403722,0.023124005386216184
0,88,0.08983351695433958,0.07000244828008324,0.023595299302240177
0,89,0.08968662014934509,0.069928999877586,0.023307626392459296
0,90,0.08982739625413147,0.0699473619782103,0.023479005998286204
0,91,0.08990696535683682,0.07003305178112376,0.023319867792875502
0,92,0.08990696535683682,0.07003305178112376,0.023319867792875502
0,93,0.08998041375933406,0.07014934508507772,0.023754437507650876
0,94,0.08990696535683682,0.07005753458195617,0.023381074794956543
0,95,0.08971110295017751,0.07007589668258049,0.02343616109682948
0,96,0.08981515485371526,0.06991063777696169,0.02358305790182397
0,97,0.08994981025829354,0.0702533969886155,0.02310564328559187
0,98,0.08993144815766924,0.07000244828008324,0.023687109805361733
0,99,0.08986412045538009,0.07001468968049945,0.023576937201615862
1,0,-0.10517811237605582,0.10577794099644999,0.06453054229403844
1,1,-0.10521483657730443,0.1054719059860448,0.06523442281797037
1,2,-0.10512914677439097,0.10562492349124739,0.06528950911984331
1,3,-0.10512914677439097,0.10562492349124739,0.06528950911984331
1,4,-0.10534949198188273,0.10541681968417187,0.06448769739258171
1,5,-0.10502509487085324,0.10557595788958256,0.06487942220590034
1,6,-0.10531888848084221,0.10562492349124739,0.0649589913086057
1,7,-0.10531888848084221,0.10562492349124739,0.0649589913086057
1,8,-0.10533725058146652,0.10569837189374465,0.06532623332109193
1,9,-0.10509854327335047,0.10566776839270413,0.064799853103195
1,10,-0.10509854327335047,0.10566776839270413,0.064799853103195
1,11,-0.10501285347043703,0.10552699228791773,0.06464071489778431
1,12,-0.10501285347043703,0.1056555269922879,0.06505080181172726
1,13,-0.10501285347043703,0.1056555269922879,0.06505080181172726
1,14,-0.10539845758354756,0.10591259640102828,0.06489166360631657
1,15,-0.10517811237605582,0.10549026808666913,0.06521606071734606
1,16,-0.10517811237605582,0.10549026808666913,0.06521606071734606
1,17,-0.1051107846737667,0.10560044069041499,0.06518545721630555
1,18,-0.10545966458562858,0.1057656995960338,0.06505080181172726
1,19,-0.10519647447668012,0.10553311298812584,0.06515485371526503
1,20,-0.10519647447668012,0.10553311298812584,0.06515485371526503
1,21,-0.10504957767168563,0.10538621618313135,0.06524666421838658
1,22,-0.10536785408250704,0.10526992287917739,0.06498959480964622
1,23,-0.10536785408250704,0.10526992287917739,0.06498959480964622
1,24,-0.10522707797772066,0.10532500918105032,0.06523442281797037
1,25,-0.1054719059860448,0.10564940629207982,0.0649528706083976
1,26,-0.1054719059860448,0.10564940629207982,0.0649528706083976
1,27,-0.10541069898396375,0.10582078589790671,0.06401028277634961
1,28,-0.10536173338229893,0.10536785408250704,0.06434080058758722
1,29,-0.10536173338229893,0.10536785408250704,0.06434080058758722
1,30,-0.10520871587709635,0.1056188027910393,0.06423674868404947
1,31,-0.10517811237605582,0.10544130248500427,0.06420614518300893
1,32,-0.10539233688333945,0.10552087158770965,0.06433467988737912
1,33,-0.10539233688333945,0.10552087158770965,0.06433467988737912
1,34,-0.10522095727751254,0.1054535438854205,0.06446933529195739
1,35,-0.10521483657730443,0.10549026808666913,0.06448769739258171
1,36,-0.10521483657730443,0.10549026808666913,0.06448769739258171
1,37,-0.10518423307626393,0.10562492349124739,0.06407761047863876
1,38,-0.10526992287917739,0.10573509609499328,0.06436528338841964
1,39,-0.10526992287917739,0.10573509609499328,0.06436528338841964
1,40,-0.10520259517688824,0.10558207858979067,0.06473864610111398
1,41,-0.10522707797772066,0.10563716489166361,0.06474476680132207
1,42,-0.10522707797772066,0.10563716489166361,0.06474476680132207
1,43,-0.10521483657730443,0.10571061329416084,0.06462235279716
1,44,-0.10522707797772066,0.10538009548292324,0.06453054229403844
1,45,-0.10522707797772066,0.10520871587709635,0.06534459542171625
1,46,-0.10522707797772066,0.10520871587709635,0.06534459542171625
1,47,-0.1051475088750153,0.10554535438854204,0.06568123393316196
1,48,-0.10505569837189374,0.10566164769249602,0.06534459542171625
1,49,-0.10505569837189374,0.10566164769249602,0.06534459542171625
1,50,-0.10531888848084221,0.10577794099644999,0.06512425021422451
1,51,-0.10515975027543152,0.10563716489166361,0.06455502509487085
1,52,-0.10509242257314237,0.10568613049332845,0.06532011262088383
1,53,-0.10510466397355858,0.10545966458562858,0.0651120088138083
1,54,-0.10501285347043703,0.10539233688333945,0.06541192312400539
1,55,-0.10519035377647204,0.10549026808666913,0.06446933529195739
1,56,-0.10520871587709635,0.1054780266862529,0.06522830211776227
1,57,-0.1051413881748072,0.10569225119353653,0.06452442159383034
1,58,-0.10508630187293426,0.10581466519769862,0.06557106132941608
1,59,-0.10508630187293426,0.10581466519769862,0.0649345085077733
1,60,-0.1052760435793855,0.10559431999020688,0.0649345085077733
1,61,-0.1052882849798017,0.10561268209083119,0.0649528706083976
1,62,-0.10528216427959358,0.10540457828375567,0.06504468111151915
1,63,-0.10540457828375567,0.10582078589790671,0.06512425021422451
1,64,-0.10525156077855306,0.10512914677439097,0.0651058881136002
1,65,-0.10515975027543152,0.10573509609499328,0.06505692251193537
1,66,-0.10558207858979067,0.10562492349124739,0.0647937324029869
1,67,-0.10523931937813687,0.10555759578895825,0.06529562982005141
1,68,-0.10533725058146652,0.10539233688333945,0.06438364548904395
1,69,-0.10523931937813687,0.10572285469457705,0.06476312890194638
1,70,-0.10526992287917739,0.1056310441914555,0.06417554168196841
1,71,-0.10532500918105032,0.10537397478271515,0.06486106010527605
1,72,-0.1052882849798017,0.10522707797772066,0.0649406292079814
1,73,-0.10506793977230995,0.10538009548292324,0.06540580242379729
1,74,-0.10520259517688824,0.10552699228791773,0.06491002570694088
1,75,-0.10520259517688824,0.10586975149957153,0.06547925082629454
1,76,-0.10522707797772066,0.10539845758354756,0.06486106010527605
1,77,-0.10508018117272615,0.10573509609499328,0.06407761047863876
1,78,-0.10541681968417187,0.1052760435793855,0.06522830211776227
1,79,-0.10522707797772066,0.10560656139062308,0.06518545721630555
1,80,-0.10519035377647204,0.10549026808666913,0.0650997674133921
1,81,-0.10491492226710734,0.10559431999020688,0.06518545721630555
1,82,-0.10539845758354756,0.10539233688333945,0.0647692496021545
1,83,-0.1049822499693965,0.1059431999020688,0.06485493940506794
1,84,-0.10544742318521239,0.10566776839270413,0.06618313135022647
1,85,-0.10511690537397478,0.10557595788958256,0.06450605949320602
1,86,-0.10528216427959358,0.10539845758354756,0.06485493940506794
1,87,-0.10536785408250704,0.10557595788958256,0.06515485371526503
1,88,-0.10536785408250704,0.10557595788958256,0.06515485371526503
1,89,-0.10526992287917739,0.10553923368833396,0.06505080181172726
1,90,-0.10486595666544252,0.10580242379728241,0.06519769861672176
1,91,-0.10524544007834495,0.10577182029624188,0.0649651120088138
1,92,-0.10544742318521239,0.10531888848084221,0.06529562982005141
1,93,-0.1049822499693965,0.1056310441914555,0.06534459542171625
1,94,-0.10541681968417187,0.1056310441914555,0.06519157791651366
1,95,-0.10512302607418289,0.10563716489166361,0.06465907699840862
1,96,-0.10508630187293426,0.1054657852858367,0.06514873301505693
1,97,-0.105306647080426,0.10543518178479619,0.06476312890194638
1,98,-0.10543518178479619,0.10558207858979067,0.06497735340923003
1,99,-0.1051658709756396,0.10522707797772066,0.06468968049944913
2,0,0.0718570204431387,-0.06474476680132207,0.0102888970498225
2,1,0.07199167584771697,-0.06467743909903292,0.00943811972089607
2,2,0.07195495164646835,-0.06474476680132207,0.009358550618190721
2,3,0.07191210674501163,-0.06489778430652467,0.009927775737544376
2,4,0.07191210674501163,-0.06489778430652467,0.009927775737544376
2,5,0.07173460643897663,-0.06497735340923003,0.010246052148365773
2,6,0.07215081405312768,-0.06503856041131105,0.00961562002693108
2,7,0.07215081405312768,-0.06503856041131105,0.00961562002693108
2,8,0.07195495164646835,-0.06458562859591137,0.010215448647325254
2,9,0.07212021055208716,-0.06461623209695189,0.009523809523809523
2,10,0.07212021055208716,-0.06461623209695189,0.009523809523809523
2,11,0.07204676214958991,-0.06485493940506794,0.010227690047741461
2,12,0.07192434814542784,-0.06489778430652467,0.010301138450238707
2,13,0.07192434814542784,-0.06489778430652467,0.010301138450238707
2,14,0.07212633125229526,-0.06481821520381932,0.010190965846492839
2,15,0.07197331374709268,-0.06456114579507896,0.009493206022769004
2,16,0.07223650385604113,-0.0649651120088138,0.01017872444607663
2,17,0.07223650385604113,-0.0649651120088138,0.01017872444607663
2,18,0.07189986534459543,-0.06486718080548415,0.0102888970498225
2,19,0.07210796915167095,-0.06472640470069776,0.010093034643163178
2,20,0.07210796915167095,-0.06472640470069776,0.010093034643163178
2,21,0.07204064144938181,-0.06472640470069776,0.01017872444607663
2,22,0.07182641694209818,-0.06456726649528706,0.010374586852735953
2,23,0.07182641694209818,-0.06456726649528706,0.010374586852735953
2,24,0.07194883094626026,-0.06489778430652467,0.010166483045660424
2,25,0.07197331374709268,-0.06483657730444363,0.009640102827763496
2,26,0.07197331374709268,-0.06483657730444363,0.009640102827763496
2,27,0.07210184845146285,-0.06478149100257069,0.010588811360019585
2,28,0.07190598604480353,-0.06484269800465173,0.01017872444607663
2,29,0.07190598604480353,-0.06484269800465173,0.01017872444607663
2,30,0.07204676214958991,-0.06440812828987637,0.010472518056065614
2,31,0.07190598604480353,-0.06471416330028155,0.010509242257314238
2,32,0.07197943444730077,-0.06486718080548415,0.01006243114212266
2,33,0.07197943444730077,-0.06486718080548415,0.01006243114212266
2,34,0.07179581344105765,-0.06489778430652467,0.00974415473130126
2,35,0.07198555514750887,-0.06483045660423552,0.009505447423185213
2,36,0.07198555514750887,-0.06483045660423552,0.009505447423185213
2,37,0.0720222793487575,-0.06487942220590034,0.009327947117150202
2,38,0.07183253764230628,-0.06467743909903292,0.009413636920063655
2,39,0.07183253764230628,-0.06467743909903292,0.009413636920063655
2,40,0.07187538254376301,-0.06481821520381932,0.010135879544619905
2,41,0.07197943444730077,-0.0647876117027788,0.0101297588444118
2,42,0.07197943444730077,-0.0647876117027788,0.0101297588444118
2,43,0.07176520994001714,-0.06482433590402742,0.01017872444607663
2,44,0.07181417554168197,-0.06471416330028155,0.010258293548781982
2,45,0.0720345207491737,-0.06483657730444363,0.010460276655649406
2,46,0.0720345207491737,-0.06483657730444363,0.010460276655649406
2,47,0.0720222793487575,-0.06499571550985432,0.010166483045660424
2,48,0.07208348635083853,-0.06492226710735707,0.010190965846492839
2,49,0.07208348635083853,-0.06492226710735707,0.010190965846492839
2,50,0.0720284000489656,-0.06474476680132207,0.010509242257314238
2,51,0.0722059003550006,-0.06475700820173827,0.009627861427347287
2,52,0.071697882237728,-0.0651058881136002,0.010025706940874037
2,53,0.07188762394417922,-0.06491002570694088,0.010441914555025095
2,54,0.07184477904272249,-0.06509364671318399,0.010392948953360265
2,55,0.07195495164646835,-0.06497735340923003,0.010166483045660424
2,56,0.0718570204431387,-0.06472028400048965,0.009462602521728486
2,57,0.07195495164646835,-0.06520994001713795,0.010013465540457829
2,58,0.07192434814542784,-0.06480597380340311,0.010276655649406292
2,59,0.07192434814542784,-0.06480597380340311,0.010276655649406292
2,60,0.0720100379483413,-0.06467743909903292,0.009756396131717467
2,61,0.07211408985187906,-0.06497735340923003,0.010337862651487329
2,62,0.07233443505937079,-0.06457338719549517,0.010246052148365773
2,63,0.07178969274084955,-0.06515485371526503,0.008887256702166727
2,64,0.07170400293793609,-0.06485493940506794,0.010142000244828009
2,65,0.0721752968539601,-0.06469580119965725,0.010405190353776472
2,66,0.07199779654792508,-0.06484269800465173,0.010276655649406292
2,67,0.07196719304688456,-0.06452442159383034,0.009529930224017626
2,68,0.07221814175541683,-0.0649589913086057,0.010148120945036112
2,69,0.07190598604480353,-0.06497735340923003,0.009236136614028645
2,70,0.07200391724813318,-0.06454890439466275,0.0102888970498225
2,71,0.07182641694209818,-0.06492226710735707,0.010466397355857509
2,72,0.07213857265271148,-0.06452442159383034,0.009964499938792998
2,73,0.07210796915167095,-0.06504468111151915,0.010650018362100624
2,74,0.0718570204431387,-0.06505080181172726,0.009468723221936589
2,75,0.07209572775125475,-0.06505692251193537,0.009658464928387808
2,76,0.07211408985187906,-0.06466519769861671,0.010258293548781982
2,77,0.07183253764230628,-0.06486718080548415,0.009346309217774514
2,78,0.07182029624189007,-0.06497123270902191,0.010074672542538866
2,79,0.0720345207491737,-0.06477537030236259,0.010184845146284736
2,80,0.0722059003550006,-0.06481821520381932,0.009272860815277267
2,81,0.07193046884563595,-0.06484881870485984,0.010239931448157668
2,82,0.07193658954584405,-0.06484881870485984,0.009725792630676949
2,83,0.07183865834251438,-0.06486718080548415,0.010423552454400783
2,84,0.07181417554168197,-0.06501407761047864,0.01043579385481699
2,85,0.07170400293793609,-0.06483045660423552,0.010221569347533358
2,86,0.07170400293793609,-0.06483045660423552,0.010221569347533358
2,87,0.07192434814542784,-0.06473252540090586,0.010374586852735953
2,88,0.0721936589545844,-0.06480597380340311,0.008813808299669481
2,89,0.07205900355000612,-0.06488554290610846,0.008801566899253275
2,90,0.07173460643897663,-0.06492838780756519,0.008721997796547925
2,91,0.0721936589545844,-0.06478149100257069,0.00943811972089607
2,92,0.07214469335291958,-0.06471416330028155,0.010142000244828009
2,93,0.07197331374709268,-0.06483657730444363,0.008660790794466886
2,94,0.07193658954584405,-0.06488554290610846,0.010037948341290244
2,95,0.0718570204431387,-0.06483657730444363,0.010282776349614397
2,96,0.07197943444730077,-0.06498959480964622,0.010601052760435794
2,97,0.07206512425021423,-0.0646345941975762,0.010105276043579385
2,98,0.07225486595666544,-0.06486718080548415,0.010313379850654916
2,99,0.07068796670339086,-0.06503243971110295,0.009070877708409843
3,0,-0.07164279593585507,-0.07156934753335782,0.0196168441669727
3,1,-0.0717162443383523,-0.0718815032439711,0.019598482066348392
3,2,-0.07142245072836333,-0.07178357204064145,0.019023136246786632
3,3,-0.07142245072836333,-0.07199779654792508,0.01966580976863753
3,4,-0.07163667523564696,-0.07199779654792508,0.01966580976863753
3,5,-0.0715509854327335,-0.07174072713918472,0.019494430162810626
3,6,-0.07170400293793609,-0.0718692618435549,0.019408740359897172
3,7,-0.07170400293793609,-0.0718692618435549,0.019408740359897172
3,8,-0.07177745134043334,-0.07196107234667645,0.019494430162810626
3,9,-0.0713734851266985,-0.0716917615375199,0.019396498959480965
3,10,-0.0713734851266985,-0.0716917615375199,0.019396498959480965
3,11,-0.07134900232586608,-0.0718815032439711,0.019335291957399928
3,12,-0.0715509854327335,-0.07196107234667645,0.01969641326967805
3,13,-0.0715509854327335,-0.07196107234667645,0.01969641326967805
3,14,-0.07167952013710369,-0.07189986534459543,0.01943934386093769
3,15,-0.071697882237728,-0.07201615864854939,0.01935977475823234
3,16,-0.071697882237728,-0.07201615864854939,0.01935977475823234
3,17,-0.07174072713918472,-0.07156322683314971,0.019414861060105277
3,18,-0.07164891663606317,-0.07208960705104664,0.019408740359897172
3,19,-0.07167339943689557,-0.07175296853960092,0.01940261965968907
3,20,-0.07167339943689557,-0.07175296853960092,0.01940261965968907
3,21,-0.07153874403231729,-0.0720345207491737,0.019463826661770108
3,22,-0.07143469212877954,-0.07175296853960092,0.019408740359897172
3,23,-0.07143469212877954,-0.07175296853960092,0.019408740359897172
3,24,-0.07197331374709268,-0.07207124495042233,0.019555637164891664
3,25,-0.07172236503856042,-0.07189986534459543,0.019378136858856653
3,26,-0.07172236503856042,-0.07189986534459543,0.019378136858856653
3,27,-0.0716917615375199,-0.07166115803647938,0.01946994736197821
3,28,-0.07156934753335782,-0.07164279593585507,0.019274084955318887
3,29,-0.07156934753335782,-0.07164279593585507,0.019274084955318887
3,30,-0.07181417554168197,-0.07157546823356592,0.01943934386093769
3,31,-0.07163667523564696,-0.07150201983106867,0.01935365405802424
3,32,-0.0715448647325254,-0.07166115803647938,0.019304688456359406
3,33,-0.0715448647325254,-0.07166115803647938,0.019304688456359406
3,34,-0.07153262333210919,-0.07206512425021423,0.019341412657608033
3,35,-0.0716856408373118,-0.07180193414126576,0.019335291957399928
3,36,-0.0716856408373118,-0.07180193414126576,0.019335291957399928
3,37,-0.07164891663606317,-0.07175296853960092,0.019316929856775616
3,38,-0.07160607173460644,-0.07192434814542784,0.019378136858856653
3,39,-0.07160607173460644,-0.07192434814542784,0.019378136858856653
3,40,-0.0718692618435549,-0.07193046884563595,0.01943934386093769
3,41,-0.07132451952503366,-0.07167339943689557,0.01943934386093769
3,42,-0.07132451952503366,-0.07167339943689557,0.01943934386093769
3,43,-0.07158770963398213,-0.0718692618435549,0.019329171257191823
3,44,-0.07173460643897663,-0.0717162443383523,0.019335291957399928
3,45,-0.07166727873668748,-0.07176520994001714,0.019494430162810626
3,46,-0.07166727873668748,-0.07176520994001714,0.019494430162810626
3,47,-0.07165503733627127,-0.07162443383523075,0.0192924470559432
3,48,-0.07175908923980903,-0.07174684783939282,0.019494430162810626
3,49,-0.07175908923980903,-0.07174684783939282,0.019494430162810626
3,50,-0.07156934753335782,-0.0716917615375199,0.019384257559064758
3,51,-0.07178969274084955,-0.07180805484147387,0.019384257559064758
3,52,-0.07152650263190109,-0.07194271024605214,0.019482188762394416
3,53,-0.07153874403231729,-0.07196107234667645,0.0196107234667646
3,54,-0.07153874403231729,-0.07183253764230628,0.019408740359897172
3,55,-0.07160607173460644,-0.071697882237728,0.019494430162810626
3,56,-0.07173460643897663,-0.07144693352919575,0.019476068062186314
3,57,-0.07153262333210919,-0.07193046884563595,0.01937201615864855
3,58,-0.07149589913086057,-0.07182641694209818,0.019341412657608033
3,59,-0.07159383033419023,-0.07159383033419023,0.019506671563226833
3,60,-0.07142245072836333,-0.07180193414126576,0.019500550863018728
3,61,-0.07142245072836333,-0.07180193414126576,0.019500550863018728
3,62,-0.0717101236381442,-0.07204676214958991,0.019243481454278368
3,63,-0.071520381931693,-0.0717101236381442,0.019451585261353897
3,64,-0.07177745134043334,-0.07194271024605214,0.019335291957399928
3,65,-0.07183865834251438,-0.0716856408373118,0.01953727506426735
3,66,-0.07160607173460644,-0.07193046884563595,0.019396498959480965
3,67,-0.07145305422940385,-0.07178357204064145,0.01943322316072959
3,68,-0.0716917615375199,-0.07184477904272249,0.019414861060105277
3,69,-0.07155710613294161,-0.07191210674501163,0.0191271881503244
3,70,-0.07144693352919575,-0.07194883094626026,0.019622964867180806
3,71,-0.07172848573876851,-0.07205288284979802,0.019280205655526992
3,72,-0.07175908923980903,-0.07175296853960092,0.0196168441669727
3,73,-0.0717101236381442,-0.07193046884563595,0.019476068062186314
3,74,-0.07128167462357694,-0.0717162443383523,0.01943322316072959
3,75,-0.07180193414126576,-0.07177133064022524,0.019414861060105277
3,76,-0.07161219243481455,-0.07180805484147387,0.019543395764475453
3,77,-0.07139796792753092,-0.07174072713918472,0.019243481454278368
3,78,-0.0718815032439711,-0.07178357204064145,0.01951891296364304
3,79,-0.07144693352919575,-0.07187538254376301,0.019316929856775616
3,80,-0.07144081282898763,-0.07191822744521972,0.01939037825927286
3,81,-0.07167952013710369,-0.07192434814542784,0.019249602154486473
3,82,-0.07163055453543885,-0.07167952013710369,0.019414861060105277
3,83,-0.07156934753335782,-0.07193658954584405,0.01937201615864855
3,84,-0.07159995103439834,-0.07223650385604113,0.01937201615864855
3,85,-0.0717162443383523,-0.07191822744521972,0.01943934386093769
3,86,-0.07189374464438732,-0.07173460643897663,0.01965968906842943
3,87,-0.07132451952503366,-0.07191822744521972,0.019298567756151304
3,88,-0.07174684783939282,-0.0717101236381442,0.019482188762394416
3,89,-0.07174684783939282,-0.0717101236381442,0.019482188762394416
3,90,-0.07158158893377402,-0.0718508997429306,0.019457705961562002
3,91,-0.07164279593585507,-0.07197943444730077,0.019396498959480965
3,92,-0.07164891663606317,-0.07176520994001714,0.019378136858856653
3,93,-0.071520381931693,-0.07151426123148488,0.019457705961562002
3,94,-0.07158770963398213,-0.07177133064022524,0.019555637164891664
3,95,-0.07148977843065246,-0.07167339943689557,0.01948830946260252
3,96,-0.07180193414126576,-0.07175908923980903,0.01932305055698372
3,97,-0.07163055453543885,-0.0717162443383523,0.01939037825927286
3,98,-0.07170400293793609,-0.07166727873668748,0.01956175786509977
3,99,-0.0715509854327335,-0.0718692618435549,0.019427102460521484
