values,,Magnetometer,Magnetometer,Magnetometer
axis,,x,y,z
Sensor,Sample,,,
0,0,0.030713673644264906,0.05279715999510344,-0.013783816868649773
0,1,0.030474966336148858,0.053115436405924844,-0.013459419757620272
0,2,0.030474966336148858,0.053115436405924844,-0.013459419757620272
0,3,0.03101358795446199,0.052895091198433095,-0.013838903170522707
0,4,0.030603501040519038,0.05272983229281429,-0.01393683437385237
0,5,0.030909536050924225,0.052962418900722244,-0.013771575468233566
0,6,0.03079324274697025,0.0530603501040519,-0.013942955074060473
0,7,0.030615742440935245,0.05309707430530053,-0.013667523564695801
0,8,0.030615742440935245,0.05326845391112743,-0.013900110172603748
0,9,0.030781001346554045,0.05326845391112743,-0.013900110172603748
0,10,0.03088505325009181,0.05296853960093034,-0.013985799975517198
0,11,0.030934018851756638,0.05308483290488432,-0.013832782470314603
0,12,0.03082996694821888,0.05299914310197087,-0.014334679887379114
0,13,0.030823846248010774,0.05290733259884931,-0.014059248378014444
0,14,0.030725915044681112,0.05298078100134655,-0.014463214591749296
0,15,0.030976863753213367,0.05318276410821397,-0.014059248378014444
0,16,0.030725915044681112,0.0530542294038438,-0.013734851266984944
0,17,0.03094626025217285,0.05300526380217897,-0.013594075162198554
0,18,0.03094626025217285,0.05308483290488432,-0.01363079936344718
0,19,0.030805484147386458,0.05308483290488432,-0.01363079936344718
0,20,0.030732035744889214,0.05299914310197087,-0.013618557963030969
0,21,0.030603501040519038,0.053078712204676214,-0.013942955074060473
0,22,0.030762639245929736,0.052993022401762756,-0.014010282776349614
0,23,0.030670828742808177,0.052962418900722244,-0.014095972579263066
0,24,0.03064634594197576,0.053029746603011386,-0.014322438486962907
0,25,0.030774880646345943,0.05332354021300036,-0.01426123148488187
0,26,0.03082996694821888,0.05309095360509243,-0.014512180193414126
0,27,0.030781001346554045,0.05294405680009793,-0.01418166238217652
0,28,0.030615742440935245,0.05295629820051414,-0.014120455380095483
0,29,0.030597380340310933,0.05270534949198188,-0.013918472273228058
0,30,0.030756518545721628,0.052931815399681725,-0.01367976496511201
0,31,0.03078712204676215,0.05295629820051414,-0.01395519647447668
0,32,0.03069531154364059,0.05299914310197087,-0.013814420369690291
0,33,0.03069531154364059,0.05292569469947363,-0.013685885665320113
0,34,0.030756518545721628,0.05292569469947363,-0.013685885665320113
0,35,0.03087893254988371,0.05306647080426,-0.013998041375933407
0,36,0.03101358795446199,0.05308483290488432,-0.01393683437385237
0,37,0.030909536050924225,0.053072591504468115,-0.014585628595911374
0,38,0.030903415350716123,0.05300526380217897,-0.013838903170522707
0,39,0.03083608764842698,0.05309095360509243,-0.013906230872811851
0,40,0.03073815644509732,0.0528828497980169,-0.014383645489043948
0,41,0.03096462235279716,0.0528828497980169,-0.014157179581344107
0,42,0.03082996694821888,0.05312155710613294,-0.01416330028155221
0,43,0.030854449749051292,0.052919573999265515,-0.013924592973436161
0,44,0.030781001346554045,0.05302362590280328,-0.013961317174684785
0,45,0.030670828742808177,0.05318276410821397,-0.014273472885298077
0,46,0.030897294650508018,0.053035867303219485,-0.014095972579263066
0,47,0.030866691149467503,0.05286448769739258,-0.014530542294038436
0,48,0.03106255355612682,0.05296853960093034,-0.01393683437385237
0,49,0.03106255355612682,0.05296853960093034,-0.01393683437385237
0,50,0.03068919084343249,0.05295629820051414,-0.013667523564695801
0,51,0.031050312155710615,0.05290121189864121,-0.01393683437385237
0,52,0.030664708042600075,0.05329293671195985,-0.014285714285714285
0,53,0.030719794344473007,0.05304198800342759,-0.013900110172603748
0,54,0.030970743053005262,0.05296853960093034,-0.013410454155955442
0,55,0.030756518545721628,0.052962418900722244,-0.01416330028155221
0,56,0.030768759946137834,0.053115436405924844,-0.01426123148488187
0,57,0.0308728118496756,0.05315216060717346,-0.013814420369690291
0,58,0.030756518545721628,0.05295017750030604,-0.014200024482800833
0,59,0.030634104541559553,0.05298078100134655,-0.013863385971355124
0,60,0.03082996694821888,0.05315216060717346,-0.014365283388419636
0,61,0.030762639245929736,0.05304198800342759,-0.013857265271147019
0,62,0.030854449749051292,0.05280328069531154,-0.013612437262822866
0,63,0.030842208348635086,0.05318276410821397,-0.014316317786754804
0,64,0.030542294038437993,0.05304198800342759,-0.01432855918717101
0,65,0.030542294038437993,0.05304198800342759,-0.01432855918717101
0,66,0.030768759946137834,0.05278491859468724,-0.01356959236136614
0,67,0.0307014322438487,0.05312155710613294,-0.013692006365528217
0,68,0.030774880646345943,0.05280940139551965,-0.013600195862406659
0,69,0.03056065613906231,0.0530481087036357,-0.013961317174684785
0,70,0.030719794344473007,0.053115436405924844,-0.014316317786754804
0,71,0.031074794956543028,0.052937936099889824,-0.014450973191333089
0,72,0.030719794344473007,0.05310319500550863,-0.01408373117884686
0,73,0.03074427714530542,0.05301750520259517,-0.014095972579263066
0,74,0.03082996694821888,0.05275431509364671,-0.013869506671563229
0,75,0.030768759946137834,0.05315216060717346,-0.013900110172603748
0,76,0.03064022524176766,0.05295017750030604,-0.013924592973436161
0,77,0.03091565675113233,0.05317052270779778,-0.014010282776349614
0,78,0.03069531154364059,0.05287672909780879,-0.013655282164279595
0,79,0.030707552944056797,0.0528828497980169,-0.014095972579263066
0,80,0.030774880646345943,0.05298690170155466,-0.013710368466152529
0,81,0.03098298445342147,0.05318276410821397,-0.014028644876973926
0,82,0.030848329048843187,0.05295017750030604,-0.013783816868649773
0,83,0.03082996694821888,0.05295629820051414,-0.014010282776349614
0,84,0.03082996694821888,0.05295629820051414,-0.014010282776349614
0,85,0.030811604847594563,0.05298078100134655,-0.013887868772187539
0,86,0.03092789815154854,0.05304198800342759,-0.01400416207614151
0,87,0.030848329048843187,0.05308483290488432,-0.013967437874892888
0,88,0.03092177745134043,0.05301138450238707,-0.01384502387073081
0,89,0.03083608764842698,0.05300526380217897,-0.014053127677806341
0,90,0.030707552944056797,0.0530481087036357,-0.013887868772187539
0,91,0.03088505325009181,0.053213367609254505,-0.014322438486962907
0,92,0.030897294650508018,0.052821642795935854,-0.014291834985922389
0,93,0.030823846248010774,0.0528828497980169,-0.013532868160117516
0,94,0.03092177745134043,0.05298078100134655,-0.014652956298200515
0,95,0.030903415350716123,0.0530481087036357,-0.013918472273228058
0,96,0.03082996694821888,0.053078712204676214,-0.014120455380095483
0,97,0.030970743053005262,0.05324397111029502,-0.013912351573019954
0,98,0.030970743053005262,0.05323172970987881,-0.013685885665320113
0,99,0.030940139551964747,0.05323172970987881,-0.013685885665320113
1,0,-0.04412412780022035,0.08436161096829478,0.01795813441057657
1,1,-0.0443750765087526,0.08457583547557841,0.01729709878810136
1,2,-0.0443750765087526,0.08457583547557841,0.01729709878810136
1,3,-0.04433223160729587,0.08433100746725425,0.017499081894968786
1,4,-0.04419145550250948,0.08438609376912719,0.017015546578528586
1,5,-0.044142489900844656,0.08431264536662994,0.017713306402252417
1,6,-0.0443628351083364,0.08446566287183253,0.016538131962296487
1,7,-0.04416085200146897,0.08447178357204063,0.017756151303709146
1,8,-0.044099644999387934,0.0844166972701677,0.017713306402252417
1,9,-0.04429550740604725,0.08446566287183253,0.017339943689558084
1,10,-0.04429550740604725,0.08446566287183253,0.017339943689558084
1,11,-0.04410576569959603,0.084257559064757,0.01743787489288775
1,12,-0.044154731301260866,0.08469212877953239,0.017309340188517566
1,13,-0.04412412780022035,0.08417186926184356,0.017615375198922756
1,14,-0.04427714530542294,0.08445342147141634,0.017162443383523074
1,15,-0.04448524911249847,0.0844166972701677,0.01741339209205533
1,16,-0.04433835230750398,0.08431876606683805,0.017309340188517566
1,17,-0.044283266005631046,0.08461868037703514,0.01683804627249357
1,18,-0.04424654180438242,0.08400048965601666,0.01678295997062064
1,19,-0.04417921410209328,0.08419023136246787,0.01754192679642551
1,20,-0.044271024605214836,0.08460031827641082,0.017615375198922756
1,21,-0.044411800710001226,0.08454523197453788,0.01708899498102583
1,22,-0.044411800710001226,0.08426367976496511,0.01741339209205533
1,23,-0.04433835230750398,0.08426367976496511,0.01741339209205533
1,24,-0.04414861060105276,0.08437997306891909,0.01699106377769617
1,25,-0.04403843799730689,0.08449626637287305,0.016850287672909782
1,26,-0.04424654180438242,0.08445954217162444,0.017321581588933772
1,27,-0.044271024605214836,0.08418411066225975,0.01755416819684172
1,28,-0.044283266005631046,0.08436773166850288,0.01763985799975517
1,29,-0.044283266005631046,0.08436161096829478,0.01716856408373118
1,30,-0.04426490390500673,0.08433100746725425,0.01734606438976619
1,31,-0.043903782592728605,0.08444730077120823,0.017505202595176888
1,32,-0.04419145550250948,0.08448402497245686,0.017456236993512057
1,33,-0.04419145550250948,0.08435549026808667,0.01675235646958012
1,34,-0.0442098176031338,0.08467376667890807,0.0176827029012119
1,35,-0.044099644999387934,0.08428204186558942,0.01770106500183621
1,36,-0.044301628106255354,0.08469824947974049,0.01744399559309585
1,37,-0.04433223160729587,0.08469824947974049,0.016489166360631656
1,38,-0.044411800710001226,0.08433100746725425,0.017486840494552576
1,39,-0.04435059370792019,0.08450850777328926,0.017193046884563596
1,40,-0.044130248500428446,0.0843983351695434,0.01741339209205533
1,41,-0.044056800097931205,0.08444730077120823,0.01717468478393928
1,42,-0.044130248500428446,0.08451462847349736,0.01770106500183621
1,43,-0.04425266250459052,0.08409842085934631,0.017480719794344474
1,44,-0.04431999020687967,0.08444730077120823,0.0173644264903905
1,45,-0.04431999020687967,0.08444730077120823,0.0173644264903905
1,46,-0.044399559309585016,0.08455135267474599,0.017615375198922756
1,47,-0.04409352429917983,0.08454523197453788,0.01742563349247154
1,48,-0.04407516219855551,0.08441057656995961,0.017584771697882237
1,49,-0.04427714530542294,0.08438609376912719,0.01754192679642551
1,50,-0.044044558697514995,0.08442893867058392,0.017333822989349983
1,51,-0.044130248500428446,0.08458195617578651,0.017468478393928268
1,52,-0.044130248500428446,0.08433100746725425,0.0168808911739503
1,53,-0.04449136981270657,0.0847227322805729,0.01765209940017138
1,54,-0.04423430040396621,0.08429428326600563,0.017309340188517566
1,55,-0.044558697514995714,0.08468600807932428,0.017193046884563596
1,56,-0.04422205900355001,0.08447790427224874,0.01766434080058759
1,57,-0.04411800710001224,0.0844228179703758,0.01778063410454156
1,58,-0.04431999020687967,0.0844228179703758,0.017242012486228427
1,59,-0.04407516219855551,0.08437997306891909,0.017584771697882237
1,60,-0.0442159383033419,0.08463092177745134,0.017339943689558084
1,61,-0.04433223160729587,0.08464316317786755,0.017719427102460522
1,62,-0.04409352429917983,0.08440445586975151,0.017327702289141877
1,63,-0.044197576202717595,0.08442893867058392,0.017223650385604115
1,64,-0.044197576202717595,0.08442893867058392,0.017743909903292936
1,65,-0.04425266250459052,0.08458195617578651,0.017743909903292936
1,66,-0.0443628351083364,0.08465540457828376,0.016758477169788226
1,67,-0.04403231729709879,0.08458195617578651,0.017242012486228427
1,68,-0.044044558697514995,0.08462480107724324,0.01686864977353409
1,69,-0.044154731301260866,0.08460031827641082,0.017303219488309464
1,70,-0.04423430040396621,0.08467988737911616,0.017529685396009305
1,71,-0.04431999020687967,0.08458195617578651,0.017358305790182396
1,72,-0.044013955196474476,0.0848879911861917,0.017162443383523074
1,73,-0.044283266005631046,0.08436161096829478,0.01699106377769617
1,74,-0.04424654180438242,0.08439221446933529,0.017633737299547068
1,75,-0.044130248500428446,0.08457583547557841,0.01666054596645856
1,76,-0.04422205900355001,0.08453911127432978,0.017597013098298444
1,77,-0.04430774880646346,0.08447178357204063,0.01744399559309585
1,78,-0.044430162810625534,0.08458195617578651,0.017915289509119844
1,79,-0.04420369690292569,0.0845697147753703,0.017762272003917248
1,80,-0.04406904149834741,0.0847349736809891,0.017303219488309464
1,81,-0.04412412780022035,0.08446566287183253,0.016709511568123395
1,82,-0.04435671440812829,0.08445342147141634,0.017254253886644633
1,83,-0.04398947239564206,0.0845635940751622,0.01741339209205533
1,84,-0.0440629207981393,0.08442893867058392,0.017578650997674132
1,85,-0.044044558697514995,0.08434324886767046,0.017713306402252417
1,86,-0.044197576202717595,0.08444730077120823,0.01760925449871465
1,87,-0.044197576202717595,0.08444730077120823,0.017854082507038804
1,88,-0.044301628106255354,0.08475333578161341,0.017854082507038804
1,89,-0.044430162810625534,0.08448402497245686,0.01769494430162811
1,90,-0.044313869506671565,0.08417798996205166,0.017462357693720162
1,91,-0.04416085200146897,0.08427592116538132,0.01718692618435549
1,92,-0.04407516219855551,0.08445954217162444,0.01723589178602032
1,93,-0.044185334802301385,0.08434324886767046,0.01765209940017138
1,94,-0.04411188639980414,0.08426367976496511,0.01717468478393928
1,95,-0.0443750765087526,0.08463092177745134,0.017517443995593095
1,96,-0.04426490390500673,0.08449014567266495,0.01735218508997429
1,97,-0.04417921410209328,0.0843983351695434,0.017229771085812216
1,98,-0.04393438609376913,0.08406169665809768,0.017511323295384993
1,99,-0.044185334802301385,0.08440445586975151,0.017505202595176888
2,0,0.11634839025584527,-0.054474231852123876,0.06144570938915413
2,1,0.11643408005875873,-0.0543518178479618,0.06162933039539723
2,2,0.11616476924960215,-0.054272248745256456,0.06099889827396254
2,3,0.11628106255355612,-0.054241645244215944,0.06198433100746725
2,4,0.11628106255355612,-0.054186558942343,0.06142734728852981
2,5,0.1159076998408618,-0.054186558942343,0.06142734728852981
2,6,0.11633614885542906,-0.054198800342759215,0.06097441547313013
2,7,0.11650140776104786,-0.054553800954829236,0.06098665687354633
2,8,0.11620149345085078,-0.05414371404088628,0.061610968294772916
2,9,0.11614640714897784,-0.054058024237972825,0.060705104663973566
2,10,0.11639123515730199,-0.0545048353531644,0.061653813196229645
2,11,0.11642183865834252,-0.054376300648794215,0.06134777818582445
2,12,0.11630554535438856,-0.054260007344840246,0.06108458807687599
2,13,0.11630554535438856,-0.054027420736932306,0.059217774513404334
2,14,0.11615252784918595,-0.054027420736932306,0.059217774513404334
2,15,0.11635451095605338,-0.054217162443383524,0.06118863998041376
2,16,0.1162198555514751,-0.05429061084588077,0.06003794834129025
2,17,0.11644632145917493,-0.05457216305545355,0.05956053372505815
2,18,0.11666666666666667,-0.05444974905129146,0.0615742440935243
2,19,0.11619537275064266,-0.054131472640470066,0.060668380462724936
2,20,0.11628106255355612,-0.05414983474109438,0.06016648304566043
2,21,0.11617701065001836,-0.054162076141510584,0.06148855429061084
2,22,0.11619537275064266,-0.05421104174317541,0.061549761292691886
2,23,0.1162320969518913,-0.054357938548169914,0.061513037091443255
2,24,0.11615864854939406,-0.05428449014567267,0.06167829599706206
2,25,0.11628106255355612,-0.054694577059615626,0.06017872444607662
2,26,0.11615864854939406,-0.05438854204921043,0.06147631289019464
2,27,0.11634226955563716,-0.05421104174317541,0.05927898151548537
2,28,0.11636675235646958,-0.054027420736932306,0.06072958746480598
2,29,0.11648304566042356,-0.0545048353531644,0.061482433590402744
2,30,0.11624433835230749,-0.05414983474109438,0.05934018851756641
2,31,0.11624433835230749,-0.05414983474109438,0.05934018851756641
2,32,0.11634226955563716,-0.05421104174317541,0.059370792018606934
2,33,0.1161096829477292,-0.054217162443383524,0.06151915779165137
2,34,0.11641571795813441,-0.054357938548169914,0.061549761292691886
2,35,0.11612804504835353,-0.054345697147753703,0.05984208593463092
2,36,0.11635451095605338,-0.05419267964255111,0.06170277879789447
2,37,0.11628718325376423,-0.054517076753580605,0.060913208471049085
2,38,0.1163973558575101,-0.0541804382421349,0.061421226588321706
2,39,0.11629330395397233,-0.05404578283755662,0.0617395029991431
2,40,0.11644632145917493,-0.054241645244215944,0.061482433590402744
2,41,0.11643408005875873,-0.05413759334067817,0.061011139674378746
2,42,0.11642795935855062,-0.054517076753580605,0.06128657118374342
2,43,0.11625657975272372,-0.054419145550250944,0.06104786387562737
2,44,0.11626882115313993,-0.054559921655037334,0.0615742440935243
2,45,0.11617088994981026,-0.0543334557473375,0.06094381197208961
2,46,0.11612804504835353,-0.05421104174317541,0.06090096707063288
2,47,0.11637287305667769,-0.05421104174317541,0.06036846615252785
2,48,0.11637287305667769,-0.05421104174317541,0.06036846615252785
2,49,0.11629942465418044,-0.054174317541926795,0.060613294160852
2,50,0.11632390745501284,-0.05453543885420492,0.06113355367854082
2,51,0.1162504590525156,-0.054155955441302486,0.06150691639123516
2,52,0.11661770106500184,-0.054315093646713185,0.06082139796792753
2,53,0.11606071734606438,-0.05452319745378872,0.06078467376667891
2,54,0.11626270045293181,-0.054443628351083365,0.060466397355857515
2,55,0.11619537275064266,-0.05439466274941853,0.059958379238584894
2,56,0.11612804504835353,-0.05454155955441302,0.061127432978332716
2,57,0.11613416574856164,-0.05407638633859714,0.06142734728852981
2,58,0.11637899375688579,-0.054474231852123876,0.061494674990818954
2,59,0.11636063165626147,-0.054058024237972825,0.06137838168686498
2,60,0.11634226955563716,-0.05446199045170767,0.061170277879789445
2,61,0.11603011384502386,-0.053960093034643164,0.061011139674378746
2,62,0.11628106255355612,-0.05405190353776472,0.06152527849185947
2,63,0.11642795935855062,-0.054260007344840246,0.06131717468478394
2,64,0.11615252784918595,-0.054443628351083365,0.06139062308728118
2,65,0.11636063165626147,-0.054376300648794215,0.06072346676459787
2,66,0.11636063165626147,-0.0543395764475456,0.061451830089362225
2,67,0.11619537275064266,-0.0543395764475456,0.061451830089362225
2,68,0.11629330395397233,-0.05439466274941853,0.060454155955441305
2,69,0.11618925205043458,-0.05440690414983475,0.061513037091443255
2,70,0.11634839025584527,-0.05440690414983475,0.061513037091443255
2,71,0.11628718325376423,-0.05451095605337251,0.061513037091443255
2,72,0.11624433835230749,-0.05394173093401885,0.06170277879789447
2,73,0.11602399314481578,-0.054443628351083365,0.059817603133798504
2,74,0.11634226955563716,-0.0541804382421349,0.06130493328436774
2,75,0.11626882115313993,-0.05449259395274819,0.060656139062308725
2,76,0.11621373485126699,-0.05457216305545355,0.05999510343983352
2,77,0.1165503733627127,-0.054517076753580605,0.06068674256334925
2,78,0.11632390745501284,-0.054688456359407514,0.06066225976251684
2,79,0.1162320969518913,-0.054155955441302486,0.06083363936834374
2,80,0.11632390745501284,-0.05429673154608887,0.06088872567021667
2,81,0.11611580364793732,-0.054186558942343,0.06118863998041376
2,82,0.11641571795813441,-0.05422940384379973,0.06162320969518913
2,83,0.11628106255355612,-0.05420492104296731,0.061513037091443255
2,84,0.1162504590525156,-0.05425388664463214,0.06171502019831069
2,85,0.1161096829477292,-0.054015179336516096,0.06089484637042477
2,86,0.11624433835230749,-0.054217162443383524,0.060949932672297716
2,87,0.11629942465418044,-0.05436405924837802,0.06136614028644877
2,88,0.11629942465418044,-0.05436405924837802,0.06142734728852981
2,89,0.11614028644876975,-0.054186558942343,0.06142734728852981
2,90,0.1164095972579263,-0.054315093646713185,0.060313379850654915
2,91,0.11646468355979925,-0.054413024850042846,0.06049088015668993
2,92,0.11648304566042356,-0.054155955441302486,0.05979312033296609
2,93,0.1160729587464806,-0.054162076141510584,0.06143346798873791
2,94,0.11607907944668869,-0.054357938548169914,0.06085812216917615
2,95,0.11635451095605338,-0.05422940384379973,0.05985432733504713
2,96,0.11631778675480475,-0.05414983474109438,0.061555881992899984
2,97,0.1159076998408618,-0.054198800342759215,0.06150691639123516
2,98,0.1162320969518913,-0.05440690414983475,0.061482433590402744
2,99,0.1162320969518913,-0.054198800342759215,0.06114579507895703
3,0,-0.11397355857510098,-0.05896682580487208,0.07959358550618191
3,1,-0.11377769616844166,-0.058887256702166726,0.07934263679764965
3,2,-0.11412657608030359,-0.05889949810258294,0.07933651609744155
3,3,-0.11412657608030359,-0.05889949810258294,0.07933651609744155
3,4,-0.1141694209817603,-0.05918105031215572,0.07953849920430897
3,5,-0.11391235157301996,-0.05867303219488309,0.07929979189619293
3,6,-0.11407148977843065,-0.059230015913820544,0.07932427469702534
3,7,-0.11424899008446568,-0.05881380829966948,0.07955074060472518
3,8,-0.11421226588321705,-0.058942343004039666,0.07956298200514139
3,9,-0.11410821397967927,-0.05874035989717223,0.07935487819806586
3,10,-0.11407761047863876,-0.05901579140653691,0.0794344473007712
3,11,-0.11407761047863876,-0.05901579140653691,0.0794344473007712
3,12,-0.11425511078467376,-0.05905251560778553,0.07952013710368466
3,13,-0.11363692006365529,-0.05867303219488309,0.07959970620639001
3,14,-0.1138021789692741,-0.059156567511323296,0.0794160852001469
3,15,-0.11412045538009548,-0.05901579140653691,0.07945893010160363
3,16,-0.11405924837801444,-0.05882604970008569,0.07950177500306035
3,17,-0.11427959358550618,-0.05896070510466397,0.07935487819806586
3,18,-0.1140041620761415,-0.05904027420736933,0.07937324029869017
3,19,-0.11396131717468479,-0.05898518790549638,0.07940996449993878
3,20,-0.11411433467988738,-0.05874035989717223,0.07952013710368466
3,21,-0.11396131717468479,-0.05901579140653691,0.07930591259640103
3,22,-0.11405312767780633,-0.0591626882115314,0.07928142979556861
3,23,-0.11394295507406046,-0.05907087770840984,0.07947117150201984
3,24,-0.11396131717468479,-0.05889949810258294,0.07942220590035501
3,25,-0.1142918349859224,-0.059291222915901574,0.07952625780389276
3,26,-0.11434080058758722,-0.059089239809034154,0.07965479250826295
3,27,-0.11408985187905496,-0.059083119108826056,0.07933039539723344
3,28,-0.11377157546823358,-0.058770963398212764,0.07950789570326845
3,29,-0.11377157546823358,-0.058770963398212764,0.07950789570326845
3,30,-0.11402864487697392,-0.05889337740237484,0.07922634349369569
3,31,-0.11387562737177133,-0.0589974293059126,0.07945893010160363
3,32,-0.11403476557718203,-0.05910760190965847,0.07920798139307136
3,33,-0.11404088627739013,-0.05896682580487208,0.07947729220222793
3,34,-0.11418166238217653,-0.0591688089117395,0.07950177500306035
3,35,-0.11413881748071979,-0.05885053250091811,0.07947729220222793
3,36,-0.11408373117884688,-0.05910760190965847,0.07935487819806586
3,37,-0.11404700697759824,-0.059187171012363815,0.07952013710368466
3,38,-0.11391847227322807,-0.05897906720528828,0.07942220590035501
3,39,-0.11405312767780633,-0.05920553311298813,0.07928755049577671
3,40,-0.11398579997551721,-0.05898518790549638,0.07924470559431998
3,41,-0.11397355857510098,-0.059003550006120696,0.0794160852001469
3,42,-0.11406536907822255,-0.05905863630799364,0.07934263679764965
3,43,-0.11389398947239564,-0.058942343004039666,0.07947117150201984
3,44,-0.11407761047863876,-0.05904027420736933,0.07940384379973069
3,45,-0.11420002448280082,-0.05896682580487208,0.07933651609744155
3,46,-0.11409597257926307,-0.058936222303831554,0.07942220590035501
3,47,-0.11409597257926307,-0.058936222303831554,0.07942220590035501
3,48,-0.11390011017260375,-0.058832170400293794,0.07952013710368466
3,49,-0.1142918349859224,-0.05889337740237484,0.07956910270534949
3,50,-0.11406536907822255,-0.05907087770840984,0.07924470559431998
3,51,-0.11403476557718203,-0.05910148120945036,0.07938548169910638
3,52,-0.11409597257926307,-0.059003550006120696,0.07945280940139551
3,53,-0.11394295507406046,-0.05885665320112621,0.07950789570326845
3,54,-0.11393071367364427,-0.05896682580487208,0.07934263679764965
3,55,-0.1140041620761415,-0.05891786020320725,0.07955686130493328
3,56,-0.11427959358550618,-0.05891786020320725,0.07945280940139551
3,57,-0.11412045538009548,-0.058942343004039666,0.07945893010160363
3,58,-0.11398579997551721,-0.05878320479862896,0.07956298200514139
3,59,-0.11411433467988738,-0.058832170400293794,0.07959358550618191
3,60,-0.11397355857510098,-0.0591626882115314,0.07928755049577671
3,61,-0.11398579997551721,-0.058930101603623455,0.07931815399681723
3,62,-0.11424899008446568,-0.05891786020320725,0.07939772309952259
3,63,-0.11405924837801444,-0.05867303219488309,0.0792569469947362
3,64,-0.11405924837801444,-0.058685273595299306,0.07935487819806586
3,65,-0.11385114457093892,-0.05906475700820174,0.07953849920430897
3,66,-0.11385114457093892,-0.05906475700820174,0.07953849920430897
3,67,-0.11421226588321705,-0.05886889460154242,0.07945893010160363
3,68,-0.11424899008446568,-0.05913820541069899,0.07962418900722243
3,69,-0.11426123148488188,-0.05903415350716122,0.07963643040763864
3,70,-0.11407761047863876,-0.05903415350716122,0.07937936099889828
3,71,-0.11401028277634961,-0.05907087770840984,0.07937936099889828
3,72,-0.11404088627739013,-0.05902803280695311,0.07940384379973069
3,73,-0.1139919206757253,-0.05883829110050189,0.07958746480597381
3,74,-0.1139919206757253,-0.05886889460154242,0.07948341290243603
3,75,-0.11415717958134411,-0.0591688089117395,0.07953849920430897
3,76,-0.11425511078467376,-0.05907087770840984,0.07949565430285224
3,77,-0.11398579997551721,-0.05901579140653691,0.07940384379973069
3,78,-0.11410209327947116,-0.059089239809034154,0.07942220590035501
3,79,-0.11394907577426858,-0.058942343004039666,0.07958746480597381
3,80,-0.11411433467988738,-0.05902191210674501,0.07936099889827396
3,81,-0.11401028277634961,-0.0586975149957155,0.0795813441057657
3,82,-0.11397355857510098,-0.05877708409842086,0.07939160239931449
3,83,-0.11385114457093892,-0.058905618802791035,0.0794344473007712
3,84,-0.11404088627739013,-0.05889949810258294,0.07953237850410086
3,85,-0.11418778308238461,-0.05881992899987759,0.07944056800097932
3,86,-0.11405312767780633,-0.05907087770840984,0.07950789570326845
3,87,-0.113857265271147,-0.059083119108826056,0.07936099889827396
3,88,-0.11401028277634961,-0.05881992899987759,0.07959358550618191
3,89,-0.11401028277634961,-0.05881992899987759,0.07959358550618191
3,90,-0.11409597257926307,-0.05911984331007467,0.07969151670951156
3,91,-0.11405924837801444,-0.058587342391969645,0.07949565430285224
3,92,-0.11386950667156323,-0.05879544619904518,0.07952625780389276
3,93,-0.1139919206757253,-0.059076998408617944,0.07921410209327948
3,94,-0.11402864487697392,-0.058648549394050675,0.07945893010160363
3,95,-0.11416330028155222,-0.058728118496756035,0.0794283266005631
3,96,-0.11407761047863876,-0.05888113600195862,0.07937324029869017
3,97,-0.1141326967805117,-0.05877708409842086,0.07945280940139551
3,98,-0.1138266617701065,-0.05902803280695311,0.07948953360264414
3,99,-0.11394907577426858,-0.058905618802791035,0.07935487819806586
