values,,Magnetometer,Magnetometer,Magnetometer
axis,,x,y,z
Sensor,Sample,,,
0,0,0.04258171134777818,0.05954829232464194,-0.011739502999143102
0,1,0.04258171134777818,0.05954829232464194,-0.011739502999143102
0,2,0.04266740115069164,0.05951768882360142,-0.011812951401640348
0,3,0.04281429795568613,0.05978087893254989,-0.011972089607051047
0,4,0.04281429795568613,0.05978087893254989,-0.011972089607051047
0,5,0.04253886644632146,0.05978087893254989,-0.011604847594564819
0,6,0.04269800465173216,0.059529930224017626,-0.01170277879789448
0,7,0.04269800465173216,0.059529930224017626,-0.01170277879789448
0,8,0.042649039050067325,0.059958379238584894,-0.012137348512669848
0,9,0.04267964255110785,0.05994613783816869,-0.011892520504345697
0,10,0.04267964255110785,0.05994613783816869,-0.011892520504345697
0,11,0.0427653323540213,0.05973803403109316,-0.012204676214958991
0,12,0.042532745746113355,0.059933896437752474,-0.011684416697270168
0,13,0.042532745746113355,0.059933896437752474,-0.011684416697270168
0,14,0.04290610845880769,0.05984820663483903,-0.012161831313502265
0,15,0.04274084955318889,0.0598114824335904,-0.012082262210796915
0,16,0.04274084955318889,0.0598053617333823,-0.01149467499081895
0,17,0.04248990084465663,0.0598053617333823,-0.01149467499081895
0,18,0.04233688333945403,0.05962786142734729,-0.011659933896437751
0,19,0.04250826294528094,0.05985432733504713,-0.011855796303097074
0,20,0.04250826294528094,0.05985432733504713,-0.011855796303097074
0,21,0.042520504345697145,0.0596523442281797,-0.011653813196229648
0,22,0.04261231484881871,0.059682947729220226,-0.01170277879789448
0,23,0.04261231484881871,0.059682947729220226,-0.01170277879789448
0,24,0.042789815154853715,0.0598114824335904,-0.011763985799975517
0,25,0.04272860815277268,0.059682947729220226,-0.011598726894356714
0,26,0.04272860815277268,0.059682947729220226,-0.011598726894356714
0,27,0.042563349247153874,0.05949320602276901,-0.011659933896437751
0,28,0.0427714530542294,0.059585016525890565,-0.011519157791651365
0,29,0.0427714530542294,0.059585016525890565,-0.011519157791651365
0,30,0.04277757375443751,0.059927775737544375,-0.011525278491859468
0,31,0.04249602154486473,0.05973191333088505,-0.011819072101848451
0,32,0.04249602154486473,0.05973191333088505,-0.011819072101848451
0,33,0.042961194760680624,0.05962174072713918,-0.011892520504345697
0,34,0.042428693842575596,0.059786999632757985,-0.011904761904761904
0,35,0.042428693842575596,0.059786999632757985,-0.011904761904761904
0,36,0.04255722854694577,0.0597992410331742,-0.011763985799975517
0,37,0.04263679764965112,0.05975027543150937,-0.01146407148977843
0,38,0.04263679764965112,0.05975027543150937,-0.011519157791651365
0,39,0.04239809034153507,0.059829844534214714,-0.011519157791651365
0,40,0.04247153874403232,0.05979312033296609,-0.011647692496021544
0,41,0.04252662504590525,0.05976863753213367,-0.01146407148977843
0,42,0.04252662504590525,0.05976863753213367,-0.01146407148977843
0,43,0.04263067694944302,0.05962786142734729,-0.011708899498102584
0,44,0.04250826294528094,0.05945036112131228,-0.011672175296853961
0,45,0.04250826294528094,0.05945036112131228,-0.011672175296853961
0,46,0.042306279838413514,0.05977475823234178,-0.011874158403721385
0,47,0.04255722854694577,0.059603378626514866,-0.011549761292691883
0,48,0.04255722854694577,0.059603378626514866,-0.011549761292691883
0,49,0.04247765944424042,0.05976863753213367,-0.01146407148977843
0,50,0.04253886644632146,0.05969518912963643,-0.011733382298934999
0,51,0.04253886644632146,0.05969518912963643,-0.011733382298934999
0,52,0.042428693842575596,0.059689068429428324,-0.011733382298934999
0,53,0.042606194148610596,0.05957889582568245,-0.011653813196229648
0,54,0.042606194148610596,0.05957889582568245,-0.011653813196229648
0,55,0.04285102215693475,0.059646223527971595,-0.011598726894356714
0,56,0.04262455624923491,0.05984208593463092,-0.012033296609132086
0,57,0.04262455624923491,0.05984208593463092,-0.012033296609132086
0,58,0.042673521850899745,0.059964499938793006,-0.01134777818582446
0,59,0.04241645244215938,0.0598114824335904,-0.011861917003305179
0,60,0.04235524544007834,0.05945036112131228,-0.011488554290610846
0,61,0.04235524544007834,0.05945036112131228,-0.011488554290610846
0,62,0.04272860815277268,0.059756396131717474,-0.011715020198310687
0,63,0.04258171134777818,0.059646223527971595,-0.011672175296853961
0,64,0.04258171134777818,0.059646223527971595,-0.011672175296853961
0,65,0.04252662504590525,0.05956053372505815,-0.012131227812461745
0,66,0.0427653323540213,0.05976863753213367,-0.011990451707675358
0,67,0.0427653323540213,0.05976863753213367,-0.011990451707675358
0,68,0.042520504345697145,0.059725792630676955,-0.011812951401640348
0,69,0.04253886644632146,0.059744154731301256,-0.012149589913086057
0,70,0.04253886644632146,0.059744154731301256,-0.012149589913086057
0,71,0.04253886644632146,0.05962174072713918,-0.011690537397478272
0,72,0.042661280450483535,0.059884930836087646,-0.011323295384992044
0,73,0.042661280450483535,0.059884930836087646,-0.011323295384992044
0,74,0.04251438364548905,0.05962786142734729,-0.011929244705594321
0,75,0.042606194148610596,0.059670706328804016,-0.01191088260497001
0,76,0.042606194148610596,0.059670706328804016,-0.01191088260497001
0,77,0.04234300403966214,0.05960949932672298,-0.011427347288529807
0,78,0.042520504345697145,0.05978087893254989,-0.011690537397478272
0,79,0.042520504345697145,0.05978087893254989,-0.011690537397478272
0,80,0.042520504345697145,0.05978087893254989,-0.011659933896437751
0,81,0.04265515975027544,0.05976863753213367,-0.011659933896437751
0,82,0.04265515975027544,0.059670706328804016,-0.011843554902680867
0,83,0.0427714530542294,0.059670706328804016,-0.011843554902680867
0,84,0.042606194148610596,0.059829844534214714,-0.011659933896437751
0,85,0.042704125351940264,0.059487085322560904,-0.011421226588321703
0,86,0.042704125351940264,0.059487085322560904,-0.011421226588321703
0,87,0.0426000734484025,0.0598053617333823,-0.011323295384992044
0,88,0.04254498714652956,0.059529930224017626,-0.011880279103929489
0,89,0.04254498714652956,0.059529930224017626,-0.011880279103929489
0,90,0.042746970253396986,0.059713551230260745,-0.011990451707675358
0,91,0.042391969641326965,0.059689068429428324,-0.01159260619414861
0,92,0.042391969641326965,0.059689068429428324,-0.01159260619414861
0,93,0.04253886644632146,0.05951768882360142,-0.011262088382911005
0,94,0.042618435549026806,0.0596339821275554,-0.011745623699351206
0,95,0.042618435549026806,0.0596339821275554,-0.011745623699351206
0,96,0.04247153874403232,0.05990329293671196,-0.011880279103929489
0,97,0.0427653323540213,0.0598114824335904,-0.011935365405802425
0,98,0.0427653323540213,0.0598114824335904,-0.011935365405802425
0,99,0.04277757375443751,0.05957889582568245,-0.012014934508507772
1,0,-0.056224752111641574,0.09679887379116171,0.023546333700575343
1,1,-0.056224752111641574,0.09679887379116171,0.023546333700575343
1,2,-0.05623699351205778,0.09673154608887256,0.023644264903905008
1,3,-0.05647570082017382,0.09698861549761292,0.023858489411188642
1,4,-0.05647570082017382,0.09698861549761292,0.023858489411188642
1,5,-0.05635328681601175,0.09700085689802913,0.023815644509731913
1,6,-0.05618802791039294,0.09720896070510467,0.02308728118496756
1,7,-0.05618802791039294,0.09720896070510467,0.02308728118496756
1,8,-0.056279838413514506,0.09658464928387808,0.02377892030848329
1,9,-0.05623087281184967,0.09686620149345085,0.0239564206145183
1,10,-0.05634716611580365,0.09673154608887256,0.02387073081160485
1,11,-0.05634716611580365,0.09673154608887256,0.02387073081160485
1,12,-0.0562737177133064,0.09684783939282654,0.024121679520137104
1,13,-0.05641449381809279,0.09696413269678052,0.023221936589545845
1,14,-0.05641449381809279,0.09696413269678052,0.023221936589545845
1,15,-0.05637776961684417,0.09663973558575101,0.0239564206145183
1,16,-0.05633492471538744,0.09684783939282654,0.024084955318888483
1,17,-0.05633492471538744,0.09684783939282654,0.024084955318888483
1,18,-0.05615742440935243,0.09676214958991308,0.023534092300159137
1,19,-0.056224752111641574,0.09697025339698861,0.024029869017015544
1,20,-0.056224752111641574,0.09697025339698861,0.024029869017015544
1,21,-0.05645733871954952,0.09674990818949689,0.024072713918472273
1,22,-0.05620639001101726,0.09701309829844534,0.024274697025339697
1,23,-0.056279838413514506,0.09679887379116171,0.024023748316807442
1,24,-0.056279838413514506,0.09679887379116171,0.024023748316807442
1,25,-0.05623699351205778,0.09720896070510467,0.023509609499326723
1,26,-0.05625535561268209,0.09665809768637532,0.023289264291834984
1,27,-0.05625535561268209,0.09665809768637532,0.023289264291834984
1,28,-0.05635940751621985,0.09683559799241033,0.024574611335536786
1,29,-0.056212510711225364,0.0967866323907455,0.023944179214102093
1,30,-0.056212510711225364,0.0967866323907455,0.023944179214102093
1,31,-0.05624923491247399,0.097111029501775,0.023509609499326723
1,32,-0.05632880401517933,0.09699473619782104,0.02387073081160485
1,33,-0.05632880401517933,0.09699473619782104,0.02387073081160485
1,34,-0.05633492471538744,0.09702533969886154,0.02400538621618313
1,35,-0.056279838413514506,0.09686620149345085,0.024054351817847965
1,36,-0.056279838413514506,0.09706206390011017,0.02366874770473742
1,37,-0.05631044191455502,0.09706206390011017,0.02366874770473742
1,38,-0.05637164891663606,0.09706206390011017,0.02337495409474844
1,39,-0.0562675970130983,0.09709878810135879,0.02398702411555882
1,40,-0.0562675970130983,0.09709878810135879,0.02398702411555882
1,41,-0.05613294160852002,0.09704370179948586,0.023962541314726405
1,42,-0.056145183008936214,0.09701921899865344,0.023993144815766924
1,43,-0.056145183008936214,0.09701921899865344,0.023993144815766924
1,44,-0.056285959113722604,0.09696413269678052,0.023901334312645368
1,45,-0.05644509731913331,0.09703758109927776,0.02406659321826417
1,46,-0.05644509731913331,0.09703758109927776,0.02406659321826417
1,47,-0.056481821520381933,0.09689068429428327,0.023858489411188642
1,48,-0.056383890317052265,0.09686620149345085,0.024201248622842453
1,49,-0.056383890317052265,0.09699473619782104,0.024158403721385727
1,50,-0.05637776961684417,0.09699473619782104,0.024158403721385727
1,51,-0.056145183008936214,0.0969396498959481,0.024115558819929002
1,52,-0.0561023381074795,0.09657852858366997,0.024084955318888483
1,53,-0.0561023381074795,0.09657852858366997,0.024084955318888483
1,54,-0.056426735218508994,0.09665809768637532,0.0236320235034888
1,55,-0.056139062308728116,0.09686620149345085,0.02387073081160485
1,56,-0.056139062308728116,0.09686620149345085,0.02387073081160485
1,57,-0.05630432121434692,0.09675602888970498,0.024299179826172114
1,58,-0.05616966580976864,0.09707430530052638,0.023479005998286204
1,59,-0.05616966580976864,0.09707430530052638,0.023479005998286204
1,60,-0.056292079813930716,0.09691516709511569,0.024121679520137104
1,61,-0.0561145795078957,0.09689068429428327,0.023962541314726405
1,62,-0.05616966580976864,0.09678051169053739,0.024256334924715385
1,63,-0.05616966580976864,0.09678051169053739,0.024256334924715385
1,64,-0.056438976618925205,0.09673766678908066,0.023858489411188642
1,65,-0.0561145795078957,0.09683559799241033,0.023307626392459296
1,66,-0.0561145795078957,0.09683559799241033,0.023307626392459296
1,67,-0.056426735218508994,0.0969518912963643,0.023221936589545845
1,68,-0.05623699351205778,0.09682335659199412,0.023944179214102093
1,69,-0.05623699351205778,0.09682335659199412,0.023944179214102093
1,70,-0.056426735218508994,0.09701921899865344,0.02388909291222916
1,71,-0.0561145795078957,0.09668258048720774,0.023846248010772432
1,72,-0.0561145795078957,0.09668258048720774,0.023846248010772432
1,73,-0.05634104541559555,0.09686620149345085,0.02421349002325866
1,74,-0.056383890317052265,0.09674378748928877,0.024042110417431754
1,75,-0.05626147631289019,0.09678051169053739,0.023485126698494306
1,76,-0.05626147631289019,0.09678051169053739,0.023485126698494306
1,77,-0.05630432121434692,0.09701921899865344,0.02357081650140776
1,78,-0.0561207002081038,0.09689680499449137,0.023791161708899496
1,79,-0.0561207002081038,0.09689680499449137,0.023791161708899496
1,80,-0.0562675970130983,0.09690904639490758,0.024409352429917982
1,81,-0.056365528216427964,0.09706206390011017,0.023803403109315703
1,82,-0.056365528216427964,0.09706206390011017,0.023803403109315703
1,83,-0.05616966580976864,0.09691516709511569,0.024378748928877463
1,84,-0.05623087281184967,0.0969396498959481,0.023901334312645368
1,85,-0.05623087281184967,0.0969396498959481,0.023901334312645368
1,86,-0.05654914922267107,0.09667033908679153,0.023540213000367242
1,87,-0.05623699351205778,0.09699473619782104,0.024121679520137104
1,88,-0.05613294160852002,0.09693352919574,0.024060472518056066
1,89,-0.05613294160852002,0.09693352919574,0.024060472518056066
1,90,-0.056181907210184845,0.09700085689802913,0.023515730199534825
1,91,-0.05648794222059004,0.09667645978699964,0.023913575713061574
1,92,-0.05648794222059004,0.09667645978699964,0.023913575713061574
1,93,-0.056194148610601055,0.09668258048720774,0.024256334924715385
1,94,-0.056071734606438974,0.09707430530052638,0.023705471905986045
1,95,-0.056071734606438974,0.09707430530052638,0.023705471905986045
1,96,-0.056292079813930716,0.09689680499449137,0.024256334924715385
1,97,-0.056218631411433476,0.09687844289386706,0.023931937813685886
1,98,-0.056218631411433476,0.09687844289386706,0.023931937813685886
1,99,-0.05617578650997675,0.09667033908679153,0.023834006610356225
2,0,0.11499571550985432,-0.06407148977843066,0.04754559921655037
2,1,0.11478149100257069,-0.06453054229403844,0.04752723711592606
2,2,0.11508140531276778,-0.0638511445709389,0.04761292691883952
2,3,0.11508140531276778,-0.0638511445709389,0.04761292691883952
2,4,0.11516097441547313,-0.06434080058758722,0.0475945648182152
2,5,0.11483045660423552,-0.06418778308238463,0.047447668013220715
2,6,0.11483045660423552,-0.06418778308238463,0.04684171869261843
2,7,0.11504468111151915,-0.06440812828987637,0.04684171869261843
2,8,0.11470804260007346,-0.06426735218508997,0.04750275431509365
2,9,0.11475088750153017,-0.06386338597135513,0.04716611580364794
2,10,0.11475088750153017,-0.06386338597135513,0.04716611580364794
2,11,0.11464683559799241,-0.06443261109070877,0.04674990818949688
2,12,0.1149651120088138,-0.06400416207614151,0.04773534092300159
2,13,0.1149651120088138,-0.06400416207614151,0.04773534092300159
2,14,0.11484269800465172,-0.06415105888113601,0.047661892520504345
2,15,0.11525890561880278,-0.06410821397967928,0.04697025339698861
2,16,0.11525890561880278,-0.06410821397967928,0.04697025339698861
2,17,0.11492838780756517,-0.06418166238217651,0.04605826906598115
2,18,0.1149406292079814,-0.06399804137593341,0.046419390378259276
2,19,0.1149406292079814,-0.06399804137593341,0.046419390378259276
2,20,0.11476924960215448,-0.0639919206757253,0.047606806218631406
2,21,0.11460399069653568,-0.06400416207614151,0.04631533847472151
2,22,0.11455502509487085,-0.06415105888113601,0.046780511690537395
2,23,0.11455502509487085,-0.06415105888113601,0.046780511690537395
2,24,0.11483045660423552,-0.06406536907822255,0.0475945648182152
2,25,0.11492226710735709,-0.06389398947239563,0.04781491002570694
2,26,0.11492226710735709,-0.06389398947239563,0.04781491002570694
2,27,0.11503243971110295,-0.0643101970865467,0.04754559921655037
2,28,0.11497735340923002,-0.06407148977843066,0.047716978822377284
2,29,0.11497735340923002,-0.06407148977843066,0.047716978822377284
2,30,0.11473864610111398,-0.06397967927530909,0.04783939282653936
2,31,0.11490390500673278,-0.0642857142857143,0.04762516831925572
2,32,0.11490390500673278,-0.0642857142857143,0.04762516831925572
2,33,0.11505692251193536,-0.06407148977843066,0.04758232341779899
2,34,0.11503856041131107,-0.06401028277634961,0.046890684294283266
2,35,0.11503856041131107,-0.06401028277634961,0.046890684294283266
2,36,0.11480597380340311,-0.06409597257926307,0.047080426000734484
2,37,0.11485493940506794,-0.06438364548904395,0.04763128901946383
2,38,0.11505080181172726,-0.06394295507406048,0.04554413024850043
2,39,0.11505080181172726,-0.06394295507406048,0.04554413024850043
2,40,0.11492226710735709,-0.06408373117884686,0.047288529807810016
2,41,0.11492838780756517,-0.06422450728363324,0.04757008201738279
2,42,0.11492838780756517,-0.06422450728363324,0.04757008201738279
2,43,0.11488554290610846,-0.06438364548904395,0.04703146039906965
2,44,0.11510588811360019,-0.06448157669237362,0.0461439588688946
2,45,0.11510588811360019,-0.06448157669237362,0.0461439588688946
2,46,0.11497123270902192,-0.0641571795813441,0.04627249357326478
2,47,0.114799853103195,-0.06411433467988738,0.04691516709511568
2,48,0.114799853103195,-0.06411433467988738,0.04691516709511568
2,49,0.11464683559799241,-0.06424286938425756,0.0471049088015669
2,50,0.11506916391235159,-0.0642857142857143,0.04659689068429428
2,51,0.11506916391235159,-0.0642857142857143,0.048163789937568854
2,52,0.11465295629820052,-0.06422450728363324,0.04776594442404211
2,53,0.11524054351817847,-0.06402252417676582,0.04757008201738279
2,54,0.1149651120088138,-0.06459786999632758,0.04611335536785408
2,55,0.1149651120088138,-0.06459786999632758,0.04611335536785408
2,56,0.11517321581588932,-0.06394295507406048,0.047704737421961074
2,57,0.114799853103195,-0.06410209327947117,0.04559921655037336
2,58,0.114799853103195,-0.06410209327947117,0.04559921655037336
2,59,0.11492838780756517,-0.0641633002815522,0.046909046394907575
2,60,0.11503243971110295,-0.06421226588321703,0.04754559921655037
2,61,0.11503243971110295,-0.06421226588321703,0.04754559921655037
2,62,0.11479373240298689,-0.06394295507406048,0.046823356591994124
2,63,0.11502019831068674,-0.06411433467988738,0.04768637532133676
2,64,0.11502019831068674,-0.06411433467988738,0.04768637532133676
2,65,0.11480597380340311,-0.06393683437385236,0.0477537030236259
2,66,0.11479373240298689,-0.06388786877218754,0.04570326845391113
2,67,0.11479373240298689,-0.06380829966948219,0.0475945648182152
2,68,0.11479373240298689,-0.06380829966948219,0.0475945648182152
2,69,0.11500795691027052,-0.06381442036969029,0.047619047619047616
2,70,0.11487330150569226,-0.06415105888113601,0.046192924470559435
2,71,0.11487330150569226,-0.06415105888113601,0.046192924470559435
2,72,0.11528338841963522,-0.06429795568613049,0.04772309952258538
2,73,0.11487942220590035,-0.06388174807197944,0.04667033908679153
2,74,0.11487942220590035,-0.06388174807197944,0.04667033908679153
2,75,0.11452442159383033,-0.06424899008446566,0.04733137470926674
2,76,0.11506916391235159,-0.06436528338841964,0.047649651120088135
2,77,0.11506916391235159,-0.06436528338841964,0.047649651120088135
2,78,0.11492226710735709,-0.06387562737177133,0.046235769372016164
2,79,0.11484269800465172,-0.06391235157301996,0.047423185212388294
2,80,0.11484269800465172,-0.06391235157301996,0.04725180560656139
2,81,0.11483657730444363,-0.06391235157301996,0.04725180560656139
2,82,0.11510588811360019,-0.06408985187905496,0.04753947851634227
2,83,0.11492226710735709,-0.0644754559921655,0.04761292691883952
2,84,0.11492226710735709,-0.0644754559921655,0.04761292691883952
2,85,0.11493450850777329,-0.06399804137593341,0.04750887501530175
2,86,0.11503856041131107,-0.06424286938425756,0.04569102705349492
2,87,0.11503856041131107,-0.06424286938425756,0.04569102705349492
2,88,0.11503243971110295,-0.0643101970865467,0.047006977598237236
2,89,0.11507528461255967,-0.06404088627739013,0.04673154608887257
2,90,0.11507528461255967,-0.06404088627739013,0.04673154608887257
2,91,0.11505692251193536,-0.06431631778675481,0.04576447545599217
2,92,0.11480597380340311,-0.06400416207614151,0.04648671808054842
2,93,0.11480597380340311,-0.06400416207614151,0.04648671808054842
2,94,0.11498959480964624,-0.06427347288529808,0.045893010160362346
2,95,0.11497735340923002,-0.06443261109070877,0.04656016648304566
2,96,0.11448769739258172,-0.06448769739258171,0.04750275431509365
2,97,0.11448769739258172,-0.06448769739258171,0.04750275431509365
2,98,0.11468968049944914,-0.06407148977843066,0.047392581711347775
2,99,0.11484269800465172,-0.06423674868404947,0.04758232341779899
3,0,-0.11534459542171624,-0.0760497000856898,0.07339331619537275
3,1,-0.11568123393316196,-0.07608030358673032,0.07352185089974293
3,2,-0.11515485371526502,-0.07597625168319255,0.07341167829599707
3,3,-0.11528338841963522,-0.07593340678173584,0.07365650630432122
3,4,-0.11528338841963522,-0.07593340678173584,0.07365650630432122
3,5,-0.11516097441547313,-0.07598849308360876,0.07343616109682947
3,6,-0.11538744032317297,-0.07617823479005999,0.07360754070265638
3,7,-0.11538744032317297,-0.07617823479005999,0.07360754070265638
3,8,-0.11522218141755416,-0.07611702778797894,0.07318521238829721
3,9,-0.11517321581588932,-0.07622107969151672,0.07338107479495655
3,10,-0.11517321581588932,-0.07622107969151672,0.07338107479495655
3,11,-0.1152895091198433,-0.0760497000856898,0.07339331619537275
3,12,-0.11522218141755416,-0.07617211408985189,0.0731607295874648
3,13,-0.11522218141755416,-0.07617211408985189,0.0731607295874648
3,14,-0.1150875260129759,-0.07630676949443016,0.07332598849308361
3,15,-0.1154180438242135,-0.07659444240421104,0.07328314359162688
3,16,-0.1154180438242135,-0.07659444240421104,0.0734851266984943
3,17,-0.11536907822254865,-0.07634349369567879,0.0734851266984943
3,18,-0.11521606071734607,-0.07649039050067327,0.07349736809891053
3,19,-0.11528338841963522,-0.07585995837923859,0.07341779899620517
3,20,-0.11528338841963522,-0.07585995837923859,0.07341779899620517
3,21,-0.11495899130860569,-0.07629452809401396,0.07344840249724569
3,22,-0.11499571550985432,-0.07584159627861428,0.0736197821030726
3,23,-0.11499571550985432,-0.07584159627861428,0.0736197821030726
3,24,-0.11509364671318398,-0.07625168319255723,0.07364426490390501
3,25,-0.11542416452442159,-0.07616599338964378,0.07343616109682947
3,26,-0.11542416452442159,-0.07616599338964378,0.07343616109682947
3,27,-0.11506304321214347,-0.07641082139796793,0.0734790059982862
3,28,-0.11524666421838659,-0.07624556249234912,0.07360142000244828
3,29,-0.11524666421838659,-0.07624556249234912,0.07360142000244828
3,30,-0.11549149222671073,-0.07644142489900844,0.07368098910515362
3,31,-0.11521606071734607,-0.07625780389276533,0.07322805728975394
3,32,-0.11524666421838659,-0.07627004529318154,0.0734728852980781
3,33,-0.11524666421838659,-0.07627004529318154,0.0734728852980781
3,34,-0.1151242502142245,-0.07628228669359774,0.07332598849308361
3,35,-0.11529562982005141,-0.0762027175908924,0.07352185089974293
3,36,-0.11529562982005141,-0.0762027175908924,0.07352185089974293
3,37,-0.11541192312400539,-0.07639245929734362,0.07366262700452932
3,38,-0.11509976741339209,-0.07631289019463827,0.07338719549516465
3,39,-0.11509976741339209,-0.07631289019463827,0.07338719549516465
3,40,-0.11513649161464072,-0.07593340678173584,0.07341779899620517
3,41,-0.11536295752234056,-0.07649039050067327,0.07357693720161587
3,42,-0.11536295752234056,-0.07649039050067327,0.07357693720161587
3,43,-0.11502019831068674,-0.07628840739380585,0.07355857510099155
3,44,-0.1151242502142245,-0.0762149589913086,0.07355857510099155
3,45,-0.11527114701921899,-0.07660056310441915,0.07356469580119965
3,46,-0.11527114701921899,-0.07660056310441915,0.07356469580119965
3,47,-0.11539968172358919,-0.07615375198922757,0.07352797159995103
3,48,-0.1152772677194271,-0.07645978699963277,0.07343004039662138
3,49,-0.1152772677194271,-0.07645978699963277,0.07343004039662138
3,50,-0.11532623332109193,-0.07594564818215203,0.07358917860203207
3,51,-0.11539968172358919,-0.07616599338964378,0.07367486840494553
3,52,-0.11539968172358919,-0.07616599338964378,0.07367486840494553
3,53,-0.11536295752234056,-0.07623332109193291,0.07344840249724569
3,54,-0.11532623332109193,-0.07656995960337862,0.07374831680744277
3,55,-0.11532623332109193,-0.07656995960337862,0.07374831680744277
3,56,-0.11510588811360019,-0.07622720039172481,0.07353409230015914
3,57,-0.11523442281797039,-0.07642918349859223,0.0734606438976619
3,58,-0.1152772677194271,-0.07637409719671931,0.07339943689558084
3,59,-0.1152772677194271,-0.07637409719671931,0.07339943689558084
3,60,-0.1154547680254621,-0.07609866568735464,0.07330150569225119
3,61,-0.11536295752234056,-0.07625168319255723,0.07369935120577795
3,62,-0.11536295752234056,-0.07625168319255723,0.07369935120577795
3,63,-0.11541192312400539,-0.07644142489900844,0.07342391969641326
3,64,-0.1152650263190109,-0.07625780389276533,0.07334435059370792
3,65,-0.1152650263190109,-0.07625780389276533,0.07334435059370792
3,66,-0.11532623332109193,-0.07625780389276533,0.07339331619537275
3,67,-0.11531399192067573,-0.07622720039172481,0.07350348879911862
3,68,-0.11531399192067573,-0.07622720039172481,0.07350348879911862
3,69,-0.11511812951401641,-0.07615375198922757,0.0734606438976619
3,70,-0.11522830211776228,-0.0763679764965112,0.07343004039662138
3,71,-0.11516097441547313,-0.07633125229526258,0.07339331619537275
3,72,-0.11516097441547313,-0.07633125229526258,0.07339331619537275
3,73,-0.11550373362712693,-0.0762088382911005,0.07339331619537275
3,74,-0.11530787122046762,-0.07600073448402497,0.07324029869017015
3,75,-0.11530787122046762,-0.07600073448402497,0.07324029869017015
3,76,-0.1154180438242135,-0.07627616599338964,0.07346676459787
3,77,-0.11558942343004039,-0.07649651120088138,0.07354021300036724
3,78,-0.11558942343004039,-0.07649651120088138,0.07354021300036724
3,79,-0.11546700942587833,-0.07608642428693843,0.0734851266984943
3,80,-0.11524054351817847,-0.07633125229526258,0.07333822989349982
3,81,-0.11524054351817847,-0.07633125229526258,0.07333822989349982
3,82,-0.11542416452442159,-0.07629452809401396,0.07326478149100257
3,83,-0.11536295752234056,-0.07630064879422206,0.07336271269433223
3,84,-0.1154180438242135,-0.07615375198922757,0.07332598849308361
3,85,-0.1154180438242135,-0.07615375198922757,0.07332598849308361
3,86,-0.11548537152650262,-0.07614151058881136,0.07353409230015914
3,87,-0.11519157791651365,-0.07629452809401396,0.07373607540702656
3,88,-0.11519157791651365,-0.07629452809401396,0.07373607540702656
3,89,-0.11538131962296487,-0.07603745868527359,0.07358917860203207
3,90,-0.11533847472150813,-0.07632513159505447,0.07377279960827518
3,91,-0.11533847472150813,-0.07632513159505447,0.07377279960827518
3,92,-0.1152650263190109,-0.07638021789692741,0.07355245440078345
3,93,-0.11532011262088382,-0.07625780389276533,0.07341779899620517
3,94,-0.11532011262088382,-0.07625780389276533,0.07341779899620517
3,95,-0.11535683682213245,-0.07634349369567879,0.07339943689558084
3,96,-0.11515485371526502,-0.07618435549026809,0.07346676459787
3,97,-0.11539356102338108,-0.0761965968906843,0.0736381442036969
3,98,-0.11539356102338108,-0.0761965968906843,0.0736381442036969
3,99,-0.11530175052025952,-0.07609254498714653,0.0736320235034888
