values,,Magnetometer,Magnetometer,Magnetometer
axis,,x,y,z
Sensor,Sample,,,
0,0,0.04821275553923369,0.06309217774513405,-0.012382176520994003
0,1,0.04821275553923369,0.06309217774513405,-0.012382176520994003
0,2,0.048359652344228184,0.0633492471538744,-0.012975884441180072
0,3,0.04834741094381197,0.0633492471538744,-0.012675970130982983
0,4,0.04834741094381197,0.0633492471538744,-0.012675970130982983
0,5,0.04848818704859836,0.06331864365283388,-0.012933039539723346
0,6,0.04831068674256335,0.06342881625657976,-0.012810625535561268
0,7,0.04831068674256335,0.06342881625657976,-0.012810625535561268
0,8,0.04850042844901457,0.06352062675970131,-0.012724935732647815
0,9,0.048273962541314726,0.06331864365283388,-0.01284734973680989
0,10,0.048273962541314726,0.06331864365283388,-0.011280450483535317
0,11,0.04819439343860938,0.06339209205533113,-0.012498469824947973
0,12,0.0483841351450606,0.0634900232586608,-0.01333088505325009
0,13,0.04831068674256335,0.0634900232586608,-0.012529073325988493
0,14,0.04831068674256335,0.0634900232586608,-0.012529073325988493
0,15,0.04835353164402008,0.06348390255845268,-0.012431142122658832
0,16,0.048359652344228184,0.06326967805116905,-0.012645366629942464
0,17,0.048359652344228184,0.06326967805116905,-0.012645366629942464
0,18,0.048218876239441794,0.06325131595054474,-0.012871832537642305
0,19,0.04824335904027421,0.06320235034887992,-0.012645366629942464
0,20,0.04824335904027421,0.06320235034887992,-0.012645366629942464
0,21,0.04847594564818215,0.06328804015179337,-0.012804504835353165
0,22,0.04859223895213612,0.0635145060594932,-0.012651487330150568
0,23,0.04859223895213612,0.0635145060594932,-0.012651487330150568
0,24,0.04834129024360387,0.0631962296486718,-0.012884073938058512
0,25,0.04834129024360387,0.06331864365283388,-0.012688211531399193
0,26,0.04834129024360387,0.06331864365283388,-0.012688211531399193
0,27,0.048433100746725424,0.0634900232586608,-0.012547435426612805
0,28,0.048586118251928025,0.0633308850532501,-0.013128901946382665
0,29,0.048586118251928025,0.0633308850532501,-0.013128901946382665
0,30,0.0485555147508875,0.0631839882482556,-0.013471661158036479
0,31,0.04842698004651732,0.06344717835720406,-0.013300281552209572
0,32,0.04842698004651732,0.06344717835720406,-0.013300281552209572
0,33,0.048218876239441794,0.06352062675970131,-0.013428816256579754
0,34,0.048390255845268695,0.06322683314971232,-0.013251315950544743
0,35,0.04834741094381197,0.06326355735096095,-0.01291467743909903
0,36,0.04834741094381197,0.06326355735096095,-0.01291467743909903
0,37,0.048414738646101116,0.06325131595054474,-0.013012608642428694
0,38,0.04820663483902558,0.06323907455012853,-0.012663728730566776
0,39,0.04820663483902558,0.06323907455012853,-0.012663728730566776
0,40,0.04837189374464439,0.06332476435304199,-0.012743297833272127
0,41,0.04825560044069042,0.0633370057534582,-0.012877953237850409
0,42,0.04825560044069042,0.0633370057534582,-0.012877953237850409
0,43,0.04826784184110662,0.06330640225241768,-0.0127004529318154
0,44,0.04826784184110662,0.06336148855429061,-0.012718815032439712
0,45,0.04826784184110662,0.06336148855429061,-0.012718815032439712
0,46,0.048157669237360756,0.06341045415595545,-0.012437262822866935
0,47,0.04832904884318766,0.06341045415595545,-0.013355367854082506
0,48,0.04832904884318766,0.06341045415595545,-0.013355367854082506
0,49,0.048090341535071614,0.06331252295262578,-0.01308605704492594
0,50,0.04837189374464439,0.06341657485616355,-0.013141143346798872
0,51,0.04837189374464439,0.06341657485616355,-0.013141143346798872
0,52,0.04832292814297955,0.06336760925449872,-0.012737177133064024
0,53,0.048176031337985065,0.06321459174929613,-0.012559676827029012
0,54,0.048176031337985065,0.06321459174929613,-0.012559676827029012
0,55,0.04851266984943077,0.06310441914555025,-0.012633125229526258
0,56,0.04831068674256335,0.06346554045782837,-0.012731056432855919
0,57,0.04824947974048231,0.06323295384992042,-0.01239441792141021
0,58,0.04824947974048231,0.06323295384992042,-0.01239441792141021
0,59,0.04810258293548782,0.06342881625657976,-0.01233321091932917
0,60,0.0480719794344473,0.06312278124617457,-0.013147264047006977
0,61,0.0480719794344473,0.06312278124617457,-0.013147264047006977
0,62,0.04837801444485249,0.06325131595054474,-0.012633125229526258
0,63,0.048543273350471296,0.06332476435304199,-0.012620883829110049
0,64,0.048543273350471296,0.06332476435304199,-0.012620883829110049
0,65,0.048273962541314726,0.06355123026074183,-0.012963643040763865
0,66,0.04842698004651732,0.06323907455012853,-0.012553556126820908
0,67,0.04842698004651732,0.06323907455012853,-0.012553556126820908
0,68,0.048390255845268695,0.06323907455012853,-0.01274941853348023
0,69,0.04850042844901457,0.06325131595054474,-0.012651487330150568
0,70,0.04850042844901457,0.06325131595054474,-0.012651487330150568
0,71,0.048304566042355244,0.06330028155220957,-0.013373729954706818
0,72,0.048531031950055085,0.06323907455012853,-0.012859591137226099
0,73,0.048531031950055085,0.06323907455012853,-0.012859591137226099
0,74,0.04828620394173093,0.06344717835720406,-0.012731056432855919
0,75,0.048261721140898516,0.06332476435304199,-0.012504590525156078
0,76,0.048261721140898516,0.06332476435304199,-0.012504590525156078
0,77,0.04847594564818215,0.06331864365283388,-0.012773901334312646
0,78,0.048402497245684906,0.0635083853592851,-0.012639245929734361
0,79,0.048543273350471296,0.06348390255845268,-0.01259028032806953
0,80,0.048543273350471296,0.06348390255845268,-0.01259028032806953
0,81,0.04831068674256335,0.06330028155220957,-0.012473987024115559
0,82,0.048616721752968536,0.0633308850532501,-0.012675970130982983
0,83,0.048616721752968536,0.0633308850532501,-0.012675970130982983
0,84,0.048457583547557845,0.06327579875137715,-0.01282898763618558
0,85,0.04837189374464439,0.06335536785408251,-0.01282898763618558
0,86,0.04837189374464439,0.06335536785408251,-0.01282898763618558
0,87,0.048359652344228184,0.06346554045782837,-0.012920798139307138
0,88,0.048414738646101116,0.06323907455012853,-0.012553556126820908
0,89,0.048414738646101116,0.06323907455012853,-0.012553556126820908
0,90,0.048157669237360756,0.06320235034887992,-0.012859591137226099
0,91,0.048433100746725424,0.0633370057534582,-0.012810625535561268
0,92,0.048433100746725424,0.0633370057534582,-0.012810625535561268
0,93,0.04824335904027421,0.06337372995470682,-0.012498469824947973
0,94,0.04837189374464439,0.06339209205533113,-0.012418900722242625
0,95,0.04837189374464439,0.06339209205533113,-0.012418900722242625
0,96,0.04863508385359285,0.0633492471538744,-0.01274941853348023
0,97,0.04842698004651732,0.06322071244950422,-0.012694332231607297
0,98,0.04842698004651732,0.06322071244950422,-0.012694332231607297
0,99,0.04856775615130371,0.0631778675480475,-0.01244338352307504
1,0,-0.06217407271391847,0.1040274207369323,0.024280817725547802
1,1,-0.062376055820785904,0.10461500795691028,0.024782715142612315
1,2,-0.06211286571183744,0.10446199045170768,0.025394785163422695
1,3,-0.06211286571183744,0.10446199045170768,0.025394785163422695
1,4,-0.062192434814542785,0.10420492104296733,0.02505202595176888
1,5,-0.06244338352307503,0.10387440323172972,0.024378748928877463
1,6,-0.06244338352307503,0.10387440323172972,0.024378748928877463
1,7,-0.06232096951891296,0.10411923124005387,0.024996939649895945
1,8,-0.06235769372016159,0.1041926796425511,0.02522340555759579
1,9,-0.06235769372016159,0.1041926796425511,0.02522340555759579
1,10,-0.062235279715999514,0.10419880034275922,0.02439099032929367
1,11,-0.06230872811849676,0.10391724813318644,0.024935732647814908
1,12,-0.06230872811849676,0.10391724813318644,0.024935732647814908
1,13,-0.06217407271391847,0.10397845513526746,0.025504957767168563
1,14,-0.06234545231974538,0.10403354143714041,0.025107112253641817
1,15,-0.06211898641204554,0.10411923124005387,0.025211164157179583
1,16,-0.06211898641204554,0.10411923124005387,0.025211164157179583
1,17,-0.06230872811849676,0.10410086913942955,0.0254009058636308
1,18,-0.06232096951891296,0.10422328314359161,0.025015301750520257
1,19,-0.06232096951891296,0.10422328314359161,0.025015301750520257
1,20,-0.06232709021912107,0.10392948953360263,0.025033663851144573
1,21,-0.06227812461745623,0.10421104174317541,0.025033663851144573
1,22,-0.06227812461745623,0.10421104174317541,0.025033663851144573
1,23,-0.0622291590157914,0.10405190353776472,0.024880646345941976
1,24,-0.06227200391724813,0.10413759334067818,0.025033663851144573
1,25,-0.06227200391724813,0.10413759334067818,0.025033663851144573
1,26,-0.06224752111641572,0.10408862773901335,0.025205043456971478
1,27,-0.062039417309340185,0.1038621618313135,0.02509487085322561
1,28,-0.06207002081038071,0.10398457583547557,0.02498469824947974
1,29,-0.06207002081038071,0.10398457583547557,0.02498469824947974
1,30,-0.062333210919329175,0.1041926796425511,0.02529073325988493
1,31,-0.06217407271391847,0.10423552454400783,0.025119353654058024
1,32,-0.06217407271391847,0.10423552454400783,0.025119353654058024
1,33,-0.06214346921287796,0.10398457583547557,0.025333578161341658
1,34,-0.062180193414126575,0.10444362835108337,0.024892887746358183
1,35,-0.062180193414126575,0.10444362835108337,0.024892887746358183
1,36,-0.06219855551475088,0.10414983474109438,0.024317541926796426
1,37,-0.062333210919329175,0.10412535194026196,0.02509487085322561
1,38,-0.062333210919329175,0.10412535194026196,0.02509487085322561
1,39,-0.06236381442036969,0.10419880034275922,0.024972456849063532
1,40,-0.06224140041620761,0.10440078344962664,0.024966336148855427
1,41,-0.062235279715999514,0.10381931692985677,0.02514383645489044
1,42,-0.062235279715999514,0.10381931692985677,0.02514383645489044
1,43,-0.062223038315583304,0.10376423062798383,0.024782715142612315
1,44,-0.06207002081038071,0.10391724813318644,0.02532133676092545
1,45,-0.06207002081038071,0.10391724813318644,0.02532133676092545
1,46,-0.06246174562369935,0.10415595544130249,0.02437262822866936
1,47,-0.062155710613294154,0.10427224874525647,0.025162198555514752
1,48,-0.062155710613294154,0.10427224874525647,0.025162198555514752
1,49,-0.06227812461745623,0.10394173093401886,0.02483780144448525
1,50,-0.06234545231974538,0.10420492104296733,0.02498469824947974
1,51,-0.06234545231974538,0.10420492104296733,0.02498469824947974
1,52,-0.06228424531766434,0.10407026563838903,0.025254009058636305
1,53,-0.06230872811849676,0.1041681968417187,0.025033663851144573
1,54,-0.06227812461745623,0.10447423185212387,0.025523319867792875
1,55,-0.06227812461745623,0.10447423185212387,0.025523319867792875
1,56,-0.062180193414126575,0.10413147264047007,0.024941853348023013
1,57,-0.062192434814542785,0.10414371404088626,0.025260129758844414
1,58,-0.062192434814542785,0.10414371404088626,0.025260129758844414
1,59,-0.06213122781246174,0.1041681968417187,0.025125474354266132
1,60,-0.06230872811849676,0.10407638633859713,0.024990818949687844
1,61,-0.06230872811849676,0.10407638633859713,0.024990818949687844
1,62,-0.06211286571183744,0.10400905863630798,0.025284612559676827
1,63,-0.06242502142245073,0.10411311053984576,0.025125474354266132
1,64,-0.06242502142245073,0.10411311053984576,0.025125474354266132
1,65,-0.062082262210796914,0.10405802423797283,0.024366507528461256
1,66,-0.0622107969151671,0.10409474843922144,0.02486840494552577
1,67,-0.06240053862161832,0.10424164524421593,0.024935732647814908
1,68,-0.06240053862161832,0.10424164524421593,0.024935732647814908
1,69,-0.0622169176153752,0.10410698983963766,0.025504957767168563
1,70,-0.062333210919329175,0.10420492104296733,0.02469090463949076
1,71,-0.062333210919329175,0.10420492104296733,0.02469090463949076
1,72,-0.06235157301995349,0.10406414493818092,0.024892887746358183
1,73,-0.06220467621495899,0.10389276533235403,0.024990818949687844
1,74,-0.06220467621495899,0.10389276533235403,0.024990818949687844
1,75,-0.06218631411433469,0.10439466274941853,0.02527237115926062
1,76,-0.06224140041620761,0.10407638633859713,0.025149957155098546
1,77,-0.06224140041620761,0.10407638633859713,0.025149957155098546
1,78,-0.06241278002203452,0.10418655894234301,0.024776594442404213
1,79,-0.0622169176153752,0.10397845513526746,0.02456236993512058
1,80,-0.06224752111641572,0.10396009303464315,0.02467866323907455
1,81,-0.06224752111641572,0.10396009303464315,0.02467866323907455
1,82,-0.06219855551475088,0.1041926796425511,0.024990818949687844
1,83,-0.06213122781246174,0.1041926796425511,0.02527237115926062
1,84,-0.06213122781246174,0.1041926796425511,0.02527237115926062
1,85,-0.06212510711225364,0.10396009303464315,0.02500306035010405
1,86,-0.06241278002203452,0.10419880034275922,0.02518668135634717
1,87,-0.06241278002203452,0.10419880034275922,0.02518668135634717
1,88,-0.06227812461745623,0.10405190353776472,0.025713061574244096
1,89,-0.062223038315583304,0.10407026563838903,0.024225731423674866
1,90,-0.062223038315583304,0.10407026563838903,0.024225731423674866
1,91,-0.06212510711225364,0.10411311053984576,0.02544987146529563
1,92,-0.06219855551475088,0.10403354143714041,0.024990818949687844
1,93,-0.06212510711225364,0.10384992043089729,0.024721508140531277
1,94,-0.06212510711225364,0.10384992043089729,0.024721508140531277
1,95,-0.06213734851266985,0.10400905863630798,0.025333578161341658
1,96,-0.062376055820785904,0.10410698983963766,0.025492716366752356
1,97,-0.062376055820785904,0.10410698983963766,0.025492716366752356
1,98,-0.06230260741828865,0.10462112865711837,0.024947974048231118
1,99,-0.06235769372016159,0.10412535194026196,0.02500306035010405
2,0,0.1184783939282654,-0.06925572285469458,0.041320847104908805
2,1,0.11849675602888972,-0.06905373974782715,0.042177745134043335
2,2,0.11849675602888972,-0.06905373974782715,0.042177745134043335
2,3,0.11838046272493574,-0.06920063655282165,0.041565675113232954
2,4,0.11811727261598728,-0.06958011996572408,0.04202472762884074
2,5,0.11811727261598728,-0.06958011996572408,0.04202472762884074
2,6,0.11828253152160609,-0.06919451585261353,0.042306279838413514
2,7,0.11843554902680867,-0.06923124005386216,0.04198800342759212
2,8,0.11843554902680867,-0.06923124005386216,0.04198800342759212
2,9,0.11847227322805728,-0.06929856775615131,0.041920675725302975
2,10,0.11873546333700576,-0.06946994736197822,0.04200024482800833
2,11,0.11873546333700576,-0.06946994736197822,0.04200024482800833
2,12,0.11805606561390622,-0.06916391235157301,0.041094381197208964
2,13,0.118337617823479,-0.0692740849553189,0.04203696902925695
2,14,0.11828865222181417,-0.06904761904761905,0.042134900232586606
2,15,0.11828865222181417,-0.06904761904761905,0.042134900232586606
2,16,0.11842942832660057,-0.06920063655282165,0.04247153874403232
2,17,0.11842330762639246,-0.06920063655282165,0.04231852123882972
2,18,0.11842330762639246,-0.06920063655282165,0.04231852123882972
2,19,0.11840494552576815,-0.06937813685885666,0.042202227934875755
2,20,0.11834985922389521,-0.06904149834741094,0.04202472762884074
2,21,0.11834985922389521,-0.06904149834741094,0.04202472762884074
2,22,0.11838046272493574,-0.06891908434324887,0.04167584771697882
2,23,0.11820296241890071,-0.06898641204553801,0.04218386583425144
2,24,0.11820296241890071,-0.06898641204553801,0.04218386583425144
2,25,0.11859468723221937,-0.06935365405802424,0.04241645244215938
2,26,0.11826416942098177,-0.06920063655282165,0.041320847104908805
2,27,0.11826416942098177,-0.06890684294283266,0.040568000979312034
2,28,0.1183253764230628,-0.06890684294283266,0.040568000979312034
2,29,0.1184845146284735,-0.06917615375198923,0.04233688333945403
2,30,0.11834373852368711,-0.06913330885053251,0.04157791651364916
2,31,0.11834373852368711,-0.06913330885053251,0.04157791651364916
2,32,0.11837434202472763,-0.06920063655282165,0.04211041743175419
2,33,0.1183253764230628,-0.06955563716489166,0.041620761415105886
2,34,0.1183253764230628,-0.06955563716489166,0.041620761415105886
2,35,0.11830089362223037,-0.06892520504345698,0.04203084832904884
2,36,0.11826416942098177,-0.06912106745011629,0.04220834863508385
2,37,0.11826416942098177,-0.06912106745011629,0.04220834863508385
2,38,0.11820908311910883,-0.06923124005386216,0.04217162443383523
2,39,0.11846615252784917,-0.06921899865344595,0.04182886522218142
2,40,0.11846615252784917,-0.06921899865344595,0.04182886522218142
2,41,0.11825192802056554,-0.06892520504345698,0.04233076263924593
2,42,0.11845391112743298,-0.06910270534949198,0.04218386583425144
2,43,0.11822132451952502,-0.06947606806218631,0.04237360754070266
2,44,0.11822132451952502,-0.06947606806218631,0.04237360754070266
2,45,0.11842330762639246,-0.06909658464928388,0.041412657608030354
2,46,0.11815399681723589,-0.06929856775615131,0.042220590035500064
2,47,0.11815399681723589,-0.06929856775615131,0.042220590035500064
2,48,0.11852735952993024,-0.06929856775615131,0.042275676337372996
2,49,0.11836210062431143,-0.06913330885053251,0.04263067694944302
2,50,0.11836210062431143,-0.06913330885053251,0.04263067694944302
2,51,0.11839882482556004,-0.06913330885053251,0.04203696902925695
2,52,0.11833149712327092,-0.06899253274574611,0.04223283143591627
2,53,0.11833149712327092,-0.06899253274574611,0.04223283143591627
2,54,0.1184906353286816,-0.06901089484637044,0.042275676337372996
2,55,0.11853348023013832,-0.06910882604970009,0.04226955563716489
2,56,0.11853348023013832,-0.06922511935365407,0.04100869139429551
2,57,0.11852123882972213,-0.06922511935365407,0.04100869139429551
2,58,0.11849675602888972,-0.06894968784428938,0.042061451830089365
2,59,0.11839882482556004,-0.0694454645611458,0.04177377892030849
2,60,0.11839882482556004,-0.0694454645611458,0.04177377892030849
2,61,0.11853960093034643,-0.06919451585261353,0.04205533112988126
2,62,0.11828865222181417,-0.0691516709511568,0.041663606316562615
2,63,0.11828865222181417,-0.0691516709511568,0.041663606316562615
2,64,0.11835597992410332,-0.06950667156322683,0.042006365528216426
2,65,0.11823356591994123,-0.06938425755906476,0.041963520626759704
2,66,0.11823356591994123,-0.06938425755906476,0.041963520626759704
2,67,0.11839882482556004,-0.06919451585261353,0.04041498347410944
2,68,0.11850899742930592,-0.06923736075407026,0.04230015913820541
2,69,0.11850899742930592,-0.06923736075407026,0.04230015913820541
2,70,0.11812951401640348,-0.06884563594075163,0.041951279226343494
2,71,0.11836822132451952,-0.06899865344595421,0.04136981270657363
2,72,0.11819684171869263,-0.06901089484637044,0.04104541559554413
2,73,0.11819684171869263,-0.06901089484637044,0.04104541559554413
2,74,0.11826416942098177,-0.0689741706451218,0.04097196719304688
2,75,0.11858856653201126,-0.06932305055698372,0.04217162443383523
2,76,0.11858856653201126,-0.06932305055698372,0.04217162443383523
2,77,0.11826416942098177,-0.06916391235157301,0.041620761415105886
2,78,0.11834985922389521,-0.06926184355490268,0.04224507283633248
2,79,0.11834985922389521,-0.06926184355490268,0.04224507283633248
2,80,0.11869261843554904,-0.06969641326967804,0.04199412412780022
2,81,0.11847227322805728,-0.06913330885053251,0.042153262333210914
2,82,0.11847227322805728,-0.06913330885053251,0.042153262333210914
2,83,0.11823968662014935,-0.06947606806218631,0.04164524421593831
2,84,0.11829477292202228,-0.06905986044803526,0.04207369323050557
2,85,0.11829477292202228,-0.06905986044803526,0.04207369323050557
2,86,0.11797037581099276,-0.06913330885053251,0.042306279838413514
2,87,0.11829477292202228,-0.06916391235157301,0.04173093401885176
2,88,0.11835597992410332,-0.06915779165136492,0.04233076263924593
2,89,0.11835597992410332,-0.06915779165136492,0.04233076263924593
2,90,0.11834985922389521,-0.06919451585261353,0.04226955563716489
2,91,0.11820296241890071,-0.0692740849553189,0.04024972456849064
2,92,0.11820296241890071,-0.0692740849553189,0.04024972456849064
2,93,0.11824580732035746,-0.06900477414616232,0.04189619292447056
2,94,0.11831925572285469,-0.06928020565552699,0.04188395152405435
2,95,0.11831925572285469,-0.06928020565552699,0.04188395152405435
2,96,0.11828253152160609,-0.06918227445219734,0.04161464071489778
2,97,0.11824580732035746,-0.06923736075407026,0.04128412290366018
2,98,0.11824580732035746,-0.06923736075407026,0.04128412290366018
2,99,0.11838046272493574,-0.06917003305178113,0.04221446933529196
3,0,-0.12070632880401518,-0.08580609621740727,0.07253641816623821
3,1,-0.12047374219610722,-0.08598359652344228,0.07232219365895458
3,2,-0.12047374219610722,-0.08583057901823968,0.07232831435916269
3,3,-0.12047374219610722,-0.08583057901823968,0.07232831435916269
3,4,-0.12035744889215325,-0.0855367854082507,0.07244460766311665
3,5,-0.12029012118986412,-0.08562247521116416,0.07228546945770596
3,6,-0.12029012118986412,-0.08562247521116416,0.07228546945770596
3,7,-0.12082874280817726,-0.08556738890929122,0.0721814175541682
3,8,-0.12074917370547192,-0.08582445831803158,0.07233443505937079
3,9,-0.12074917370547192,-0.08582445831803158,0.07221202105520871
3,10,-0.12061451830089362,-0.08586118251928021,0.07221202105520871
3,11,-0.12051658709756397,-0.0856775615130371,0.07223650385604113
3,12,-0.12030236259028033,-0.0860080793242747,0.07259762516831926
3,13,-0.12030236259028033,-0.0860080793242747,0.07259762516831926
3,14,-0.1204247765944424,-0.0858550618190721,0.07232219365895458
3,15,-0.12052270779777205,-0.08549394050679397,0.07240176276165994
3,16,-0.12052270779777205,-0.08549394050679397,0.07240176276165994
3,17,-0.12061451830089362,-0.08543885420492105,0.07230995225853838
3,18,-0.12034520749173705,-0.08597135512302607,0.07242012486228425
3,19,-0.12034520749173705,-0.08597135512302607,0.07242012486228425
3,20,-0.12030236259028033,-0.08567144081282899,0.0721936589545844
3,21,-0.12051658709756397,-0.0856959236136614,0.07236503856041131
3,22,-0.12051658709756397,-0.0856959236136614,0.07236503856041131
3,23,-0.12056555269922879,-0.08561635451095605,0.07229159015791406
3,24,-0.12063900110172603,-0.0857081650140776,0.07258538376790305
3,25,-0.12041865589423431,-0.08579385481699106,0.07222426245562492
3,26,-0.12041865589423431,-0.08579385481699106,0.07222426245562492
3,27,-0.1204431386950667,-0.0856775615130371,0.07246909046394907
3,28,-0.12059615620026931,-0.0856898029134533,0.07257314236748684
3,29,-0.12059615620026931,-0.0856898029134533,0.07257314236748684
3,30,-0.12067572530297466,-0.08576937201615865,0.072346676459787
3,31,-0.12053494919818827,-0.08545109560533724,0.07230383155833028
3,32,-0.12053494919818827,-0.08545109560533724,0.07230383155833028
3,33,-0.12058391479985311,-0.08566532011262087,0.07257314236748684
3,34,-0.12063288040151794,-0.08565307871220468,0.0725119353654058
3,35,-0.12063288040151794,-0.08565307871220468,0.0725119353654058
3,36,-0.12047986289631533,-0.08563471661158037,0.07224262455624923
3,37,-0.12054106989839637,-0.08562247521116416,0.07260374586852736
3,38,-0.12047374219610722,-0.08578773411678296,0.07252417676582201
3,39,-0.12047374219610722,-0.08578773411678296,0.07252417676582201
3,40,-0.12052882849798016,-0.0856959236136614,0.07243848696290855
3,41,-0.12014322438486964,-0.08576325131595054,0.07240788346186804
3,42,-0.12014322438486964,-0.08576325131595054,0.07240788346186804
3,43,-0.12048598359652345,-0.0856898029134533,0.0725058146651977
3,44,-0.1205533112988126,-0.08563471661158037,0.07246296976374098
3,45,-0.1205533112988126,-0.08563471661158037,0.07246296976374098
3,46,-0.1204247765944424,-0.08578161341657485,0.07253641816623821
3,47,-0.12084098420859346,-0.08594075162198556,0.07273228057289753
3,48,-0.12084098420859346,-0.08594075162198556,0.07273228057289753
3,49,-0.12061451830089362,-0.08580609621740727,0.07256090096707063
3,50,-0.12076141510588811,-0.08589178602032073,0.07246296976374098
3,51,-0.12041865589423431,-0.08556126820908312,0.07221814175541683
3,52,-0.12041865589423431,-0.08556126820908312,0.07221814175541683
3,53,-0.12068796670339085,-0.08563471661158037,0.07248133186436528
3,54,-0.12047986289631533,-0.08580609621740727,0.07267107357081651
3,55,-0.12047986289631533,-0.08580609621740727,0.07267107357081651
3,56,-0.120577794099645,-0.08559799241033175,0.07260374586852736
3,57,-0.12034520749173705,-0.08583669971844779,0.07239564206145183
3,58,-0.12034520749173705,-0.08583669971844779,0.07239564206145183
3,59,-0.120577794099645,-0.0856959236136614,0.07257926306769494
3,60,-0.12037581099277757,-0.08546945770596157,0.07218753825437631
3,61,-0.12037581099277757,-0.08546945770596157,0.07218753825437631
3,62,-0.12062063900110173,-0.08581833761782348,0.07241400416207613
3,63,-0.1207185702044314,-0.08548169910637778,0.07226098665687355
3,64,-0.12048598359652345,-0.08564695801199658,0.07242012486228425
3,65,-0.12048598359652345,-0.08564695801199658,0.07242012486228425
3,66,-0.12070632880401518,-0.08556126820908312,0.07243848696290855
3,67,-0.12065736320235035,-0.08566532011262087,0.07244460766311665
3,68,-0.12065736320235035,-0.08566532011262087,0.07244460766311665
3,69,-0.12061451830089362,-0.0857081650140776,0.07232219365895458
3,70,-0.1207308116048476,-0.08579385481699106,0.07235279715999511
3,71,-0.1207308116048476,-0.08579385481699106,0.07235279715999511
3,72,-0.12060839760068551,-0.08545721630554536,0.07223650385604113
3,73,-0.12063288040151794,-0.08571428571428572,0.07227322805728975
3,74,-0.12063288040151794,-0.08571428571428572,0.07227322805728975
3,75,-0.12057167339943689,-0.08546333700575345,0.07256702166727874
3,76,-0.12071244950422329,-0.08602644142489901,0.07261598726894357
3,77,-0.12065124250214225,-0.0858734239196964,0.07252417676582201
3,78,-0.12065124250214225,-0.0858734239196964,0.07252417676582201
3,79,-0.120577794099645,-0.0858428204186559,0.07236503856041131
3,80,-0.1207430530052638,-0.08556126820908312,0.07275676337372997
3,81,-0.1207430530052638,-0.08556126820908312,0.07275676337372997
3,82,-0.12078589790672052,-0.08586730321948831,0.07256702166727874
3,83,-0.12065736320235035,-0.08599583792385848,0.0725058146651977
3,84,-0.12065736320235035,-0.08599583792385848,0.0725058146651977
3,85,-0.12062675970130983,-0.08591626882115314,0.07232219365895458
3,86,-0.12044925939527482,-0.0852185089974293,0.07240788346186804
3,87,-0.12044925939527482,-0.0852185089974293,0.07240788346186804
3,88,-0.12074917370547192,-0.08566532011262087,0.07248133186436528
3,89,-0.1204431386950667,-0.08559187171012364,0.07214469335291958
3,90,-0.12035132819194516,-0.0856775615130371,0.07252417676582201
3,91,-0.12035132819194516,-0.0856775615130371,0.07252417676582201
3,92,-0.12056555269922879,-0.08586730321948831,0.0725058146651977
3,93,-0.1205533112988126,-0.0856836822132452,0.07225486595666544
3,94,-0.1205533112988126,-0.0856836822132452,0.07225486595666544
3,95,-0.12046762149589914,-0.08573264781491002,0.07227322805728975
3,96,-0.1204064144938181,-0.08579997551719917,0.07241400416207613
3,97,-0.1204064144938181,-0.08579997551719917,0.07241400416207613
3,98,-0.12025339698861551,-0.08573876851511812,0.07241400416207613
3,99,-0.12062675970130983,-0.08572040641449383,0.07221814175541683
