values,,Magnetometer,Magnetometer,Magnetometer
axis,,x,y,z
Sensor,Sample,,,
0,0,0.04188395152405435,0.04760068551842331,0.002313624678663239
0,1,0.04181050312155711,0.04745378871342882,0.0018729342636797648
0,2,0.04166972701677072,0.047716978822377284,0.002276900477414616
0,3,0.04166972701677072,0.047716978822377284,0.002276900477414616
0,4,0.04173093401885176,0.0475945648182152,0.0023381074794956544
0,5,0.04193903782592728,0.04736197821030726,0.0018484514628473495
0,6,0.04193903782592728,0.04736197821030726,0.0018484514628473495
0,7,0.041951279226343494,0.04752723711592606,0.001934141265760803
0,8,0.04203696902925695,0.04734361610968295,0.0018851756640959727
0,9,0.04203696902925695,0.04734361610968295,0.0018851756640959727
0,10,0.04188395152405435,0.04741094381197209,0.0020626759701309833
0,11,0.04178602032072469,0.0475945648182152,0.0018912963643040765
0,12,0.04178602032072469,0.04754559921655037,0.002246296976374097
0,13,0.04188395152405435,0.04754559921655037,0.002246296976374097
0,14,0.041834985922389524,0.04750887501530175,0.0019831068674256336
0,15,0.04174929611947607,0.047306891908434325,0.002050434569714775
0,16,0.04174929611947607,0.047306891908434325,0.002050434569714775
0,17,0.041761537519892276,0.04761292691883952,0.0018912963643040765
0,18,0.04193903782592728,0.04760068551842331,0.0017199167584771697
0,19,0.04193903782592728,0.04760068551842331,0.0017199167584771697
0,20,0.04181050312155711,0.04741094381197209,0.0020443138695066714
0,21,0.04182886522218142,0.047521116415717955,0.0018484514628473495
0,22,0.04182886522218142,0.047521116415717955,0.0018484514628473495
0,23,0.04184110662259762,0.047606806218631406,0.0020137103684661527
0,24,0.041920675725302975,0.04755171991675848,0.001903537764720284
0,25,0.041920675725302975,0.04755171991675848,0.001903537764720284
0,26,0.041792141020932795,0.047380340310931565,0.0022156934753335784
0,27,0.04177377892030849,0.047288529807810016,0.001995348267841841
0,28,0.04177377892030849,0.047288529807810016,0.001995348267841841
0,29,0.041779899620516585,0.04750887501530175,0.0015730199534826784
0,30,0.041877830823846246,0.04751499571550986,0.0019218998653445954
0,31,0.041877830823846246,0.04751499571550986,0.0019218998653445954
0,32,0.04167584771697882,0.04734361610968295,0.002130003672420125
0,33,0.04198800342759212,0.04732525400905864,0.0018668135634716612
0,34,0.04171869261843555,0.04721508140531277,0.0021483657730444364
0,35,0.04171869261843555,0.04721508140531277,0.0021483657730444364
0,36,0.041951279226343494,0.0475884441180071,0.001940261965968907
0,37,0.04164524421593831,0.04761292691883952,0.0022646590769984085
0,38,0.04164524421593831,0.04761292691883952,0.0022646590769984085
0,39,0.04192679642551107,0.047423185212388294,0.0019096584649283877
0,40,0.04185946872322194,0.04739870241155588,0.00215448647325254
0,41,0.04185946872322194,0.04739870241155588,0.00215448647325254
0,42,0.04160852001468968,0.047447668013220715,0.0018300893622230385
0,43,0.041804382421349,0.04747827151426123,0.002160607173460644
0,44,0.041804382421349,0.04747827151426123,0.002160607173460644
0,45,0.04185334802301383,0.04758232341779899,0.0019096584649283877
0,46,0.041792141020932795,0.047447668013220715,0.0018484514628473495
0,47,0.041792141020932795,0.047447668013220715,0.0018484514628473495
0,48,0.04171869261843555,0.04719671930468845,0.0018239686620149347
0,49,0.04201248622842453,0.047423185212388294,0.002191210674501163
0,50,0.041951279226343494,0.04744154731301261,0.0016954339576447544
0,51,0.04204308972946505,0.04763740971967193,0.0011690537397478272
0,52,0.04181050312155711,0.04747827151426123,0.0017627616599338967
0,53,0.041951279226343494,0.047202840004896565,0.0022646590769984085
0,54,0.04175541681968417,0.04712939160239931,0.0022646590769984085
0,55,0.04173705471905986,0.047716978822377284,0.0021483657730444364
0,56,0.041908434324886765,0.04763740971967193,0.0019892275676337374
0,57,0.04176765822010038,0.04739870241155588,0.001842330762639246
0,58,0.04174929611947607,0.047533357816134165,0.0023013832782470315
0,59,0.04174929611947607,0.047533357816134165,0.0023013832782470315
0,60,0.041406536907822256,0.04761292691883952,0.001940261965968907
0,61,0.041865589423430036,0.04746603011384502,0.0014383645489043947
0,62,0.04188395152405435,0.0475945648182152,0.0019096584649283877
0,63,0.041822744521973314,0.047306891908434325,0.002319745378871343
0,64,0.042018606928632636,0.0475884441180071,0.0022707797772065124
0,65,0.04173093401885176,0.04750275431509365,0.001970865467009426
0,66,0.04198188272738401,0.04739870241155588,0.0017015546578528582
0,67,0.041694209817603134,0.0472640470069776,0.0018851756640959727
0,68,0.042018606928632636,0.04753947851634227,0.0018300893622230385
0,69,0.04173705471905986,0.047392581711347775,0.001940261965968907
0,70,0.04189619292447056,0.04741094381197209,0.0017199167584771697
0,71,0.04165748561635451,0.04747215081405313,0.0021850899742930593
0,72,0.0421165381319623,0.047417064512180196,0.0013526747459909412
0,73,0.04204308972946505,0.04744154731301261,0.0018178479618068306
0,74,0.04204308972946505,0.04744154731301261,0.0018178479618068306
0,75,0.04185334802301383,0.04763740971967193,0.0021055208715877096
0,76,0.04166972701677072,0.04753947851634227,0.002001468968049945
0,77,0.04176765822010038,0.04741094381197209,0.00189741706451218
0,78,0.041822744521973314,0.04735585751009915,0.0017321581588933773
0,79,0.04173705471905986,0.047392581711347775,0.0017382788591014814
0,80,0.04188395152405435,0.04744154731301261,0.0022585383767903047
0,81,0.04194515852613539,0.0475884441180071,0.0018300893622230385
0,82,0.04184110662259762,0.047606806218631406,0.0022646590769984085
0,83,0.04184110662259762,0.047153874403231724,0.0019096584649283877
0,84,0.041620761415105886,0.04731913330885053,0.0021055208715877096
0,85,0.04162688211531399,0.04719671930468845,0.0019218998653445954
0,86,0.04199412412780022,0.047490512914677444,0.0019218998653445954
0,87,0.041834985922389524,0.04757008201738279,0.0019463826661770107
0,88,0.04181050312155711,0.04754559921655037,0.002160607173460644
0,89,0.04181050312155711,0.047417064512180196,0.002019831068674256
0,90,0.04181050312155711,0.047417064512180196,0.002019831068674256
0,91,0.04174317541926796,0.047380340310931565,0.0024299179826172113
0,92,0.04174929611947607,0.04724568490635329,0.0018178479618068306
0,93,0.04198800342759212,0.04752723711592606,0.0021055208715877096
0,94,0.041877830823846246,0.04758232341779899,0.0019280205655526992
0,95,0.041877830823846246,0.04746603011384502,0.0019280205655526992
0,96,0.04171869261843555,0.04741094381197209,0.00120577794099645
0,97,0.0417982617211409,0.04730077120822622,0.002087158770963398
0,98,0.04207981393071367,0.047404823111763986,0.001903537764720284
0,99,0.04184722732280573,0.04720896070510466,0.0017321581588933773
1,0,-0.05507406047251806,0.0861855796303097,0.04349369567878565
1,1,-0.05528828497980169,0.08633859713551231,0.042961194760680624
1,2,-0.05528828497980169,0.08633859713551231,0.042961194760680624
1,3,-0.05526380217896928,0.08636920063655282,0.042716366752356474
1,4,-0.05531888848084221,0.08602644142489901,0.04295507406047252
1,5,-0.05531888848084221,0.08602644142489901,0.04295507406047252
1,6,-0.05536173338229894,0.08623454523197453,0.04299179826172114
1,7,-0.055612682090831186,0.08623454523197453,0.043303953972334434
1,8,-0.055612682090831186,0.08623454523197453,0.043303953972334434
1,9,-0.05534337128167462,0.08589178602032073,0.04311421226588322
1,10,-0.05528216427959358,0.08636307993634472,0.043261109070877705
1,11,-0.05528216427959358,0.08636307993634472,0.043261109070877705
1,12,-0.05536173338229894,0.08620394173093401,0.04285102215693475
1,13,-0.055429061084588074,0.08614273472885298,0.043120332966091315
1,14,-0.055545354388542044,0.08617945893010161,0.04297955686130493
1,15,-0.055545354388542044,0.08617945893010161,0.04297955686130493
1,16,-0.055410698983963766,0.08638144203696903,0.04337128167462358
1,17,-0.055306647080426,0.08628351083363936,0.0427653323540213
1,18,-0.055306647080426,0.08628351083363936,0.0427653323540213
1,19,-0.05527604357938548,0.08592851022156935,0.04284490145672665
1,20,-0.05525156077855307,0.08591626882115314,0.04315093646713184
1,21,-0.05525156077855307,0.08591626882115314,0.04315093646713184
1,22,-0.05531888848084221,0.08644876973925816,0.042887746358183376
1,23,-0.055337250581466525,0.08623454523197453,0.04297343616109683
1,24,-0.055337250581466525,0.08623454523197453,0.04297343616109683
1,25,-0.05544742318521238,0.08619782103072592,0.04296731546088873
1,26,-0.0554657852858367,0.08620394173093401,0.04278369445464561
1,27,-0.05528828497980169,0.08652833884196352,0.04284490145672665
1,28,-0.05528828497980169,0.08652833884196352,0.04284490145672665
1,29,-0.0554596645856286,0.08595299302240175,0.04268576325131595
1,30,-0.05537397478271514,0.08643040763863385,0.042789815154853715
1,31,-0.05537397478271514,0.08643040763863385,0.042789815154853715
1,32,-0.055294405680009796,0.08606316562614763,0.0432427469702534
1,33,-0.05552087158770963,0.08589790672052883,0.04302240176276166
1,34,-0.05552087158770963,0.08589790672052883,0.04302240176276166
1,35,-0.05524544007834496,0.0860019586240666,0.043157057167339946
1,36,-0.05533112988125841,0.08640592483780143,0.04315093646713184
1,37,-0.05533112988125841,0.08640592483780143,0.04315093646713184
1,38,-0.055429061084588074,0.08621006243114213,0.042820418655894234
1,39,-0.055404578283755654,0.08611825192802056,0.04310197086546701
1,40,-0.05552087158770963,0.0860019586240666,0.042961194760680624
1,41,-0.05552087158770963,0.0860019586240666,0.042961194760680624
1,42,-0.05517811237605582,0.08639980413759334,0.043218264169420983
1,43,-0.055184233076263925,0.08639980413759334,0.04282653935610234
1,44,-0.055184233076263925,0.08639980413759334,0.04282653935610234
1,45,-0.05536173338229894,0.0861672175296854,0.043016281062553556
1,46,-0.055545354388542044,0.08639980413759334,0.04299791896192924
1,47,-0.055545354388542044,0.08639980413759334,0.04299791896192924
1,48,-0.055441302485004285,0.08634471783572041,0.04305912596401028
1,49,-0.05552087158770963,0.08629575223405558,0.04311421226588322
1,50,-0.05517811237605582,0.08626514873301507,0.042404211041743176
1,51,-0.055337250581466525,0.08593463092177746,0.043261109070877705
1,52,-0.05534337128167462,0.0860019586240666,0.04296731546088873
1,53,-0.05531276778063411,0.08589178602032073,0.04281429795568613
1,54,-0.055257681478761166,0.08594687232219365,0.042924470559432
1,55,-0.055398457583547556,0.08620394173093401,0.04285714285714286
1,56,-0.05507406047251806,0.08591014812094504,0.04329783327212633
1,57,-0.055294405680009796,0.08624678663239074,0.0426000734484025
1,58,-0.055043456971477535,0.0860019586240666,0.04285102215693475
1,59,-0.055294405680009796,0.08596523442281798,0.043169298567756156
1,60,-0.055453543885420495,0.08617333822989351,0.0432427469702534
1,61,-0.05522095727751255,0.08604480352552332,0.04275309095360509
1,62,-0.055184233076263925,0.08638756273717714,0.04326722977108581
1,63,-0.05527604357938548,0.08597135512302607,0.042661280450483535
1,64,-0.055410698983963766,0.08629575223405558,0.04254498714652956
1,65,-0.05538621618313135,0.08639980413759334,0.04248378014444852
1,66,-0.05538621618313135,0.08612437262822867,0.04322438486962908
1,67,-0.05531276778063411,0.08612437262822867,0.04322438486962908
1,68,-0.055551475088750156,0.08654058024237973,0.043046884563594075
1,69,-0.055429061084588074,0.08614273472885298,0.042391969641326965
1,70,-0.05550250948708533,0.0863324764353042,0.043230505569837194
1,71,-0.05537397478271514,0.08612437262822867,0.043401885175664096
1,72,-0.05538009548292324,0.08627126943322316,0.04265515975027544
1,73,-0.055337250581466525,0.08640592483780143,0.042294038437997304
1,74,-0.055337250581466525,0.0860019586240666,0.04306524666421839
1,75,-0.05522095727751255,0.08590402742073693,0.042899987758599586
1,76,-0.05552087158770963,0.08624678663239074,0.043028522462969766
1,77,-0.055435181784796186,0.08628963153384747,0.04282653935610234
1,78,-0.05532500918105031,0.08609988982739626,0.0429367119598482
1,79,-0.05520871587709634,0.08628963153384747,0.04347533357816134
1,80,-0.055429061084588074,0.08603256212510711,0.04245929734361611
1,81,-0.05549638878687722,0.08597747582323417,0.04336516097441547
1,82,-0.05532500918105031,0.0861917003305178,0.04332231607295874
1,83,-0.055306647080426,0.08622842453176643,0.04325498837066961
1,84,-0.05522095727751255,0.08632635573509609,0.04305300526380218
1,85,-0.05522095727751255,0.08632635573509609,0.04305300526380218
1,86,-0.05549638878687722,0.08610601052760436,0.04298567756151304
1,87,-0.05536173338229894,0.08622842453176643,0.04279593585506182
1,88,-0.05527604357938548,0.08641204553800955,0.042961194760680624
1,89,-0.05536173338229894,0.08597747582323417,0.042661280450483535
1,90,-0.05531888848084221,0.08632023503488799,0.04295507406047252
1,91,-0.05517199167584772,0.08612437262822867,0.043273350471293916
1,92,-0.05528828497980169,0.08614273472885298,0.04329171257191823
1,93,-0.055306647080426,0.08598971722365038,0.042649039050067325
1,94,-0.05538621618313135,0.08575100991553433,0.042942832660056315
1,95,-0.05534949198188273,0.08625290733259885,0.043303953972334434
1,96,-0.05514750887501531,0.08606316562614763,0.04299179826172114
1,97,-0.055086301872934264,0.08605704492593953,0.042422573142367484
1,98,-0.055257681478761166,0.08611825192802056,0.04313869506671563
1,99,-0.05534337128167462,0.08638756273717714,0.043157057167339946
2,0,0.07660668380462725,-0.04636430407638634,0.030719794344473007
2,1,0.07635573509609499,-0.04649895948096462,0.03005263802178969
2,2,0.07635573509609499,-0.04649895948096462,0.03005263802178969
2,3,0.07608030358673032,-0.046566287183253764,0.030995225853837675
2,4,0.07658220100379484,-0.046449993879299795,0.03101358795446199
2,5,0.0763679764965112,-0.04673766678908067,0.02959970620639001
2,6,0.0763679764965112,-0.04673766678908067,0.02959970620639001
2,7,0.07648426980046517,-0.046780511690537395,0.030952380952380953
2,8,0.07648426980046517,-0.046566287183253764,0.030022034520749176
2,9,0.07648426980046517,-0.046566287183253764,0.030022034520749176
2,10,0.07653323540213,-0.04688456359407516,0.030897294650508018
2,11,0.07641694209817604,-0.04661525278491859,0.030119965724078834
2,12,0.07641694209817604,-0.04661525278491859,0.030119965724078834
2,13,0.0765087526012976,-0.04658464928387808,0.03110539845758355
2,14,0.07631901089484637,-0.04651732158158893,0.031001346554045784
2,15,0.07631901089484637,-0.04651732158158893,0.031001346554045784
2,16,0.07646590769984087,-0.04640102827763496,0.030854449749051292
2,17,0.07637409719671931,-0.04659689068429428,0.03082996694821888
2,18,0.07652711470192189,-0.04665809768637532,0.029807810013465542
2,19,0.07652711470192189,-0.04665809768637532,0.029807810013465542
2,20,0.07653935610233811,-0.04664585628595912,0.03083608764842698
2,21,0.07644754559921654,-0.04673154608887257,0.030670828742808177
2,22,0.07644754559921654,-0.04673154608887257,0.030670828742808177
2,23,0.07666177010650019,-0.04650508018117273,0.030597380340310933
2,24,0.07628228669359774,-0.046223527971599954,0.030554535438854204
2,25,0.07628228669359774,-0.046223527971599954,0.030554535438854204
2,26,0.07644754559921654,-0.04664585628595912,0.029734361610968298
2,27,0.07660668380462725,-0.0467866323907455,0.030848329048843187
2,28,0.07660668380462725,-0.0467866323907455,0.030848329048843187
2,29,0.07638021789692741,-0.04656016648304566,0.030119965724078834
2,30,0.07652711470192189,-0.046535683682213246,0.030683070143224384
2,31,0.07652711470192189,-0.046535683682213246,0.030683070143224384
2,32,0.07641082139796793,-0.04651120088138083,0.030193414126576078
2,33,0.07655159750275432,-0.046762149589913087,0.030260741828865224
2,34,0.07633737299547069,-0.046535683682213246,0.030768759946137834
2,35,0.07633737299547069,-0.046535683682213246,0.030768759946137834
2,36,0.07659444240421104,-0.04659689068429428,0.031025829354878198
2,37,0.07695556371648916,-0.046835597992410334,0.030976863753213367
2,38,0.07695556371648916,-0.046835597992410334,0.030976863753213367
2,39,0.07657608030358673,-0.04660913208471049,0.030842208348635086
2,40,0.07634349369567879,-0.046621373485126696,0.03029134532990574
2,41,0.07634349369567879,-0.046621373485126696,0.03029134532990574
2,42,0.07633125229526258,-0.04649895948096462,0.031136001958624065
2,43,0.0765087526012976,-0.04674990818949688,0.030719794344473007
2,44,0.07626392459297343,-0.04674990818949688,0.03105643285591872
2,45,0.07626392459297343,-0.04674990818949688,0.03105643285591872
2,46,0.07650263190108948,-0.04652344228179704,0.03098298445342147
2,47,0.07647814910025706,-0.04649283878075652,0.030891173950299916
2,48,0.07647814910025706,-0.04649283878075652,0.030891173950299916
2,49,0.0766984943077488,-0.04637654547680255,0.030909536050924225
2,50,0.07652711470192189,-0.046621373485126696,0.030799363447178357
2,51,0.07652099400171379,-0.046413269678051164,0.030768759946137834
2,52,0.07642306279838414,-0.04674378748928877,0.030866691149467503
2,53,0.07652099400171379,-0.046413269678051164,0.030572897539478516
2,54,0.07647202840004896,-0.04673766678908067,0.03091565675113233
2,55,0.07649651120088138,-0.04654180438242135,0.030597380340310933
2,56,0.07637409719671931,-0.04616232096951891,0.030842208348635086
2,57,0.07647202840004896,-0.04657852858366997,0.030805484147386458
2,58,0.07647202840004896,-0.04659076998408618,0.030774880646345943
2,59,0.07630064879422206,-0.04667033908679153,0.0302240176276166
2,60,0.07646590769984087,-0.04650508018117273,0.03101358795446199
2,61,0.07656995960337862,-0.04645611457950789,0.030903415350716123
2,62,0.07654547680254621,-0.04671318398824826,0.02936099889827396
2,63,0.07638633859713552,-0.04657240788346187,0.030995225853837675
2,64,0.07614763128901947,-0.04649895948096462,0.03056065613906231
2,65,0.07637409719671931,-0.04672542538866446,0.031166605459664588
2,66,0.07642918349859223,-0.04675602888970498,0.03092177745134043
2,67,0.07641694209817604,-0.04681723589178602,0.03091565675113233
2,68,0.07641694209817604,-0.04681723589178602,0.03091565675113233
2,69,0.07656383890317052,-0.046309217774513405,0.031148243359040272
2,70,0.07634961439588689,-0.0467743909903293,0.030940139551964747
2,71,0.07647814910025706,-0.0464683559799241,0.03079324274697025
2,72,0.07655159750275432,-0.046688701187415846,0.03062798384135145
2,73,0.07644754559921654,-0.04627249357326478,0.031050312155710615
2,74,0.07638633859713552,-0.04627249357326478,0.0308728118496756
2,75,0.07669237360754069,-0.04643163177867548,0.03074427714530542
2,76,0.07652711470192189,-0.0467743909903293,0.03106255355612682
2,77,0.07648426980046517,-0.04645611457950789,0.03064022524176766
2,78,0.07644142489900844,-0.046694821887623944,0.0307014322438487
2,79,0.07635573509609499,-0.04663361488554291,0.031044191455502513
2,80,0.07663728730566777,-0.04675602888970498,0.03094626025217285
2,81,0.07660668380462725,-0.04657240788346187,0.031240053862161832
2,82,0.07651487330150569,-0.04660301138450239,0.030817725547802672
2,83,0.07650263190108948,-0.046437752478883584,0.03074427714530542
2,84,0.07647814910025706,-0.04680499449136981,0.030407638633859712
2,85,0.07647814910025706,-0.046621373485126696,0.031001346554045784
2,86,0.07641082139796793,-0.046621373485126696,0.031001346554045784
2,87,0.07657608030358673,-0.04682947729220223,0.030732035744889214
2,88,0.07656383890317052,-0.04667033908679153,0.030064879422205898
2,89,0.07633737299547069,-0.04674990818949688,0.03092177745134043
2,90,0.07661892520504346,-0.04703758109927776,0.03074427714530542
2,91,0.07642918349859223,-0.046547925082629456,0.030768759946137834
2,92,0.07648426980046517,-0.04638878687721875,0.02995470681846003
2,93,0.07647202840004896,-0.04651732158158893,0.02982005141388175
2,94,0.07641082139796793,-0.046554045782837554,0.030970743053005262
2,95,0.07649039050067327,-0.04638878687721875,0.029795568613049335
2,96,0.07669237360754069,-0.04652344228179704,0.02962418900722243
2,97,0.07653935610233811,-0.04638878687721875,0.030854449749051292
2,98,0.07642918349859223,-0.04651732158158893,0.029973068919084345
2,99,0.07649651120088138,-0.046462235279716005,0.029428326600563104
3,0,-0.07456236993512058,-0.05960949932672298,0.052533969886154976
3,1,-0.07469702533969887,-0.05994001713796058,0.05269922879177378
3,2,-0.07469702533969887,-0.05994001713796058,0.05269922879177378
3,3,-0.07451340433345574,-0.059958379238584894,0.05252784918594687
3,4,-0.0742746970253397,-0.05983596523442282,0.05261353898886033
3,5,-0.0742746970253397,-0.05983596523442282,0.052778797894479125
3,6,-0.07448892153262333,-0.0599767413392092,0.052778797894479125
3,7,-0.07456849063532868,-0.059676827029012114,0.05274207369323051
3,8,-0.0744460766311666,-0.05951768882360142,0.05265638389031705
3,9,-0.0744460766311666,-0.05951768882360142,0.05265638389031705
3,10,-0.07445831803158282,-0.06006243114212266,0.05242379728240911
3,11,-0.07440323172970988,-0.05985432733504713,0.05251560778553066
3,12,-0.07440323172970988,-0.05985432733504713,0.05251560778553066
3,13,-0.07438486962908557,-0.05976863753213367,0.05271147019218999
3,14,-0.07462357693720162,-0.059725792630676955,0.052405435181784796
3,15,-0.07462357693720162,-0.059725792630676955,0.052405435181784796
3,16,-0.07453788713428816,-0.05985432733504713,0.05272371159260619
3,17,-0.07430530052638021,-0.059444240421104175,0.05255233198677929
3,18,-0.07430530052638021,-0.059444240421104175,0.05272983229281429
3,19,-0.0742808177255478,-0.059829844534214714,0.05272983229281429
3,20,-0.07447055943199901,-0.05971967193046884,0.05266250459052516
3,21,-0.07429917982617211,-0.05975027543150937,0.05264414248990085
3,22,-0.07429917982617211,-0.05975027543150937,0.05264414248990085
3,23,-0.07439099032929367,-0.060025706940874037,0.052429917982617216
3,24,-0.07450116293303954,-0.059964499938793006,0.05277267719427102
3,25,-0.07450116293303954,-0.059964499938793006,0.05277267719427102
3,26,-0.07439711102950178,-0.059915534337128165,0.05272983229281429
3,27,-0.07431754192679643,-0.05986656873546333,0.052937936099889824
3,28,-0.07431754192679643,-0.05986656873546333,0.052937936099889824
3,29,-0.07462969763740972,-0.059927775737544375,0.05285836699718448
3,30,-0.07430530052638021,-0.0597992410331742,0.05250948708532256
3,31,-0.07430530052638021,-0.05990941363692006,0.05266250459052516
3,32,-0.07448892153262333,-0.05990941363692006,0.05266250459052516
3,33,-0.07439711102950178,-0.05978087893254989,0.052717590892398095
3,34,-0.0744460766311666,-0.0596523442281797,0.05270534949198188
3,35,-0.0744460766311666,-0.0596523442281797,0.05270534949198188
3,36,-0.07446443873179091,-0.05959113722609867,0.05277267719427102
3,37,-0.07477047374219611,-0.059786999632757985,0.0525706940874036
3,38,-0.07477047374219611,-0.059786999632757985,0.0525706940874036
3,39,-0.07446443873179091,-0.05950544742318521,0.05274207369323051
3,40,-0.07456236993512058,-0.05985432733504713,0.05258905618802791
3,41,-0.07431142122658832,-0.06010527604357938,0.05277267719427102
3,42,-0.07431142122658832,-0.06010527604357938,0.05277267719427102
3,43,-0.07431142122658832,-0.05987268943567144,0.05244215938303341
3,44,-0.07462969763740972,-0.0596401028277635,0.052748194393438606
3,45,-0.07462969763740972,-0.0596401028277635,0.052748194393438606
3,46,-0.07438486962908557,-0.059401395519647446,0.052289141877830826
3,47,-0.07418900722242625,-0.0596401028277635,0.05266250459052516
3,48,-0.07418900722242625,-0.05978087893254989,0.052674745990941366
3,49,-0.07437874892887746,-0.05978087893254989,0.05262578038927653
3,50,-0.07445831803158282,-0.05978087893254989,0.05262578038927653
3,51,-0.0744338352307504,-0.05966458562859591,0.052919573999265515
3,52,-0.07462357693720162,-0.05994613783816869,0.05287060839760068
3,53,-0.07454400783449626,-0.059927775737544375,0.052472762884073945
3,54,-0.07439099032929367,-0.06001346554045783,0.05277267719427102
3,55,-0.07431754192679643,-0.0597992410331742,0.05271147019218999
3,56,-0.07471538744032317,-0.05951768882360142,0.052686987391357576
3,57,-0.07434202472762884,-0.05987881013587955,0.05261353898886033
3,58,-0.07445219733137472,-0.059823723834006616,0.05266250459052516
3,59,-0.07440323172970988,-0.05986044803525523,0.05260129758844412
3,60,-0.07417064512180194,-0.059725792630676955,0.052540090586363074
3,61,-0.07436038682825316,-0.0597992410331742,0.05255233198677929
3,62,-0.07426857632513159,-0.0598114824335904,0.05266250459052516
3,63,-0.07437262822866936,-0.05966458562859591,0.052748194393438606
3,64,-0.07429305912596401,-0.060129758844411796,0.052417676582201
3,65,-0.0745990941363692,-0.059585016525890565,0.05255233198677929
3,66,-0.07440935242991799,-0.05984820663483903,0.05266250459052516
3,67,-0.07465418043824214,-0.05970743053005264,0.052607418288652216
3,68,-0.07418900722242625,-0.05959725792630677,0.05263802178969275
3,69,-0.07416452442159382,-0.05945648182152038,0.05252784918594687
3,70,-0.07416452442159382,-0.05975027543150937,0.05266250459052516
3,71,-0.07426857632513159,-0.05975027543150937,0.05266250459052516
3,72,-0.07438486962908557,-0.059817603133798504,0.05285224629697638
3,73,-0.07437874892887746,-0.05956665442526625,0.05276655649406292
3,74,-0.07409107601909658,-0.05983596523442282,0.052778797894479125
3,75,-0.07408495531888848,-0.059884930836087646,0.05263802178969275
3,76,-0.07439711102950178,-0.0597992410331742,0.05252172848573877
3,77,-0.07423797282409109,-0.059817603133798504,0.052760435793854824
3,78,-0.07447055943199901,-0.05977475823234178,0.05272983229281429
3,79,-0.07448892153262333,-0.05966458562859591,0.052576814787611705
3,80,-0.0742808177255478,-0.05973803403109316,0.05263802178969275
3,81,-0.07451952503366385,-0.060031827641082135,0.05269922879177378
3,82,-0.07440323172970988,-0.05986044803525523,0.05266862529073326
3,83,-0.07445219733137472,-0.0598114824335904,0.05263190108948464
3,84,-0.07440935242991799,-0.05962174072713918,0.05279715999510344
3,85,-0.07420736932305055,-0.05984208593463092,0.05280328069531154
3,86,-0.0744277145305423,-0.060142000244828006,0.05258905618802791
3,87,-0.07425633492471538,-0.059585016525890565,0.052760435793854824
3,88,-0.07441547313012609,-0.05986656873546333,0.0525829354878198
3,89,-0.07441547313012609,-0.05986656873546333,0.052791039294895335
3,90,-0.07464193903782593,-0.05992165503733628,0.052791039294895335
3,91,-0.07455012853470437,-0.05990329293671196,0.05276655649406292
3,92,-0.07417676582201004,-0.059756396131717474,0.05294405680009793
3,93,-0.07458685273595299,-0.059756396131717474,0.052576814787611705
3,94,-0.07442159383033418,-0.059725792630676955,0.05259517688823602
3,95,-0.0744338352307504,-0.059725792630676955,0.05269922879177378
3,96,-0.07440323172970988,-0.059817603133798504,0.052533969886154976
3,97,-0.07436038682825316,-0.059529930224017626,0.05284000489656017
3,98,-0.07434202472762884,-0.059823723834006616,0.05290121189864121
3,99,-0.07459297343616109,-0.05969518912963643,0.05247888358428204
