values,,Magnetometer,Magnetometer,Magnetometer
axis,,x,y,z
Sensor,Sample,,,
0,0,0.0397172236503856,0.051065001836210065,-0.007779409964499939
0,1,0.03925205043456971,0.05135879544619905,-0.008220100379483413
0,2,0.03925205043456971,0.05135879544619905,-0.008220100379483413
0,3,0.039656016648304565,0.051236381442036974,-0.007883461868037704
0,4,0.039356102338107476,0.05089974293059126,-0.0078038927653323546
0,5,0.039356102338107476,0.05089974293059126,-0.0078038927653323546
0,6,0.03926429183498592,0.05098543273350471,-0.008122169176153753
0,7,0.03930713673644265,0.051236381442036974,-0.008018117272615987
0,8,0.03930713673644265,0.051236381442036974,-0.008018117272615987
0,9,0.039288774635818334,0.051297588444118004,-0.007926306769494431
0,10,0.03937446443873179,0.05113845023870731,-0.007987513771575468
0,11,0.03937446443873179,0.05113845023870731,-0.007987513771575468
0,12,0.03936222303831559,0.05104051903537765,-0.007865099767413392
0,13,0.03919084343248867,0.051162933039539726,-0.00795691027053495
0,14,0.03919084343248867,0.051162933039539726,-0.00795691027053495
0,15,0.039527481943934385,0.05117517443995593,-0.007889582568245807
0,16,0.03934998163789938,0.051120088138083,-0.007534581956175787
0,17,0.03934998163789938,0.051120088138083,-0.007534581956175787
0,18,0.03933774023748317,0.051022156934753336,-0.007571306157424409
0,19,0.03936834373852369,0.051095605337250584,-0.007969151670951156
0,20,0.03936834373852369,0.051095605337250584,-0.007969151670951156
0,21,0.03921532623332109,0.05084465662871832,-0.007387685151181295
0,22,0.03925205043456971,0.050967070632880404,-0.0076692373607540705
0,23,0.039172481331864364,0.051156812339331614,-0.00779777206512425
0,24,0.039172481331864364,0.051156812339331614,-0.00779777206512425
0,25,0.039301016036234544,0.05107724323662627,-0.0076692373607540705
0,26,0.03949075774268576,0.05117517443995593,-0.008048720773656506
0,27,0.03949075774268576,0.05117517443995593,-0.008048720773656506
0,28,0.03959480964622353,0.05113845023870731,-0.007546823356591995
0,29,0.039398947239564205,0.050942587832047984,-0.00813441057656996
0,30,0.039398947239564205,0.050942587832047984,-0.00813441057656996
0,31,0.039282653935610236,0.05107112253641817,-0.008128289876361857
0,32,0.03940506793977231,0.05114457093891541,-0.008018117272615987
0,33,0.03940506793977231,0.05114457093891541,-0.008018117272615987
0,34,0.0392336883339454,0.051150691639123516,-0.007889582568245807
0,35,0.03933774023748317,0.05107112253641817,-0.00795691027053495
0,36,0.03933774023748317,0.05107112253641817,-0.00795691027053495
0,37,0.03934386093769127,0.051303709144326116,-0.0085200146896805
0,38,0.0393805851389399,0.05103439833516954,-0.007699840861794589
0,39,0.0393805851389399,0.05103439833516954,-0.007699840861794589
0,40,0.039429550740604724,0.05126086424286939,-0.007944668870118741
0,41,0.03930713673644265,0.05089362223038315,-0.007852858366997183
0,42,0.03930713673644265,0.05089362223038315,-0.007852858366997183
0,43,0.03927653323540213,0.05107724323662627,-0.008581221691761537
0,44,0.039056188027910395,0.051309829844534215,-0.007840616966580977
0,45,0.03932549883706696,0.05107724323662627,-0.008495531888848084
0,46,0.03932549883706696,0.05107724323662627,-0.008495531888848084
0,47,0.03940506793977231,0.05140164034765578,-0.00805484147386461
0,48,0.0393928265393561,0.05089362223038315,-0.007987513771575468
0,49,0.0393928265393561,0.05089362223038315,-0.007987513771575468
0,50,0.039301016036234544,0.05091810503121556,-0.008060962174072714
0,51,0.03960093034643163,0.051156812339331614,-0.007871220467621495
0,52,0.03960093034643163,0.051156812339331614,-0.007871220467621495
0,53,0.03931325743665075,0.05123026074182887,-0.007889582568245807
0,54,0.0392336883339454,0.050850777328926434,-0.007363202350348879
0,55,0.0392336883339454,0.050850777328926434,-0.007363202350348879
0,56,0.039570326845391114,0.05107724323662627,-0.00782837556616477
0,57,0.03931325743665075,0.05101603623454524,-0.00784673766678908
0,58,0.03931325743665075,0.05101603623454524,-0.00784673766678908
0,59,0.03920920553311299,0.05118129514016403,-0.007626392459297343
0,60,0.03916023993144816,0.05099767413392092,-0.0077426857632513155
0,61,0.03916023993144816,0.05099767413392092,-0.0077426857632513155
0,62,0.03947239564206145,0.05123026074182887,-0.007601909658464928
0,63,0.03936834373852369,0.05104663973558575,-0.008220100379483413
0,64,0.03949687844289387,0.05097319133308851,-0.008079324274697024
0,65,0.03949687844289387,0.05097319133308851,-0.008079324274697024
0,66,0.03953360264414249,0.051126208838291096,-0.00805484147386461
0,67,0.039411188639980416,0.05108948463704248,-0.007761047863875628
0,68,0.039411188639980416,0.05108948463704248,-0.007761047863875628
0,69,0.039386705839148,0.0511323295384992,-0.008048720773656506
0,70,0.039570326845391114,0.05110172603745868,-0.007907944668870119
0,71,0.039570326845391114,0.05110172603745868,-0.007907944668870119
0,72,0.03949687844289387,0.051156812339331614,-0.007663116660545967
0,73,0.039386705839148,0.051162933039539726,-0.007932427469702534
0,74,0.039386705839148,0.051162933039539726,-0.007932427469702534
0,75,0.039417309340188514,0.050967070632880404,-0.0076875994613783815
0,76,0.03937446443873179,0.051205777940996455,-0.008079324274697024
0,77,0.03937446443873179,0.051205777940996455,-0.008079324274697024
0,78,0.03933161953727506,0.05101603623454524,-0.007350960949932673
0,79,0.03937446443873179,0.05105888113600195,-0.007626392459297343
0,80,0.03937446443873179,0.05105888113600195,-0.007626392459297343
0,81,0.03946627494185335,0.050911984331007465,-0.007656995960337863
0,82,0.03949687844289387,0.051266984943077486,-0.007907944668870119
0,83,0.03949687844289387,0.051266984943077486,-0.007907944668870119
0,84,0.039423430040396626,0.051193536540580245,-0.007767168564083732
0,85,0.039429550740604724,0.051266984943077486,-0.0076692373607540705
0,86,0.03958256824580732,0.050881380829966946,-0.007785530664708043
0,87,0.03958256824580732,0.050881380829966946,-0.007785530664708043
0,88,0.03933774023748317,0.05089974293059126,-0.007681478761170278
0,89,0.03958256824580732,0.05110172603745868,-0.007773289264291836
0,90,0.03958256824580732,0.05110172603745868,-0.007773289264291836
0,91,0.03936222303831559,0.05123026074182887,-0.0076508752601297594
0,92,0.039172481331864364,0.05110784673766679,-0.00856898029134533
0,93,0.039172481331864364,0.05110784673766679,-0.00856898029134533
0,94,0.03910515362957522,0.05093646713183988,-0.007810013465540458
0,95,0.039288774635818334,0.05110784673766679,-0.007889582568245807
0,96,0.039288774635818334,0.05110784673766679,-0.007889582568245807
0,97,0.03940506793977231,0.05114457093891541,-0.007889582568245807
0,98,0.03934998163789938,0.051022156934753336,-0.00831191088260497
0,99,0.03934998163789938,0.051022156934753336,-0.00831191088260497
1,0,-0.052693108091565674,0.09297343616109684,0.03179703758109928
1,1,-0.05258905618802791,0.09270412535194025,0.03221936589545844
1,2,-0.05260129758844412,0.0927775737544375,0.03225609009670706
1,3,-0.05260129758844412,0.0927775737544375,0.03225609009670706
1,4,-0.05259517688823602,0.09264903905006733,0.03226221079691517
1,5,-0.052895091198433095,0.0929367119598482,0.03254376300648794
1,6,-0.052895091198433095,0.0929367119598482,0.03254376300648794
1,7,-0.05264414248990085,0.09296731546088872,0.03245195250336638
1,8,-0.05246664218386583,0.09268576325131596,0.03233565919941241
1,9,-0.05246664218386583,0.09268576325131596,0.03233565919941241
1,10,-0.05272371159260619,0.09300403966213736,0.032305055698371894
1,11,-0.05277267719427102,0.09304688456359408,0.03234790059982862
1,12,-0.05285836699718448,0.09280205655526992,0.03221324519525033
1,13,-0.05285836699718448,0.09280205655526992,0.03221324519525033
1,14,-0.05274207369323051,0.09286938425755906,0.03224996939649896
1,15,-0.052760435793854824,0.09294895336026442,0.03221936589545844
1,16,-0.052760435793854824,0.09294895336026442,0.03221936589545844
1,17,-0.052674745990941366,0.09271636675235648,0.03218264169420982
1,18,-0.05265638389031705,0.09296119476068063,0.032604970008568976
1,19,-0.05265638389031705,0.09296119476068063,0.032604970008568976
1,20,-0.05264414248990085,0.09293059125964011,0.03220100379483413
1,21,-0.052693108091565674,0.09267964255110785,0.03212143469212878
1,22,-0.052693108091565674,0.09267964255110785,0.03212143469212878
1,23,-0.05255233198677929,0.09315705716733994,0.03218876239441792
1,24,-0.05278491859468724,0.09305300526380218,0.03239686620149345
1,25,-0.052576814787611705,0.09274084955318888,0.0315154853715265
1,26,-0.052576814787611705,0.09274084955318888,0.0315154853715265
1,27,-0.05285224629697638,0.09332231607295874,0.031833761782347904
1,28,-0.05265638389031705,0.09293059125964011,0.031546088872567025
1,29,-0.05265638389031705,0.09293059125964011,0.031546088872567025
1,30,-0.05260129758844412,0.09294895336026442,0.031692985677561514
1,31,-0.05263190108948464,0.09295507406047251,0.03196229648671808
1,32,-0.05263190108948464,0.09295507406047251,0.03196229648671808
1,33,-0.05271147019218999,0.0929367119598482,0.031631778675480476
1,34,-0.052607418288652216,0.09279593585506182,0.031533847472150815
1,35,-0.052607418288652216,0.09279593585506182,0.031533847472150815
1,36,-0.05252172848573877,0.09274697025339698,0.03189496878442894
1,37,-0.05259517688823602,0.09312645366629943,0.03155833027298323
1,38,-0.052686987391357576,0.09295507406047251,0.03168686497735341
1,39,-0.052686987391357576,0.09295507406047251,0.03168686497735341
1,40,-0.05266250459052516,0.09261843554902681,0.03157057167339944
1,41,-0.052686987391357576,0.0926000734484025,0.03196841718692618
1,42,-0.052686987391357576,0.0926000734484025,0.03196841718692618
1,43,-0.05262578038927653,0.09288774635818338,0.03162565797527237
1,44,-0.05252172848573877,0.09282653935610233,0.03157669237360754
1,45,-0.05252172848573877,0.09282653935610233,0.03157669237360754
1,46,-0.05295017750030604,0.09291222915901579,0.03204186558942343
1,47,-0.05244215938303341,0.09306524666421838,0.032060227690047745
1,48,-0.05244215938303341,0.09306524666421838,0.032060227690047745
1,49,-0.052833884196352064,0.09274084955318888,0.03195617578650998
1,50,-0.05266250459052516,0.09321214346921289,0.0318276410821398
1,51,-0.0528828497980169,0.09269188395152406,0.031760313379850656
1,52,-0.0528828497980169,0.09269188395152406,0.031760313379850656
1,53,-0.05271147019218999,0.09282041865589423,0.03232341779899621
1,54,-0.05256457338719549,0.09290610845880769,0.03219488309462602
1,55,-0.05256457338719549,0.09290610845880769,0.03219488309462602
1,56,-0.05265638389031705,0.09286326355735096,0.032152038193169294
1,57,-0.05256457338719549,0.0927653323540213,0.032176520994001714
1,58,-0.05256457338719549,0.0927653323540213,0.032176520994001714
1,59,-0.052546211286571186,0.09279593585506182,0.032360142000244826
1,60,-0.05266862529073326,0.09280205655526992,0.03242746970253397
1,61,-0.05266862529073326,0.09261843554902681,0.03212755539233688
1,62,-0.05250948708532256,0.09261843554902681,0.03212755539233688
1,63,-0.05270534949198188,0.09302852246296976,0.031864365283388416
1,64,-0.05276655649406292,0.09303464316317786,0.03245195250336638
1,65,-0.05276655649406292,0.09303464316317786,0.03245195250336638
1,66,-0.05256457338719549,0.0927714530542294,0.032433590402742074
1,67,-0.052417676582201,0.09269800465173215,0.03220712449504223
1,68,-0.052417676582201,0.09269800465173215,0.03220712449504223
1,69,-0.052680866691149464,0.09296731546088872,0.03226221079691517
1,70,-0.052791039294895335,0.09285102215693475,0.03223772799608275
1,71,-0.052791039294895335,0.09285102215693475,0.03223772799608275
1,72,-0.05263190108948464,0.09301016036234545,0.03253764230627984
1,73,-0.05258905618802791,0.09316317786754805,0.03241522830211776
1,74,-0.05258905618802791,0.09295507406047251,0.03238462480107725
1,75,-0.05264414248990085,0.09295507406047251,0.03238462480107725
1,76,-0.05252172848573877,0.09314481576692374,0.032433590402742074
1,77,-0.052686987391357576,0.09269188395152406,0.03207246909046395
1,78,-0.052686987391357576,0.09269188395152406,0.03207246909046395
1,79,-0.0527359529930224,0.09313257436650753,0.03218264169420982
1,80,-0.05271147019218999,0.09278981515485371,0.032158158893377406
1,81,-0.05271147019218999,0.09278981515485371,0.032158158893377406
1,82,-0.05258905618802791,0.09282653935610233,0.0324703146039907
1,83,-0.05249724568490636,0.09289998775859959,0.03255600440690415
1,84,-0.05249724568490636,0.09289998775859959,0.03255600440690415
1,85,-0.05263802178969275,0.0927530909536051,0.03210919329171257
1,86,-0.052472762884073945,0.09282653935610233,0.031876606683804626
1,87,-0.052472762884073945,0.09289386705839148,0.031931692985677565
1,88,-0.052919573999265515,0.09289386705839148,0.031931692985677565
1,89,-0.05290121189864121,0.09291222915901579,0.03208471049088016
1,90,-0.0527359529930224,0.09289998775859959,0.03213979679275309
1,91,-0.0527359529930224,0.09289998775859959,0.03213979679275309
1,92,-0.05269922879177378,0.09286326355735096,0.032133676092544985
1,93,-0.052680866691149464,0.09269800465173215,0.032133676092544985
1,94,-0.052680866691149464,0.09269800465173215,0.032133676092544985
1,95,-0.0527359529930224,0.09296119476068063,0.03212143469212878
1,96,-0.05261353898886033,0.0930897294650508,0.03221324519525033
1,97,-0.05261353898886033,0.0930897294650508,0.03221324519525033
1,98,-0.052436038682825314,0.0927775737544375,0.03201126208838291
1,99,-0.05262578038927653,0.09274697025339698,0.032305055698371894
2,0,0.0959664585628596,-0.05144448524911251,0.03885420492104297
2,1,0.09576447545599218,-0.051266984943077486,0.038682825315216066
2,2,0.0958318031582813,-0.05132819194515853,0.03900722242624556
2,3,0.0958318031582813,-0.05132819194515853,0.03900722242624556
2,4,0.09591749296119476,-0.051413881748071974,0.03906230872811849
2,5,0.09559309585016526,-0.05134655404578283,0.038682825315216066
2,6,0.09570938915411922,-0.051309829844534215,0.0387440323172971
2,7,0.09570938915411922,-0.051309829844534215,0.0387440323172971
2,8,0.09586852735952993,-0.05136491614640715,0.03893989472395642
2,9,0.09577059615620027,-0.05107724323662627,0.03870730811604848
2,10,0.09577059615620027,-0.05107724323662627,0.03870730811604848
2,11,0.09588076875994614,-0.050948708532256096,0.03882360142000245
2,12,0.09594197576202718,-0.05147508875015302,0.0385787734116783
2,13,0.09594197576202718,-0.05147508875015302,0.0385787734116783
2,14,0.09574611335536785,-0.0511323295384992,0.03884196352062676
2,15,0.0958318031582813,-0.05138327824703146,0.03914799853103195
2,16,0.0958318031582813,-0.05138327824703146,0.03914799853103195
2,17,0.0958256824580732,-0.05137715754682336,0.03855429061084588
2,18,0.0956604235524544,-0.05138939894723956,0.03903170522707798
2,19,0.0956604235524544,-0.05138939894723956,0.03903170522707798
2,20,0.0956665442526625,-0.051022156934753336,0.038187048598359655
2,21,0.09597869996327581,-0.05132207124495042,0.03905006732770229
2,22,0.09575223405557595,-0.05161586485493941,0.038034031093157054
2,23,0.09575223405557595,-0.05161586485493941,0.038034031093157054
2,24,0.09584404455869752,-0.05147508875015302,0.03893377402374832
2,25,0.09570938915411922,-0.05119965724078834,0.039043946627494185
2,26,0.09570938915411922,-0.05119965724078834,0.039043946627494185
2,27,0.09579507895703268,-0.051205777940996455,0.03821153139919207
2,28,0.09601542416452442,-0.05132207124495042,0.038676704615007954
2,29,0.09601542416452442,-0.05132207124495042,0.038676704615007954
2,30,0.0958256824580732,-0.05136491614640715,0.038627739013343126
2,31,0.09570326845391113,-0.05126086424286939,0.038903170522707795
2,32,0.09570326845391113,-0.05126086424286939,0.038903170522707795
2,33,0.09584404455869752,-0.051297588444118004,0.03865222181417554
2,34,0.09569714775370303,-0.051309829844534215,0.03813808299669482
2,35,0.09558085444974905,-0.05119965724078834,0.03884808422083486
2,36,0.09558085444974905,-0.05119965724078834,0.03884808422083486
2,37,0.09588076875994614,-0.05165870975639612,0.03812584159627862
2,38,0.0958318031582813,-0.0512853470437018,0.038829722120210554
2,39,0.0958318031582813,-0.0512853470437018,0.038829722120210554
2,40,0.0956481821520382,-0.051591382054106995,0.039056188027910395
2,41,0.09570326845391113,-0.05132207124495042,0.03905006732770229
2,42,0.09570326845391113,-0.05132207124495042,0.03905006732770229
2,43,0.09583792385848941,-0.05156077855306647,0.03822377279960827
2,44,0.09588076875994614,-0.05156689925327458,0.03818092789815155
2,45,0.09588076875994614,-0.05156689925327458,0.03818092789815155
2,46,0.095990941363692,-0.05132819194515853,0.038682825315216066
2,47,0.09583792385848941,-0.051493450850777334,0.03898273962541315
2,48,0.09583792385848941,-0.051450605949320605,0.038927653323540215
2,49,0.09602766556494063,-0.051450605949320605,0.038927653323540215
2,50,0.0959970620639001,-0.05142612314848819,0.03863385971355123
2,51,0.09589301016036235,-0.05118741584037214,0.038131962296486716
2,52,0.09589301016036235,-0.05118741584037214,0.038131962296486716
2,53,0.09594809646223527,-0.051297588444118004,0.039056188027910395
2,54,0.09569714775370303,-0.0512853470437018,0.03894601542416452
2,55,0.09569714775370303,-0.0512853470437018,0.03894601542416452
2,56,0.09573387195495164,-0.05134655404578283,0.038548169910637774
2,57,0.09589301016036235,-0.0512914677439099,0.03881136001958624
2,58,0.09589301016036235,-0.0512914677439099,0.03881136001958624
2,59,0.09587464805973803,-0.0512853470437018,0.038860325621251066
2,60,0.09585628595911372,-0.05110172603745868,0.03734239196964133
2,61,0.09585628595911372,-0.051236381442036974,0.03892153262333211
2,62,0.09587464805973803,-0.051236381442036974,0.03892153262333211
2,63,0.09597869996327581,-0.05126086424286939,0.03890929122291591
2,64,0.0958256824580732,-0.0512792263434937,0.03889092912229159
2,65,0.0958256824580732,-0.0512792263434937,0.03889092912229159
2,66,0.0958256824580732,-0.05142612314848819,0.03871954951646468
2,67,0.09591137226098666,-0.05132819194515853,0.038915411923124005
2,68,0.09591137226098666,-0.05132819194515853,0.038915411923124005
2,69,0.09594197576202718,-0.05157301995348268,0.03903170522707798
2,70,0.095990941363692,-0.05124250214224507,0.0371404088627739
2,71,0.095990941363692,-0.05124250214224507,0.0371404088627739
2,72,0.09584404455869752,-0.051450605949320605,0.03917860203207247
2,73,0.09577059615620027,-0.051156812339331614,0.03843799730689191
2,74,0.09577059615620027,-0.051156812339331614,0.03843799730689191
2,75,0.09578895825682458,-0.05102827763496144,0.039013343126453666
2,76,0.0959725792630677,-0.051407761047863876,0.037574978577549274
2,77,0.09583792385848941,-0.051126208838291096,0.03894601542416452
2,78,0.09583792385848941,-0.051126208838291096,0.03894601542416452
2,79,0.09586240665932183,-0.05082629452809402,0.03813808299669482
2,80,0.09611947606806218,-0.05137715754682336,0.03871954951646468
2,81,0.09611947606806218,-0.05137715754682336,0.03871954951646468
2,82,0.09588688946015425,-0.05153017505202595,0.03883584282041865
2,83,0.0959970620639001,-0.05134655404578283,0.038860325621251066
2,84,0.0959970620639001,-0.05134655404578283,0.038860325621251066
2,85,0.09559309585016526,-0.05126086424286939,0.037703513281919454
2,86,0.09589913086057045,-0.050991553433712825,0.038658342514383645
2,87,0.09589913086057045,-0.050991553433712825,0.038658342514383645
2,88,0.09577059615620027,-0.051150691639123516,0.038688946015424164
2,89,0.09586240665932183,-0.051438364548904394,0.03893377402374832
2,90,0.09586240665932183,-0.051438364548904394,0.03800954829232464
2,91,0.0956726649528706,-0.051309829844534215,0.03800954829232464
2,92,0.09585016525890562,-0.05136491614640715,0.038266617701065
2,93,0.09570938915411922,-0.05132207124495042,0.03883584282041865
2,94,0.09570938915411922,-0.05132207124495042,0.03883584282041865
2,95,0.09573999265515976,-0.051150691639123516,0.038315583302729835
2,96,0.09594809646223527,-0.05137715754682336,0.03905006732770229
2,97,0.09594809646223527,-0.05137715754682336,0.03905006732770229
2,98,0.09575223405557595,-0.05122414004162076,0.0382543763006488
2,99,0.09553188884808422,-0.05131595054474232,0.0376117027787979
3,0,-0.09578283755661647,-0.06952503366385114,0.07109193291712572
3,1,-0.09573999265515976,-0.06930468845635941,0.07141633002815521
3,2,-0.09555637164891664,-0.06934141265760803,0.07131839882482556
3,3,-0.09555637164891664,-0.06934141265760803,0.07131839882482556
3,4,-0.09572163055453545,-0.06924960215448647,0.0713734851266985
3,5,-0.09556249234912474,-0.06895580854449748,0.07144693352919575
3,6,-0.09556249234912474,-0.06895580854449748,0.07144693352919575
3,7,-0.09561145795078957,-0.06942098176031339,0.07136736442649039
3,8,-0.095813441057657,-0.06923124005386216,0.07142245072836333
3,9,-0.095813441057657,-0.06923124005386216,0.07142245072836333
3,10,-0.09553188884808422,-0.06920063655282165,0.0713796058269066
3,11,-0.09583792385848941,-0.06906598114824336,0.07150201983106867
3,12,-0.09583792385848941,-0.0692924470559432,0.07126943322316073
3,13,-0.09555637164891664,-0.0692924470559432,0.07126943322316073
3,14,-0.0956726649528706,-0.06910270534949198,0.07087770840984209
3,15,-0.09573999265515976,-0.06921899865344595,0.0712143469212878
3,16,-0.09573999265515976,-0.06921899865344595,0.0712143469212878
3,17,-0.0956481821520382,-0.06909658464928388,0.07125719182274452
3,18,-0.09567878565307872,-0.06920063655282165,0.07145305422940385
3,19,-0.09567878565307872,-0.06920063655282165,0.07145305422940385
3,20,-0.09584404455869752,-0.06928632635573509,0.07112253641816624
3,21,-0.09549516464683559,-0.06923124005386216,0.07131227812461746
3,22,-0.09549516464683559,-0.06923124005386216,0.07131227812461746
3,23,-0.09554413024850042,-0.06895580854449748,0.07119598482066349
3,24,-0.09552576814787613,-0.06916391235157301,0.07127555392336883
3,25,-0.09552576814787613,-0.06916391235157301,0.07133064022524177
3,26,-0.09588688946015425,-0.06923124005386216,0.07133064022524177
3,27,-0.09577671685640837,-0.0691516709511568,0.071520381931693
3,28,-0.09569102705349491,-0.06931080915656751,0.07132451952503366
3,29,-0.09569102705349491,-0.06931080915656751,0.07132451952503366
3,30,-0.0958011996572408,-0.06908434324886767,0.07135512302607419
3,31,-0.09596033786265148,-0.06929856775615131,0.07127555392336883
3,32,-0.09596033786265148,-0.06929856775615131,0.07127555392336883
3,33,-0.09575835475578406,-0.06915779165136492,0.07126331252295262
3,34,-0.0958318031582813,-0.06937201615864855,0.07120210552087158
3,35,-0.0958318031582813,-0.06937201615864855,0.07120210552087158
3,36,-0.0958011996572408,-0.06940261965968907,0.07100012241400416
3,37,-0.09577059615620027,-0.06918839515240544,0.07139184722732281
3,38,-0.09577059615620027,-0.06918839515240544,0.07139184722732281
3,39,-0.09573999265515976,-0.06912106745011629,0.07122046762149589
3,40,-0.09570938915411922,-0.06904761904761905,0.07114701921899866
3,41,-0.09558697514995715,-0.06918839515240544,0.07099400171379606
3,42,-0.09558697514995715,-0.06918839515240544,0.07099400171379606
3,43,-0.09574611335536785,-0.06904761904761905,0.0713734851266985
3,44,-0.09560533725058147,-0.06911494674990819,0.07145917492961194
3,45,-0.09560533725058147,-0.06911494674990819,0.07145917492961194
3,46,-0.0958256824580732,-0.06894968784428938,0.07151426123148488
3,47,-0.095990941363692,-0.06894356714408129,0.07126331252295262
3,48,-0.095990941363692,-0.06894356714408129,0.07126331252295262
3,49,-0.09577671685640837,-0.06939037825927286,0.07117762272003916
3,50,-0.09571550985432734,-0.0691455502509487,0.07122046762149589
3,51,-0.09571550985432734,-0.0691455502509487,0.07122046762149589
3,52,-0.0954890439466275,-0.06908434324886767,0.07153874403231729
3,53,-0.09562369935120578,-0.06917003305178113,0.07112253641816624
3,54,-0.09557473374954095,-0.06922511935365407,0.07094503611213124
3,55,-0.09557473374954095,-0.06922511935365407,0.07094503611213124
3,56,-0.09576447545599218,-0.0691455502509487,0.07125107112253641
3,57,-0.09556861304933284,-0.06910882604970009,0.07123882972212021
3,58,-0.09556861304933284,-0.06910882604970009,0.07123882972212021
3,59,-0.0956665442526625,-0.06885787734116783,0.07125107112253641
3,60,-0.09564206145183009,-0.0692740849553189,0.07136736442649039
3,61,-0.09564206145183009,-0.0692740849553189,0.07136736442649039
3,62,-0.09567878565307872,-0.06879667033908679,0.07128779532378504
3,63,-0.09575835475578406,-0.06895580854449748,0.07118374342024728
3,64,-0.09585016525890562,-0.06887011874158404,0.07136124372628229
3,65,-0.09585016525890562,-0.06887011874158404,0.07136124372628229
3,66,-0.09577059615620027,-0.06898641204553801,0.07118986412045539
3,67,-0.0956481821520382,-0.06918227445219734,0.07139184722732281
3,68,-0.0956481821520382,-0.06918227445219734,0.07139184722732281
3,69,-0.09588688946015425,-0.06917615375198923,0.07128167462357694
3,70,-0.09588076875994614,-0.06917003305178113,0.07106745011629331
3,71,-0.09588076875994614,-0.06917003305178113,0.07106745011629331
3,72,-0.09569102705349491,-0.06905986044803526,0.07129391602399314
3,73,-0.09569102705349491,-0.0692924470559432,0.07134288162565797
3,74,-0.09569102705349491,-0.0692924470559432,0.07134288162565797
3,75,-0.09594197576202718,-0.06939037825927286,0.07126331252295262
3,76,-0.09574611335536785,-0.06910882604970009,0.07103684661525278
3,77,-0.09567878565307872,-0.06926796425511078,0.0710613294160852
3,78,-0.09567878565307872,-0.06926796425511078,0.0710613294160852
3,79,-0.09578283755661647,-0.06909046394907578,0.07131227812461746
3,80,-0.09578895825682458,-0.06916391235157301,0.07125107112253641
3,81,-0.09578895825682458,-0.06916391235157301,0.07125107112253641
3,82,-0.0956665442526625,-0.06924960215448647,0.07131227812461746
3,83,-0.09590525156077855,-0.06923736075407026,0.07130003672420124
3,84,-0.09590525156077855,-0.06923736075407026,0.07130003672420124
3,85,-0.09546456114579507,-0.06909046394907578,0.07128167462357694
3,86,-0.09570938915411922,-0.06900477414616232,0.07135512302607419
3,87,-0.09570938915411922,-0.06900477414616232,0.07135512302607419
3,88,-0.09590525156077855,-0.06918839515240544,0.07122046762149589
3,89,-0.09568490635328682,-0.06913330885053251,0.07148977843065246
3,90,-0.09568490635328682,-0.06904761904761905,0.07111029501775004
3,91,-0.09546456114579507,-0.06904761904761905,0.07111029501775004
3,92,-0.09579507895703268,-0.06916391235157301,0.07151426123148488
3,93,-0.09552576814787613,-0.06917615375198923,0.07130003672420124
3,94,-0.09552576814787613,-0.06917615375198923,0.07130003672420124
3,95,-0.09570326845391113,-0.06873546333700575,0.07104908801566899
3,96,-0.09568490635328682,-0.06891296364304075,0.07100624311421226
3,97,-0.09568490635328682,-0.06891296364304075,0.07100624311421226
3,98,-0.09564206145183009,-0.0691271881503244,0.07128167462357694
3,99,-0.09556249234912474,-0.06904761904761905,0.07131839882482556
