values,,Magnetometer,Magnetometer,Magnetometer
axis,,x,y,z
Sensor,Sample,,,
0,0,0.059603378626514866,0.055478026686252915,0.00379483412902436
0,1,0.059603378626514866,0.055478026686252915,0.00379483412902436
0,2,0.0597992410331742,0.05528216427959358,0.003776472028400049
0,3,0.05975027543150937,0.05552699228791774,0.004082507038805239
0,4,0.05975027543150937,0.05552699228791774,0.004082507038805239
0,5,0.059511568123393324,0.05504957767168565,0.0038193169298567755
0,6,0.05984208593463092,0.055184233076263925,0.003641816623821765
0,7,0.05984208593463092,0.055184233076263925,0.003641816623821765
0,8,0.05959113722609867,0.055306647080426,0.004015179336516098
0,9,0.05987881013587955,0.055300526380217895,0.0040457828375566164
0,10,0.05987881013587955,0.055300526380217895,0.0042355245440078345
0,11,0.059676827029012114,0.05508018117272616,0.0042355245440078345
0,12,0.059689068429428324,0.05537397478271514,0.004211041743175419
0,13,0.05983596523442282,0.05536785408250704,0.004088627739013343
0,14,0.05983596523442282,0.05536785408250704,0.004088627739013343
0,15,0.059823723834006616,0.0554596645856286,0.004137593340678173
0,16,0.05990329293671196,0.05521483657730445,0.004198800342759212
0,17,0.05990329293671196,0.05521483657730445,0.004198800342759212
0,18,0.059823723834006616,0.05528828497980169,0.0038376790304810874
0,19,0.06001958624066593,0.05534337128167462,0.003996817235891786
0,20,0.06001958624066593,0.05534337128167462,0.003996817235891786
0,21,0.05983596523442282,0.05525156077855307,0.004064144938180928
0,22,0.05973803403109316,0.05522095727751255,0.003641816623821765
0,23,0.05973803403109316,0.05522095727751255,0.003641816623821765
0,24,0.0598053617333823,0.055153629575223406,0.0034826784184110665
0,25,0.05976863753213367,0.055227077977720654,0.004058024237972824
0,26,0.05976863753213367,0.055227077977720654,0.004058024237972824
0,27,0.0598114824335904,0.05552699228791774,0.004106989839637655
0,28,0.05999510343983352,0.0554596645856286,0.0037519892275676334
0,29,0.05999510343983352,0.0554596645856286,0.0037519892275676334
0,30,0.0598053617333823,0.05504957767168565,0.004027420736932305
0,31,0.059682947729220226,0.05542294038437997,0.003531644020075897
0,32,0.059682947729220226,0.05542294038437997,0.0035132819194515852
0,33,0.05970743053005264,0.05526380217896928,0.0035132819194515852
0,34,0.0598114824335904,0.05506181907210185,0.004076386338597136
0,35,0.05978087893254989,0.055159750275431504,0.003556126820908312
0,36,0.05978087893254989,0.055159750275431504,0.003556126820908312
0,37,0.05973191333088505,0.05534337128167462,0.0034643163177867546
0,38,0.05966458562859591,0.055239319378136864,0.0039539723344350595
0,39,0.05966458562859591,0.055239319378136864,0.0039539723344350595
0,40,0.059670706328804016,0.055055698371893745,0.004302852246296977
0,41,0.05985432733504713,0.05550863018729343,0.004217162443383523
0,42,0.05985432733504713,0.05550863018729343,0.004217162443383523
0,43,0.05971967193046884,0.055239319378136864,0.004094748439221447
0,44,0.05977475823234178,0.055098543273350474,0.004064144938180928
0,45,0.05977475823234178,0.055098543273350474,0.004064144938180928
0,46,0.059817603133798504,0.05552699228791774,0.003905006732770229
0,47,0.05999510343983352,0.05520259517688823,0.004082507038805239
0,48,0.05999510343983352,0.05520259517688823,0.004082507038805239
0,49,0.059670706328804016,0.05535561268209083,0.003929489533602644
0,50,0.05962786142734729,0.05526380217896928,0.003941730934018852
0,51,0.05989717223650386,0.05550863018729343,0.0036112131227812464
0,52,0.05989717223650386,0.05550863018729343,0.0036112131227812464
0,53,0.059689068429428324,0.055306647080426,0.004021300036724201
0,54,0.0599767413392092,0.055153629575223406,0.0038193169298567755
0,55,0.0599767413392092,0.055153629575223406,0.0038193169298567755
0,56,0.059786999632757985,0.05536785408250704,0.004119231240053862
0,57,0.059713551230260745,0.05526380217896928,0.004204921042967316
0,58,0.059713551230260745,0.05526380217896928,0.004204921042967316
0,59,0.0596339821275554,0.05524544007834496,0.003880523931937814
0,60,0.05983596523442282,0.05519035377647202,0.004204921042967316
0,61,0.05983596523442282,0.05519035377647202,0.004204921042967316
0,62,0.05962174072713918,0.05520871587709634,0.004186558942343004
0,63,0.059646223527971595,0.05517199167584772,0.004241645244215939
0,64,0.059646223527971595,0.05517199167584772,0.004241645244215939
0,65,0.059823723834006616,0.055257681478761166,0.0036356959236136612
0,66,0.06013587954461991,0.05534337128167462,0.003672420124862284
0,67,0.06013587954461991,0.05534337128167462,0.003672420124862284
0,68,0.059744154731301256,0.055257681478761166,0.0036112131227812464
0,69,0.05970743053005264,0.05502509487085323,0.003641816623821765
0,70,0.05970743053005264,0.05502509487085323,0.0038131962296486716
0,71,0.05962786142734729,0.05534949198188273,0.0038131962296486716
0,72,0.059786999632757985,0.055086301872934264,0.0036050924225731426
0,73,0.059891051536295745,0.055257681478761166,0.003580609621740727
0,74,0.059891051536295745,0.055257681478761166,0.003580609621740727
0,75,0.059682947729220226,0.05508018117272616,0.003654058024237973
0,76,0.059529930224017626,0.05536173338229894,0.003776472028400049
0,77,0.059529930224017626,0.05536173338229894,0.003776472028400049
0,78,0.05976251683192557,0.05510466397355858,0.003684661525278492
0,79,0.0597992410331742,0.05506181907210185,0.0035438854204921043
0,80,0.0597992410331742,0.05506181907210185,0.0035438854204921043
0,81,0.0596401028277635,0.05527604357938548,0.0026931080915656752
0,82,0.05970130982984453,0.05517811237605582,0.0037458685273595296
0,83,0.05970130982984453,0.05517811237605582,0.0037458685273595296
0,84,0.059725792630676955,0.055159750275431504,0.004058024237972824
0,85,0.0596401028277635,0.05503733627126943,0.003972334435059371
0,86,0.0596401028277635,0.05503733627126943,0.003972334435059371
0,87,0.0596401028277635,0.05533112988125841,0.0038621618313135022
0,88,0.059786999632757985,0.055257681478761166,0.0036662994246541803
0,89,0.059786999632757985,0.055257681478761166,0.0036662994246541803
0,90,0.059817603133798504,0.055306647080426,0.003868282531521606
0,91,0.059756396131717474,0.05512302607418289,0.003341902313624678
0,92,0.0597992410331742,0.055184233076263925,0.004082507038805239
0,93,0.0597992410331742,0.055184233076263925,0.004082507038805239
0,94,0.05962786142734729,0.05532500918105031,0.0038254376300648797
0,95,0.05984208593463092,0.05537397478271514,0.003654058024237973
0,96,0.05984208593463092,0.05537397478271514,0.003654058024237973
0,97,0.05983596523442282,0.05531888848084221,0.004302852246296977
0,98,0.05969518912963643,0.05520259517688823,0.0038131962296486716
0,99,0.05969518912963643,0.05520259517688823,0.0038131962296486716
1,0,-0.07543150936467133,0.10375810992777575,0.05474966336148855
1,1,-0.07514383645489045,0.10396009303464315,0.05471905986044804
1,2,-0.07514383645489045,0.10396009303464315,0.05471905986044804
1,3,-0.07548659566654425,0.10393561023381075,0.05444974905129146
1,4,-0.07532133676092545,0.1041926796425511,0.054657852858366995
1,5,-0.07530909536050924,0.10410698983963766,0.05470681846003182
1,6,-0.07530909536050924,0.10410698983963766,0.05470681846003182
1,7,-0.07544375076508752,0.10383155833027298,0.05436405924837802
1,8,-0.07558452686987391,0.10386828253152161,0.054553800954829236
1,9,-0.07558452686987391,0.10386828253152161,0.054553800954829236
1,10,-0.07551107846737667,0.10416207614151059,0.05460888725670217
1,11,-0.07567633737299548,0.10425388664463216,0.05496388786877219
1,12,-0.07567633737299548,0.10425388664463216,0.05496388786877219
1,13,-0.07529685396009303,0.10414371404088626,0.054615007956910266
1,14,-0.07527237115926062,0.10407638633859713,0.05478026686252907
1,15,-0.07527237115926062,0.10407638633859713,0.05478026686252907
1,16,-0.07526625045905252,0.1041926796425511,0.054670094258783206
1,17,-0.07543763006487943,0.10413759334067818,0.05453543885420492
1,18,-0.07537030236259028,0.10410086913942955,0.05478638756273718
1,19,-0.07537030236259028,0.10410086913942955,0.05478638756273718
1,20,-0.07544375076508752,0.1038560411311054,0.05478638756273718
1,21,-0.07537030236259028,0.10396621373485126,0.054413024850042846
1,22,-0.07537030236259028,0.10396621373485126,0.054413024850042846
1,23,-0.07533969886154976,0.10364793732402985,0.05485983596523443
1,24,-0.07518056065613907,0.10407026563838903,0.05462112865711838
1,25,-0.07518056065613907,0.10407026563838903,0.05462112865711838
1,26,-0.07550495776716856,0.10406414493818092,0.05473130126086424
1,27,-0.0754009058636308,0.10380095482923246,0.05487819806585873
1,28,-0.0754009058636308,0.10380095482923246,0.05487819806585873
1,29,-0.07521116415717957,0.1041681968417187,0.05495164646835597
1,30,-0.07553556126820908,0.10403966213734853,0.0545048353531644
1,31,-0.07535806096217408,0.10395397233443507,0.05497612926918839
1,32,-0.07535806096217408,0.10395397233443507,0.05497612926918839
1,33,-0.07531521606071735,0.10417431754192678,0.055404578283755654
1,34,-0.07528461255967682,0.10377647202840005,0.05527604357938548
1,35,-0.07528461255967682,0.10377647202840005,0.05527604357938548
1,36,-0.07523564695801199,0.10407026563838903,0.05550863018729343
1,37,-0.07549271636675235,0.10396621373485126,0.054810870363569596
1,38,-0.07549271636675235,0.10396621373485126,0.054755784061696657
1,39,-0.07526625045905252,0.10383155833027298,0.054755784061696657
1,40,-0.07549271636675235,0.10433957644754559,0.05539233688333946
1,41,-0.07540702656383891,0.1038621618313135,0.055086301872934264
1,42,-0.07540702656383891,0.1038621618313135,0.055086301872934264
1,43,-0.07551719916758477,0.10378259272860815,0.054663973558575094
1,44,-0.07546823356591995,0.10394785163422696,0.05458440445586975
1,45,-0.07546823356591995,0.10394785163422696,0.05458440445586975
1,46,-0.07550495776716856,0.1040029379360999,0.05497000856898029
1,47,-0.0753886644632146,0.10380707552944057,0.05504957767168565
1,48,-0.0753886644632146,0.10380707552944057,0.05504957767168565
1,49,-0.07544375076508752,0.10383767903048109,0.05521483657730445
1,50,-0.07547435426612804,0.10390500673277023,0.05506181907210185
1,51,-0.07547435426612804,0.10390500673277023,0.055545354388542044
1,52,-0.0755722854694577,0.10382543763006488,0.055545354388542044
1,53,-0.07540702656383891,0.10389888603256212,0.05502509487085323
1,54,-0.07537642306279838,0.10424164524421593,0.05506181907210185
1,55,-0.07537642306279838,0.10424164524421593,0.05506181907210185
1,56,-0.07514383645489045,0.1040213000367242,0.05438242134900233
1,57,-0.07549883706696045,0.10392948953360263,0.05549638878687722
1,58,-0.07549883706696045,0.10392948953360263,0.05549638878687722
1,59,-0.07531521606071735,0.10405190353776472,0.05506793977230995
1,60,-0.07533969886154976,0.10375810992777575,0.05517811237605582
1,61,-0.07533969886154976,0.10375810992777575,0.05517811237605582
1,62,-0.07560900967070633,0.10356224752111642,0.05471905986044804
1,63,-0.07536418166238218,0.10384992043089729,0.05446811115191578
1,64,-0.07536418166238218,0.10391724813318644,0.05426612804504836
1,65,-0.0753886644632146,0.10391724813318644,0.05426612804504836
1,66,-0.07551107846737667,0.10379483412902438,0.054872077365650626
1,67,-0.0752540090586363,0.10412535194026196,0.05464561145795079
1,68,-0.0752540090586363,0.10412535194026196,0.05464561145795079
1,69,-0.07563349247153875,0.10403966213734853,0.05429673154608887
1,70,-0.07527237115926062,0.10383155833027298,0.05439466274941853
1,71,-0.07527237115926062,0.10383155833027298,0.05439466274941853
1,72,-0.0752417676582201,0.10406414493818092,0.05486595666544253
1,73,-0.07546211286571183,0.10386828253152161,0.05476802546211287
1,74,-0.07546211286571183,0.10386828253152161,0.05476802546211287
1,75,-0.07537030236259028,0.1036907822254866,0.05503121557106133
1,76,-0.075413147264047,0.10396009303464315,0.05500061207002081
1,77,-0.07535194026196597,0.1038621618313135,0.05458440445586975
1,78,-0.07535194026196597,0.1038621618313135,0.05458440445586975
1,79,-0.07567021667278737,0.10394785163422696,0.05522095727751255
1,80,-0.0753947851634227,0.10376423062798383,0.05508018117272616
1,81,-0.0753947851634227,0.10376423062798383,0.05508018117272616
1,82,-0.07542538866446322,0.10381931692985677,0.0556310441914555
1,83,-0.07543150936467133,0.1040213000367242,0.05511078467376668
1,84,-0.07543150936467133,0.1040213000367242,0.05511078467376668
1,85,-0.07523564695801199,0.10376423062798383,0.05521483657730445
1,86,-0.07559064757008202,0.10411311053984576,0.055478026686252915
1,87,-0.07559064757008202,0.10411311053984576,0.055478026686252915
1,88,-0.07537030236259028,0.10392948953360263,0.05496388786877219
1,89,-0.075413147264047,0.10372138572652712,0.05490880156689926
1,90,-0.07540702656383891,0.10372138572652712,0.0549944913698127
1,91,-0.07540702656383891,0.10372138572652712,0.0549944913698127
1,92,-0.0750887501530175,0.10374586852735952,0.055098543273350474
1,93,-0.0755661647692496,0.10368466152527848,0.05511078467376668
1,94,-0.0755661647692496,0.10368466152527848,0.05511078467376668
1,95,-0.07549883706696045,0.10372138572652712,0.05502509487085323
1,96,-0.07537642306279838,0.10398457583547557,0.05525156077855307
1,97,-0.07537642306279838,0.10398457583547557,0.05525156077855307
1,98,-0.07518668135634717,0.1038437997306892,0.05439466274941853
1,99,-0.07554168196841718,0.10342759211653814,0.054810870363569596
2,0,0.07922634349369569,-0.05462724935732648,0.019733137470926674
2,1,0.07955686130493328,-0.054694577059615626,0.01964744766801322
2,2,0.07955686130493328,-0.054694577059615626,0.01964744766801322
2,3,0.07937324029869017,-0.05438854204921043,0.019739258171134776
2,4,0.07944668870118742,-0.054688456359407514,0.0196107234667646
2,5,0.07944668870118742,-0.054688456359407514,0.0196107234667646
2,6,0.07917737789203086,-0.05487819806585873,0.01874770473742196
2,7,0.07920798139307136,-0.05468233565919941,0.01829477292202228
2,8,0.07920798139307136,-0.05468233565919941,0.019861672175296854
2,9,0.07922634349369569,-0.05476190476190477,0.019861672175296854
2,10,0.07931815399681723,-0.054957767168564084,0.0196107234667646
2,11,0.0794160852001469,-0.054957767168564084,0.018943567144081283
2,12,0.0794160852001469,-0.054957767168564084,0.018943567144081283
2,13,0.07935487819806586,-0.05458440445586975,0.019684171869261843
2,14,0.07939160239931449,-0.05486595666544253,0.019592361366140287
2,15,0.07939160239931449,-0.05486595666544253,0.019592361366140287
2,16,0.07946505080181174,-0.05471905986044804,0.019335291957399928
2,17,0.0794344473007712,-0.05454768025462113,0.01887623944179214
2,18,0.0794344473007712,-0.05454768025462113,0.01887623944179214
2,19,0.07932427469702534,-0.05458440445586975,0.019733137470926674
2,20,0.07938548169910638,-0.054517076753580605,0.01872934263679765
2,21,0.07938548169910638,-0.054517076753580605,0.01872934263679765
2,22,0.07923858489411188,-0.05430897294650509,0.019023136246786632
2,23,0.07929979189619293,-0.05443750765087526,0.019831068674256335
2,24,0.07921410209327948,-0.05456604235524544,0.019592361366140287
2,25,0.07921410209327948,-0.05456604235524544,0.019592361366140287
2,26,0.07936099889827396,-0.05454768025462113,0.01969641326967805
2,27,0.07938548169910638,-0.054553800954829236,0.019567878565307874
2,28,0.07938548169910638,-0.054553800954829236,0.019567878565307874
2,29,0.07948953360264414,-0.05487819806585873,0.01969641326967805
2,30,0.07950177500306035,-0.05479250826294528,0.01956175786509977
2,31,0.07950177500306035,-0.05479250826294528,0.01956175786509977
2,32,0.07929367119598482,-0.054345697147753703,0.01965968906842943
2,33,0.07937936099889828,-0.05462112865711838,0.0197759823723834
2,34,0.07937936099889828,-0.05462112865711838,0.0197759823723834
2,35,0.07939160239931449,-0.05474354266128045,0.019763740971967193
2,36,0.07937936099889828,-0.054700697759823724,0.01861917003305178
2,37,0.07922634349369569,-0.054615007956910266,0.018704859835965235
2,38,0.07922634349369569,-0.054615007956910266,0.018704859835965235
2,39,0.07939772309952259,-0.054615007956910266,0.019341412657608033
2,40,0.0790916880891174,-0.054615007956910266,0.019427102460521484
2,41,0.0790916880891174,-0.054615007956910266,0.019427102460521484
2,42,0.07913453299057413,-0.05509242257314236,0.019298567756151304
2,43,0.07904884318766067,-0.054755784061696657,0.01966580976863753
2,44,0.07904884318766067,-0.054755784061696657,0.01966580976863753
2,45,0.07944668870118742,-0.05474354266128045,0.019451585261353897
2,46,0.07933651609744155,-0.054688456359407514,0.019763740971967193
2,47,0.07933651609744155,-0.054688456359407514,0.019763740971967193
2,48,0.0792630676949443,-0.054945525768147874,0.019671930468845637
2,49,0.07937936099889828,-0.05485371526502632,0.018759946137838168
2,50,0.07934263679764965,-0.05497612926918839,0.019898396376545478
2,51,0.07934263679764965,-0.05497612926918839,0.019898396376545478
2,52,0.07950177500306035,-0.054804749663361484,0.019567878565307874
2,53,0.07933651609744155,-0.05429061084588077,0.018209083119108828
2,54,0.07933651609744155,-0.05429061084588077,0.018209083119108828
2,55,0.07923858489411188,-0.05460276655649406,0.019800465173215816
2,56,0.07911005018974171,-0.05471905986044804,0.019255722854694575
2,57,0.07911005018974171,-0.05471905986044804,0.019255722854694575
2,58,0.07961806830701432,-0.05478638756273718,0.019567878565307874
2,59,0.07945280940139551,-0.05473742196107234,0.01986779287550496
2,60,0.07945280940139551,-0.05473742196107234,0.01986779287550496
2,61,0.07906720528828498,-0.054688456359407514,0.019831068674256335
2,62,0.07928755049577671,-0.05456604235524544,0.018380462724935733
2,63,0.07928755049577671,-0.05474354266128045,0.01866201493450851
2,64,0.07935487819806586,-0.05474354266128045,0.01866201493450851
2,65,0.07940384379973069,-0.054553800954829236,0.019347533357816134
2,66,0.07935487819806586,-0.055043456971477535,0.019671930468845637
2,67,0.07935487819806586,-0.055043456971477535,0.019671930468845637
2,68,0.07936099889827396,-0.054615007956910266,0.018594687232219364
2,69,0.07952625780389276,-0.05451095605337251,0.019684171869261843
2,70,0.07952625780389276,-0.05451095605337251,0.019684171869261843
2,71,0.07931815399681723,-0.05477414616232097,0.019965724078834617
2,72,0.07966703390867916,-0.05471905986044804,0.01891908434324887
2,73,0.07966703390867916,-0.05471905986044804,0.01891908434324887
2,74,0.07929367119598482,-0.05452931815399682,0.018637532133676093
2,75,0.07951401640347656,-0.05501897417064512,0.01964744766801322
2,76,0.07951401640347656,-0.05501897417064512,0.01964744766801322
2,77,0.07933651609744155,-0.054419145550250944,0.01986779287550496
2,78,0.07900599828620394,-0.054841473864610114,0.018753825437630066
2,79,0.07952013710368466,-0.054615007956910266,0.01958011996572408
2,80,0.07952013710368466,-0.054615007956910266,0.01958011996572408
2,81,0.07932427469702534,-0.05463949075774268,0.01887011874158404
2,82,0.07935487819806586,-0.054455869751499575,0.019592361366140287
2,83,0.07935487819806586,-0.054455869751499575,0.019592361366140287
2,84,0.07940384379973069,-0.05462112865711838,0.01861917003305178
2,85,0.07917125719182275,-0.05439466274941853,0.019525033663851145
2,86,0.07917125719182275,-0.05439466274941853,0.019525033663851145
2,87,0.07914677439099033,-0.05463949075774268,0.019880034275921166
2,88,0.07944056800097932,-0.05471293916023993,0.019500550863018728
2,89,0.07944056800097932,-0.05471293916023993,0.019500550863018728
2,90,0.07908556738890929,-0.05458440445586975,0.0181662382176521
2,91,0.07942220590035501,-0.0546517321581589,0.019739258171134776
2,92,0.07929367119598482,-0.05492716366752356,0.01965968906842943
2,93,0.07929367119598482,-0.05492716366752356,0.01965968906842943
2,94,0.07955686130493328,-0.05449871465295629,0.019635206267597013
2,95,0.07924470559431998,-0.05456604235524544,0.0196168441669727
2,96,0.07924470559431998,-0.05456604235524544,0.0196168441669727
2,97,0.07936099889827396,-0.054474231852123876,0.01940261965968907
2,98,0.07936711959848206,-0.05449871465295629,0.01956175786509977
2,99,0.07936711959848206,-0.05449871465295629,0.01956175786509977
3,0,-0.07900599828620394,-0.07611090708777084,0.046052148365773045
3,1,-0.07900599828620394,-0.07611090708777084,0.046052148365773045
3,2,-0.07896927408495533,-0.07580487207736565,0.046094993267229774
3,3,-0.07885910148120945,-0.07585995837923859,0.04601542416452442
3,4,-0.07891418778308239,-0.07623944179214101,0.04599094136369201
3,5,-0.07891418778308239,-0.07623944179214101,0.04599094136369201
3,6,-0.07911005018974171,-0.07577426857632513,0.04608887256702167
3,7,-0.0791222915901579,-0.07574366507528461,0.04607051046639736
3,8,-0.0791222915901579,-0.07574366507528461,0.04607051046639736
3,9,-0.07897539478516342,-0.07585383767903048,0.04600930346431632
3,10,-0.0787611702778798,-0.07574366507528461,0.04621128657118374
3,11,-0.0787611702778798,-0.07574366507528461,0.04621128657118374
3,12,-0.07880401517933652,-0.07611702778797894,0.04618680377035132
3,13,-0.07873056677683928,-0.07597013098298445,0.04610723466764598
3,14,-0.07873056677683928,-0.07597013098298445,0.04610723466764598
3,15,-0.07899987758599583,-0.07594564818215203,0.04594809646223528
3,16,-0.0789264291834986,-0.0758783204798629,0.04601542416452442
3,17,-0.0790978087893255,-0.07592116538131963,0.0461317174684784
3,18,-0.0790978087893255,-0.07592116538131963,0.0461317174684784
3,19,-0.078950911984331,-0.07608642428693843,0.04599706206390011
3,20,-0.07887746358183376,-0.07601297588444118,0.04599706206390011
3,21,-0.07887746358183376,-0.07601297588444118,0.04599706206390011
3,22,-0.07879789447912841,-0.0757314236748684,0.046094993267229774
3,23,-0.07890806708287428,-0.07596401028277636,0.045966458562859594
3,24,-0.07890806708287428,-0.07596401028277636,0.045966458562859594
3,25,-0.07884686008079325,-0.07567021667278737,0.04593585506181907
3,26,-0.07915289509119844,-0.07611702778797894,0.0458195617578651
3,27,-0.07915289509119844,-0.07611702778797894,0.0458195617578651
3,28,-0.07884073938058514,-0.07614763128901947,0.04600318276410821
3,29,-0.0789325498837067,-0.07591504468111152,0.04594809646223528
3,30,-0.07884686008079325,-0.07586607907944669,0.04601542416452442
3,31,-0.07884686008079325,-0.07586607907944669,0.04601542416452442
3,32,-0.0789570326845391,-0.07598237238340066,0.04619904517076753
3,33,-0.07903660178724446,-0.07576814787611703,0.04617456236993512
3,34,-0.07903660178724446,-0.07576814787611703,0.04617456236993512
3,35,-0.07903048108703635,-0.07585383767903048,0.04624801077243237
3,36,-0.07871220467621495,-0.0757375443750765,0.046082751866813564
3,37,-0.07871220467621495,-0.0757375443750765,0.046082751866813564
3,38,-0.07887746358183376,-0.07588444118007101,0.046094993267229774
3,39,-0.07898151548537152,-0.07598237238340066,0.04619904517076753
3,40,-0.07885298078100135,-0.0759028032806953,0.04596033786265148
3,41,-0.07885298078100135,-0.0759028032806953,0.04596033786265148
3,42,-0.07901211898641206,-0.07587219977965479,0.04626025217284858
3,43,-0.07915901579140654,-0.07571918227445221,0.04605826906598115
3,44,-0.07915901579140654,-0.07571918227445221,0.04605826906598115
3,45,-0.0791222915901579,-0.07581099277757375,0.04616232096951891
3,46,-0.07882849798016893,-0.07593952748194394,0.04618680377035132
3,47,-0.07882849798016893,-0.07593952748194394,0.04618680377035132
3,48,-0.0789570326845391,-0.07608030358673032,0.045923613661402865
3,49,-0.07927530909536051,-0.07583547557840617,0.0461317174684784
3,50,-0.07927530909536051,-0.07583547557840617,0.0461317174684784
3,51,-0.07889582568245808,-0.0761965968906843,0.04625413147264047
3,52,-0.07881625657975272,-0.07586607907944669,0.0461317174684784
3,53,-0.0789447912841229,-0.0760435793854817,0.046094993267229774
3,54,-0.0789447912841229,-0.0760435793854817,0.046094993267229774
3,55,-0.0789264291834986,-0.07568857877341167,0.04599706206390011
3,56,-0.07915289509119844,-0.07598849308360876,0.04611335536785408
3,57,-0.07915289509119844,-0.07598849308360876,0.04611335536785408
3,58,-0.07901211898641206,-0.07606194148610601,0.046137838168686496
3,59,-0.07884073938058514,-0.07587219977965479,0.04605826906598115
3,60,-0.07884073938058514,-0.07587219977965479,0.04605826906598115
3,61,-0.07882237727996083,-0.07597013098298445,0.046052148365773045
3,62,-0.07903048108703635,-0.07579875137715755,0.04622964867180805
3,63,-0.07903048108703635,-0.07579875137715755,0.04622964867180805
3,64,-0.07899375688578773,-0.07579875137715755,0.04626025217284858
3,65,-0.07866323907455013,-0.07602521728485738,0.045911372260986655
3,66,-0.07886522218141755,-0.07595788958256824,0.046052148365773045
3,67,-0.07886522218141755,-0.07595788958256824,0.046052148365773045
3,68,-0.0789570326845391,-0.07601297588444118,0.046082751866813564
3,69,-0.07900599828620394,-0.0759028032806953,0.046137838168686496
3,70,-0.07900599828620394,-0.0759028032806953,0.046137838168686496
3,71,-0.07892030848329049,-0.07596401028277636,0.04591749296119476
3,72,-0.07898151548537152,-0.07614151058881136,0.046150079569102706
3,73,-0.07898151548537152,-0.07614151058881136,0.046150079569102706
3,74,-0.0787917737789203,-0.07585383767903048,0.045893010160362346
3,75,-0.07905496388786877,-0.07605582078589791,0.045813441057656994
3,76,-0.07905496388786877,-0.07605582078589791,0.045813441057656994
3,77,-0.07888970498224997,-0.07602521728485738,0.045911372260986655
3,78,-0.07879789447912841,-0.07616599338964378,0.045911372260986655
3,79,-0.0789325498837067,-0.07598237238340066,0.045893010160362346
3,80,-0.0789325498837067,-0.07598237238340066,0.045893010160362346
3,81,-0.078950911984331,-0.07609254498714653,0.046321459174929615
3,82,-0.07900599828620394,-0.07589056188027911,0.046082751866813564
3,83,-0.07900599828620394,-0.07589056188027911,0.046082751866813564
3,84,-0.07889582568245808,-0.07576202717590892,0.04593585506181907
3,85,-0.07886522218141755,-0.07601297588444118,0.04607663116660546
3,86,-0.07886522218141755,-0.07601297588444118,0.04607663116660546
3,87,-0.07888358428204187,-0.07596401028277636,0.045923613661402865
3,88,-0.0789325498837067,-0.07598237238340066,0.046150079569102706
3,89,-0.0789325498837067,-0.07598237238340066,0.046150079569102706
3,90,-0.07903660178724446,-0.07597625168319255,0.046352062675970127
3,91,-0.07885298078100135,-0.07595788958256824,0.046168441669727014
3,92,-0.07882237727996083,-0.0762088382911005,0.045941975762027173
3,93,-0.07882237727996083,-0.0762088382911005,0.045941975762027173
3,94,-0.07883461868037703,-0.07576814787611703,0.04611947606806219
3,95,-0.078950911984331,-0.07612314848818705,0.046125596768270286
3,96,-0.078950911984331,-0.07612314848818705,0.046125596768270286
3,97,-0.07885298078100135,-0.07602521728485738,0.04638266617701065
3,98,-0.07902436038682825,-0.07592116538131963,0.04593585506181907
3,99,-0.07902436038682825,-0.07592116538131963,0.04593585506181907
