values,,Magnetometer,Magnetometer,Magnetometer
axis,,x,y,z
Sensor,Sample,,,
0,0,0.0335965234422818,0.052791039294895335,-0.022254865956665443
0,1,0.033688333945403354,0.052821642795935854,-0.022279348757497857
0,2,0.033688333945403354,0.052821642795935854,-0.022279348757497857
0,3,0.03382298934998164,0.052686987391357576,-0.02216917615375199
0,4,0.0337617823479006,0.05282776349614395,-0.022848573876851512
0,5,0.0337617823479006,0.05282776349614395,-0.022848573876851512
0,6,0.03346186803770351,0.0525829354878198,-0.022811849675602888
0,7,0.03353531644020076,0.05252784918594687,-0.022279348757497857
0,8,0.03363936834373853,0.05280940139551965,-0.022322193658954582
0,9,0.03363936834373853,0.05280940139551965,-0.022322193658954582
0,10,0.0336026441424899,0.05255233198677929,-0.023117884686008082
0,11,0.03373729954706818,0.052919573999265515,-0.022077365650630433
0,12,0.03373729954706818,0.052919573999265515,-0.022077365650630433
0,13,0.03365160974415473,0.05271147019218999,-0.0223527971599951
0,14,0.033443505937079204,0.052962418900722244,-0.022322193658954582
0,15,0.033443505937079204,0.052962418900722244,-0.022322193658954582
0,16,0.03393928265393561,0.05272983229281429,-0.02249357326478149
0,17,0.03362100624311421,0.05286448769739258,-0.022597625168319254
0,18,0.03362100624311421,0.05286448769739258,-0.022597625168319254
0,19,0.03373117884686008,0.05285224629697638,-0.022567021667278735
0,20,0.03380462724935733,0.05301750520259517,-0.022205900355000613
0,21,0.03380462724935733,0.05301750520259517,-0.022205900355000613
0,22,0.03382298934998164,0.05270534949198188,-0.02242624556249235
0,23,0.03369445464561146,0.052833884196352064,-0.022273228057289755
0,24,0.03369445464561146,0.052833884196352064,-0.022273228057289755
0,25,0.033767903048108706,0.0527359529930224,-0.02289141877830824
0,26,0.033688333945403354,0.05287672909780879,-0.022212021055208718
0,27,0.033688333945403354,0.05287672909780879,-0.022212021055208718
0,28,0.03349247153874403,0.052919573999265515,-0.022530297466030115
0,29,0.03362100624311421,0.052833884196352064,-0.022499693964989596
0,30,0.03362100624311421,0.052931815399681725,-0.02270167707185702
0,31,0.033816868649773534,0.052931815399681725,-0.02270167707185702
0,32,0.03363936834373853,0.05279715999510344,-0.022224262455624925
0,33,0.033547557840616964,0.05265638389031705,-0.022658832170400295
0,34,0.033547557840616964,0.05265638389031705,-0.022658832170400295
0,35,0.03355367854082507,0.05269922879177378,-0.022199779654792508
0,36,0.03358428204186559,0.05296853960093034,-0.022150814053127677
0,37,0.03358428204186559,0.05296853960093034,-0.022150814053127677
0,38,0.03371893744644387,0.05285224629697638,-0.02229771085812217
0,39,0.03372505814665198,0.052748194393438606,-0.022077365650630433
0,40,0.03372505814665198,0.052748194393438606,-0.022077365650630433
0,41,0.03357816134165749,0.0527359529930224,-0.022389521361243725
0,42,0.03385359285102216,0.05280328069531154,-0.022199779654792508
0,43,0.03385359285102216,0.05280328069531154,-0.022199779654792508
0,44,0.03384135145060595,0.05272983229281429,-0.022640470069775983
0,45,0.03374342024727629,0.05286448769739258,-0.022260986656873545
0,46,0.03386583425143837,0.0527359529930224,-0.022340555759578894
0,47,0.03386583425143837,0.0527359529930224,-0.022340555759578894
0,48,0.033688333945403354,0.05300526380217897,-0.02279960827518668
0,49,0.0335965234422818,0.05296853960093034,-0.02239564206145183
0,50,0.0335965234422818,0.05296853960093034,-0.02239564206145183
0,51,0.033669971844779045,0.052778797894479125,-0.02231607295874648
0,52,0.03359040274207369,0.05263802178969275,-0.022420124862284247
0,53,0.03359040274207369,0.05263802178969275,-0.022420124862284247
0,54,0.03336393683437385,0.052760435793854824,-0.022707797772065125
0,55,0.033633247643530415,0.052760435793854824,-0.022499693964989596
0,56,0.033633247643530415,0.052760435793854824,-0.022499693964989596
0,57,0.033682213245195256,0.05259517688823602,-0.02286081527726772
0,58,0.03379238584894112,0.05290121189864121,-0.02208960705104664
0,59,0.03379238584894112,0.05290121189864121,-0.02208960705104664
0,60,0.03362100624311421,0.05261965968906843,-0.022640470069775983
0,61,0.033627126943322316,0.05269922879177378,-0.022628228669359773
0,62,0.033627126943322316,0.05269922879177378,-0.022628228669359773
0,63,0.033755661647692496,0.05284000489656017,-0.022591504468111152
0,64,0.03367609254498714,0.052833884196352064,-0.02224874525645734
0,65,0.03367609254498714,0.052833884196352064,-0.02224874525645734
0,66,0.033816868649773534,0.052974660301138454,-0.02223650385604113
0,67,0.033774023748316805,0.05282776349614395,-0.022518056065613905
0,68,0.03380462724935733,0.05266250459052516,-0.022591504468111152
0,69,0.03380462724935733,0.05266250459052516,-0.022591504468111152
0,70,0.03371281674623577,0.052680866691149464,-0.022462969763740973
0,71,0.03387807565185457,0.05290121189864121,-0.022420124862284247
0,72,0.03387807565185457,0.05290121189864121,-0.022420124862284247
0,73,0.03379850654914922,0.05284000489656017,-0.022346676459787
0,74,0.033529195739992655,0.05264414248990085,-0.02242624556249235
0,75,0.033529195739992655,0.05264414248990085,-0.02242624556249235
0,76,0.033682213245195256,0.05290733259884931,-0.02238340066103562
0,77,0.03341902313624679,0.052686987391357576,-0.022915901579140655
0,78,0.03341902313624679,0.052686987391357576,-0.022915901579140655
0,79,0.03346186803770351,0.05274207369323051,-0.02239564206145183
0,80,0.03355367854082507,0.05276655649406292,-0.022034520749173704
0,81,0.03355367854082507,0.05276655649406292,-0.022034520749173704
0,82,0.033627126943322316,0.052895091198433095,-0.02226710735708165
0,83,0.03385359285102216,0.05276655649406292,-0.022811849675602888
0,84,0.03385359285102216,0.05276655649406292,-0.022811849675602888
0,85,0.03373117884686008,0.05287672909780879,-0.02221814175541682
0,86,0.03367609254498714,0.05280940139551965,-0.023044436283510834
0,87,0.03367609254498714,0.05280940139551965,-0.023044436283510834
0,88,0.03366385114457094,0.05261965968906843,-0.023344350593707923
0,89,0.03351695433957645,0.05287672909780879,-0.022322193658954582
0,90,0.03357204064144938,0.05266862529073326,-0.02252417676582201
0,91,0.03357204064144938,0.05266862529073326,-0.02252417676582201
0,92,0.033541437140408865,0.052821642795935854,-0.022481331864365284
0,93,0.03381074794956543,0.052686987391357576,-0.02242624556249235
0,94,0.03381074794956543,0.052686987391357576,-0.02242624556249235
0,95,0.03352307503978455,0.05259517688823602,-0.0226649528706084
0,96,0.03383523075039784,0.05266250459052516,-0.02229771085812217
0,97,0.03383523075039784,0.05266250459052516,-0.02229771085812217
0,98,0.03370669604602767,0.052993022401762756,-0.02209572775125474
0,99,0.033700575345819564,0.052748194393438606,-0.022414004162076142
1,0,-0.04684171869261843,0.09720896070510467,0.014395886889460155
1,1,-0.046664218386583425,0.09705594319990207,0.014487697392581711
1,2,-0.04680499449136981,0.09751499571550985,0.014720284000489655
1,3,-0.04680499449136981,0.09751499571550985,0.014720284000489655
1,4,-0.04685396009303464,0.0975945648182152,0.01477537030236259
1,5,-0.04689680499449137,0.09718447790427225,0.015118129514016403
1,6,-0.04689680499449137,0.09718447790427225,0.015118129514016403
1,7,-0.04652956298200514,0.0975945648182152,0.01408373117884686
1,8,-0.04673766678908067,0.09739258171134778,0.014151058881136002
1,9,-0.04673766678908067,0.09739258171134778,0.014151058881136002
1,10,-0.04679887379116171,0.09749051291467745,0.014034765577182029
1,11,-0.04686008079324275,0.09722732280572897,0.014095972579263066
1,12,-0.046707063288040154,0.09728240910760191,0.01442036969029257
1,13,-0.046707063288040154,0.09728240910760191,0.01442036969029257
1,14,-0.04681723589178602,0.09740482311176399,0.014408128289876362
1,15,-0.046682580487207734,0.0975945648182152,0.014126576080303588
1,16,-0.046682580487207734,0.0975945648182152,0.014126576080303588
1,17,-0.04672542538866446,0.0972456849063533,0.014151058881136002
1,18,-0.046890684294283266,0.09714775370302361,0.013906230872811851
1,19,-0.046890684294283266,0.09714775370302361,0.013906230872811851
1,20,-0.046835597992410334,0.09705594319990207,0.014120455380095483
1,21,-0.04681723589178602,0.09743542661280451,0.014047006977598236
1,22,-0.04681723589178602,0.09743542661280451,0.014047006977598236
1,23,-0.046823356591994124,0.09735585751009915,0.014279593585506182
1,24,-0.046547925082629456,0.09731913330885053,0.014034765577182029
1,25,-0.04681111519157792,0.09687232219365896,0.013832782470314603
1,26,-0.04681111519157792,0.09687232219365896,0.013832782470314603
1,27,-0.046639735585751005,0.09730689190843432,0.014053127677806341
1,28,-0.046823356591994124,0.09714775370302361,0.014493818092789814
1,29,-0.046823356591994124,0.09714775370302361,0.014493818092789814
1,30,-0.046688701187415846,0.09744766801322072,0.014236748684049455
1,31,-0.04661525278491859,0.09714775370302361,0.014175541681968417
1,32,-0.04661525278491859,0.09714775370302361,0.014175541681968417
1,33,-0.04680499449136981,0.09723344350593707,0.014108213979679277
1,34,-0.04659689068429428,0.09735585751009915,0.014585628595911374
1,35,-0.046792753090953605,0.09735585751009915,0.014408128289876362
1,36,-0.046792753090953605,0.09735585751009915,0.014408128289876362
1,37,-0.04680499449136981,0.0972518056065614,0.014316317786754804
1,38,-0.04695801199657241,0.09762516831925572,0.014273472885298077
1,39,-0.04695801199657241,0.09762516831925572,0.014273472885298077
1,40,-0.046651976986167215,0.09718447790427225,0.01411433467988738
1,41,-0.046780511690537395,0.09709878810135879,0.013991920675725304
1,42,-0.046780511690537395,0.09709878810135879,0.013991920675725304
1,43,-0.04672542538866446,0.09764353041988003,0.014138817480719795
1,44,-0.04673766678908067,0.0974231852123883,0.01395519647447668
1,45,-0.04673766678908067,0.0974231852123883,0.013973558575100992
1,46,-0.04674990818949688,0.09736197821030726,0.013973558575100992
1,47,-0.04649895948096462,0.09712939160239932,0.01437140408862774
1,48,-0.04670094258783205,0.09700085689802913,0.014634594197576203
1,49,-0.04670094258783205,0.09700085689802913,0.014634594197576203
1,50,-0.04674990818949688,0.0974170645121802,0.014291834985922389
1,51,-0.04687232219365896,0.09722120210552088,0.014138817480719795
1,52,-0.04687232219365896,0.09722120210552088,0.014138817480719795
1,53,-0.04681111519157792,0.0972456849063533,0.014034765577182029
1,54,-0.04667645978699963,0.09708654670094259,0.01426123148488187
1,55,-0.04667645978699963,0.09708654670094259,0.01426123148488187
1,56,-0.04685396009303464,0.09723956420614518,0.01432855918717101
1,57,-0.04685396009303464,0.09722732280572897,0.014218386583425145
1,58,-0.04685396009303464,0.09722732280572897,0.014548904394662748
1,59,-0.04689680499449137,0.09719671930468846,0.014548904394662748
1,60,-0.04689680499449137,0.09702533969886154,0.015044681111519156
1,61,-0.04659076998408618,0.09729465050801812,0.01451830089362223
1,62,-0.04659076998408618,0.09729465050801812,0.01451830089362223
1,63,-0.046866201493450846,0.09744766801322072,0.014750887501530174
1,64,-0.04673766678908067,0.09723344350593707,0.014940629207981393
1,65,-0.04673766678908067,0.09723344350593707,0.014940629207981393
1,66,-0.04673766678908067,0.09731913330885053,0.014151058881136002
1,67,-0.046933529195739995,0.0971049088015669,0.014989594809646224
1,68,-0.046933529195739995,0.0971049088015669,0.014989594809646224
1,69,-0.04698861549761293,0.0974109438119721,0.01437140408862774
1,70,-0.04684783939282654,0.09735585751009915,0.014512180193414126
1,71,-0.04684783939282654,0.0972701677071857,0.014842698004651734
1,72,-0.04675602888970498,0.0972701677071857,0.014842698004651734
1,73,-0.04660301138450239,0.0974170645121802,0.014995715509854327
1,74,-0.04673154608887257,0.09748439221446933,0.01509364671318399
1,75,-0.04673154608887257,0.09748439221446933,0.01509364671318399
1,76,-0.04674378748928877,0.09713551230260742,0.014665197698616721
1,77,-0.04673154608887257,0.0967866323907455,0.014946749908189496
1,78,-0.04673154608887257,0.0967866323907455,0.014946749908189496
1,79,-0.04689680499449137,0.09736809891051537,0.014897784306524667
1,80,-0.04692740849553189,0.09720284000489657,0.01432855918717101
1,81,-0.04692740849553189,0.09720284000489657,0.01432855918717101
1,82,-0.04671930468845636,0.09739258171134778,0.014346921287795324
1,83,-0.046976374097196724,0.09711715020198311,0.014548904394662748
1,84,-0.046976374097196724,0.09767413392092056,0.015283388419635205
1,85,-0.046909046394907575,0.09767413392092056,0.015283388419635205
1,86,-0.046566287183253764,0.09737421961072347,0.014689680499449137
1,87,-0.04681723589178602,0.09728240910760191,0.014622352797159996
1,88,-0.04681723589178602,0.09728240910760191,0.014622352797159996
1,89,-0.04663361488554291,0.09709878810135879,0.014714163300281552
1,90,-0.04679887379116171,0.0972579263067695,0.014873301505692252
1,91,-0.04679887379116171,0.0972579263067695,0.014873301505692252
1,92,-0.046909046394907575,0.09733749540947484,0.015020198310686742
1,93,-0.04679887379116171,0.09740482311176399,0.01459786999632758
1,94,-0.04679887379116171,0.09740482311176399,0.01459786999632758
1,95,-0.046407148977843066,0.0972762884073938,0.015167095115681234
1,96,-0.046664218386583425,0.09721508140531276,0.014506059493206023
1,97,-0.046664218386583425,0.09745378871342882,0.014738646101113967
1,98,-0.04687232219365896,0.09745378871342882,0.014738646101113967
1,99,-0.0467866323907455,0.09746603011384503,0.014861060105276044
2,0,0.13365160974415474,-0.05637776961684417,0.05039784551352675
2,1,0.1339086791528951,-0.05623699351205778,0.05077732892642919
2,2,0.1338964377524789,-0.05645733871954952,0.05093034643163178
2,3,0.1338964377524789,-0.05645733871954952,0.05093034643163178
2,4,0.13380462724935732,-0.05631044191455502,0.050991553433712825
2,5,0.1337801444485249,-0.05644509731913331,0.050911984331007465
2,6,0.1337801444485249,-0.05644509731913331,0.050911984331007465
2,7,0.1339270412535194,-0.05589423430040397,0.05037948341290244
2,8,0.1337679030481087,-0.05644509731913331,0.0508018117272616
2,9,0.1337679030481087,-0.05644509731913331,0.0508018117272616
2,10,0.13387195495164647,-0.05637164891663606,0.04996327579875138
2,11,0.13370057534581956,-0.056432855918717106,0.049938792997918965
2,12,0.13370057534581956,-0.056432855918717106,0.049938792997918965
2,13,0.13382911005018974,-0.05612682090831191,0.049553188884808426
2,14,0.13381074794956543,-0.056365528216427964,0.04917982617211409
2,15,0.13381074794956543,-0.05793242746970253,0.050948708532256096
2,16,0.13349859223895214,-0.05663483902558453,0.050948708532256096
2,17,0.13384135145060594,-0.056396131717468476,0.05087526012975885
2,18,0.13377402374831682,-0.056598114824335896,0.05089974293059126
2,19,0.13377402374831682,-0.056598114824335896,0.05089974293059126
2,20,0.13369445464561144,-0.05620639001101726,0.050410086913942956
2,21,0.13382298934998166,-0.05633492471538744,0.04933284367731668
2,22,0.13382298934998166,-0.05633492471538744,0.04933284367731668
2,23,0.1334373852368711,-0.05649406292079814,0.05088750153017505
2,24,0.1335842820418656,-0.05605949320602277,0.05068551842330763
2,25,0.1335842820418656,-0.05605949320602277,0.05068551842330763
2,26,0.13368833394540336,-0.05629820051413882,0.05007344840249724
2,27,0.1336026441424899,-0.05648794222059004,0.051156812339331614
2,28,0.1336026441424899,-0.05648794222059004,0.051156812339331614
2,29,0.13374342024727628,-0.05617578650997675,0.050067327702289145
2,30,0.13365160974415474,-0.05651242502142245,0.050911984331007465
2,31,0.13380462724935732,-0.05620026931080916,0.049742930591259636
2,32,0.13380462724935732,-0.05620026931080916,0.049742930591259636
2,33,0.13386583425143836,-0.05623087281184967,0.050924225731423675
2,34,0.13387807565185456,-0.05612682090831191,0.05015301750520259
2,35,0.13387807565185456,-0.05612682090831191,0.05015301750520259
2,36,0.13385971355123025,-0.0562737177133064,0.05087526012975885
2,37,0.13374342024727628,-0.05646958011996572,0.050355000612070024
2,38,0.13374342024727628,-0.05646958011996572,0.050355000612070024
2,39,0.1336332476435304,-0.05639001101726038,0.05108948463704248
2,40,0.1339331619537275,-0.056139062308728116,0.05069163912351573
2,41,0.1336148855429061,-0.05601664830456604,0.05060594932060227
2,42,0.1336148855429061,-0.05601664830456604,0.05060594932060227
2,43,0.13368833394540336,-0.05606561390623087,0.0501591382054107
2,44,0.13384747215081405,-0.056463459419757625,0.05083241522830212
2,45,0.13384747215081405,-0.056463459419757625,0.05083241522830212
2,46,0.13370669604602767,-0.05634716611580365,0.050924225731423675
2,47,0.1335720406414494,-0.05634716611580365,0.0496817235891786
2,48,0.1335720406414494,-0.05634716611580365,0.0496817235891786
2,49,0.1336271269433223,-0.056426735218508994,0.05008568980291346
2,50,0.1337801444485249,-0.056145183008936214,0.05118741584037214
2,51,0.1337801444485249,-0.056145183008936214,0.05118741584037214
2,52,0.13380462724935732,-0.056285959113722604,0.05108336393683437
2,53,0.1337556616476925,-0.05645121801934141,0.05
2,54,0.13364548904394663,-0.056598114824335896,0.049430774880646344
2,55,0.13364548904394663,-0.056598114824335896,0.049430774880646344
2,56,0.13364548904394663,-0.05650018362100624,0.04998775859958379
2,57,0.13387195495164647,-0.05605337250581467,0.04962051658709756
2,58,0.13387195495164647,-0.05605337250581467,0.04962051658709756
2,59,0.13370669604602767,-0.05624923491247399,0.051009915534337126
2,60,0.1335720406414494,-0.056481821520381933,0.050850777328926434
2,61,0.1335720406414494,-0.056481821520381933,0.050850777328926434
2,62,0.13382298934998166,-0.05647570082017382,0.05078957032684539
2,63,0.13382911005018974,-0.056151303709144326,0.04947361978210307
2,64,0.13382911005018974,-0.056151303709144326,0.04947361978210307
2,65,0.13380462724935732,-0.05623087281184967,0.04782715142612315
2,66,0.13404945525768147,-0.05623699351205778,0.0488676704615008
2,67,0.13404945525768147,-0.05623699351205778,0.0488676704615008
2,68,0.1336210062431142,-0.05629820051413882,0.0504774146162321
2,69,0.13377402374831682,-0.056432855918717106,0.050807932427469706
2,70,0.1334435059370792,-0.05625535561268209,0.050422328314359166
2,71,0.1334435059370792,-0.05625535561268209,0.050422328314359166
2,72,0.1337923858489411,-0.05634716611580365,0.04799853103195005
2,73,0.13356591994124128,-0.05640837311788469,0.051052760435793855
2,74,0.13356591994124128,-0.05640837311788469,0.051052760435793855
2,75,0.1337679030481087,-0.05615742440935243,0.05114457093891541
2,76,0.13384747215081405,-0.05650018362100624,0.05055086301872934
2,77,0.13384747215081405,-0.05650018362100624,0.05055086301872934
2,78,0.13385359285102216,-0.05625535561268209,0.050140776104786386
2,79,0.13366385114457094,-0.056285959113722604,0.050991553433712825
2,80,0.13366385114457094,-0.056285959113722604,0.050991553433712825
2,81,0.1337679030481087,-0.05640837311788469,0.0492043089729465
2,82,0.1337556616476925,-0.05691639123515731,0.05118741584037214
2,83,0.1337556616476925,-0.05650018362100624,0.04944913698127066
2,84,0.13383523075039785,-0.05650018362100624,0.04944913698127066
2,85,0.1337617823479006,-0.05670216672787367,0.049553188884808426
2,86,0.1337801444485249,-0.05616354510956053,0.050850777328926434
2,87,0.1337801444485249,-0.05616354510956053,0.050850777328926434
2,88,0.1336148855429061,-0.056083976006855184,0.05099767413392092
2,89,0.13381074794956543,-0.05635940751621985,0.05097931203329661
2,90,0.13381074794956543,-0.05635940751621985,0.05097931203329661
2,91,0.13385359285102216,-0.056322683314971235,0.04976129269188395
2,92,0.1335720406414494,-0.05635940751621985,0.04990818949687844
2,93,0.1335720406414494,-0.05635940751621985,0.04990818949687844
2,94,0.13371281674623575,-0.05624923491247399,0.05086301872934264
2,95,0.13352307503978456,-0.056181907210184845,0.05012241400416208
2,96,0.13352307503978456,-0.056181907210184845,0.05012241400416208
2,97,0.13349859223895214,-0.05664708042600074,0.04962663728730567
2,98,0.1337679030481087,-0.05618802791039294,0.0495103439833517
2,99,0.13365160974415474,-0.05620026931080916,0.05076508752601298
3,0,-0.14181662382176521,-0.0818276410821398,0.10571673399436896
3,1,-0.14152283021177622,-0.08193169298567757,0.10572285469457705
3,2,-0.14152283021177622,-0.08193169298567757,0.10572285469457705
3,3,-0.14188395152405436,-0.08220100379483412,0.10564328559187171
3,4,-0.14136369200636553,-0.081839882482556,0.10592483780144449
3,5,-0.14136369200636553,-0.081839882482556,0.10592483780144449
3,6,-0.14154731301260864,-0.0818276410821398,0.1054657852858367
3,7,-0.14159015791406537,-0.08169910637776961,0.1056310441914555
3,8,-0.14159015791406537,-0.08169910637776961,0.1056310441914555
3,9,-0.14174929611947606,-0.0821397967927531,0.10575957889582568
3,10,-0.14127188150324396,-0.08186436528338842,0.10616354510956054
3,11,-0.14138205410698984,-0.0820051413881748,0.10563716489166361
3,12,-0.14138205410698984,-0.0820051413881748,0.10563716489166361
3,13,-0.14184110662259763,-0.0820051413881748,0.1057840616966581
3,14,-0.14144938180927896,-0.0821397967927531,0.10583914799853103
3,15,-0.14144938180927896,-0.0821397967927531,0.10583914799853103
3,16,-0.14160239931448157,-0.08189496878442894,0.10591871710123638
3,17,-0.14172481331864367,-0.08164402007589669,0.10597380340310932
3,18,-0.14172481331864367,-0.08164402007589669,0.10597380340310932
3,19,-0.14171257191822745,-0.08226221079691518,0.10575957889582568
3,20,-0.1416330028155221,-0.08179091688089117,0.10597380340310932
3,21,-0.1416330028155221,-0.08179091688089117,0.10597380340310932
3,22,-0.14175541681968418,-0.08228669359774758,0.10577182029624188
3,23,-0.14185946872322192,-0.08217652099400172,0.10601664830456606
3,24,-0.14187171012363814,-0.08207246909046395,0.10577182029624188
3,25,-0.14187171012363814,-0.08207246909046395,0.10577182029624188
3,26,-0.14145550250948707,-0.08176031337985065,0.10577182029624188
3,27,-0.1414983474109438,-0.08187660668380463,0.10592483780144449
3,28,-0.1414983474109438,-0.08187660668380463,0.10592483780144449
3,29,-0.1417982617211409,-0.08190721018484515,0.10586975149957153
3,30,-0.14159627861427346,-0.08184600318276411,0.10582078589790671
3,31,-0.14159627861427346,-0.08184600318276411,0.10582078589790671
3,32,-0.14172481331864367,-0.08209083119108826,0.10608397600685518
3,33,-0.1418105031215571,-0.08206022769004774,0.1059309585016526
3,34,-0.14161464071489777,-0.0821704002937936,0.10557595788958256
3,35,-0.14161464071489777,-0.0821704002937936,0.10557595788958256
3,36,-0.14129024360386827,-0.08177255478026686,0.10580242379728241
3,37,-0.14170645121801934,-0.08206022769004774,0.10552699228791773
3,38,-0.14170645121801934,-0.08206022769004774,0.10552699228791773
3,39,-0.1416942098176031,-0.0821581588933774,0.10587587219977965
3,40,-0.141626882115314,-0.08188272738401273,0.10569837189374465
3,41,-0.141626882115314,-0.08188272738401273,0.10569837189374465
3,42,-0.141626882115314,-0.081662382176521,0.10597992410331743
3,43,-0.1416513649161464,-0.08188272738401273,0.10571673399436896
3,44,-0.1416513649161464,-0.08188272738401273,0.10571673399436896
3,45,-0.1413208471049088,-0.08177867548047497,0.10575345819561759
3,46,-0.14141265760803037,-0.08180927898151549,0.10599216550373362
3,47,-0.1416330028155221,-0.08210307259150447,0.10612682090831191
3,48,-0.1416330028155221,-0.08210307259150447,0.10612682090831191
3,49,-0.1416452442159383,-0.0819928999877586,0.10599828620394174
3,50,-0.14151058881136003,-0.08195005508630188,0.1059309585016526
3,51,-0.14151058881136003,-0.08195005508630188,0.1059309585016526
3,52,-0.14176765822010037,-0.0823050556983719,0.10593707920186068
3,53,-0.14138817480719795,-0.08202350348879912,0.10596768270290122
3,54,-0.14138817480719795,-0.08202350348879912,0.10596768270290122
3,55,-0.14168808911739503,-0.08205410698983964,0.10584526869873914
3,56,-0.14168808911739503,-0.08229281429795568,0.10564940629207982
3,57,-0.14168808911739503,-0.08229281429795568,0.10564940629207982
3,58,-0.14147998531031952,-0.08177255478026686,0.10621863141143346
3,59,-0.1414738646101114,-0.08210307259150447,0.10602276900477414
3,60,-0.14137593340678173,-0.08180927898151549,0.10572285469457705
3,61,-0.14137593340678173,-0.08180927898151549,0.10572285469457705
3,62,-0.1413514506059493,-0.08193169298567757,0.10582078589790671
3,63,-0.14156567511323295,-0.08171746847839392,0.10587587219977965
3,64,-0.14156567511323295,-0.08171746847839392,0.10587587219977965
3,65,-0.14122291590157915,-0.08191945158526134,0.10586975149957153
3,66,-0.14157179581344106,-0.08217652099400172,0.10539233688333945
3,67,-0.14157179581344106,-0.08217652099400172,0.10539233688333945
3,68,-0.14168808911739503,-0.08226833149712327,0.10589423430040397
3,69,-0.14157179581344106,-0.08234177989962052,0.10597992410331743
3,70,-0.14157179581344106,-0.08234177989962052,0.10597992410331743
3,71,-0.1413392092055331,-0.08204798628963153,0.10598604480352551
3,72,-0.14176765822010037,-0.08210307259150447,0.10559431999020688
3,73,-0.14157179581344106,-0.08202962418900722,0.10563716489166361
3,74,-0.14157179581344106,-0.08202962418900722,0.10563716489166361
3,75,-0.14128412290366016,-0.08221936589545845,0.10614518300893623
3,76,-0.14168808911739503,-0.08193169298567757,0.10588811360019586
3,77,-0.14168808911739503,-0.08193169298567757,0.10588811360019586
3,78,-0.14180438242134902,-0.08218264169420982,0.10604725180560656
3,79,-0.14159627861427346,-0.0821642795935855,0.10601052760435795
3,80,-0.14159627861427346,-0.0821642795935855,0.10601052760435795
3,81,-0.14181662382176521,-0.0821581588933774,0.10560656139062308
3,82,-0.14171869261843556,-0.08202350348879912,0.10571061329416084
3,83,-0.14171869261843556,-0.08202350348879912,0.10571061329416084
3,84,-0.1416452442159383,-0.08170522707797771,0.10566776839270413
3,85,-0.14143101970865465,-0.08195617578650997,0.10587587219977965
3,86,-0.14145550250948707,-0.08209083119108826,0.10575957889582568
3,87,-0.14145550250948707,-0.08209083119108826,0.10575957889582568
3,88,-0.14162076141510588,-0.08236626270045293,0.10604113110539845
3,89,-0.14140653690782226,-0.08192557228546946,0.1059615620026931
3,90,-0.14140653690782226,-0.08192557228546946,0.1059615620026931
3,91,-0.14157791651364918,-0.08195005508630188,0.1057963030970743
3,92,-0.1414983474109438,-0.08213367609254499,0.10562492349124739
3,93,-0.1414983474109438,-0.08213367609254499,0.10562492349124739
3,94,-0.14154119231240053,-0.0819806585873424,0.10570449259395276
3,95,-0.14159015791406537,-0.08206022769004774,0.10571673399436896
3,96,-0.14159015791406537,-0.08206022769004774,0.10571673399436896
3,97,-0.14149222671073572,-0.08221936589545845,0.10588811360019586
3,98,-0.14135757130615742,-0.08210919329171257,0.1056188027910393
3,99,-0.14135757130615742,-0.08212143469212878,0.10590035500061208
