values,,Magnetometer,Magnetometer,Magnetometer
axis,,x,y,z
Sensor,Sample,,,
0,0,0.042018606928632636,0.052760435793854824,-0.013881748071979436
0,1,0.04198800342759212,0.05296853960093034,-0.013973558575100992
0,2,0.0421226588321704,0.05281552209572775,-0.013636920063655283
0,3,0.04198188272738401,0.05280328069531154,-0.013906230872811851
0,4,0.04198188272738401,0.05280328069531154,-0.013906230872811851
0,5,0.041920675725302975,0.05264414248990085,-0.013563471661158035
0,6,0.042165503733627124,0.05275431509364671,-0.013324764353041987
0,7,0.041639123515730195,0.052974660301138454,-0.013832782470314603
0,8,0.0417982617211409,0.052760435793854824,-0.013661402864487698
0,9,0.0421165381319623,0.05280328069531154,-0.01356959236136614
0,10,0.041890072224262456,0.05271147019218999,-0.01363079936344718
0,11,0.04185334802301383,0.05298690170155466,-0.013710368466152529
0,12,0.04203084832904884,0.052895091198433095,-0.013532868160117516
0,13,0.041963520626759704,0.0528828497980169,-0.013753213367609254
0,14,0.04188395152405435,0.05290733259884931,-0.01321459174929612
0,15,0.04187171012363815,0.052821642795935854,-0.013918472273228058
0,16,0.04207369323050557,0.052974660301138454,-0.013753213367609254
0,17,0.04185946872322194,0.05272983229281429,-0.013655282164279595
0,18,0.041920675725302975,0.05292569469947363,-0.013710368466152529
0,19,0.041920675725302975,0.05292569469947363,-0.013710368466152529
0,20,0.04175541681968417,0.05275431509364671,-0.013594075162198554
0,21,0.04190231362467866,0.05280328069531154,-0.013728730566776839
0,22,0.041877830823846246,0.05263190108948464,-0.013667523564695801
0,23,0.04198188272738401,0.05295629820051414,-0.013563471661158035
0,24,0.042006365528216426,0.05266250459052516,-0.013636920063655283
0,25,0.041932917125719185,0.05282776349614395,-0.013514506059493206
0,26,0.041932917125719185,0.05284000489656017,-0.013643040763863388
0,27,0.041877830823846246,0.05280940139551965,-0.013636920063655283
0,28,0.04198800342759212,0.05291345329905741,-0.013704247765944425
0,29,0.041834985922389524,0.053029746603011386,-0.013740971967193047
0,30,0.04184722732280573,0.052931815399681725,-0.013673644264903907
0,31,0.041761537519892276,0.05285224629697638,-0.01356959236136614
0,32,0.041865589423430036,0.05295017750030604,-0.013404333455747338
0,33,0.04191455502509487,0.05287672909780879,-0.013667523564695801
0,34,0.0417982617211409,0.05302362590280328,-0.014304076386338595
0,35,0.04184110662259762,0.05278491859468724,-0.013618557963030969
0,36,0.04184722732280573,0.052791039294895335,-0.013716489166360632
0,37,0.04187171012363815,0.05282776349614395,-0.013918472273228058
0,38,0.042153262333210914,0.05284612559676827,-0.01384502387073081
0,39,0.042153262333210914,0.05294405680009793,-0.014028644876973926
0,40,0.04211041743175419,0.05294405680009793,-0.014028644876973926
0,41,0.041792141020932795,0.05285836699718448,-0.013814420369690291
0,42,0.04190231362467866,0.05295017750030604,-0.013538988860325622
0,43,0.04198800342759212,0.05282776349614395,-0.01369812706573632
0,44,0.04177377892030849,0.052888970498224996,-0.013783816868649773
0,45,0.04207981393071367,0.052833884196352064,-0.013765454768025463
0,46,0.041834985922389524,0.05284612559676827,-0.013716489166360632
0,47,0.041975762027175914,0.05292569469947363,-0.0138266617701065
0,48,0.0419696413269678,0.052680866691149464,-0.013765454768025463
0,49,0.041932917125719185,0.05306647080426,-0.013814420369690291
0,50,0.04203696902925695,0.05301750520259517,-0.013655282164279595
0,51,0.04175541681968417,0.05286448769739258,-0.013502264659076998
0,52,0.04210429673154609,0.05287672909780879,-0.013692006365528217
0,53,0.042018606928632636,0.052937936099889824,-0.01393683437385237
0,54,0.0417982617211409,0.05290733259884931,-0.013783816868649773
0,55,0.042018606928632636,0.05296853960093034,-0.0138266617701065
0,56,0.041951279226343494,0.05315828130738156,-0.013477781858244584
0,57,0.04201248622842453,0.052974660301138454,-0.013667523564695801
0,58,0.04201248622842453,0.052974660301138454,-0.013667523564695801
0,59,0.0419573999265516,0.052993022401762756,-0.01344105765699596
0,60,0.04199412412780022,0.05272371159260619,-0.01384502387073081
0,61,0.04184110662259762,0.052993022401762756,-0.013581833761782347
0,62,0.04188395152405435,0.05312155710613294,-0.013367609254498713
0,63,0.0421287795323785,0.05292569469947363,-0.013398212755539235
0,64,0.04205533112988126,0.05292569469947363,-0.013410454155955442
0,65,0.04209205533112988,0.05275431509364671,-0.013771575468233566
0,66,0.04193903782592728,0.052962418900722244,-0.013502264659076998
0,67,0.041951279226343494,0.052717590892398095,-0.014016403476557717
0,68,0.041792141020932795,0.05290733259884931,-0.013557350960949932
0,69,0.041890072224262456,0.05287672909780879,-0.013851144570938913
0,70,0.041920675725302975,0.052778797894479125,-0.013942955074060473
0,71,0.041932917125719185,0.05284612559676827,-0.014169420981760314
0,72,0.0419573999265516,0.05310319500550863,-0.013851144570938913
0,73,0.0419573999265516,0.05310319500550863,-0.013851144570938913
0,74,0.041877830823846246,0.05285836699718448,-0.01374709266740115
0,75,0.04193903782592728,0.05287672909780879,-0.013483902558452688
0,76,0.04200024482800833,0.05295629820051414,-0.013281919451585262
0,77,0.042006365528216426,0.05278491859468724,-0.013649161464071491
0,78,0.04209817603133799,0.05287672909780879,-0.013490023258660791
0,79,0.041804382421349,0.05298078100134655,-0.013912351573019954
0,80,0.041779899620516585,0.05279715999510344,-0.013685885665320113
0,81,0.042006365528216426,0.05295017750030604,-0.013471661158036479
0,82,0.04192679642551107,0.05309095360509243,-0.013532868160117516
0,83,0.04198188272738401,0.05298690170155466,-0.013661402864487698
0,84,0.041951279226343494,0.05300526380217897,-0.014389766189252052
0,85,0.041932917125719185,0.05285836699718448,-0.013447178357204066
0,86,0.04185946872322194,0.05280940139551965,-0.013257436650752847
0,87,0.04192679642551107,0.052717590892398095,-0.013477781858244584
0,88,0.04191455502509487,0.052919573999265515,-0.013857265271147019
0,89,0.04191455502509487,0.052919573999265515,-0.013551230260741828
0,90,0.04173093401885176,0.05263190108948464,-0.013551230260741828
0,91,0.041792141020932795,0.052888970498224996,-0.013618557963030969
0,92,0.04184722732280573,0.05279715999510344,-0.013991920675725304
0,93,0.042134900232586606,0.0527359529930224,-0.013796058269065981
0,94,0.041877830823846246,0.05286448769739258,-0.013324764353041987
0,95,0.041779899620516585,0.05295629820051414,-0.013496143958868894
0,96,0.04204308972946505,0.05263190108948464,-0.013208471049088016
0,97,0.04191455502509487,0.05294405680009793,-0.01356959236136614
0,98,0.04178602032072469,0.05285836699718448,-0.013551230260741828
0,99,0.04198188272738401,0.05272371159260619,-0.013649161464071491
1,0,-0.055698371893744644,0.10310931570571673,0.03073815644509732
1,1,-0.055686130493328434,0.10282776349614395,0.030725915044681112
1,2,-0.05558819928999877,0.10281552209572775,0.030817725547802672
1,3,-0.05580242379728241,0.1029134532990574,0.030542294038437993
1,4,-0.05577182029624189,0.10312767780634105,0.030377035132819197
1,5,-0.055612682090831186,0.1032011262088383,0.030634104541559553
1,6,-0.055612682090831186,0.10271147019218999,0.030481087036356956
1,7,-0.055612682090831186,0.10297466030113844,0.0307014322438487
1,8,-0.05560044069041499,0.10297466030113844,0.0307014322438487
1,9,-0.05553311298812584,0.10276655649406292,0.030842208348635086
1,10,-0.05575957889582568,0.10279715999510344,0.03073815644509732
1,11,-0.05591259640102828,0.10296241890072225,0.03041988003427592
1,12,-0.05571061329416085,0.10276655649406292,0.030530052638021787
1,13,-0.05556371648916636,0.10307871220467621,0.030713673644264906
1,14,-0.055765699596033794,0.10313379850654916,0.030493328436773166
1,15,-0.05589423430040397,0.10267474599094137,0.03065246664218387
1,16,-0.055722854694577065,0.10284000489656016,0.03128901946382666
1,17,-0.055784061696658095,0.10264414248990084,0.030523931937813685
1,18,-0.05550863018729343,0.10321336760925451,0.030756518545721628
1,19,-0.05574733749540948,0.10267474599094137,0.030285224629697637
1,20,-0.05561880279103929,0.1030358673032195,0.030750397845513526
1,21,-0.055857510099155336,0.10286448769739258,0.031093157057167344
1,22,-0.05567388909291223,0.10291957399926552,0.03064634594197576
1,23,-0.055698371893744644,0.10253396988615497,0.03079324274697025
1,24,-0.055429061084588074,0.10268698739135758,0.030523931937813685
1,25,-0.05567388909291223,0.10282776349614395,0.030774880646345943
1,26,-0.05552087158770963,0.10298078100134656,0.030585138939894722
1,27,-0.05572897539478516,0.10276043579385481,0.03060962174072714
1,28,-0.05567388909291223,0.10291957399926552,0.03060962174072714
1,29,-0.05573509609499326,0.10264414248990084,0.030860570449259394
1,30,-0.05584526869873914,0.10298690170155467,0.0308728118496756
1,31,-0.055839147998531034,0.1027175908923981,0.030548414738646102
1,32,-0.055655526992287915,0.10249112498469826,0.03062798384135145
1,33,-0.055582078589790675,0.10285224629697638,0.030285224629697637
1,34,-0.055582078589790675,0.1027298322928143,0.03049944913698127
1,35,-0.055722854694577065,0.10266862529073326,0.030022034520749176
1,36,-0.055722854694577065,0.10266862529073326,0.030022034520749176
1,37,-0.0556310441914555,0.10286448769739258,0.030328069531154363
1,38,-0.055545354388542044,0.10286448769739258,0.029942465418043823
1,39,-0.05574121679520137,0.10290121189864121,0.030279103929489532
1,40,-0.05558819928999877,0.10283388419635206,0.03005263802178969
1,41,-0.055881992899987756,0.10265638389031706,0.030303586730321946
1,42,-0.05571061329416085,0.10250336638511445,0.030205655526992288
1,43,-0.05577794099644999,0.10302362590280327,0.03013832782470315
1,44,-0.05557595788958257,0.10284000489656016,0.03065858734239197
1,45,-0.055655526992287915,0.10277267719427104,0.03064634594197576
1,46,-0.05557595788958257,0.1029134532990574,0.030805484147386458
1,47,-0.05567388909291223,0.1030358673032195,0.030811604847594563
1,48,-0.05572897539478516,0.10262578038927654,0.030823846248010774
1,49,-0.055643285591871705,0.10282776349614395,0.03092177745134043
1,50,-0.055692251193536546,0.10287672909780879,0.030511690537397478
1,51,-0.055692251193536546,0.10279715999510344,0.030487207736565065
1,52,-0.05563716489166361,0.10283388419635206,0.030481087036356956
1,53,-0.055624923491247404,0.10265026319010895,0.03049944913698127
1,54,-0.05587587219977965,0.10293181539968173,0.03045048353531644
1,55,-0.055692251193536546,0.10310931570571673,0.03079324274697025
1,56,-0.05570449259395275,0.10268086669114947,0.029930224017627616
1,57,-0.05560656139062309,0.10302362590280327,0.030309707430530054
1,58,-0.055686130493328434,0.10321336760925451,0.030621863141143346
1,59,-0.055686130493328434,0.10321336760925451,0.030621863141143346
1,60,-0.05579018239686621,0.10287672909780879,0.03079324274697025
1,61,-0.055643285591871705,0.10264414248990084,0.030774880646345943
1,62,-0.05558819928999877,0.10254621128657118,0.030597380340310933
1,63,-0.05555759578895826,0.1025706940874036,0.030762639245929736
1,64,-0.05563716489166361,0.10270534949198189,0.030530052638021787
1,65,-0.05538009548292324,0.1027298322928143,0.030536173338229895
1,66,-0.05556371648916636,0.1028828497980169,0.030768759946137834
1,67,-0.05561880279103929,0.1029073325988493,0.030976863753213367
1,68,-0.05556983718937446,0.10286448769739258,0.03056677683927041
1,69,-0.055692251193536546,0.10285836699718447,0.030713673644264906
1,70,-0.055686130493328434,0.10279715999510344,0.030823846248010774
1,71,-0.05561880279103929,0.10268086669114947,0.03068919084343249
1,72,-0.055655526992287915,0.10288897049822501,0.030970743053005262
1,73,-0.05560044069041499,0.1025706940874036,0.030493328436773166
1,74,-0.05557595788958257,0.10254621128657118,0.03059125964010283
1,75,-0.055796303097074305,0.10284612559676827,0.030505569837189373
1,76,-0.05564940629207982,0.10286448769739258,0.030511690537397478
1,77,-0.05564940629207982,0.10286448769739258,0.030511690537397478
1,78,-0.05586363079936345,0.10264414248990084,0.03065246664218387
1,79,-0.0556310441914555,0.10310319500550864,0.03024237972824091
1,80,-0.055655526992287915,0.10258905618802791,0.030022034520749176
1,81,-0.05566776839270412,0.1030481087036357,0.030621863141143346
1,82,-0.05577794099644999,0.1027175908923981,0.03105643285591872
1,83,-0.0554657852858367,0.1029073325988493,0.03040151793365161
1,84,-0.05557595788958257,0.10268698739135758,0.030750397845513526
1,85,-0.05574121679520137,0.1029134532990574,0.03064022524176766
1,86,-0.05544742318521238,0.1028828497980169,0.030811604847594563
1,87,-0.05556983718937446,0.10284612559676827,0.030315828130738152
1,88,-0.0554719059860448,0.10287060839760069,0.030542294038437993
1,89,-0.05567388909291223,0.10263802178969275,0.03079324274697025
1,90,-0.05580854449749051,0.1027359529930224,0.03060962174072714
1,91,-0.05566776839270412,0.1027175908923981,0.030707552944056797
1,92,-0.055582078589790675,0.10307871220467621,0.030334190231362468
1,93,-0.055765699596033794,0.10293793609988984,0.030970743053005262
1,94,-0.055753458195617576,0.10301138450238707,0.030536173338229895
1,95,-0.055612682090831186,0.10269922879177378,0.030407638633859712
1,96,-0.055686130493328434,0.10293181539968173,0.03068919084343249
1,97,-0.05558819928999877,0.10284000489656016,0.030891173950299916
1,98,-0.055826906598114824,0.10317052270779777,0.030615742440935245
1,99,-0.05564940629207982,0.1025829354878198,0.030444362835108336
2,0,0.10637776961684417,-0.054376300648794215,0.035481699106377766
2,1,0.10618190721018486,-0.05463337005753458,0.03543273350471294
2,2,0.10635940751621986,-0.05472518056065614,0.03524911249846983
2,3,0.10611457950789571,-0.05432121434692129,0.0352185089974293
2,4,0.10634104541559555,-0.054302852246296975,0.03445954217162443
2,5,0.10640225241767658,-0.054517076753580605,0.03513281919451585
2,6,0.10630432121434692,-0.05486595666544253,0.0353654058024238
2,7,0.10621251071122537,-0.05449871465295629,0.0352123882972212
2,8,0.10624923491247398,-0.054559921655037334,0.03460643897661893
2,9,0.10624311421226589,-0.05400905863630799,0.035426612804504834
2,10,0.10624311421226589,-0.0545048353531644,0.0352185089974293
2,11,0.1062859591137226,-0.0545048353531644,0.0352185089974293
2,12,0.10651242502142244,-0.05426612804504836,0.0353654058024238
2,13,0.1062737177133064,-0.05425388664463214,0.035567388909291224
2,14,0.10626147631289021,-0.05458440445586975,0.034282041865589426
2,15,0.10640225241767658,-0.0545048353531644,0.03517566409597258
2,16,0.10633492471538744,-0.05422328314359163,0.03448402497245685
2,17,0.10630432121434692,-0.0543395764475456,0.035157301995348264
2,18,0.1060962174072714,-0.054400783449626636,0.03541437140408863
2,19,0.10635940751621986,-0.05471905986044804,0.03426367976496511
2,20,0.10623087281184969,-0.05472518056065614,0.035542906108458804
2,21,0.10623087281184969,-0.054455869751499575,0.035493940506793976
2,22,0.10642673521850901,-0.05476190476190477,0.03546945770596156
2,23,0.10614518300893623,-0.05427836944546456,0.03551230260741829
2,24,0.10619414861060106,-0.05464561145795079,0.03453299057412168
2,25,0.10640837311788469,-0.05452319745378872,0.03430652466642184
2,26,0.10634716611580364,-0.05457216305545355,0.035396009303464315
2,27,0.10634716611580364,-0.05460888725670217,0.0353715265026319
2,28,0.10618190721018486,-0.05413759334067817,0.035481699106377766
2,29,0.10631044191455503,-0.054315093646713185,0.03526135389888603
2,30,0.10623087281184969,-0.05429061084588077,0.035579630309707434
2,31,0.10638389031705227,-0.05438854204921043,0.035481699106377766
2,32,0.10633492471538744,-0.05451095605337251,0.035493940506793976
2,33,0.10607173460643897,-0.054315093646713185,0.0336026441424899
2,34,0.10642673521850901,-0.05457216305545355,0.034300403966213734
2,35,0.10618190721018486,-0.05468233565919941,0.035041008691394294
2,36,0.1062859591137226,-0.05452931815399682,0.03532256090096707
2,37,0.1062859591137226,-0.05452931815399682,0.035310319500550864
2,38,0.10620639001101725,-0.05443750765087526,0.035310319500550864
2,39,0.10624923491247398,-0.05449259395274819,0.0352123882972212
2,40,0.10624923491247398,-0.0548292324641939,0.035438854204921044
2,41,0.10620026931080914,-0.05424776594442404,0.03443505937079202
2,42,0.10607173460643897,-0.054596645856285965,0.032672297710858125
2,43,0.10629820051413881,-0.05422940384379973,0.03538988860325622
2,44,0.10631044191455503,-0.05437017994858612,0.03419023136246786
2,45,0.10631656261476312,-0.05413759334067817,0.034153507161219246
2,46,0.10615742440935243,-0.05419267964255111,0.03523075039784551
2,47,0.10611457950789571,-0.054413024850042846,0.035451095605337254
2,48,0.10620639001101725,-0.054553800954829236,0.035481699106377766
2,49,0.10623087281184969,-0.05471293916023993,0.03535928510221569
2,50,0.10634104541559555,-0.05454768025462113,0.03531644020075897
2,51,0.10620639001101725,-0.054474231852123876,0.03520014689680499
2,52,0.10618190721018486,-0.0543518178479618,0.035310319500550864
2,53,0.10616966580976864,-0.05485983596523443,0.03458195617578651
2,54,0.10624923491247398,-0.05486595666544253,0.034839025584526874
2,55,0.10615130370914432,-0.054694577059615626,0.035451095605337254
2,56,0.10595544130248499,-0.054027420736932306,0.035224629697637413
2,57,0.10607173460643897,-0.05462112865711838,0.034814542783694453
2,58,0.10602888970498225,-0.054400783449626636,0.03519402619659689
2,59,0.10602888970498225,-0.054400783449626636,0.03519402619659689
2,60,0.10618190721018486,-0.05436405924837802,0.03518790549638879
2,61,0.10604725180560656,-0.05442526625045905,0.033927041253519405
2,62,0.10602888970498225,-0.054302852246296975,0.03546333700575346
2,63,0.1064328559187171,-0.05457828375566165,0.035751009915534336
2,64,0.10616966580976864,-0.05446199045170767,0.03527359529930224
2,65,0.10649406292079815,-0.0545048353531644,0.03546945770596156
2,66,0.10632268331497123,-0.05422940384379973,0.03529195739992655
2,67,0.10632880401517934,-0.0543518178479618,0.03496756028889705
2,68,0.10604113110539845,-0.05436405924837802,0.035298078100134654
2,69,0.10637776961684417,-0.054688456359407514,0.03534704370179949
2,70,0.10642673521850901,-0.05443138695066716,0.03526135389888603
2,71,0.10621251071122537,-0.05471905986044804,0.03341902313624679
2,72,0.10627983841351452,-0.054357938548169914,0.035426612804504834
2,73,0.10641449381809279,-0.0546517321581589,0.0352062675970131
2,74,0.10618802791039295,-0.05432733504712939,0.03476557718202962
2,75,0.10665932182641695,-0.054443628351083365,0.03447178357204064
2,76,0.10665932182641695,-0.054443628351083365,0.03558575100991553
2,77,0.1062737177133064,-0.05443750765087526,0.03558575100991553
2,78,0.10639001101726038,-0.05432733504712939,0.03437385236871098
2,79,0.10637776961684417,-0.0541681968417187,0.035298078100134654
2,80,0.1060962174072714,-0.05422940384379973,0.03514506059493206
2,81,0.1062737177133064,-0.05429673154608887,0.03541437140408863
2,82,0.10621863141143346,-0.054455869751499575,0.03494307748806463
2,83,0.1061207002081038,-0.05444974905129146,0.03559799241033174
2,84,0.10616354510956054,-0.05413759334067817,0.03530419880034276
2,85,0.10615130370914432,-0.05432733504712939,0.03556126820908312
2,86,0.10620639001101725,-0.054260007344840246,0.03461255967682703
2,87,0.1062859591137226,-0.05442526625045905,0.034422817970375816
2,88,0.10612682090831191,-0.05457216305545355,0.03420859346309218
2,89,0.10609009670706329,-0.05411311053984576,0.035255233198677925
2,90,0.10623699351205777,-0.05432733504712939,0.03546945770596156
2,91,0.10632268331497123,-0.05436405924837802,0.035408250703880526
2,92,0.10632880401517934,-0.054486473252540094,0.035298078100134654
2,93,0.1062859591137226,-0.054657852858366995,0.03519402619659689
2,94,0.10621863141143346,-0.05440690414983475,0.03371281674623577
2,95,0.10640837311788469,-0.05440690414983475,0.03529195739992655
2,96,0.10629820051413881,-0.05449871465295629,0.035451095605337254
2,97,0.10629820051413881,-0.05449871465295629,0.035169543395764474
2,98,0.10620026931080914,-0.054419145550250944,0.035169543395764474
2,99,0.10620639001101725,-0.05430897294650509,0.035396009303464315
3,0,-0.11009303464316318,-0.08385359285102215,0.08381686864977353
3,1,-0.11048475945648181,-0.083431264536663,0.08399436895580854
3,2,-0.11052760435793856,-0.08365773044436284,0.08389031705227078
3,3,-0.11003182764108214,-0.08392704125351941,0.08381686864977353
3,4,-0.11035010405190353,-0.08341290243603869,0.08371281674623578
3,5,-0.11038682825315216,-0.08359040274207369,0.08381686864977353
3,6,-0.1104296731546089,-0.08381074794956543,0.0836026441424899
3,7,-0.11051536295752233,-0.08364548904394663,0.08399436895580854
3,8,-0.11051536295752233,-0.08366997184477905,0.08389031705227078
3,9,-0.11033174195127922,-0.08366997184477905,0.08389031705227078
3,10,-0.1104419145550251,-0.08354755784061697,0.08396376545476802
3,11,-0.11023381074794955,-0.08370057534581957,0.08365773044436284
3,12,-0.11068062186314113,-0.08369445464561145,0.08388419635206268
3,13,-0.1104419145550251,-0.08351083363936834,0.08385359285102215
3,14,-0.1101542416452442,-0.0837495409474844,0.08392704125351941
3,15,-0.11041131105398458,-0.08386583425143837,0.08396376545476802
3,16,-0.11053984575835477,-0.08371893744644388,0.0839331619537275
3,17,-0.1102888970498225,-0.08373117884686007,0.08396376545476802
3,18,-0.11019096584649284,-0.08368833394540336,0.08396988615497612
3,19,-0.1104296731546089,-0.083608764842698,0.0839086791528951
3,20,-0.1104419145550251,-0.08398212755539233,0.08365160974415473
3,21,-0.11035622475211164,-0.08353531644020076,0.08368833394540336
3,22,-0.11040519035377647,-0.08359040274207369,0.0839331619537275
3,23,-0.11035010405190353,-0.08367609254498715,0.08373729954706818
3,24,-0.11047251805606562,-0.08371281674623578,0.08381686864977353
3,25,-0.1102766556494063,-0.08379850654914922,0.08392704125351941
3,26,-0.11041131105398458,-0.08352307503978455,0.08389643775247888
3,27,-0.11042355245440079,-0.08357816134165749,0.08379850654914922
3,28,-0.11038682825315216,-0.08351695433957644,0.08394540335414372
3,29,-0.11037458685273596,-0.08355367854082507,0.0837679030481087
3,30,-0.11051536295752233,-0.08383523075039785,0.08397600685518423
3,31,-0.11061941486106011,-0.08367609254498715,0.08398824825560045
3,32,-0.11055208715877096,-0.08370057534581957,0.08378014444852491
3,33,-0.11036846615252785,-0.08375566164769249,0.08359040274207369
3,34,-0.11057656995960338,-0.0834373852368711,0.08370669604602766
3,35,-0.11071734606438977,-0.08340678173583058,0.08403109315705717
3,36,-0.11071734606438977,-0.08340678173583058,0.08378626514873302
3,37,-0.1101542416452442,-0.08366385114457095,0.08378626514873302
3,38,-0.11048475945648181,-0.0839392826539356,0.08401273105643285
3,39,-0.11030725915044681,-0.08363324764353042,0.0839209205533113
3,40,-0.11014812094503612,-0.0834373852368711,0.08370669604602766
3,41,-0.11017260374586853,-0.08375566164769249,0.08382298934998164
3,42,-0.11035010405190353,-0.08358428204186559,0.08368221324519524
3,43,-0.10989717223650386,-0.08366385114457095,0.08379850654914922
3,44,-0.11059493206022768,-0.08352919573999265,0.08389643775247888
3,45,-0.11045415595544131,-0.08352307503978455,0.08357816134165749
3,46,-0.11043579385481699,-0.08381074794956543,0.08355979924103317
3,47,-0.11032562125107112,-0.08351695433957644,0.0840739380585139
3,48,-0.11048475945648181,-0.08401885175664095,0.08395764475455993
3,49,-0.11037458685273596,-0.08352307503978455,0.08413514506059493
3,50,-0.11031950055086301,-0.08333333333333334,0.08369445464561145
3,51,-0.11047863875627373,-0.08352307503978455,0.08372505814665197
3,52,-0.11014812094503612,-0.0837679030481087,0.08385359285102215
3,53,-0.11038070755294405,-0.08384747215081405,0.08381074794956543
3,54,-0.11047251805606562,-0.08373729954706818,0.0839209205533113
3,55,-0.11063165626147631,-0.08345574733749542,0.08373729954706818
3,56,-0.11039294895336027,-0.08363936834373852,0.08397600685518423
3,57,-0.11035010405190353,-0.083431264536663,0.08375566164769249
3,58,-0.11035010405190353,-0.08372505814665197,0.08395152405435183
3,59,-0.11035010405190353,-0.08372505814665197,0.08395152405435183
3,60,-0.11048475945648181,-0.08346798873791161,0.08375566164769249
3,61,-0.11032562125107112,-0.08386583425143837,0.08370669604602766
3,62,-0.11047863875627373,-0.0837434202472763,0.08382298934998164
3,63,-0.11035010405190353,-0.08357204064144938,0.08381686864977353
3,64,-0.11020320724690905,-0.0837740237483168,0.0839331619537275
3,65,-0.11045415595544131,-0.08354755784061697,0.08417798996205166
3,66,-0.11035010405190353,-0.08358428204186559,0.08369445464561145
3,67,-0.11036234545231975,-0.08349859223895215,0.08400661035622475
3,68,-0.11022769004774147,-0.08385359285102215,0.0837617823479006
3,69,-0.11035622475211164,-0.08406781735830579,0.08396988615497612
3,70,-0.11048475945648181,-0.08369445464561145,0.08381686864977353
3,71,-0.11055208715877096,-0.08357816134165749,0.08396988615497612
3,72,-0.11036234545231975,-0.08373729954706818,0.08384747215081405
3,73,-0.11029501775003062,-0.08371281674623578,0.08365773044436284
3,74,-0.11029501775003062,-0.08366997184477905,0.08382298934998164
3,75,-0.1104663973558575,-0.0837434202472763,0.08402497245684906
3,76,-0.1104663973558575,-0.08356591994124127,0.0836026441424899
3,77,-0.11046027665564942,-0.08356591994124127,0.0836026441424899
3,78,-0.11046027665564942,-0.08387195495164647,0.08395764475455993
3,79,-0.11056432855918716,-0.08373117884686007,0.0839209205533113
3,80,-0.11031950055086301,-0.08386583425143837,0.08396376545476802
3,81,-0.11031337985065492,-0.08356591994124127,0.08389031705227078
3,82,-0.11033174195127922,-0.08368221324519524,0.08378014444852491
3,83,-0.11052760435793856,-0.08363936834373852,0.0839392826539356
3,84,-0.11031950055086301,-0.08361488554290611,0.08366385114457095
3,85,-0.11055208715877096,-0.08363324764353042,0.08381074794956543
3,86,-0.1104663973558575,-0.08370669604602766,0.08356591994124127
3,87,-0.11022156934753335,-0.08378626514873302,0.0837617823479006
3,88,-0.11057044925939527,-0.0834373852368711,0.08396376545476802
3,89,-0.11039906965356835,-0.08352307503978455,0.08390255845268699
3,90,-0.11032562125107112,-0.08371893744644388,0.08370057534581957
3,91,-0.11078467376667891,-0.08371281674623578,0.08371893744644388
3,92,-0.11051536295752233,-0.08371893744644388,0.08379238584894112
3,93,-0.11041743175419268,-0.08353531644020076,0.0840861794589301
3,94,-0.11039294895336027,-0.08367609254498715,0.08392704125351941
3,95,-0.11043579385481699,-0.08355979924103317,0.08406781735830579
3,96,-0.11051536295752233,-0.08363324764353042,0.08369445464561145
3,97,-0.11053984575835477,-0.08365773044436284,0.08390255845268699
3,98,-0.1104419145550251,-0.08363324764353042,0.08378626514873302
3,99,-0.11033786265148733,-0.08367609254498715,0.0837495409474844
