values,,Magnetometer,Magnetometer,Magnetometer
axis,,x,y,z
Sensor,Sample,,,
0,0,0.06441424899008447,0.057559064757008206,-0.000728363324764353
0,1,0.06441424899008447,0.057559064757008206,-0.000728363324764353
0,2,0.06453054229403844,0.05768759946137838,-0.00028767290978087893
0,3,0.0646284734973681,0.05777940996449994,-4.8965601664830455e-05
0,4,0.0646284734973681,0.05777940996449994,-4.8965601664830455e-05
0,5,0.06419390378259274,0.057565185457216304,-0.0003427592116538132
0,6,0.0641633002815522,0.0578650997674134,-0.00047741461623209693
0,7,0.0641633002815522,0.0578650997674134,-0.00047741461623209693
0,8,0.0646284734973681,0.057907944668870115,-0.0002509487085322561
0,9,0.06443873179091689,0.05777328926429184,-0.00012853470437017994
0,10,0.06443873179091689,0.05777328926429184,-0.00012853470437017994
0,11,0.06440200758966826,0.05776104786387563,-0.0003305178112376056
0,12,0.06442036969029256,0.057675358060962176,-0.0006426735218508998
0,13,0.06442036969029256,0.057675358060962176,-0.0006426735218508998
0,14,0.06440200758966826,0.057693720161586484,1.2241400416207614e-05
0,15,0.06424899008446566,0.05785285836699718,-7.95691027053495e-05
0,16,0.06424899008446566,0.05785285836699718,-7.95691027053495e-05
0,17,0.06434692128779532,0.05773044436283511,-0.000379483412902436
0,18,0.06449993879299792,0.05764475455992165,5.508630187293427e-05
0,19,0.06451218019341412,0.05775492716366752,-0.000318276410821398
0,20,0.06451218019341412,0.05775492716366752,-0.000318276410821398
0,21,0.06443873179091689,0.05758354755784062,-0.00022646590769984085
0,22,0.06473252540090586,0.057461133553678545,-2.4482800832415227e-05
0,23,0.06473252540090586,0.057461133553678545,-2.4482800832415227e-05
0,24,0.06438364548904395,0.05763251315950545,-7.344840249724568e-05
0,25,0.06464071489778431,0.05782225486595667,-0.00021422450728363326
0,26,0.06464071489778431,0.05782225486595667,-0.00021422450728363326
0,27,0.06444485249112498,0.05781613416574856,0.00011017260374586854
0,28,0.06442036969029256,0.05778553066470804,-1.2241400416207614e-05
0,29,0.06442036969029256,0.05778553066470804,-1.2241400416207614e-05
0,30,0.06453054229403844,0.05743053005263802,9.793120332966091e-05
0,31,0.06451830089362223,0.05772432366262701,-0.0005875872199779654
0,32,0.06451830089362223,0.05772432366262701,-0.0005875872199779654
0,33,0.06465295629820052,0.05763863385971355,0.00011629330395397234
0,34,0.06440200758966826,0.05782837556616477,-9.793120332966091e-05
0,35,0.06440200758966826,0.05782837556616477,-9.793120332966091e-05
0,36,0.06443873179091689,0.057767168564083725,0.0002631901089484637
0,37,0.06429795568613049,0.05775492716366752,0.00012241400416207614
0,38,0.06429795568613049,0.05775492716366752,0.00012241400416207614
0,39,0.06436528338841964,0.057663116660545966,0.00011629330395397234
0,40,0.06442036969029256,0.057767168564083725,-0.000189741706451218
0,41,0.06432243848696291,0.05782225486595667,0.00010405190353776472
0,42,0.06432243848696291,0.05782225486595667,0.00010405190353776472
0,43,0.06424899008446566,0.05774880646345942,-0.00028767290978087893
0,44,0.0644754559921655,0.05790182396866202,-0.000348879911861917
0,45,0.0644754559921655,0.05790182396866202,-0.000348879911861917
0,46,0.06450605949320602,0.05772432366262701,-0.00015301750520259517
0,47,0.06432243848696291,0.057699840861794596,-0.000379483412902436
0,48,0.06432243848696291,0.057699840861794596,-0.000379483412902436
0,49,0.06464071489778431,0.05793854816991064,-9.18105031215571e-05
0,50,0.06420002448280084,0.057601909658464935,0.0002448280083241523
0,51,0.06420002448280084,0.057601909658464935,0.000189741706451218
0,52,0.06423062798384135,0.05779777206512425,0.000189741706451218
0,53,0.06440200758966826,0.057693720161586484,-0.00023258660790794467
0,54,0.06438976618925205,0.0577182029624189,-0.0006855184233076265
0,55,0.0643101970865467,0.057491737054719064,-0.0006304321214346922
0,56,0.06455502509487085,0.05764475455992165,4.284490145672665e-05
0,57,0.06441424899008447,0.05774880646345942,-0.0003550006120700208
0,58,0.0643101970865467,0.057699840861794596,-7.344840249724568e-05
0,59,0.0644632145917493,0.05777328926429184,-0.000599828620394173
0,60,0.06422450728363324,0.057705961562002694,-0.00011017260374586854
0,61,0.06432855918717101,0.057601909658464935,-0.00012241400416207614
0,62,0.06457950789570327,0.05797527237115926,-0.0003856041131105398
0,63,0.06430407638633859,0.057675358060962176,-0.0006610356224752112
0,64,0.06459174929611947,0.05799363447178357,-0.00028767290978087893
0,65,0.06449381809278981,0.05774880646345942,0.0
0,66,0.06449381809278981,0.05761415105888114,-0.0004590525156077855
0,67,0.06449381809278981,0.05761415105888114,-0.0004590525156077855
0,68,0.06448157669237362,0.05782225486595667,-0.00011017260374586854
0,69,0.06412657608030359,0.05782837556616477,-0.0004590525156077855
0,70,0.06449381809278981,0.05793854816991064,0.0
0,71,0.06446933529195739,0.05772432366262701,-0.0005325009181050312
0,72,0.06432243848696291,0.05736932305055699,0.00012853470437017994
0,73,0.06442649039050066,0.05779165136491614,0.0002448280083241523
0,74,0.06431631778675481,0.05788958256824581,0.0003366385114457094
0,75,0.06439588688946016,0.05765699596033787,0.00020198310686742564
0,76,0.06449993879299792,0.05774880646345942,-0.00012853470437017994
0,77,0.06440812828987637,0.05771208226221079,-0.00031215571061329417
0,78,0.06440200758966826,0.05774268576325131,-0.0006916391235157302
0,79,0.06435304198800343,0.057810013465540454,-0.00036112131227812464
0,80,0.06458562859591137,0.057663116660545966,-0.00011629330395397234
0,81,0.0644754559921655,0.05777940996449994,-0.0008079324274697026
0,82,0.06433467988737912,0.05777328926429184,-0.0003427592116538132
0,83,0.06456726649528706,0.057705961562002694,-0.0004468111151915779
0,84,0.06454890439466275,0.057675358060962176,-0.0005447423185212389
0,85,0.06454890439466275,0.057675358060962176,-0.0005447423185212389
0,86,0.06417554168196841,0.057877341167829596,-0.0001775003060350104
0,87,0.06444485249112498,0.05757130615742441,-0.0004039662137348513
0,88,0.06473252540090586,0.058165014077610475,-0.0006549149222671073
0,89,0.06442649039050066,0.05779165136491614,-7.344840249724568e-05
0,90,0.06449993879299792,0.057699840861794596,-6.120700208103807e-06
0,91,0.06471416330028155,0.05762639245929735,3.672420124862284e-05
0,92,0.06449993879299792,0.05758354755784062,-0.00014689680499449135
0,93,0.0644570938915412,0.05771208226221079,9.18105031215571e-05
0,94,0.06433467988737912,0.05762027175908924,-6.732770228914188e-05
0,95,0.06464071489778431,0.05746725425388664,-0.00015301750520259517
0,96,0.06426735218508997,0.05775492716366752,-0.0005508630187293426
0,97,0.06425511078467376,0.057675358060962176,-0.000887501530175052
0,98,0.06413269678051169,0.05768759946137838,-0.00013465540457828376
0,99,0.06435304198800343,0.05771208226221079,1.836210062431142e-05
1,0,-0.08187048598359652,0.11505080181172726,0.05649406292079814
1,1,-0.08211531399192068,0.11484881870485983,0.056824580732035744
1,2,-0.08221936589545845,0.11500795691027052,0.05644509731913331
1,3,-0.08221936589545845,0.11500795691027052,0.05644509731913331
1,4,-0.08211531399192068,0.11474476680132206,0.05683682213245195
1,5,-0.0823234177989962,0.11503243971110295,0.056567511323295384
1,6,-0.0823234177989962,0.11503243971110295,0.056567511323295384
1,7,-0.08201126208838291,0.11476924960215448,0.05650018362100624
1,8,-0.08232953849920431,0.11448769739258172,0.056640959725792625
1,9,-0.08232953849920431,0.11448769739258172,0.056506304321214354
1,10,-0.08188884808422084,0.11478149100257069,0.056506304321214354
1,11,-0.08210307259150447,0.11472640470069777,0.05680009793120333
1,12,-0.0821642795935855,0.11465295629820052,0.05714897784306525
1,13,-0.0821642795935855,0.11465295629820052,0.05714897784306525
1,14,-0.08209695189129637,0.1150875260129759,0.05645733871954952
1,15,-0.08212143469212878,0.1147753703023626,0.056432855918717106
1,16,-0.08212143469212878,0.1147753703023626,0.056432855918717106
1,17,-0.0821520381931693,0.11493450850777329,0.05758966825804872
1,18,-0.08219488309462603,0.1149406292079814,0.057222426245562494
1,19,-0.08219488309462603,0.1149406292079814,0.057222426245562494
1,20,-0.08208471049088015,0.11473252540090587,0.0577182029624189
1,21,-0.08224996939649895,0.11483045660423552,0.05727139184722733
1,22,-0.08224996939649895,0.11483045660423552,0.05727139184722733
1,23,-0.08218264169420982,0.11472640470069777,0.05736932305055699
1,24,-0.0821704002937936,0.11465907699840863,0.057381564450973185
1,25,-0.08204798628963153,0.11456726649528706,0.05705716733994369
1,26,-0.08204798628963153,0.11456726649528706,0.05705716733994369
1,27,-0.08206634839025585,0.11485493940506794,0.05712449504223284
1,28,-0.0821704002937936,0.11472640470069777,0.05709389154119231
1,29,-0.0821704002937936,0.11472640470069777,0.05709389154119231
1,30,-0.0821642795935855,0.11486718080548415,0.05676949443016281
1,31,-0.08196841718692618,0.11500183621006244,0.05719794344473008
1,32,-0.08196841718692618,0.11500183621006244,0.05719794344473008
1,33,-0.08209083119108826,0.11472028400048966,0.05640837311788469
1,34,-0.08224996939649895,0.1151242502142245,0.05777328926429184
1,35,-0.08224996939649895,0.1151242502142245,0.05777328926429184
1,36,-0.0821459174929612,0.11466519769861672,0.05789570326845391
1,37,-0.08209695189129637,0.11501407761047863,0.058005875872199776
1,38,-0.08231117639858,0.11478149100257069,0.05763863385971355
1,39,-0.08231117639858,0.11478149100257069,0.05763863385971355
1,40,-0.08202962418900722,0.11471416330028154,0.05709389154119231
1,41,-0.0821397967927531,0.11502631901089484,0.05698983963765455
1,42,-0.0821397967927531,0.11502631901089484,0.05698983963765455
1,43,-0.0823234177989962,0.11495899130860569,0.05680009793120333
1,44,-0.08206022769004774,0.11520994001713795,0.05762027175908924
1,45,-0.08206022769004774,0.11520994001713795,0.05762027175908924
1,46,-0.08234790059982862,0.11498959480964624,0.05758966825804872
1,47,-0.08225609009670706,0.11500183621006244,0.057381564450973185
1,48,-0.08225609009670706,0.11508140531276778,0.05667156322683316
1,49,-0.08202350348879912,0.11508140531276778,0.05667156322683316
1,50,-0.08224996939649895,0.11481821520381932,0.057222426245562494
1,51,-0.0819806585873424,0.11487942220590035,0.057381564450973185
1,52,-0.08235402130003673,0.11503856041131107,0.057106132941608524
1,53,-0.08211531399192068,0.11495287060839761,0.057210184845146284
1,54,-0.0824764353041988,0.11468968049944914,0.05701432243848696
1,55,-0.08210919329171257,0.11482433590402744,0.057179581344105765
1,56,-0.0821704002937936,0.11480597380340311,0.05731423674868404
1,57,-0.08208471049088015,0.11474476680132206,0.05751621985555148
1,58,-0.08201126208838291,0.1149467499081895,0.057179581344105765
1,59,-0.08206634839025585,0.11481821520381932,0.057179581344105765
1,60,-0.08206634839025585,0.11481821520381932,0.057179581344105765
1,61,-0.0820051413881748,0.11481821520381932,0.05719794344473008
1,62,-0.08196841718692618,0.11484269800465172,0.057277512547435426
1,63,-0.0823050556983719,0.1149651120088138,0.057277512547435426
1,64,-0.08209083119108826,0.11489166360631656,0.05689802913453299
1,65,-0.08239074550128535,0.11475088750153017,0.05743665075284613
1,66,-0.08201738278859103,0.1150875260129759,0.05705104663973558
1,67,-0.08251928020565553,0.11502019831068674,0.057063288040151795
1,68,-0.08204186558942343,0.11482433590402744,0.0573876851511813
1,69,-0.08207246909046395,0.11489778430652467,0.05733259884930836
1,70,-0.08211531399192068,0.11517321581588932,0.05733259884930836
1,71,-0.0821581588933774,0.11495899130860569,0.05750397845513526
1,72,-0.0821397967927531,0.11497123270902192,0.0572346676459787
1,73,-0.08213367609254499,0.1152650263190109,0.05761415105888114
1,74,-0.08207246909046395,0.11465295629820052,0.05714285714285714
1,75,-0.08224996939649895,0.11465907699840863,0.05728975394785163
1,76,-0.0821642795935855,0.11457950789570326,0.05754682335659199
1,77,-0.0821642795935855,0.11473252540090587,0.05725915044681111
1,78,-0.08219488309462603,0.1150875260129759,0.05737544375076509
1,79,-0.08217652099400172,0.1150875260129759,0.057418288652221816
1,80,-0.08207246909046395,0.11483045660423552,0.057418288652221816
1,81,-0.08223772799608275,0.11467743909903291,0.05744277145305423
1,82,-0.08264169420981761,0.11486718080548415,0.057693720161586484
1,83,-0.0821642795935855,0.1147753703023626,0.05747337495409475
1,84,-0.08208471049088015,0.11490390500673278,0.05743053005263802
1,85,-0.08198677928755049,0.11499571550985432,0.05735708165014077
1,86,-0.0819928999877586,0.11493450850777329,0.05708165014077611
1,87,-0.08209083119108826,0.11492838780756517,0.057418288652221816
1,88,-0.08203574488921532,0.11505080181172726,0.057559064757008206
1,89,-0.08234177989962052,0.11501407761047863,0.057210184845146284
1,90,-0.08223160729587466,0.11465295629820052,0.05697759823723834
1,91,-0.08250091810503121,0.11472028400048966,0.05710001224140041
1,92,-0.08194393438609376,0.11470804260007346,0.05727139184722733
1,93,-0.08207246909046395,0.11459786999632757,0.05710001224140041
1,94,-0.08224996939649895,0.11439588688946016,0.05759578895825682
1,95,-0.08233565919941241,0.1146345941975762,0.057161219243481456
1,96,-0.08232953849920431,0.11458562859591137,0.05748561635451096
1,97,-0.08218876239441793,0.1147753703023626,0.057522340555759575
1,98,-0.08219488309462603,0.11483657730444363,0.05773044436283511
1,99,-0.0823050556983719,0.11508140531276778,0.0573999265515975
2,0,0.08378014444852491,-0.056959236136614036,0.0159138205410699
2,1,0.08351083363936834,-0.05676949443016281,0.01541804382421349
2,2,0.08351083363936834,-0.05676949443016281,0.01541804382421349
2,3,0.08362712694332232,-0.05703880523931938,0.015467009425878319
2,4,0.08357816134165749,-0.05710001224140041,0.015534337128167463
2,5,0.08357816134165749,-0.05710001224140041,0.015534337128167463
2,6,0.08381074794956543,-0.057179581344105765,0.0154364059248378
2,7,0.08378014444852491,-0.05700208103807075,0.013710368466152529
2,8,0.08378014444852491,-0.05700208103807075,0.015736320235034885
2,9,0.08384135145060595,-0.0567572530297466,0.015736320235034885
2,10,0.08349859223895215,-0.056879667033908676,0.014897784306524667
2,11,0.08361488554290611,-0.05701432243848696,0.015411923124005387
2,12,0.08361488554290611,-0.05701432243848696,0.015411923124005387
2,13,0.08349859223895215,-0.056934753335781615,0.014885542906108459
2,14,0.08348023013832782,-0.05684906353286816,0.015620026931080916
2,15,0.08348023013832782,-0.05684906353286816,0.015620026931080916
2,16,0.08367609254498715,-0.05689190843432489,0.015283388419635205
2,17,0.08379238584894112,-0.057026563838903165,0.015307871220467622
2,18,0.08379238584894112,-0.057026563838903165,0.015307871220467622
2,19,0.08375566164769249,-0.05687354633370058,0.015522095727751256
2,20,0.08363936834373852,-0.05717346064389767,0.015485371526502631
2,21,0.08363936834373852,-0.05717346064389767,0.015485371526502631
2,22,0.083608764842698,-0.05711837434202473,0.01569347533357816
2,23,0.08348635083853592,-0.05688578773411679,0.015454768025462112
2,24,0.08366385114457095,-0.05705104663973558,0.015748561635451096
2,25,0.08366385114457095,-0.05705104663973558,0.015748561635451096
2,26,0.0835965234422818,-0.057179581344105765,0.015558819928999879
2,27,0.08364548904394663,-0.05685518423307626,0.01461011139674379
2,28,0.08364548904394663,-0.05685518423307626,0.01461011139674379
2,29,0.08379850654914922,-0.0572346676459787,0.015399681723589178
2,30,0.08358428204186559,-0.056959236136614036,0.015650630432121435
2,31,0.08358428204186559,-0.056959236136614036,0.015650630432121435
2,32,0.08373117884686007,-0.056965356836822134,0.015473130126086424
2,33,0.08359040274207369,-0.05683070143224385,0.014457093891541192
2,34,0.08359040274207369,-0.05683070143224385,0.014457093891541192
2,35,0.08366997184477905,-0.05698983963765455,0.015607785530664709
2,36,0.08369445464561145,-0.05713061574244094,0.015534337128167463
2,37,0.08369445464561145,-0.05713061574244094,0.015534337128167463
2,38,0.08348635083853592,-0.05700820173827886,0.015650630432121435
2,39,0.08372505814665197,-0.056953115436405924,0.014714163300281552
2,40,0.08366997184477905,-0.05689802913453299,0.01557718202962419
2,41,0.08366997184477905,-0.05689802913453299,0.01557718202962419
2,42,0.08355367854082507,-0.05684906353286816,0.01590157914065369
2,43,0.08373117884686007,-0.05701432243848696,0.015050801811727263
2,44,0.08373117884686007,-0.05701432243848696,0.015050801811727263
2,45,0.08365773044436284,-0.05680009793120333,0.015326233321091934
2,46,0.0836026441424899,-0.05684906353286816,0.013863385971355124
2,47,0.0836026441424899,-0.05684906353286816,0.013863385971355124
2,48,0.08346186803770352,-0.056879667033908676,0.015558819928999879
2,49,0.08370669604602766,-0.05712449504223284,0.015234422817970375
2,50,0.08370669604602766,-0.05712449504223284,0.015234422817970375
2,51,0.0834373852368711,-0.05700208103807075,0.015546578528583672
2,52,0.08359040274207369,-0.05700208103807075,0.014230627983841351
2,53,0.08356591994124127,-0.056922511935365405,0.015167095115681234
2,54,0.08359040274207369,-0.05703268453911128,0.015509854327335046
2,55,0.08368833394540336,-0.056959236136614036,0.014763128901946383
2,56,0.08363936834373852,-0.05717346064389767,0.0155955441302485
2,57,0.08346186803770352,-0.05694699473619782,0.015442526625045905
2,58,0.0837495409474844,-0.05700208103807075,0.015668992532745746
2,59,0.08340678173583058,-0.056438976618925205,0.015246664218386583
2,60,0.08357816134165749,-0.0569286326355735,0.015387440323172972
2,61,0.08351695433957644,-0.0572407883461868,0.01493450850777329
2,62,0.08346186803770352,-0.056818460031827646,0.015546578528583672
2,63,0.08368221324519524,-0.05683682213245195,0.014634594197576203
2,64,0.08386583425143837,-0.05714285714285714,0.015552699228791775
2,65,0.08362712694332232,-0.05687354633370058,0.015387440323172972
2,66,0.08373729954706818,-0.057106132941608524,0.015564940629207982
2,67,0.083608764842698,-0.05721630554535438,0.01393683437385237
2,68,0.08349859223895215,-0.05672664952870608,0.015473130126086424
2,69,0.08349859223895215,-0.05729587464805974,0.015491492226710734
2,70,0.08372505814665197,-0.05729587464805974,0.015032439711102949
2,71,0.08363324764353042,-0.057020443138695066,0.015032439711102949
2,72,0.08365160974415473,-0.05715509854327335,0.015038560411311052
2,73,0.08365160974415473,-0.05713061574244094,0.0154364059248378
2,74,0.0834251438364549,-0.056708287428081774,0.01562614763128902
2,75,0.08368833394540336,-0.05685518423307626,0.015613906230872813
2,76,0.08365160974415473,-0.05703268453911128,0.01564450973191333
2,77,0.0837617823479006,-0.056738890929122286,0.014701921899865345
2,78,0.083431264536663,-0.0569286326355735,0.01588321704002938
2,79,0.08348635083853592,-0.05688578773411679,0.015638389031705228
2,80,0.0837434202472763,-0.05730199534826784,0.015534337128167463
2,81,0.0836026441424899,-0.05685518423307626,0.015203819316929856
2,82,0.08356591994124127,-0.05717346064389767,0.01566287183253764
2,83,0.08373117884686007,-0.0572285469457706,0.014750887501530174
2,84,0.08368833394540336,-0.056818460031827646,0.015344595421716244
2,85,0.08379238584894112,-0.05711837434202473,0.01552821642795936
2,86,0.08373729954706818,-0.05729587464805974,0.014634594197576203
2,87,0.08349247153874403,-0.0567450116293304,0.014873301505692252
2,88,0.08349247153874403,-0.0567450116293304,0.015668992532745746
2,89,0.08347410943811973,-0.056965356836822134,0.015668992532745746
2,90,0.08366997184477905,-0.05712449504223284,0.015705716733994367
2,91,0.08363936834373852,-0.056959236136614036,0.015534337128167463
2,92,0.08370057534581957,-0.05689190843432489,0.015411923124005387
2,93,0.08338229893499817,-0.05684294283266006,0.015760803035867306
2,94,0.08349247153874403,-0.05727139184722733,0.015650630432121435
2,95,0.08355367854082507,-0.0569102705349492,0.015099767413392093
2,96,0.08389031705227078,-0.05705104663973558,0.015791406536907825
2,97,0.0834251438364549,-0.057179581344105765,0.015473130126086424
2,98,0.08365160974415473,-0.0567511323295385,0.015668992532745746
2,99,0.08349859223895215,-0.05701432243848696,0.015491492226710734
3,0,-0.08511445709389154,-0.0860080793242747,0.048886032562125106
3,1,-0.08523687109805361,-0.08622230383155834,0.0487207736565063
3,2,-0.08525523319867792,-0.08636920063655282,0.04896560166483045
3,3,-0.08496756028889704,-0.08627739013343126,0.0487085322560901
3,4,-0.08496756028889704,-0.08627739013343126,0.0487085322560901
3,5,-0.08500428449014567,-0.08643040763863385,0.04846982494797405
3,6,-0.08483902558452687,-0.08609376912718815,0.049045170767535805
3,7,-0.08483902558452687,-0.08609376912718815,0.049045170767535805
3,8,-0.08515730199534827,-0.08647325254009058,0.04873301505692251
3,9,-0.08513281919451585,-0.08630799363447178,0.048586118251928025
3,10,-0.08513281919451585,-0.08630799363447178,0.048586118251928025
3,11,-0.085200146896805,-0.08622842453176643,0.04873913575713061
3,12,-0.08516954339576448,-0.08630799363447178,0.048818704859835964
3,13,-0.08516954339576448,-0.08630799363447178,0.048818704859835964
3,14,-0.08507773289264292,-0.0860019586240666,0.048684049455257686
3,15,-0.0850532500918105,-0.08608764842698005,0.04895336026441425
3,16,-0.0850532500918105,-0.08605092422573143,0.04853715265026319
3,17,-0.08485738768515119,-0.08605092422573143,0.04853715265026319
3,18,-0.08518178479618069,-0.08608152772677194,0.0487085322560901
3,19,-0.08497980168931327,-0.08633859713551231,0.048830946260252174
3,20,-0.08497980168931327,-0.08633859713551231,0.048830946260252174
3,21,-0.08494307748806464,-0.08634471783572041,0.048886032562125106
3,22,-0.08514506059493207,-0.0860019586240666,0.0488676704615008
3,23,-0.08514506059493207,-0.0860019586240666,0.0488676704615008
3,24,-0.08510833639368344,-0.08620394173093401,0.04876973925817114
3,25,-0.08515730199534827,-0.08622230383155834,0.048775859958379235
3,26,-0.08515730199534827,-0.08622230383155834,0.048775859958379235
3,27,-0.08490635328681602,-0.0860080793242747,0.04894111886399804
3,28,-0.08486350838535929,-0.08598359652344228,0.04869629085567389
3,29,-0.08486350838535929,-0.08652221814175541,0.04875137715754682
3,30,-0.08516342269555637,-0.08652221814175541,0.04875137715754682
3,31,-0.08489411188639981,-0.08649161464071489,0.04886154976129269
3,32,-0.08498592238952137,-0.08647325254009058,0.049045170767535805
3,33,-0.08498592238952137,-0.08647325254009058,0.049045170767535805
3,34,-0.08502264659076998,-0.0860080793242747,0.04859835965234423
3,35,-0.08506549149222671,-0.08625902803280695,0.04866568735463337
3,36,-0.08506549149222671,-0.08625902803280695,0.04866568735463337
3,37,-0.08503488799118619,-0.08608764842698005,0.048690170155465784
3,38,-0.08509609499326723,-0.08627126943322316,0.04873301505692251
3,39,-0.08509609499326723,-0.08627126943322316,0.04873301505692251
3,40,-0.08499204308972946,-0.08614273472885298,0.04881258415962786
3,41,-0.08494919818827273,-0.08636307993634472,0.048659566654425265
3,42,-0.08494919818827273,-0.08636307993634472,0.048659566654425265
3,43,-0.08499204308972946,-0.08606928632635573,0.04899008446566287
3,44,-0.08504100869139429,-0.08657730444362835,0.049130860570449256
3,45,-0.08512057779409965,-0.08623454523197453,0.04899008446566287
3,46,-0.08512057779409965,-0.08623454523197453,0.04899008446566287
3,47,-0.08510221569347534,-0.08638756273717714,0.04884318766066838
3,48,-0.08516954339576448,-0.08627126943322316,0.04891051536295753
3,49,-0.08516954339576448,-0.08627126943322316,0.04891051536295753
3,50,-0.08517566409597258,-0.0861672175296854,0.04907577426857633
3,51,-0.08496143958868894,-0.08636920063655282,0.048947239564206144
3,52,-0.08493695678785654,-0.0861917003305178,0.049088015668992534
3,53,-0.08526135389888603,-0.08617333822989351,0.04876361855796303
3,54,-0.08493083608764843,-0.0861672175296854,0.04896560166483045
3,55,-0.08492471538744031,-0.08629575223405558,0.04889215326233321
3,56,-0.08522462969763742,-0.0861917003305178,0.04881258415962786
3,57,-0.08494307748806464,-0.08643652833884197,0.048904394662749415
3,58,-0.08504100869139429,-0.08617945893010161,0.0488737911617089
3,59,-0.08510221569347534,-0.08594075162198556,0.048947239564206144
3,60,-0.08511445709389154,-0.08606316562614763,0.04884930836087649
3,61,-0.08496143958868894,-0.08620394173093401,0.049014567266495286
3,62,-0.08510833639368344,-0.08606928632635573,0.0488676704615008
3,63,-0.08510833639368344,-0.08635083853592851,0.04878198065858734
3,64,-0.08482066348390256,-0.08635083853592851,0.04878198065858734
3,65,-0.08498592238952137,-0.08641816623821766,0.048616721752968536
3,66,-0.08504712939160239,-0.08614885542906109,0.04896560166483045
3,67,-0.08494919818827273,-0.0860019586240666,0.048879911861917
3,68,-0.08499816378993756,-0.08628963153384747,0.049002325866079076
3,69,-0.08510221569347534,-0.08655894234300404,0.048702411555881994
3,70,-0.08505937079201861,-0.08646101113967439,0.04882482556004407
3,71,-0.0852062675970131,-0.08609376912718815,0.049045170767535805
3,72,-0.08501040519035377,-0.08605704492593953,0.049057412167952015
3,73,-0.0850287672909781,-0.08616109682947728,0.049130860570449256
3,74,-0.08507161219243482,-0.08643040763863385,0.04881258415962786
3,75,-0.08477169788223773,-0.08579997551719917,0.048788101358795445
3,76,-0.08532868160117517,-0.08592851022156935,0.0490390500673277
3,77,-0.0848879911861917,-0.08610601052760436,0.048818704859835964
3,78,-0.08493083608764843,-0.0858734239196964,0.04902068796670339
3,79,-0.08495531888848085,-0.08607540702656384,0.04893499816378994
3,80,-0.08516954339576448,-0.08612437262822867,0.048757497857754926
3,81,-0.0848879911861917,-0.08623454523197453,0.0488676704615008
3,82,-0.0852185089974293,-0.08608764842698005,0.04876361855796303
3,83,-0.08497368098910515,-0.085848941118864,0.04884318766066838
3,84,-0.08492471538744031,-0.08635695923613661,0.048916636063165625
3,85,-0.08492471538744031,-0.08635695923613661,0.04897784306524666
3,86,-0.08504712939160239,-0.08628351083363936,0.04897784306524666
3,87,-0.08499816378993756,-0.08598971722365038,0.04902068796670339
3,88,-0.0852062675970131,-0.08603868282531521,0.04885542906108459
3,89,-0.0850287672909781,-0.08624678663239074,0.0487207736565063
3,90,-0.08491859468723222,-0.08636920063655282,0.04884930836087649
3,91,-0.08524299179826172,-0.0864854939405068,0.048886032562125106
3,92,-0.0848879911861917,-0.08592238952136125,0.04869629085567389
3,93,-0.08513893989472396,-0.08645489043946628,0.04885542906108459
3,94,-0.08516954339576448,-0.08625290733259885,0.04876973925817114
3,95,-0.08517566409597258,-0.08656506304321214,0.048677928755049574
3,96,-0.08490023258660791,-0.08629575223405558,0.04899008446566287
3,97,-0.08490023258660791,-0.08649161464071489,0.04869629085567389
3,98,-0.0851940261965969,-0.08611213122781246,0.04865344595421716
3,99,-0.08515730199534827,-0.08617945893010161,0.048788101358795445
