values,,Magnetometer,Magnetometer,Magnetometer
axis,,x,y,z
Sensor,Sample,,,
0,0,0.07538254376300649,0.05374586852735953,0.009327947117150202
0,1,0.07538254376300649,0.05374586852735953,0.009327947117150202
0,2,0.07537030236259028,0.05339698861549761,0.00987268943567144
0,3,0.07548047496633616,0.05347655771820296,0.00938915411923124
0,4,0.07484392214469335,0.05368466152527849,0.009450361121312279
0,5,0.07484392214469335,0.05368466152527849,0.009450361121312279
0,6,0.07518056065613907,0.05346431631778675,0.00941975762027176
0,7,0.0754009058636308,0.053427592116538136,0.00934018851756641
0,8,0.0754009058636308,0.053427592116538136,0.00934018851756641
0,9,0.07532745746113355,0.053574488921532624,0.009150446811115192
0,10,0.07521728485738768,0.05323785041008692,0.008740359897172237
0,11,0.07521728485738768,0.05323785041008692,0.008740359897172237
0,12,0.07495409474843923,0.053660178724446075,0.009150446811115192
0,13,0.0752417676582201,0.053427592116538136,0.00921165381319623
0,14,0.0752417676582201,0.053427592116538136,0.00921165381319623
0,15,0.07533969886154976,0.05355000612070021,0.009370792018606928
0,16,0.07499693964989594,0.05302362590280328,0.00926061941486106
0,17,0.07499693964989594,0.05302362590280328,0.00926061941486106
0,18,0.07534581956175787,0.05334190231362468,0.009480964622352797
0,19,0.07513159505447423,0.05347043701799485,0.009352429917982618
0,20,0.07513159505447423,0.05347043701799485,0.009352429917982618
0,21,0.07510099155343372,0.053635695923613655,0.009156567511323295
0,22,0.0752417676582201,0.053519402619659685,0.009762516831925572
0,23,0.0752417676582201,0.053519402619659685,0.009762516831925572
0,24,0.07534581956175787,0.05344595421716244,0.009278981515485372
0,25,0.07514383645489045,0.053421471416330024,0.009150446811115192
0,26,0.07517443995593096,0.053635695923613655,0.009358550618190721
0,27,0.07517443995593096,0.053635695923613655,0.009358550618190721
0,28,0.07517443995593096,0.05334802301383278,0.00930958501652589
0,29,0.07485616354510956,0.0536907822254866,0.009627861427347287
0,30,0.07485616354510956,0.0536907822254866,0.009627861427347287
0,31,0.07521728485738768,0.053427592116538136,0.009058636307993634
0,32,0.07503366385114457,0.05362345452319746,0.009174929611947606
0,33,0.07503366385114457,0.05362345452319746,0.009174929611947606
0,34,0.0749234912473987,0.053415350716121926,0.009897172236503857
0,35,0.07518668135634717,0.05345207491737055,0.009425878320479864
0,36,0.07518668135634717,0.05345207491737055,0.009425878320479864
0,37,0.07487452564573387,0.053531644020075896,0.009285102215693475
0,38,0.0754009058636308,0.053537764720284,0.009529930224017626
0,39,0.0754009058636308,0.053537764720284,0.009529930224017626
0,40,0.07529685396009303,0.05345207491737055,0.009334067817358306
0,41,0.07516831925572286,0.05335414371404089,0.009413636920063655
0,42,0.07516831925572286,0.05335414371404089,0.009413636920063655
0,43,0.07489288774635819,0.05344595421716244,0.00877708409842086
0,44,0.07514383645489045,0.05364181662382177,0.009395274819439343
0,45,0.07514383645489045,0.05364181662382177,0.009395274819439343
0,46,0.07510711225364182,0.053427592116538136,0.009034153507161219
0,47,0.07503978455135267,0.05339698861549761,0.009738034031093157
0,48,0.07531521606071735,0.05347043701799485,0.00969518912963643
0,49,0.07531521606071735,0.05347043701799485,0.00969518912963643
0,50,0.07513159505447423,0.053390867915289505,0.00938915411923124
0,51,0.07517443995593096,0.05359897172236504,0.009505447423185213
0,52,0.07517443995593096,0.05359897172236504,0.009505447423185213
0,53,0.07514383645489045,0.053433712816746234,0.00908311910882605
0,54,0.07520504345697147,0.053519402619659685,0.00913208471049088
0,55,0.07520504345697147,0.053519402619659685,0.00913208471049088
0,56,0.07499693964989594,0.05334802301383278,0.009725792630676949
0,57,0.07515607785530665,0.05361733382298935,0.009603378626514874
0,58,0.07515607785530665,0.05361733382298935,0.009603378626514874
0,59,0.07494797404823111,0.053519402619659685,0.009101481209450361
0,60,0.07515607785530665,0.053733627126943316,0.009285102215693475
0,61,0.07515607785530665,0.053733627126943316,0.009285102215693475
0,62,0.07502142245072836,0.05319500550863019,0.00956665442526625
0,63,0.07513771575468234,0.05320112620883829,0.009327947117150202
0,64,0.07513771575468234,0.05320112620883829,0.009327947117150202
0,65,0.07497245684906353,0.05348267841841107,0.009468723221936589
0,66,0.07497857754927165,0.05332354021300036,0.009034153507161219
0,67,0.07521116415717957,0.05329293671195985,0.009364671318398824
0,68,0.07521116415717957,0.05329293671195985,0.009364671318398824
0,69,0.07502142245072836,0.05347043701799485,0.009670706328804016
0,70,0.07516219855551474,0.053703023625902804,0.009285102215693475
0,71,0.07516219855551474,0.053703023625902804,0.009285102215693475
0,72,0.07515607785530665,0.053562247521116414,0.009334067817358306
0,73,0.07510711225364182,0.05373974782715143,0.00926061941486106
0,74,0.07510711225364182,0.05373974782715143,0.00926061941486106
0,75,0.07527237115926062,0.053703023625902804,0.009034153507161219
0,76,0.0750765087526013,0.05332354021300036,0.009640102827763496
0,77,0.0750765087526013,0.05332354021300036,0.009640102827763496
0,78,0.07527237115926062,0.05332354021300036,0.009174929611947606
0,79,0.0752417676582201,0.05332354021300036,0.009119843310074673
0,80,0.0752417676582201,0.05332354021300036,0.009119843310074673
0,81,0.07535194026196597,0.05359285102215694,0.009493206022769004
0,82,0.07502754315093647,0.05331129881258416,0.008966825804872078
0,83,0.07502754315093647,0.05331129881258416,0.008966825804872078
0,84,0.07502754315093647,0.05326233321091933,0.009015791406536907
0,85,0.07503978455135267,0.05332354021300036,0.00926061941486106
0,86,0.07503978455135267,0.05332354021300036,0.00926061941486106
0,87,0.07527849185946872,0.053703023625902804,0.009585016525890562
0,88,0.07511323295384992,0.05337862651487331,0.009591137226098665
0,89,0.07511323295384992,0.053568368221324526,0.00956665442526625
0,90,0.07511323295384992,0.053568368221324526,0.00956665442526625
0,91,0.07499693964989594,0.05358060962174073,0.00905251560778553
0,92,0.07493573264781492,0.053562247521116414,0.009376912718815033
0,93,0.07493573264781492,0.053562247521116414,0.009376912718815033
0,94,0.07496021544864732,0.05359897172236504,0.009095360509242258
0,95,0.07512547435426613,0.05373974782715143,0.009358550618190721
0,96,0.07512547435426613,0.05373974782715143,0.009358550618190721
0,97,0.0752478883584282,0.05347043701799485,0.009009670706328804
0,98,0.07523564695801199,0.053433712816746234,0.00919329171257192
0,99,0.07523564695801199,0.053433712816746234,0.00919329171257192
1,0,-0.0956543028522463,0.11341045415595544,0.07757987513771576
1,1,-0.0956543028522463,0.11341045415595544,0.07757987513771576
1,2,-0.09575835475578406,0.11307993634471784,0.07747582323417798
1,3,-0.09570326845391113,0.11346554045782838,0.07811237605582079
1,4,-0.09570326845391113,0.11346554045782838,0.07811237605582079
1,5,-0.09574611335536785,0.1128595911372261,0.07761047863875628
1,6,-0.09560533725058147,0.11331252295262577,0.0784490145672665
1,7,-0.09559921655037337,0.11315338474721508,0.07817970375810993
1,8,-0.09559921655037337,0.11315338474721508,0.07817970375810993
1,9,-0.09555637164891664,0.11331864365283388,0.07812461745623699
1,10,-0.09584404455869752,0.11314114334679888,0.07800832415228302
1,11,-0.09584404455869752,0.11314114334679888,0.07800832415228302
1,12,-0.09568490635328682,0.11289019463826662,0.07794711715020199
1,13,-0.09572775125474355,0.11334312645366632,0.07759823723834006
1,14,-0.09572775125474355,0.11334312645366632,0.07759823723834006
1,15,-0.09573387195495164,0.11341657485616355,0.07833884196352062
1,16,-0.09588076875994614,0.11305545354388542,0.07821642795935854
1,17,-0.09588076875994614,0.11305545354388542,0.07821642795935854
1,18,-0.09583792385848941,0.11339209205533114,0.07809401395519647
1,19,-0.09554413024850042,0.11325743665075286,0.07808177255478027
1,20,-0.0956604235524544,0.1134900232586608,0.0786265148733015
1,21,-0.0956604235524544,0.1134900232586608,0.0786265148733015
1,22,-0.09574611335536785,0.11315950544742319,0.07723099522585383
1,23,-0.09577671685640837,0.11319010894846371,0.0773228057289754
1,24,-0.09577671685640837,0.11319010894846371,0.0773228057289754
1,25,-0.09576447545599218,0.11332476435304199,0.0781368588566532
1,26,-0.09591749296119476,0.11315950544742319,0.07734116782959971
1,27,-0.09591749296119476,0.11315950544742319,0.07734116782959971
1,28,-0.0956726649528706,0.11317786754804751,0.07786142734728853
1,29,-0.09554413024850042,0.11314726404700697,0.07849798016893132
1,30,-0.09554413024850042,0.11314726404700697,0.07833884196352062
1,31,-0.0958318031582813,0.11328191945158525,0.07833884196352062
1,32,-0.09567878565307872,0.11315338474721508,0.07809401395519647
1,33,-0.0954890439466275,0.11304321214346921,0.07922022279348757
1,34,-0.0954890439466275,0.11304321214346921,0.07922022279348757
1,35,-0.09577059615620027,0.11343493695678786,0.07777573754437508
1,36,-0.09557473374954095,0.11335536785408251,0.07858979067205288
1,37,-0.09557473374954095,0.11335536785408251,0.07858979067205288
1,38,-0.09559309585016526,0.11312278124617456,0.07821030725915044
1,39,-0.09562369935120578,0.11328804015179336,0.07775737544375076
1,40,-0.09562369935120578,0.11328804015179336,0.07775737544375076
1,41,-0.0956665442526625,0.11341045415595544,0.07851634226955564
1,42,-0.09561757865099767,0.11341045415595544,0.07799608275186681
1,43,-0.09561757865099767,0.11341045415595544,0.07808177255478027
1,44,-0.09592361366140287,0.11331252295262577,0.07808177255478027
1,45,-0.09570938915411922,0.11340433345574734,0.07840004896560167
1,46,-0.09575835475578406,0.11343493695678786,0.0784428938670584
1,47,-0.09575835475578406,0.11343493695678786,0.0784428938670584
1,48,-0.09562982005141388,0.11341045415595544,0.07789203084832905
1,49,-0.09587464805973803,0.11344717835720405,0.07840616966580977
1,50,-0.09587464805973803,0.11344717835720405,0.07840616966580977
1,51,-0.09600318276410821,0.11328804015179336,0.0784367731668503
1,52,-0.09561757865099767,0.11344105765699597,0.07818582445831804
1,53,-0.09561757865099767,0.11344105765699597,0.07818582445831804
1,54,-0.09577671685640837,0.11341657485616355,0.0782715142612315
1,55,-0.0958011996572408,0.113502264659077,0.07806953115436406
1,56,-0.0958011996572408,0.113502264659077,0.07775737544375076
1,57,-0.09584404455869752,0.11330640225241768,0.07775737544375076
1,58,-0.09580732035744889,0.1135267474599094,0.07814297955686131
1,59,-0.09543395764475457,0.11328191945158525,0.07800220345207491
1,60,-0.09543395764475457,0.11328191945158525,0.07800220345207491
1,61,-0.09572163055453545,0.113502264659077,0.07839392826539357
1,62,-0.0958318031582813,0.1131717468478394,0.07826539356102338
1,63,-0.0958318031582813,0.1131717468478394,0.07826539356102338
1,64,-0.0954829232464194,0.11358183376178235,0.07851634226955564
1,65,-0.09578283755661647,0.11355735096094995,0.07811237605582079
1,66,-0.09578283755661647,0.11355735096094995,0.07811237605582079
1,67,-0.09570938915411922,0.1132023503488799,0.07792875504957766
1,68,-0.09559309585016526,0.11323907455012854,0.07789815154853716
1,69,-0.09571550985432734,0.1136920063655282,0.07825927286081527
1,70,-0.09571550985432734,0.1136920063655282,0.07825927286081527
1,71,-0.09554413024850042,0.11328191945158525,0.07772677194271024
1,72,-0.09555025094870853,0.11322683314971234,0.07828375566164769
1,73,-0.09555025094870853,0.11322683314971234,0.07828375566164769
1,74,-0.0956481821520382,0.11312890194638267,0.07808789325498837
1,75,-0.09555025094870853,0.1130248500428449,0.0782715142612315
1,76,-0.09555025094870853,0.1130248500428449,0.0782715142612315
1,77,-0.09569102705349491,0.11332476435304199,0.07810013465540458
1,78,-0.0956604235524544,0.11323907455012854,0.07809401395519647
1,79,-0.0956604235524544,0.11323907455012854,0.07809401395519647
1,80,-0.09559921655037337,0.11342269555637166,0.07800832415228302
1,81,-0.09553188884808422,0.1133614885542906,0.07795935855061818
1,82,-0.095990941363692,0.11332476435304199,0.07816134165748562
1,83,-0.095990941363692,0.11332476435304199,0.07816134165748562
1,84,-0.0956481821520382,0.11314726404700697,0.07800220345207491
1,85,-0.09586852735952993,0.11332476435304199,0.07783082384624801
1,86,-0.09586852735952993,0.11332476435304199,0.07783082384624801
1,87,-0.09562369935120578,0.11322071244950423,0.07850410086913942
1,88,-0.09578283755661647,0.11307381564450973,0.07814297955686131
1,89,-0.09578283755661647,0.11307381564450973,0.07814297955686131
1,90,-0.09573999265515976,0.11342881625657975,0.07814297955686131
1,91,-0.09587464805973803,0.1131717468478394,0.0784673766678908
1,92,-0.09587464805973803,0.1131717468478394,0.0784673766678908
1,93,-0.0959664585628596,0.11354510956053372,0.07836944546456115
1,94,-0.09575835475578406,0.11335536785408251,0.07833884196352062
1,95,-0.09553800954829232,0.1133370057534582,0.0784551352674746
1,96,-0.09553800954829232,0.1133370057534582,0.0784551352674746
1,97,-0.09594809646223527,0.11322683314971234,0.07822254865956665
1,98,-0.09580732035744889,0.1133614885542906,0.07864487697392582
1,99,-0.09580732035744889,0.1133614885542906,0.07864487697392582
2,0,0.06929856775615131,-0.0519218998653446,0.0061023381074794955
2,1,0.06929856775615131,-0.0519218998653446,0.0061023381074794955
2,2,0.06926184355490268,-0.05183008936222304,0.0062369935120577796
2,3,0.06904761904761905,-0.0517627616599339,0.0055943199902068795
2,4,0.06904761904761905,-0.0517627616599339,0.0055943199902068795
2,5,0.06924348145427836,-0.051591382054106995,0.006316562614763129
2,6,0.06934753335781614,-0.05201983106867426,0.006096217407271392
2,7,0.06934753335781614,-0.05201983106867426,0.006096217407271392
2,8,0.06891296364304075,-0.05140164034765578,0.006041131105398457
2,9,0.06928632635573509,-0.052050434569714775,0.006390011017260375
2,10,0.06928632635573509,-0.052050434569714775,0.006390011017260375
2,11,0.06902925694699473,-0.05183008936222304,0.006194148610601053
2,12,0.06930468845635941,-0.051952503366385114,0.006218631411433468
2,13,0.06903537764720284,-0.05200146896804995,0.006145183008936223
2,14,0.06903537764720284,-0.05200146896804995,0.006145183008936223
2,15,0.06946994736197822,-0.051768882360142,0.005318888480842209
2,16,0.06912106745011629,-0.05163422695556371,0.0062920798139307135
2,17,0.06912106745011629,-0.05163422695556371,0.0062920798139307135
2,18,0.06940874035989716,-0.051732158158893385,0.005294405680009793
2,19,0.0691271881503244,-0.05161586485493941,0.00633492471538744
2,20,0.0691271881503244,-0.05161586485493941,0.00633492471538744
2,21,0.06928020565552699,-0.05170155465785285,0.006059493206022769
2,22,0.06932305055698372,-0.051554657852858364,0.006371648916636064
2,23,0.06932305055698372,-0.051554657852858364,0.006371648916636064
2,24,0.06913330885053251,-0.051934141265760805,0.006377769616844167
2,25,0.06935977475823234,-0.051891296364304076,0.006151303709144326
2,26,0.0691271881503244,-0.051836210062431144,0.005955441302485005
2,27,0.0691271881503244,-0.051836210062431144,0.005955441302485005
2,28,0.06904149834741094,-0.05207491737054719,0.0054596645856285955
2,29,0.06921899865344595,-0.05201371036846615,0.0059493206022769
2,30,0.06921899865344595,-0.05201371036846615,0.0059493206022769
2,31,0.06930468845635941,-0.05184233076263924,0.0058942343004039655
2,32,0.06911494674990819,-0.05181784796180683,0.006267597013098298
2,33,0.06911494674990819,-0.05181784796180683,0.006267597013098298
2,34,0.06903537764720284,-0.051750520259517686,0.006390011017260375
2,35,0.06902313624678663,-0.05172603745868527,0.005551475088750153
2,36,0.06902313624678663,-0.05172603745868527,0.005551475088750153
2,37,0.06932305055698372,-0.05206267597013098,0.006402252417676582
2,38,0.06917615375198923,-0.05171379605826907,0.006359407516219856
2,39,0.06917615375198923,-0.05171379605826907,0.004792508262945281
2,40,0.06950055086301873,-0.052038193169298565,0.006114579507895703
2,41,0.06920675725302974,-0.05171991675847717,0.006224752111641572
2,42,0.06906598114824336,-0.051707675358060964,0.0062369935120577796
2,43,0.06906598114824336,-0.051707675358060964,0.0062369935120577796
2,44,0.0691271881503244,-0.051750520259517686,0.006145183008936223
2,45,0.06894356714408129,-0.052081038070755294,0.005704492593952748
2,46,0.06894356714408129,-0.052081038070755294,0.005704492593952748
2,47,0.06894356714408129,-0.0519218998653446,0.00554535438854205
2,48,0.06911494674990819,-0.051836210062431144,0.006004406904149834
2,49,0.06911494674990819,-0.051836210062431144,0.006004406904149834
2,50,0.06930468845635941,-0.051976986167217534,0.006224752111641572
2,51,0.06935977475823234,-0.05181784796180683,0.005973803403109316
2,52,0.06935977475823234,-0.05181784796180683,0.005973803403109316
2,53,0.06910270534949198,-0.05183008936222304,0.006383890317052271
2,54,0.06900477414616232,-0.05171379605826907,0.0061207002081038065
2,55,0.06910270534949198,-0.051940261965968904,0.005380095482923246
2,56,0.06910270534949198,-0.051940261965968904,0.005380095482923246
2,57,0.06932305055698372,-0.051732158158893385,0.005728975394785164
2,58,0.06909046394907578,-0.05184233076263924,0.006206390011017261
2,59,0.06909046394907578,-0.05184233076263924,0.006206390011017261
2,60,0.06923736075407026,-0.05199534826784184,0.005380095482923246
2,61,0.06923124005386216,-0.051946382666177016,0.006243114212265883
2,62,0.06923124005386216,-0.051946382666177016,0.006243114212265883
2,63,0.06926796425511078,-0.05195862406659322,0.006200269310809157
2,64,0.06909658464928388,-0.051732158158893385,0.006126820908311911
2,65,0.06909658464928388,-0.051732158158893385,0.006126820908311911
2,66,0.06910882604970009,-0.05171991675847717,0.005973803403109316
2,67,0.06904149834741094,-0.05172603745868527,0.0058575100991553435
2,68,0.06917003305178113,-0.05187293426367976,0.005484147386461012
2,69,0.06917003305178113,-0.05187293426367976,0.005484147386461012
2,70,0.06932305055698372,-0.05168319255722855,0.006347166115803648
2,71,0.06932917125719182,-0.05208715877096339,0.006377769616844167
2,72,0.06932917125719182,-0.05208715877096339,0.006377769616844167
2,73,0.06920675725302974,-0.052081038070755294,0.005759578895825682
2,74,0.06930468845635941,-0.05178724446076631,0.0062369935120577796
2,75,0.06930468845635941,-0.05178724446076631,0.0062369935120577796
2,76,0.06911494674990819,-0.05185457216305546,0.006377769616844167
2,77,0.06928020565552699,-0.05196474476680132,0.005061819072101848
2,78,0.06928020565552699,-0.05196474476680132,0.005061819072101848
2,79,0.06924960215448647,-0.051952503366385114,0.00641449381809279
2,80,0.06923736075407026,-0.051732158158893385,0.0062920798139307135
2,81,0.06923736075407026,-0.051591382054106995,0.006561390623087281
2,82,0.06921899865344595,-0.051591382054106995,0.006561390623087281
2,83,0.0691516709511568,-0.05189741706451219,0.0060472518056065615
2,84,0.06929856775615131,-0.05190353776472029,0.006402252417676582
2,85,0.06929856775615131,-0.05190353776472029,0.006402252417676582
2,86,0.06904149834741094,-0.0517750030603501,0.005710613294160852
2,87,0.06921287795323786,-0.051793365160974415,0.005055698371893744
2,88,0.06921287795323786,-0.051793365160974415,0.005055698371893744
2,89,0.0691455502509487,-0.051836210062431144,0.005171991675847717
2,90,0.06934141265760803,-0.051909658464928385,0.005973803403109316
2,91,0.06934141265760803,-0.051909658464928385,0.005973803403109316
2,92,0.06926796425511078,-0.051909658464928385,0.006090096707063288
2,93,0.0691455502509487,-0.05189741706451219,0.006353286816011753
2,94,0.0691455502509487,-0.05189741706451219,0.006353286816011753
2,95,0.06917003305178113,-0.05184845146284735,0.0062369935120577796
2,96,0.06928020565552699,-0.05172603745868527,0.006353286816011753
2,97,0.0691455502509487,-0.05228302117762272,0.006298200514138817
2,98,0.0691455502509487,-0.05228302117762272,0.006298200514138817
2,99,0.0691516709511568,-0.051793365160974415,0.006175786509976741
3,0,-0.06873546333700575,-0.07907944668870118,0.03238462480107725
3,1,-0.06834985922389522,-0.07914065369078223,0.03226833149712327
3,2,-0.06834985922389522,-0.07914065369078223,0.03226833149712327
3,3,-0.06857020443138695,-0.07934263679764965,0.032433590402742074
3,4,-0.068337617823479,-0.07897539478516342,0.032445831803158284
3,5,-0.068337617823479,-0.07897539478516342,0.032445831803158284
3,6,-0.0685028767290978,-0.07920186069286327,0.032421349002325864
3,7,-0.06885787734116783,-0.07917125719182275,0.03219488309462602
3,8,-0.06841106622597624,-0.07944056800097932,0.032421349002325864
3,9,-0.06841106622597624,-0.07944056800097932,0.032421349002325864
3,10,-0.06846003182764107,-0.07928142979556861,0.03266617701065001
3,11,-0.06841718692618436,-0.07915901579140654,0.03255600440690415
3,12,-0.06841718692618436,-0.07915901579140654,0.03255600440690415
3,13,-0.06841718692618436,-0.0794283266005631,0.03240910760190966
3,14,-0.06844779042722487,-0.07899987758599583,0.03226833149712327
3,15,-0.06844779042722487,-0.07899987758599583,0.03226833149712327
3,16,-0.06861304933284368,-0.07923246419390378,0.032562125107112254
3,17,-0.06869873913575712,-0.07906720528828498,0.03232341779899621
3,18,-0.06869873913575712,-0.07906720528828498,0.03232341779899621
3,19,-0.068808911739503,-0.07929979189619293,0.03262333210919329
3,20,-0.06861304933284368,-0.07953849920430897,0.03212755539233688
3,21,-0.06820296241890073,-0.07908556738890929,0.03222548659566654
3,22,-0.06820296241890073,-0.07908556738890929,0.03222548659566654
3,23,-0.06872934263679766,-0.07950177500306035,0.03233565919941241
3,24,-0.06851511812951402,-0.07934263679764965,0.03224996939649896
3,25,-0.06851511812951402,-0.07934263679764965,0.03224996939649896
3,26,-0.0684783939282654,-0.07918349859223896,0.03234177989962052
3,27,-0.06876606683804627,-0.07919573999265515,0.03221324519525033
3,28,-0.06876606683804627,-0.07919573999265515,0.03221324519525033
3,29,-0.06859468723221937,-0.07913453299057413,0.032274452197331376
3,30,-0.06840494552576815,-0.07936099889827396,0.032286693597747586
3,31,-0.06840494552576815,-0.07936099889827396,0.032286693597747586
3,32,-0.06858244583180316,-0.07920798139307136,0.03233565919941241
3,33,-0.0686375321336761,-0.0792569469947362,0.032531521606071735
3,34,-0.06851511812951402,-0.07923246419390378,0.0324825560044069
3,35,-0.06851511812951402,-0.07923246419390378,0.0324825560044069
3,36,-0.06861304933284368,-0.078950911984331,0.03232341779899621
3,37,-0.06843554902680866,-0.07916513649161463,0.03221936589545844
3,38,-0.06843554902680866,-0.07916513649161463,0.03221936589545844
3,39,-0.06855796303097075,-0.07928755049577671,0.03232953849920431
3,40,-0.06861304933284368,-0.0792630676949443,0.03210307259150447
3,41,-0.06861304933284368,-0.0792630676949443,0.03210307259150447
3,42,-0.06868037703513283,-0.07903048108703635,0.03262333210919329
3,43,-0.0684783939282654,-0.07929367119598482,0.032164279593585504
3,44,-0.0684783939282654,-0.07929367119598482,0.032164279593585504
3,45,-0.06860080793242747,-0.0794344473007712,0.032378504100869135
3,46,-0.06841718692618436,-0.07907944668870118,0.0323172970987881
3,47,-0.06857632513159505,-0.07927530909536051,0.032519280205655525
3,48,-0.06857632513159505,-0.07927530909536051,0.032519280205655525
3,49,-0.06865589423430041,-0.07923246419390378,0.03242746970253397
3,50,-0.06856408373117885,-0.07901823968662015,0.032360142000244826
3,51,-0.06856408373117885,-0.07901823968662015,0.032360142000244826
3,52,-0.06868649773534093,-0.07933039539723344,0.0324764353041988
3,53,-0.0684967560288897,-0.07942220590035501,0.032164279593585504
3,54,-0.0684967560288897,-0.07942220590035501,0.032164279593585504
3,55,-0.06838658342514384,-0.0790916880891174,0.03240910760190966
3,56,-0.06868037703513283,-0.07896927408495533,0.03218264169420982
3,57,-0.06868037703513283,-0.07896927408495533,0.03218264169420982
3,58,-0.06851511812951402,-0.07929367119598482,0.032378504100869135
3,59,-0.0686375321336761,-0.07944056800097932,0.03266617701065001
3,60,-0.06868037703513283,-0.07930591259640103,0.03246419390378259
3,61,-0.06868037703513283,-0.07930591259640103,0.03246419390378259
3,62,-0.06855184233076264,-0.07915901579140654,0.032445831803158284
3,63,-0.0688150324397111,-0.07920186069286327,0.03233565919941241
3,64,-0.0688150324397111,-0.07920186069286327,0.03233565919941241
3,65,-0.0684906353286816,-0.0789325498837067,0.032421349002325864
3,66,-0.06853348023013833,-0.07905496388786877,0.03250091810503122
3,67,-0.06853348023013833,-0.07905496388786877,0.03250091810503122
3,68,-0.06859468723221937,-0.07929367119598482,0.032562125107112254
3,69,-0.06861304933284368,-0.07893867058391481,0.03235402130003672
3,70,-0.06861304933284368,-0.07893867058391481,0.03235402130003672
3,71,-0.0684906353286816,-0.07920186069286327,0.03231117639858
3,72,-0.06861304933284368,-0.07905496388786877,0.032390745501285345
3,73,-0.06862529073325987,-0.07939160239931449,0.03253764230627984
3,74,-0.06862529073325987,-0.07939160239931449,0.03253764230627984
3,75,-0.0686497735340923,-0.07929979189619293,0.03250703880523932
3,76,-0.06845391112743297,-0.07898151548537152,0.03241522830211776
3,77,-0.06845391112743297,-0.07898151548537152,0.03241522830211776
3,78,-0.0686497735340923,-0.0789570326845391,0.03224384869629086
3,79,-0.0684722732280573,-0.07934263679764965,0.03259272860815277
3,80,-0.0684722732280573,-0.07934263679764965,0.03259272860815277
3,81,-0.06846003182764107,-0.07906108458807688,0.03223160729587465
3,82,-0.06863141143346799,-0.07940996449993878,0.032617211408985186
3,83,-0.06863141143346799,-0.07940996449993878,0.032617211408985186
3,84,-0.0686497735340923,-0.07945893010160363,0.03223160729587465
3,85,-0.06874158403721385,-0.07915289509119844,0.032390745501285345
3,86,-0.0684906353286816,-0.07949565430285224,0.032047986289631535
3,87,-0.0684906353286816,-0.07949565430285224,0.032047986289631535
3,88,-0.06858856653201126,-0.07945893010160363,0.03221936589545844
3,89,-0.06860692863263558,-0.0792630676949443,0.03252540090586363
3,90,-0.06860692863263558,-0.0792630676949443,0.03252540090586363
3,91,-0.06871098053617333,-0.07913453299057413,0.032133676092544985
3,92,-0.06852735952993022,-0.07906720528828498,0.03241522830211776
3,93,-0.06852735952993022,-0.07906720528828498,0.03241522830211776
3,94,-0.0686436528338842,-0.07893867058391481,0.03235402130003672
3,95,-0.06863141143346799,-0.07913453299057413,0.03220100379483413
3,96,-0.06863141143346799,-0.07913453299057413,0.03220100379483413
3,97,-0.06859468723221937,-0.07928755049577671,0.032286693597747586
3,98,-0.06858244583180316,-0.07938548169910638,0.03209695189129637
3,99,-0.06867425633492472,-0.07911005018974171,0.03218264169420982
