values,,Magnetometer,Magnetometer,Magnetometer
axis,,x,y,z
Sensor,Sample,,,
0,0,0.043261109070877705,0.050250948708532264,-0.008318031582813074
0,1,0.04353654058024238,0.04985310319500551,-0.007901823968662016
0,2,0.043456971477537035,0.05015301750520259,-0.008446566287183254
0,3,0.043456971477537035,0.05001224140041621,-0.007840616966580977
0,4,0.04335291957399927,0.05001224140041621,-0.007920186069286326
0,5,0.043230505569837194,0.05004284490145673,-0.007920186069286326
0,6,0.04350593707920186,0.050030603501040515,-0.008122169176153753
0,7,0.04333455747337495,0.05008568980291346,-0.008116048475945648
0,8,0.04347533357816134,0.04993267229771085,-0.008415962786142735
0,9,0.043456971477537035,0.0496817235891786,-0.008171134777818582
0,10,0.04337740237483168,0.04985310319500551,-0.008226221079691516
0,11,0.04342636797649651,0.05022034520749173,-0.00784673766678908
0,12,0.043542661280450486,0.04995103439833517,-0.008305790182396865
0,13,0.04327947117150202,0.04988982739625413,-0.007693720161586486
0,14,0.04360998898273963,0.05022034520749173,-0.008269065981148243
0,15,0.04359162688211531,0.049785775492716365,-0.008513893989472396
0,16,0.043542661280450486,0.0500061207002081,-0.008097686375321336
0,17,0.043542661280450486,0.0500061207002081,-0.008097686375321336
0,18,0.04343860937691272,0.050024482800832416,-0.008366997184477904
0,19,0.0435671440812829,0.04993267229771085,-0.00826294528094014
0,20,0.04349981637899376,0.049957155098543274,-0.008250703880523933
0,21,0.043389643775247885,0.05001224140041621,-0.008146651976986167
0,22,0.043389643775247885,0.05001224140041621,-0.008146651976986167
0,23,0.043701799485861184,0.049944913698127064,-0.007871220467621495
0,24,0.043677316685028764,0.05012241400416208,-0.008060962174072714
0,25,0.043316195372750645,0.05007344840249724,-0.007491737054719059
0,26,0.04372016158648549,0.05014689680499449,-0.007901823968662016
0,27,0.04337740237483168,0.0498347410943812,-0.008036479373240299
0,28,0.04360998898273963,0.04996327579875138,-0.007993634471783572
0,29,0.04346309217774513,0.05010405190353776,-0.007932427469702534
0,30,0.04352429917982617,0.049957155098543274,-0.008434324886767045
0,31,0.043316195372750645,0.049895948096462236,-0.008464928387807564
0,32,0.04351205777940996,0.049944913698127064,-0.008691394295507405
0,33,0.04358550618190721,0.050140776104786386,-0.00826294528094014
0,34,0.043395764475456,0.04995103439833517,-0.007932427469702534
0,35,0.043456971477537035,0.04962663728730567,-0.008495531888848084
0,36,0.043628351083363937,0.05001224140041621,-0.008795446199045171
0,37,0.043273350471293916,0.05012241400416208,-0.008550618190721018
0,38,0.04342636797649651,0.04976129269188395,-0.008226221079691516
0,39,0.04349981637899376,0.050208103807075535,-0.008446566287183254
0,40,0.04349981637899376,0.050208103807075535,-0.008446566287183254
0,41,0.043487574978577546,0.050171379605826905,-0.007938548169910638
0,42,0.043395764475456,0.05007956910270535,-0.009223895213612438
0,43,0.04338352307503979,0.050171379605826905,-0.00833027298322928
0,44,0.04346309217774513,0.05015301750520259,-0.008122169176153753
0,45,0.043573264781491,0.05014689680499449,-0.00831191088260497
0,46,0.04347533357816134,0.049926551597502755,-0.008091565675113233
0,47,0.04349981637899376,0.05013465540457829,-0.008562859591137225
0,48,0.04362223038315584,0.050183621006243115,-0.007932427469702534
0,49,0.04357938548169911,0.05001224140041621,-0.008073203574488921
0,50,0.043573264781491,0.050030603501040515,-0.008287428081772555
0,51,0.043775247888358425,0.04998163789937569,-0.008850532500918105
0,52,0.043346798873791156,0.050342759211653806,-0.008336393683437384
0,53,0.043346798873791156,0.050110172603745874,-0.008299669482188762
0,54,0.04351205777940996,0.050110172603745874,-0.0076508752601297594
0,55,0.04351205777940996,0.04996939649895948,-0.0076508752601297594
0,56,0.04347533357816134,0.04996327579875138,-0.007730444362835108
0,57,0.043756885787734116,0.0501591382054107,-0.008060962174072714
0,58,0.04353654058024238,0.05029379360998898,-0.008109927775737543
0,59,0.043671195984820665,0.04998163789937569,-0.008336393683437384
0,60,0.04343860937691272,0.05011629330395397,-0.008146651976986167
0,61,0.04333455747337495,0.05001224140041621,-0.007920186069286326
0,62,0.04349981637899376,0.05018974170645122,-0.00810380707552944
0,63,0.04352429917982617,0.04971844779042722,-0.008140531276778063
0,64,0.043701799485861184,0.05011629330395397,-0.009034153507161219
0,65,0.043701799485861184,0.05003672420124863,-0.007920186069286326
0,66,0.043487574978577546,0.05004896560166483,-0.008269065981148243
0,67,0.043432488676704614,0.04987758599583793,-0.008305790182396865
0,68,0.04335291957399927,0.04976741339209206,-0.00823234177989962
0,69,0.04347533357816134,0.05012241400416208,-0.008189496878442894
0,70,0.04342024727628841,0.05007956910270535,-0.008024237972824092
0,71,0.04342024727628841,0.05007956910270535,-0.008024237972824092
0,72,0.04355490268086669,0.05005508630187293,-0.008624066593218264
0,73,0.04342024727628841,0.049914310197086545,-0.008930101603623454
0,74,0.04351205777940996,0.04999387929979189,-0.008287428081772555
0,75,0.04350593707920186,0.04982249969396499,-0.008171134777818582
0,76,0.04331007467254254,0.05022646590769984,-0.008348635083853593
0,77,0.04347533357816134,0.050030603501040515,-0.008036479373240299
0,78,0.04342636797649651,0.05020198310686742,-0.007877341167829599
0,79,0.04366507528461256,0.0501591382054107,-0.008067082874280818
0,80,0.0437385236871098,0.04999387929979189,-0.008256824580732037
0,81,0.04348145427836945,0.050140776104786386,-0.008109927775737543
0,82,0.043530419880034275,0.049895948096462236,-0.00833027298322928
0,83,0.04336516097441547,0.04998775859958379,-0.008189496878442894
0,84,0.043444730077120824,0.050140776104786386,-0.008464928387807564
0,85,0.043689558085444974,0.04990818949687844,-0.008507773289264293
0,86,0.043689558085444974,0.04990818949687844,-0.008507773289264293
0,87,0.043389643775247885,0.050140776104786386,-0.008373117884686008
0,88,0.04372016158648549,0.049798016893132575,-0.008483290488431878
0,89,0.04335291957399927,0.0498469824947974,-0.008018117272615987
0,90,0.04329171257191823,0.04990206879667034,-0.007712082262210797
0,91,0.043456971477537035,0.049926551597502755,-0.008403721385726527
0,92,0.04337128167462358,0.05011629330395397,-0.008893377402374832
0,93,0.04337128167462358,0.04990818949687844,-0.008281307381564452
0,94,0.04379973068919084,0.050128534704370176,-0.008293548781980659
0,95,0.04352429917982617,0.04979189619292447,-0.008244583180315828
0,96,0.04358550618190721,0.0500061207002081,-0.008018117272615987
0,97,0.04363447178357204,0.04998163789937569,-0.008691394295507405
0,98,0.04350593707920186,0.05009793120332966,-0.008471049088015669
0,99,0.04332843677316685,0.049883706696046026,-0.008318031582813074
1,0,-0.0573876851511813,0.10053862161831313,0.03958868894601543
1,1,-0.05779165136491614,0.10044069041498346,0.03916636063165626
1,2,-0.057424409352429914,0.10072836332476436,0.03944791284122904
1,3,-0.05749785775492716,0.10056922511935365,0.0385787734116783
1,4,-0.057350960949932674,0.10037336271269433,0.03943567144081283
1,5,-0.05728363324764353,0.10027543150936466,0.03881136001958624
1,6,-0.05699596033786265,0.10028155220957277,0.039013343126453666
1,7,-0.0573999265515975,0.10055698371893744,0.03903782592728608
1,8,-0.05743665075284613,0.10065491492226711,0.03937446443873179
1,9,-0.05754070265638389,0.10028767290978088,0.03948463704247766
1,10,-0.05718570204431387,0.10041008691394296,0.03880523931937814
1,11,-0.05744277145305423,0.10052638021789692,0.03944791284122904
1,12,-0.05735708165014077,0.10036112131227812,0.03908067082874281
1,13,-0.05735708165014077,0.10044069041498346,0.039184722732280575
1,14,-0.0573876851511813,0.10044069041498346,0.039184722732280575
1,15,-0.05752846125596768,0.10039784551352675,0.039270412535194026
1,16,-0.05765087526012976,0.10039784551352675,0.03926429183498592
1,17,-0.05727139184722733,0.10084465662871833,0.039001101726037456
1,18,-0.05749785775492716,0.10018362100624312,0.039698861549761294
1,19,-0.057559064757008206,0.10052638021789692,0.03846248010772432
1,20,-0.057559064757008206,0.10052638021789692,0.03846248010772432
1,21,-0.05758354755784062,0.1001897417064512,0.03908679152895091
1,22,-0.057559064757008206,0.10004284490145672,0.039129636430407636
1,23,-0.05731423674868404,0.10064879422205901,0.0392336883339454
1,24,-0.057381564450973185,0.10055698371893744,0.03945403354143714
1,25,-0.05731423674868404,0.10034275921165381,0.03884808422083486
1,26,-0.05751621985555148,0.10000612070020812,0.03929489533602644
1,27,-0.05721630554535438,0.10022646590769983,0.0392275676337373
1,28,-0.05743665075284613,0.10027543150936466,0.0387501530175052
1,29,-0.05757742685763251,0.10034275921165381,0.039282653935610236
1,30,-0.05743665075284613,0.1004651732158159,0.03943567144081283
1,31,-0.05741216795201372,0.1002999143101971,0.03946015424164524
1,32,-0.05733259884930836,0.1004835353164402,0.0393805851389399
1,33,-0.057565185457216304,0.10045905251560779,0.03920920553311299
1,34,-0.05729587464805974,0.10022646590769983,0.03899498102582936
1,35,-0.05725302974660301,0.10055698371893744,0.03887256702166728
1,36,-0.05736932305055699,0.10038560411311055,0.0392336883339454
1,37,-0.05736932305055699,0.10039172481331864,0.03947239564206145
1,38,-0.05749785775492716,0.10039172481331864,0.03932549883706696
1,39,-0.05744277145305423,0.10040396621373485,0.03932549883706696
1,40,-0.05781613416574856,0.10052638021789692,0.03930713673644265
1,41,-0.057338719549516456,0.10003672420124862,0.03940506793977231
1,42,-0.05730199534826784,0.10069775982372384,0.038768515118129517
1,43,-0.057350960949932674,0.10025094870853227,0.038915411923124005
1,44,-0.05725915044681111,0.10042232831435915,0.0393805851389399
1,45,-0.057363202350348884,0.10022034520749175,0.03884808422083486
1,46,-0.05749785775492716,0.10053862161831313,0.03873179091688089
1,47,-0.057461133553678545,0.10043456971477538,0.03873791161708899
1,48,-0.057363202350348884,0.10022034520749175,0.038860325621251066
1,49,-0.05754682335659199,0.10040396621373485,0.038560411311053984
1,50,-0.05725302974660301,0.10051413881748072,0.03895213612437263
1,51,-0.05717346064389767,0.10026931080915658,0.038670583914799855
1,52,-0.05725915044681111,0.1006304321214347,0.03890929122291591
1,53,-0.05728363324764353,0.100177500306035,0.03887256702166728
1,54,-0.057406047251805606,0.10003672420124862,0.03837066960460277
1,55,-0.05747337495409475,0.10033051781123761,0.038915411923124005
1,56,-0.0573938058513894,0.10044069041498346,0.038756273717713306
1,57,-0.0573938058513894,0.10044069041498346,0.038756273717713306
1,58,-0.05727139184722733,0.10045293181539967,0.03871954951646468
1,59,-0.057265271147019216,0.10041008691394296,0.038658342514383645
1,60,-0.05733259884930836,0.10031215571061329,0.03899498102582936
1,61,-0.05757742685763251,0.10034887991186192,0.03883584282041865
1,62,-0.0573999265515975,0.10061819072101848,0.038915411923124005
1,63,-0.05752846125596768,0.10045905251560779,0.03860937691271881
1,64,-0.05737544375076509,0.10050801811727261,0.03855429061084588
1,65,-0.057265271147019216,0.10042844901456727,0.03856653201126209
1,66,-0.05745501285347043,0.1003243971110295,0.038701187415840374
1,67,-0.057350960949932674,0.1003182764108214,0.03832782470314604
1,68,-0.057277512547435426,0.10026931080915658,0.03886644632145918
1,69,-0.057461133553678545,0.10058146651976987,0.03834006610356225
1,70,-0.05761415105888114,0.1003182764108214,0.03905006732770229
1,71,-0.057106132941608524,0.10018362100624312,0.038431876606683804
1,72,-0.05732647814910026,0.10018362100624312,0.039043946627494185
1,73,-0.0572407883461868,0.10037948341290244,0.03893989472395642
1,74,-0.057136736442649036,0.10042232831435915,0.0390745501285347
1,75,-0.057277512547435426,0.10011629330395397,0.03832782470314604
1,76,-0.057277512547435426,0.10168319255722855,0.03876239441792141
1,77,-0.057320357448892155,0.10053250091810503,0.03882360142000245
1,78,-0.05752846125596768,0.10044069041498346,0.03882360142000245
1,79,-0.05751009915534337,0.10053250091810503,0.03862161831313502
1,80,-0.057565185457216304,0.10039172481331864,0.03866446321459175
1,81,-0.057522340555759575,0.10042844901456727,0.039441792141020934
1,82,-0.05761415105888114,0.10071000122414005,0.03911739502999143
1,83,-0.05737544375076509,0.10055698371893744,0.03873791161708899
1,84,-0.0573938058513894,0.10041620761415107,0.03905006732770229
1,85,-0.05753458195617579,0.10041620761415107,0.039013343126453666
1,86,-0.05727139184722733,0.10050189741706453,0.03929489533602644
1,87,-0.05735708165014077,0.10054474231852124,0.03917860203207247
1,88,-0.05731423674868404,0.10074060472518057,0.03887868772187538
1,89,-0.057522340555759575,0.10069163912351572,0.03957644754559922
1,90,-0.057552944056800094,0.10061819072101848,0.039386705839148
1,91,-0.05734484024972457,0.10041008691394296,0.0393928265393561
1,92,-0.057491737054719064,0.1004835353164402,0.03876239441792141
1,93,-0.057461133553678545,0.10050189741706453,0.038658342514383645
1,94,-0.057552944056800094,0.10067939772309953,0.038927653323540215
1,95,-0.05745501285347043,0.10043456971477538,0.038658342514383645
1,96,-0.05732647814910026,0.10042232831435915,0.03950911984331008
1,97,-0.057663116660545966,0.10056310441914555,0.03934998163789938
1,98,-0.057663116660545966,0.10058146651976987,0.03937446443873179
1,99,-0.057320357448892155,0.10058146651976987,0.03937446443873179
2,0,0.09197576202717592,-0.05004284490145673,0.0298996205165871
2,1,0.09183498592238952,-0.049914310197086545,0.029642551107846738
2,2,0.09185334802301384,-0.049840861794589304,0.029575223405557592
2,3,0.09177377892030848,-0.050067327702289145,0.02967315460888726
2,4,0.09199412412780023,-0.049914310197086545,0.028210307259150448
2,5,0.09171869261843554,-0.04992043089729465,0.028944791284122907
2,6,0.09176153751989227,-0.04995103439833517,0.029881258415962786
2,7,0.09176153751989227,-0.04995103439833517,0.028314359162688214
2,8,0.09164524421593831,-0.05001836210062431,0.02892642918349859
2,9,0.09181050312155711,-0.04985922389521361,0.029734361610968298
2,10,0.09171869261843554,-0.04992043089729465,0.02991798261721141
2,11,0.0916574856163545,-0.0498469824947974,0.02966091320847105
2,12,0.09204308972946505,-0.049944913698127064,0.029875137715754684
2,13,0.09174929611947606,-0.050410086913942956,0.030119965724078834
2,14,0.09197576202717592,-0.05023870730811605,0.029850654914922264
2,15,0.09184722732280573,-0.04985310319500551,0.02966091320847105
2,16,0.09203696902925694,-0.05013465540457829,0.0289325498837067
2,17,0.0919573999265516,-0.050208103807075535,0.029813930713673643
2,18,0.0919573999265516,-0.050208103807075535,0.029813930713673643
2,19,0.09155343371281674,-0.05036724201248623,0.02915901579140654
2,20,0.0919451585261354,-0.05014689680499449,0.029795568613049335
2,21,0.09181050312155711,-0.05009181050312156,0.029722120210552087
2,22,0.09206757253029747,-0.049957155098543274,0.029813930713673643
2,23,0.09177377892030848,-0.05022034520749173,0.029103929489533602
2,24,0.09201248622842453,-0.050177500306035,0.029697637409719674
2,25,0.0919696413269678,-0.05025706940874036,0.029734361610968298
2,26,0.09187783082384625,-0.049687844289386704,0.029110050189741703
2,27,0.09206145183008936,-0.05009793120332966,0.0298996205165871
2,28,0.09200024482800832,-0.05006120700208104,0.029746603011384504
2,29,0.09200024482800832,-0.05006120700208104,0.029795568613049335
2,30,0.09201248622842453,-0.049828620394173094,0.029795568613049335
2,31,0.09200636552821642,-0.05004896560166483,0.029722120210552087
2,32,0.09187783082384625,-0.04990206879667034,0.02994858611825193
2,33,0.09200024482800832,-0.05019586240665932,0.028755049577671686
2,34,0.09193903782592729,-0.049687844289386704,0.030064879422205898
2,35,0.09185946872322194,-0.050140776104786386,0.029458930101603626
2,36,0.09187171012363814,-0.050030603501040515,0.02967927530909536
2,37,0.0919696413269678,-0.04990206879667034,0.028240910760190967
2,38,0.09185946872322194,-0.05010405190353776,0.029862896315338477
2,39,0.09193903782592729,-0.04985310319500551,0.029746603011384504
2,40,0.09152283021177623,-0.05010405190353776,0.02966091320847105
2,41,0.0919573999265516,-0.05029379360998898,0.029979189619292447
2,42,0.0919696413269678,-0.050171379605826905,0.02995470681846003
2,43,0.0919451585261354,-0.049687844289386704,0.02994858611825193
2,44,0.09182886522218142,-0.050281552209572776,0.029654792508262945
2,45,0.09182886522218142,-0.05001224140041621,0.02988737911617089
2,46,0.09182886522218142,-0.04976129269188395,0.029813930713673643
2,47,0.09186558942343004,-0.04976129269188395,0.029813930713673643
2,48,0.09167584771697881,-0.049828620394173094,0.029024360386828253
2,49,0.09192067572530296,-0.049895948096462236,0.029795568613049335
2,50,0.09185946872322194,-0.04987758599583793,0.029605826906598114
2,51,0.09209817603133799,-0.04998163789937569,0.030064879422205898
2,52,0.09169420981760314,-0.05,0.029875137715754684
2,53,0.09207981393071367,-0.049944913698127064,0.02967315460888726
2,54,0.09151670951156812,-0.049883706696046026,0.02970987881013588
2,55,0.09188395152405435,-0.05005508630187293,0.029642551107846738
2,56,0.09192679642551108,-0.05023870730811605,0.029648671808054843
2,57,0.09182274452197331,-0.05026319010894846,0.029538499204308972
2,58,0.09184722732280573,-0.049785775492716365,0.029807810013465542
2,59,0.09184110662259762,-0.049944913698127064,0.02884073938058514
2,60,0.09206145183008936,-0.05008568980291346,0.029991431019708654
2,61,0.09206145183008936,-0.050177500306035,0.02994858611825193
2,62,0.09171869261843554,-0.05001836210062431,0.029073325988493083
2,63,0.09189619292447056,-0.05009793120332966,0.02991798261721141
2,64,0.09215938303341902,-0.05019586240665932,0.02972824091076019
2,65,0.09184722732280573,-0.050208103807075535,0.028779532378504103
2,66,0.09205533112988126,-0.04999387929979189,0.029293671195984822
2,67,0.0919573999265516,-0.05039172481331864,0.029556861304933284
2,68,0.0919573999265516,-0.04996939649895948,0.029838413514506057
2,69,0.09215938303341902,-0.04996939649895948,0.029838413514506057
2,70,0.09171869261843554,-0.04979189619292447,0.02970987881013588
2,71,0.09172481331864366,-0.04996939649895948,0.030028155220957274
2,72,0.09204921042967315,-0.04998775859958379,0.029042722487452564
2,73,0.09205533112988126,-0.0500061207002081,0.029783327212633125
2,74,0.09196352062675969,-0.0498469824947974,0.02967927530909536
2,75,0.09183498592238952,-0.04997551719916758,0.029783327212633125
2,76,0.09162076141510589,-0.05014689680499449,0.029226343493695676
2,77,0.09206757253029747,-0.050208103807075535,0.0299057412167952
2,78,0.09202472762884074,-0.05007956910270535,0.029697637409719674
2,79,0.09204921042967315,-0.050110172603745874,0.029911861917003308
2,80,0.09173705471905987,-0.05007344840249724,0.028779532378504103
2,81,0.09201248622842453,-0.0496756028889705,0.02962418900722243
2,82,0.09200636552821642,-0.0501591382054107,0.029862896315338477
2,83,0.09201248622842453,-0.049938792997918965,0.02948341290243604
2,84,0.09179826172114089,-0.049840861794589304,0.02988737911617089
2,85,0.09203696902925694,-0.04990206879667034,0.029764965112008813
2,86,0.09203696902925694,-0.04990206879667034,0.029764965112008813
2,87,0.09183498592238952,-0.05018974170645122,0.029324274697025338
2,88,0.09185334802301384,-0.050208103807075535,0.02962418900722243
2,89,0.09173093401885177,-0.050177500306035,0.029924103317419515
2,90,0.09192067572530296,-0.049755171991675846,0.0299057412167952
2,91,0.09171869261843554,-0.050183621006243115,0.02966091320847105
2,92,0.09177377892030848,-0.04998775859958379,0.029556861304933284
2,93,0.09189007222426246,-0.05019586240665932,0.029189619292447056
2,94,0.09189619292447056,-0.05003672420124863,0.029801689313257433
2,95,0.09183498592238952,-0.04971844779042722,0.029807810013465542
2,96,0.09198188272738402,-0.05006120700208104,0.0286203941730934
2,97,0.09177377892030848,-0.04985310319500551,0.02991798261721141
2,98,0.09171257191822745,-0.05022646590769984,0.029201860692863263
2,99,0.09192679642551108,-0.05009793120332966,0.029171257191822748
3,0,-0.09318153996817236,-0.07753703023625903,0.0718570204431387
3,1,-0.09326110907087772,-0.07753703023625903,0.07200391724813318
3,2,-0.09310197086546701,-0.07772677194271024,0.07207124495042233
3,3,-0.09316317786754805,-0.07761047863875628,0.07209572775125475
3,4,-0.0932488676704615,-0.07761659933896438,0.07178969274084955
3,5,-0.09316929856775616,-0.07758599583792386,0.0720284000489656
3,6,-0.0934080058758722,-0.07726159872689435,0.07207736565063043
3,7,-0.09331007467254254,-0.07729220222793488,0.07193046884563595
3,8,-0.09322438486962908,-0.07740849553188885,0.07204064144938181
3,9,-0.09309585016525891,-0.07760435793854817,0.07194271024605214
3,10,-0.0932549883706696,-0.07742073693230506,0.07209572775125475
3,11,-0.09298567756151303,-0.07740849553188885,0.0718631411433468
3,12,-0.0932488676704615,-0.0771697882237728,0.0720284000489656
3,13,-0.09328559187171012,-0.07730444362835108,0.07213245195250337
3,14,-0.09309585016525891,-0.07761047863875628,0.07212021055208716
3,15,-0.09309585016525891,-0.07761047863875628,0.07212021055208716
3,16,-0.09331007467254254,-0.07775125474354266,0.07213857265271148
3,17,-0.09323050556983718,-0.07751866813563471,0.0718692618435549
3,18,-0.0929183498592239,-0.07731668502876729,0.07223650385604113
3,19,-0.09309585016525891,-0.07751866813563471,0.07189374464438732
3,20,-0.0932488676704615,-0.07764108213979679,0.07197943444730077
3,21,-0.0932488676704615,-0.07764108213979679,0.07197943444730077
3,22,-0.09315093646713184,-0.07702901211898641,0.07182029624189007
3,23,-0.09306524666421838,-0.07747582323417798,0.0721814175541682
3,24,-0.0932549883706696,-0.07740849553188885,0.07193658954584405
3,25,-0.09321826416942099,-0.07761047863875628,0.07193658954584405
3,26,-0.09307748806463459,-0.07746970253396988,0.0718570204431387
3,27,-0.09332843677316685,-0.07746358183376179,0.07211408985187906
3,28,-0.09302852246296976,-0.07760435793854817,0.07195495164646835
3,29,-0.09319378136858857,-0.07709021912106745,0.07207736565063043
3,30,-0.09327335047129391,-0.07753090953605093,0.0717101236381442
3,31,-0.09332231607295874,-0.07743909903292936,0.07210184845146285
3,32,-0.09298567756151303,-0.07745134043334558,0.07197331374709268
3,33,-0.09315093646713184,-0.07745134043334558,0.07200391724813318
3,34,-0.09296119476068063,-0.07757987513771576,0.0720100379483413
3,35,-0.09309585016525891,-0.07745746113355367,0.07216305545354389
3,36,-0.09352429917982617,-0.07754315093646713,0.07177133064022524
3,37,-0.09297955686130494,-0.07761659933896438,0.07208348635083853
3,38,-0.09335291957399926,-0.07777573754437508,0.07180193414126576
3,39,-0.09316929856775616,-0.07747582323417798,0.07216917615375198
3,40,-0.09304076386338597,-0.07769616844166972,0.0720222793487575
3,41,-0.09304076386338597,-0.07757375443750765,0.07224874525645733
3,42,-0.09316929856775616,-0.07757375443750765,0.07224874525645733
3,43,-0.09307748806463459,-0.07767780634104542,0.07200391724813318
3,44,-0.09318766066838047,-0.07773901334312645,0.07197943444730077
3,45,-0.09329783327212633,-0.0776655649406292,0.07212633125229526
3,46,-0.0930897294650508,-0.07746970253396988,0.0718815032439711
3,47,-0.09332843677316685,-0.07761659933896438,0.0718508997429306
3,48,-0.09313257436650753,-0.0776716856408373,0.07222426245562492
3,49,-0.09284490145672665,-0.07731056432855918,0.0718692618435549
3,50,-0.0930897294650508,-0.07755539233688334,0.07197331374709268
3,51,-0.09294895336026442,-0.07737177133064023,0.07166115803647938
3,52,-0.09312645366629943,-0.07729220222793488,0.07207124495042233
3,53,-0.09321826416942099,-0.07759211653813196,0.07215693475333577
3,54,-0.09319378136858857,-0.07734116782959971,0.07192434814542784
3,55,-0.09334067817358306,-0.07726771942710246,0.07225486595666544
3,56,-0.09310809156567511,-0.07756763373729955,0.0721752968539601
3,57,-0.0930897294650508,-0.07742073693230506,0.0720222793487575
3,58,-0.09313869506671564,-0.07756151303709144,0.07199779654792508
3,59,-0.09313869506671564,-0.07756151303709144,0.0720100379483413
3,60,-0.09331007467254254,-0.07736565063043213,0.0720100379483413
3,61,-0.0932366262700453,-0.07744521973313748,0.0721814175541682
3,62,-0.09334679887379116,-0.07723711592606194,0.07212021055208716
3,63,-0.09327947117150201,-0.07746970253396988,0.07210184845146285
3,64,-0.09345085077732893,-0.07724935732647815,0.0705716733994369
3,65,-0.09327335047129391,-0.07758599583792386,0.07194271024605214
3,66,-0.09338964377524789,-0.07727384012731056,0.07207736565063043
3,67,-0.09316317786754805,-0.07750642673521851,0.07178969274084955
3,68,-0.09287550495776717,-0.07742073693230506,0.0720345207491737
3,69,-0.09321214346921289,-0.07768392704125351,0.0720100379483413
3,70,-0.09310809156567511,-0.07784918594687232,0.0720284000489656
3,71,-0.09322438486962908,-0.0774880646345942,0.0718692618435549
3,72,-0.09321826416942099,-0.07746970253396988,0.0718815032439711
3,73,-0.09319378136858857,-0.07740237483168075,0.07212021055208716
3,74,-0.0931142122658832,-0.0774880646345942,0.07195495164646835
3,75,-0.09310197086546701,-0.07750642673521851,0.07210184845146285
3,76,-0.09309585016525891,-0.07752478883584282,0.07222426245562492
3,77,-0.09334067817358306,-0.07739013343126454,0.07216305545354389
3,78,-0.09334067817358306,-0.07742073693230506,0.071697882237728
3,79,-0.09313869506671564,-0.0776472028400049,0.07200391724813318
3,80,-0.09317541926796426,-0.07753703023625903,0.07215693475333577
3,81,-0.09305300526380218,-0.07741461623209696,0.0720100379483413
3,82,-0.09321826416942099,-0.07705961562002693,0.07176520994001714
3,83,-0.09321826416942099,-0.07705961562002693,0.07176520994001714
3,84,-0.09335904027420737,-0.07737789203084833,0.07210796915167095
3,85,-0.0932488676704615,-0.07760435793854817,0.07227322805728975
3,86,-0.09321214346921289,-0.07754927163667523,0.07173460643897663
3,87,-0.09312645366629943,-0.07727384012731056,0.07191210674501163
3,88,-0.09337740237483169,-0.07720039172481333,0.07183865834251438
3,89,-0.09330395397233443,-0.07740849553188885,0.07205900355000612
3,90,-0.09302240176276166,-0.07754927163667523,0.07187538254376301
3,91,-0.09312033296609132,-0.07739013343126454,0.0720284000489656
3,92,-0.09331619537275064,-0.0774880646345942,0.0721814175541682
3,93,-0.09314481576692374,-0.07730444362835108,0.07207124495042233
3,94,-0.09307136736442649,-0.0773228057289754,0.07179581344105765
3,95,-0.09321826416942099,-0.07734116782959971,0.0718692618435549
3,96,-0.09321826416942099,-0.07765944424042111,0.07189374464438732
3,97,-0.09328559187171012,-0.0774941853348023,0.07193046884563595
3,98,-0.09327335047129391,-0.07745746113355367,0.07204064144938181
3,99,-0.09326110907087772,-0.07743297833272125,0.07206512425021423
