values,,Magnetometer,Magnetometer,Magnetometer
axis,,x,y,z
Sensor,Sample,,,
0,0,0.08307014322438487,0.06437140408862774,-0.00028767290978087893
0,1,0.08307014322438487,0.06437140408862774,-0.00028767290978087893
0,2,0.08289876361855796,0.06436528338841964,-0.0005753458195617579
0,3,0.0828008324152283,0.06416942098176032,-0.000569225119353654
0,4,0.0828008324152283,0.06416942098176032,-0.000569225119353654
0,5,0.08294160852001468,0.0643101970865467,-6.120700208103807e-05
0,6,0.08304566042355246,0.06427347288529808,-0.0005263802178969274
0,7,0.08304566042355246,0.06427347288529808,-0.0005263802178969274
0,8,0.08299057412167951,0.06427347288529808,-0.000508018117272616
0,9,0.08303953972334435,0.06408985187905496,-0.0009058636307993634
0,10,0.08303953972334435,0.06408985187905496,-0.0009058636307993634
0,11,0.08297221202105522,0.06423062798384135,-0.00014689680499449135
0,12,0.08288040151793366,0.06415105888113601,-6.732770228914188e-05
0,13,0.08293548781980659,0.06426735218508997,-4.284490145672665e-05
0,14,0.08293548781980659,0.06426735218508997,-4.284490145672665e-05
0,15,0.08303953972334435,0.06425511078467376,0.0001652589056188028
0,16,0.08297221202105522,0.0641633002815522,-8.56898029134533e-05
0,17,0.08297221202105522,0.0641633002815522,-8.56898029134533e-05
0,18,0.08281919451585261,0.06430407638633859,-0.0005569837189374464
0,19,0.08318031582813074,0.06427959358550618,-0.0004957767168564084
0,20,0.08318031582813074,0.06427959358550618,-0.0004957767168564084
0,21,0.08298445342147141,0.0641449381809279,-0.0006120700208103807
0,22,0.08332721263312523,0.06431631778675481,-0.0005508630187293426
0,23,0.08332721263312523,0.06431631778675481,-0.0005508630187293426
0,24,0.08308850532500918,0.06418166238217651,-5.508630187293427e-05
0,25,0.083137470926674,0.06427959358550618,-0.00020810380707552944
0,26,0.083137470926674,0.06427959358550618,-0.00020810380707552944
0,27,0.08289876361855796,0.06432243848696291,-0.0007161219243481455
0,28,0.08324764353041988,0.06429795568613049,-0.000667156322683315
0,29,0.08324764353041988,0.06429795568613049,-0.000667156322683315
0,30,0.08312522952625781,0.06412045538009549,1.836210062431142e-05
0,31,0.08291712571918228,0.06424899008446566,-0.00023258660790794467
0,32,0.08291712571918228,0.06424899008446566,-0.00023258660790794467
0,33,0.08300893622230383,0.06422450728363324,-0.00022646590769984085
0,34,0.08292936711959849,0.06413269678051169,-0.0003366385114457094
0,35,0.08292936711959849,0.06432855918717101,-3.672420124862284e-05
0,36,0.08292936711959849,0.06432855918717101,-3.672420124862284e-05
0,37,0.0831191088260497,0.06396131717468478,-0.00022646590769984085
0,38,0.08284367731668503,0.06436528338841964,-0.0006916391235157302
0,39,0.08284367731668503,0.06436528338841964,-0.0006916391235157302
0,40,0.0831191088260497,0.06419390378259274,-0.000538621618313135
0,41,0.08306402252417676,0.06425511078467376,-0.0005875872199779654
0,42,0.08306402252417676,0.06425511078467376,-0.0005875872199779654
0,43,0.08281919451585261,0.06435916268821154,-0.00046517321581588934
0,44,0.08308238462480108,0.06413881748071978,-0.0002937936099889827
0,45,0.08308238462480108,0.06413881748071978,-0.0002937936099889827
0,46,0.08305790182396866,0.06406536907822255,-0.0005508630187293426
0,47,0.0828008324152283,0.0641571795813441,-0.0007161219243481455
0,48,0.0828008324152283,0.0641571795813441,-0.0007161219243481455
0,49,0.08297221202105522,0.06440812828987637,-0.0003243971110295018
0,50,0.08314971232709022,0.06417554168196841,-0.00030603501040519035
0,51,0.08314971232709022,0.06417554168196841,-0.00030603501040519035
0,52,0.08299669482188762,0.06432243848696291,-0.0004896560166483046
0,53,0.08298445342147141,0.06440200758966826,-0.0005569837189374464
0,54,0.08298445342147141,0.06440200758966826,6.120700208103807e-05
0,55,0.08291100501897417,0.0644570938915412,6.120700208103807e-05
0,56,0.08303953972334435,0.06416942098176032,-0.00047129391602399316
0,57,0.08320479862896316,0.06422450728363324,-0.000667156322683315
0,58,0.08320479862896316,0.06422450728363324,-0.000667156322683315
0,59,0.08298445342147141,0.06419390378259274,-0.00044069041498347416
0,60,0.08327212633125229,0.06434692128779532,-0.00023258660790794467
0,61,0.08327212633125229,0.06434692128779532,-0.00023258660790794467
0,62,0.08306402252417676,0.06435304198800343,-0.00037336271269433223
0,63,0.08276410821397968,0.0639919206757253,-0.0005753458195617579
0,64,0.08276410821397968,0.0639919206757253,-0.0005753458195617579
0,65,0.08287428081772555,0.06409597257926307,-0.0001836210062431142
0,66,0.08316807442771454,0.06418778308238463,-0.00020810380707552944
0,67,0.08316807442771454,0.06418778308238463,-0.00020810380707552944
0,68,0.08308238462480108,0.06407761047863876,-0.0007038805239319378
0,69,0.0828008324152283,0.06432855918717101,-0.0002509487085322561
0,70,0.0828008324152283,0.06432855918717101,-0.0002509487085322561
0,71,0.08292324641939038,0.06426123148488187,-0.000538621618313135
0,72,0.08284979801689313,0.06408985187905496,-0.000569225119353654
0,73,0.08284979801689313,0.06408985187905496,-0.000569225119353654
0,74,0.08288652221814176,0.06426735218508997,-0.0002693108091565675
0,75,0.08278247031460399,0.06405924837801444,-0.0002754315093646713
0,76,0.08278247031460399,0.06405924837801444,-0.0002754315093646713
0,77,0.08302117762272004,0.06430407638633859,-0.0004284490145672665
0,78,0.0832843677316685,0.06438364548904395,-0.00014689680499449135
0,79,0.08291712571918228,0.0641633002815522,-0.00012853470437017994
0,80,0.08291712571918228,0.0641633002815522,-0.00012853470437017994
0,81,0.08308850532500918,0.06419390378259274,-0.0005263802178969274
0,82,0.0831191088260497,0.06422450728363324,-0.00014077610478638756
0,83,0.0831191088260497,0.06422450728363324,-0.00014077610478638756
0,84,0.08293548781980659,0.06417554168196841,-0.00012853470437017994
0,85,0.08299669482188762,0.06425511078467376,-0.00023870730811604847
0,86,0.08299669482188762,0.06425511078467376,-0.00023870730811604847
0,87,0.08298445342147141,0.06417554168196841,-2.4482800832415227e-05
0,88,0.08306402252417676,0.06435304198800343,-0.0002999143101970865
0,89,0.08306402252417676,0.06435304198800343,-0.0002999143101970865
0,90,0.08302729832292814,0.06431631778675481,-0.00011017260374586854
0,91,0.08291712571918228,0.06420002448280084,-0.00046517321581588934
0,92,0.08291712571918228,0.06420002448280084,-0.00046517321581588934
0,93,0.08278247031460399,0.0644632145917493,0.0
0,94,0.08286816011751744,0.06420002448280084,-6.732770228914188e-05
0,95,0.08286816011751744,0.06420002448280084,-6.732770228914188e-05
0,96,0.08281919451585261,0.06427959358550618,-4.284490145672665e-05
0,97,0.0829538499204309,0.06418778308238463,-0.000159138205410699
0,98,0.0829538499204309,0.06418778308238463,0.0002999143101970865
0,99,0.08324152283021177,0.06419390378259274,0.0002999143101970865
1,0,-0.1070510466397356,0.1340616966580977,0.06957399926551597
1,1,-0.10729587464805974,0.13408617945893012,0.06963520626759702
1,2,-0.10729587464805974,0.13408617945893012,0.06963520626759702
1,3,-0.10743053005263803,0.13461868037703512,0.06932917125719182
1,4,-0.10730811604847594,0.13437385236871097,0.06995348267841842
1,5,-0.10730811604847594,0.13437385236871097,0.069457705961562
1,6,-0.10698983963765454,0.13385359285102216,0.069457705961562
1,7,-0.10715509854327335,0.13414126576080304,0.06976986167217529
1,8,-0.10713061574244094,0.1347655771820296,0.06934141265760803
1,9,-0.10713061574244094,0.1347655771820296,0.06934141265760803
1,10,-0.10700820173827885,0.13416574856163546,0.0692740849553189
1,11,-0.10716733994368957,0.13436773166850288,0.07007589668258049
1,12,-0.10716733994368957,0.13436773166850288,0.07007589668258049
1,13,-0.10692251193536542,0.1343922144693353,0.06953115436405924
1,14,-0.10718570204431388,0.1342881625657975,0.06959848206634839
1,15,-0.10718570204431388,0.1342881625657975,0.06959848206634839
1,16,-0.10703880523931937,0.13415962786142735,0.06934753335781614
1,17,-0.10730199534826783,0.13439833516954341,0.0696107234667646
1,18,-0.10730199534826783,0.13439833516954341,0.0696107234667646
1,19,-0.10712449504223283,0.13431876606683804,0.06937201615864855
1,20,-0.10697147753703025,0.134080058758722,0.06967193046884564
1,21,-0.10716121924348146,0.13403721385726527,0.06995960337862651
1,22,-0.10716121924348146,0.13403721385726527,0.06995960337862651
1,23,-0.10703268453911127,0.13403721385726527,0.06934753335781614
1,24,-0.10744889215326234,0.13426367976496512,0.06973313747092667
1,25,-0.10744889215326234,0.13426367976496512,0.06973313747092667
1,26,-0.10705716733994368,0.1340678173583058,0.06899865344595421
1,27,-0.10702044313869508,0.1338964377524789,0.06937201615864855
1,28,-0.10702044313869508,0.1338964377524789,0.06937201615864855
1,29,-0.107253029746603,0.13439833516954341,0.06942710246052149
1,30,-0.10709389154119231,0.1338964377524789,0.0699167584771698
1,31,-0.10709389154119231,0.1338964377524789,0.06955563716489166
1,32,-0.10698983963765454,0.133902558452687,0.06955563716489166
1,33,-0.10711225364181662,0.134080058758722,0.06869873913575712
1,34,-0.10727139184722731,0.1342698004651732,0.06918839515240544
1,35,-0.10727139184722731,0.1342698004651732,0.06918839515240544
1,36,-0.10740604725180561,0.13441669727016772,0.0697759823723834
1,37,-0.1070694087403599,0.1344534214714163,0.06982494797404823
1,38,-0.1070694087403599,0.1344534214714163,0.06982494797404823
1,39,-0.10748561635451095,0.13397600685518424,0.06924348145427836
1,40,-0.10727139184722731,0.13421471416330027,0.06962908556738891
1,41,-0.10727139184722731,0.13421471416330027,0.06962908556738891
1,42,-0.10715509854327335,0.13417798996205166,0.06924348145427836
1,43,-0.10703880523931937,0.13450850777328927,0.0692740849553189
1,44,-0.10703880523931937,0.13450850777328927,0.06989839637654548
1,45,-0.10688578773411679,0.13433712816746235,0.06989839637654548
1,46,-0.10732647814910026,0.13442893867058392,0.06973925817113477
1,47,-0.1071061329416085,0.13401885175664097,0.06995348267841842
1,48,-0.1071061329416085,0.13401885175664097,0.06995348267841842
1,49,-0.1072346676459787,0.13415350716121927,0.06942710246052149
1,50,-0.10730199534826783,0.1341106622597625,0.0691455502509487
1,51,-0.10730199534826783,0.1341106622597625,0.0691455502509487
1,52,-0.10702044313869508,0.1341106622597625,0.06952503366385114
1,53,-0.10693475333578162,0.13396988615497613,0.06981882727384012
1,54,-0.10693475333578162,0.13396988615497613,0.06981882727384012
1,55,-0.10730199534826783,0.13416574856163546,0.06921899865344595
1,56,-0.1072285469457706,0.13428204186558942,0.0699167584771698
1,57,-0.1072285469457706,0.1345697147753703,0.0691455502509487
1,58,-0.10714897784306525,0.1345697147753703,0.0691455502509487
1,59,-0.1071061329416085,0.13435549026808666,0.06928020565552699
1,60,-0.10711837434202473,0.13430040396621373,0.06978822377279961
1,61,-0.10711837434202473,0.13430040396621373,0.06978822377279961
1,62,-0.1072407883461868,0.13433100746725427,0.06942710246052149
1,63,-0.10697147753703025,0.1343922144693353,0.06905373974782715
1,64,-0.10697147753703025,0.1343922144693353,0.06905373974782715
1,65,-0.10710001224140042,0.1345819561757865,0.06932917125719182
1,66,-0.10713061574244094,0.13382911005018974,0.06876606683804627
1,67,-0.10713061574244094,0.13382911005018974,0.06876606683804627
1,68,-0.10710001224140042,0.13401885175664097,0.06950055086301873
1,69,-0.1070510466397356,0.13398824825560046,0.06912106745011629
1,70,-0.1070510466397356,0.13445954217162442,0.06893744644387317
1,71,-0.10726527114701923,0.13445954217162442,0.06893744644387317
1,72,-0.10705716733994368,0.13408617945893012,0.06861304933284368
1,73,-0.10714897784306525,0.13441669727016772,0.06935977475823234
1,74,-0.10714897784306525,0.13441669727016772,0.06935977475823234
1,75,-0.1072163055453544,0.1340678173583058,0.06863141143346799
1,76,-0.10712449504223283,0.13430040396621373,0.06926796425511078
1,77,-0.10712449504223283,0.13430040396621373,0.06926796425511078
1,78,-0.1070877708409842,0.13441669727016772,0.06925572285469458
1,79,-0.10713673644264905,0.13404945525768147,0.06972701677071858
1,80,-0.10713673644264905,0.13404945525768147,0.06972701677071858
1,81,-0.10714897784306525,0.13400661035622474,0.06980658587342392
1,82,-0.10700208103807077,0.13411678295997062,0.06924348145427836
1,83,-0.10700208103807077,0.1342269555637165,0.06988003427592117
1,84,-0.10733871954951646,0.1342269555637165,0.06988003427592117
1,85,-0.10703880523931937,0.13420859346309216,0.06924348145427836
1,86,-0.10719182274452196,0.1342881625657975,0.06995960337862651
1,87,-0.10719182274452196,0.1342881625657975,0.06995960337862651
1,88,-0.10701432243848696,0.1343860937691272,0.06904149834741094
1,89,-0.10713673644264905,0.13408617945893012,0.06947606806218631
1,90,-0.10713673644264905,0.13408617945893012,0.06947606806218631
1,91,-0.10719794344473008,0.13441669727016772,0.06924348145427836
1,92,-0.10719794344473008,0.13414126576080304,0.06916391235157301
1,93,-0.10719794344473008,0.13414126576080304,0.06916391235157301
1,94,-0.10730811604847594,0.13404333455747336,0.06954951646468356
1,95,-0.10717346064389766,0.13420247276288408,0.06928632635573509
1,96,-0.10717346064389766,0.13387807565185456,0.06959236136614029
1,97,-0.10713673644264905,0.13387807565185456,0.06959236136614029
1,98,-0.10721018484514629,0.13460643897661892,0.06970253396988615
1,99,-0.10728363324764353,0.13433100746725427,0.06892520504345698
2,0,0.08283755661647693,-0.0609376912718815,0.0034092300159138207
2,1,0.08269678051169053,-0.06089484637042477,0.002827763496143959
2,2,0.08269678051169053,-0.06089484637042477,0.002827763496143959
2,3,0.08267229771085813,-0.06074182886522218,0.0029501775003060353
2,4,0.08267841841106623,-0.06122536418166238,0.0038315583302729835
2,5,0.08267841841106623,-0.06122536418166238,0.0038315583302729835
2,6,0.08255600440690415,-0.06103562247521116,0.0031031950055086304
2,7,0.08257436650752846,-0.06058269065981148,0.003427592116538132
2,8,0.08257436650752846,-0.06058269065981148,0.003427592116538132
2,9,0.08269065981148244,-0.060968294772922024,0.002760435793854817
2,10,0.08267841841106623,-0.06102950177500306,0.0035438854204921043
2,11,0.08277634961439588,-0.06106010527604357,0.0031276778063410457
2,12,0.08277634961439588,-0.06106010527604357,0.0031276778063410457
2,13,0.08270290121189863,-0.061213122781246174,0.0035194026196596886
2,14,0.08264781491002571,-0.06098053617333823,0.0036295752234055574
2,15,0.08264781491002571,-0.06098053617333823,0.0036295752234055574
2,16,0.08282531521606071,-0.060968294772922024,0.0027665564940629207
2,17,0.08271514261231486,-0.06124372628228669,0.002980781001346554
2,18,0.08271514261231486,-0.06124372628228669,0.002980781001346554
2,19,0.08291712571918228,-0.06121924348145428,0.0034826784184110665
2,20,0.0826294528094014,-0.06122536418166238,0.0038621618313135022
2,21,0.0826294528094014,-0.06122536418166238,0.0038621618313135022
2,22,0.08253152160607173,-0.06099889827396254,0.003452074917370547
2,23,0.0826600563104419,-0.06103562247521116,0.0026196596890684294
2,24,0.0826600563104419,-0.06103562247521116,0.0026196596890684294
2,25,0.08256824580732036,-0.061170277879789445,0.0037030236259028037
2,26,0.08278859101481209,-0.06145795078957032,0.003660178724446077
2,27,0.08264781491002571,-0.06123148488187049,0.0037642306279838415
2,28,0.08264781491002571,-0.06123148488187049,0.0037642306279838415
2,29,0.08270902191210674,-0.06122536418166238,0.003672420124862284
2,30,0.08298445342147141,-0.06113355367854082,0.0032868160117517442
2,31,0.08298445342147141,-0.06113355367854082,0.0032868160117517442
2,32,0.08292936711959849,-0.061127432978332716,0.003807075529440568
2,33,0.08273350471293917,-0.06118251928020566,0.003580609621740727
2,34,0.08273350471293917,-0.06118251928020566,0.003580609621740727
2,35,0.08282531521606071,-0.06107234667645979,0.0037336271269433224
2,36,0.0831191088260497,-0.061011139674378746,0.003886644632145918
2,37,0.0831191088260497,-0.061011139674378746,0.003886644632145918
2,38,0.08258660790794467,-0.06090708777084099,0.003470437017994859
2,39,0.082488676704615,-0.06147019218998654,0.002387073081160485
2,40,0.082488676704615,-0.06085812216917615,0.0027481943934386096
2,41,0.08243971110295018,-0.06085812216917615,0.0027481943934386096
2,42,0.08257436650752846,-0.06126208838291101,0.0036050924225731426
2,43,0.08284979801689313,-0.06128657118374342,0.002980781001346554
2,44,0.08284979801689313,-0.06128657118374342,0.002980781001346554
2,45,0.08268453911127432,-0.060925449871465295,0.0036173338229893498
2,46,0.08272738401273105,-0.061451830089362225,0.003568368221324519
2,47,0.08272738401273105,-0.061451830089362225,0.003568368221324519
2,48,0.08253764230627983,-0.06096217407271391,0.0029991431019708655
2,49,0.082488676704615,-0.06118251928020566,0.0030725915044681113
2,50,0.082488676704615,-0.06118251928020566,0.0030725915044681113
2,51,0.08264169420981761,-0.06118863998041376,0.003445954217162443
2,52,0.08282531521606071,-0.06107846737666789,0.002907332598849308
2,53,0.08282531521606071,-0.06107846737666789,0.002907332598849308
2,54,0.08274574611335536,-0.061011139674378746,0.003433712816746236
2,55,0.08276410821397968,-0.06127432978332721,0.002319745378871343
2,56,0.08272738401273105,-0.061011139674378746,0.002289141877830824
2,57,0.08272738401273105,-0.061011139674378746,0.002289141877830824
2,58,0.08274574611335536,-0.061151915779165136,0.002784918594687232
2,59,0.08268453911127432,-0.06124372628228669,0.002913453299057412
2,60,0.08268453911127432,-0.06124372628228669,0.002913453299057412
2,61,0.08288652221814176,-0.061415105888113594,0.0030725915044681113
2,62,0.08277022891418778,-0.061207002081038075,0.003660178724446077
2,63,0.08277022891418778,-0.061207002081038075,0.003660178724446077
2,64,0.08272738401273105,-0.06151915779165137,0.0033847472150814054
2,65,0.08269678051169053,-0.06096217407271391,0.003556126820908312
2,66,0.08269678051169053,-0.06096217407271391,0.003556126820908312
2,67,0.08299669482188762,-0.06113967437874893,0.0027971599951034398
2,68,0.08273350471293917,-0.06104786387562737,0.003452074917370547
2,69,0.08273350471293917,-0.06116415717958135,0.0034765577182029627
2,70,0.08261721140898519,-0.06116415717958135,0.0034765577182029627
2,71,0.08275798751377159,-0.06087648426980047,0.0037091443261109075
2,72,0.08277022891418778,-0.060956053372505814,0.003935610233810748
2,73,0.08277022891418778,-0.060956053372505814,0.003935610233810748
2,74,0.08266617701065002,-0.060852001468968055,0.0037581099277757372
2,75,0.08280695311543641,-0.061170277879789445,0.0033725058146651977
2,76,0.08280695311543641,-0.061170277879789445,0.0033725058146651977
2,77,0.08283755661647693,-0.0611029501775003,0.0034765577182029627
2,78,0.0826539356102338,-0.061213122781246174,0.0037642306279838415
2,79,0.0826539356102338,-0.061213122781246174,0.0037642306279838415
2,80,0.08271514261231486,-0.06118863998041376,0.0038376790304810874
2,81,0.08252540090586363,-0.06116415717958135,0.0021973313747092665
2,82,0.08252540090586363,-0.06116415717958135,0.0021973313747092665
2,83,0.082488676704615,-0.0611029501775003,0.0030909536050924224
2,84,0.0829660913208471,-0.06128657118374342,0.0037642306279838415
2,85,0.08264781491002571,-0.06113967437874893,0.0030236259028032808
2,86,0.08264781491002571,-0.06113967437874893,0.0030236259028032808
2,87,0.08268453911127432,-0.060968294772922024,0.003556126820908312
2,88,0.0826600563104419,-0.06117639857999755,0.0035132819194515852
2,89,0.0826600563104419,-0.06117639857999755,0.0035132819194515852
2,90,0.08300893622230383,-0.06113967437874893,0.0035071612192434814
2,91,0.08261721140898519,-0.061127432978332716,0.0033112988125841595
2,92,0.08261721140898519,-0.061127432978332716,0.0033112988125841595
2,93,0.08259272860815278,-0.06090096707063288,0.0036112131227812464
2,94,0.0828008324152283,-0.06106010527604357,0.002754315093646713
2,95,0.0828008324152283,-0.06106010527604357,0.002754315093646713
2,96,0.08285591871710124,-0.06132329538499204,0.0028706083976006856
2,97,0.08291712571918228,-0.06089484637042477,0.0029379360998898272
2,98,0.08291712571918228,-0.06123148488187049,0.003947851634226956
2,99,0.08253152160607173,-0.06123148488187049,0.003947851634226956
3,0,-0.08580609621740727,-0.09654792508262945,0.0366568735463337
3,1,-0.08574488921532623,-0.09690904639490758,0.03646713183988248
3,2,-0.08574488921532623,-0.09690904639490758,0.03646713183988248
3,3,-0.08591014812094504,-0.09701921899865344,0.03662627004529318
3,4,-0.08544497490512915,-0.09702533969886154,0.03660790794466887
3,5,-0.08573876851511812,-0.09731913330885053,0.03678540825070388
3,6,-0.08573876851511812,-0.09731913330885053,0.03678540825070388
3,7,-0.08554902680866691,-0.0972456849063533,0.036424286938425754
3,8,-0.08579997551719917,-0.09684171869261844,0.03668747704737422
3,9,-0.08579997551719917,-0.09684171869261844,0.03668747704737422
3,10,-0.08589790672052883,-0.09703758109927776,0.03660790794466887
3,11,-0.08575713061574244,-0.09744766801322072,0.036632390745501286
3,12,-0.08575713061574244,-0.09744766801322072,0.036632390745501286
3,13,-0.08559799241033175,-0.09684171869261844,0.03660178724446077
3,14,-0.08560411311053985,-0.09702533969886154,0.036681356347166114
3,15,-0.08560411311053985,-0.09702533969886154,0.036681356347166114
3,16,-0.08562859591137226,-0.09693352919574,0.03661402864487697
3,17,-0.08563471661158037,-0.09705594319990207,0.03643040763863386
3,18,-0.08563471661158037,-0.09734973680989105,0.03647937324029869
3,19,-0.08564695801199658,-0.09734973680989105,0.03647937324029869
3,20,-0.08562859591137226,-0.09702533969886154,0.03644876973925817
3,21,-0.08590402742073693,-0.09752111641571795,0.03661402864487697
3,22,-0.08590402742073693,-0.09752111641571795,0.03661402864487697
3,23,-0.08561635451095605,-0.09699473619782104,0.036638511445709385
3,24,-0.08581221691761538,-0.09693352919574,0.03651609744154731
3,25,-0.08581221691761538,-0.09693352919574,0.03651609744154731
3,26,-0.08576325131595054,-0.09709878810135879,0.036760925449871466
3,27,-0.08566532011262087,-0.09717835720406415,0.036320235034887995
3,28,-0.08566532011262087,-0.09717835720406415,0.036320235034887995
3,29,-0.08546333700575345,-0.0972518056065614,0.03658954584404456
3,30,-0.08605704492593953,-0.09683559799241033,0.03655894234300404
3,31,-0.08605704492593953,-0.09684171869261844,0.036546700942587836
3,32,-0.0856775615130371,-0.09684171869261844,0.036546700942587836
3,33,-0.0856836822132452,-0.09656628718325376,0.03655894234300404
3,34,-0.08571428571428572,-0.09737421961072347,0.037017994858611826
3,35,-0.08571428571428572,-0.09737421961072347,0.037017994858611826
3,36,-0.08576325131595054,-0.09733749540947484,0.03646101113967438
3,37,-0.08561635451095605,-0.09703758109927776,0.03655894234300404
3,38,-0.08561635451095605,-0.09703758109927776,0.03655894234300404
3,39,-0.08559799241033175,-0.09687844289386706,0.036620149345085076
3,40,-0.08550006120700207,-0.09711715020198311,0.036546700942587836
3,41,-0.08550006120700207,-0.09711715020198311,0.036546700942587836
3,42,-0.0855306647080426,-0.09709266740115069,0.03667523564695801
3,43,-0.08561635451095605,-0.09723956420614518,0.036693597747582324
3,44,-0.08561635451095605,-0.09723956420614518,0.036693597747582324
3,45,-0.08581221691761538,-0.09715999510343984,0.03668747704737422
3,46,-0.08576325131595054,-0.09715999510343984,0.03657118374342025
3,47,-0.0856898029134533,-0.09703146039906965,0.036565063043212144
3,48,-0.0856898029134533,-0.09703146039906965,0.036565063043212144
3,49,-0.08564695801199658,-0.09682947729220223,0.03645489043946627
3,50,-0.08576937201615865,-0.09704982249969396,0.036491614640714896
3,51,-0.08576937201615865,-0.09704982249969396,0.036491614640714896
3,52,-0.08543885420492105,-0.09689680499449137,0.036393683437385235
3,53,-0.08561023381074795,-0.0972518056065614,0.036638511445709385
3,54,-0.08561023381074795,-0.0972518056065614,0.036638511445709385
3,55,-0.08561635451095605,-0.09675602888970498,0.03639980413759334
3,56,-0.08551842330762639,-0.09692740849553189,0.0366446321459175
3,57,-0.08551842330762639,-0.09692740849553189,0.03646713183988248
3,58,-0.08551842330762639,-0.09696413269678052,0.03646713183988248
3,59,-0.08577549271636675,-0.097111029501775,0.036650752846125595
3,60,-0.08581221691761538,-0.0969457705961562,0.036552821642795934
3,61,-0.08581221691761538,-0.0969457705961562,0.036552821642795934
3,62,-0.08578773411678296,-0.09715999510343984,0.03673644264903905
3,63,-0.0857020443138695,-0.09714163300281552,0.036693597747582324
3,64,-0.0857020443138695,-0.09714163300281552,0.036693597747582324
3,65,-0.08574488921532623,-0.09713551230260742,0.036405924837801446
3,66,-0.08562247521116416,-0.09700697759823725,0.036393683437385235
3,67,-0.08562247521116416,-0.09700697759823725,0.036393683437385235
3,68,-0.08563471661158037,-0.09716611580364794,0.036534459542171625
3,69,-0.08573876851511812,-0.09705594319990207,0.0363324764353042
3,70,-0.08573876851511812,-0.09705594319990207,0.0363324764353042
3,71,-0.0857020443138695,-0.09692128779532379,0.03660790794466887
3,72,-0.08559799241033175,-0.09720896070510467,0.03659566654425266
3,73,-0.08566532011262087,-0.09709266740115069,0.03657730444362835
3,74,-0.08566532011262087,-0.09709266740115069,0.03657730444362835
3,75,-0.08587954461990452,-0.09704982249969396,0.03677316685028768
3,76,-0.08559187171012364,-0.09720284000489657,0.03660178724446077
3,77,-0.08559187171012364,-0.09720284000489657,0.03660178724446077
3,78,-0.08583057901823968,-0.09731301260864242,0.03673644264903905
3,79,-0.0857020443138695,-0.09714163300281552,0.03676704615007957
3,80,-0.0857020443138695,-0.09714163300281552,0.03676704615007957
3,81,-0.0857081650140776,-0.09709266740115069,0.03650997674133921
3,82,-0.08554902680866691,-0.09684171869261844,0.03654058024237973
3,83,-0.08554902680866691,-0.09684171869261844,0.03654058024237973
3,84,-0.08565919941241278,-0.09692740849553189,0.0366568735463337
3,85,-0.0856898029134533,-0.09701309829844534,0.036497735340923
3,86,-0.08577549271636675,-0.097111029501775,0.03662627004529318
3,87,-0.08577549271636675,-0.097111029501775,0.03662627004529318
3,88,-0.08540825070388053,-0.09689068429428327,0.0366446321459175
3,89,-0.0855429061084588,-0.09719671930468846,0.03671195984820663
3,90,-0.0855429061084588,-0.09719671930468846,0.03671195984820663
3,91,-0.08564083731178847,-0.09717223650385605,0.036681356347166114
3,92,-0.08562859591137226,-0.0971049088015669,0.03674868404945526
3,93,-0.08562859591137226,-0.0971049088015669,0.03674868404945526
3,94,-0.08572652711470193,-0.09698249479740483,0.03638756273717713
3,95,-0.08575713061574244,-0.09697637409719671,0.03660790794466887
3,96,-0.08575713061574244,-0.09697637409719671,0.03660790794466887
3,97,-0.0858734239196964,-0.09713551230260742,0.03647325254009058
3,98,-0.08543273350471295,-0.09689068429428327,0.03673644264903905
3,99,-0.08576937201615865,-0.09704370179948586,0.03682825315216061
