values,,Magnetometer,Magnetometer,Magnetometer
axis,,x,y,z
Sensor,Sample,,,
0,0,0.0618925205043457,0.04873301505692251,0.006243114212265883
0,1,0.062155710613294154,0.04863508385359285,0.006304321214346921
0,2,0.062155710613294154,0.04863508385359285,0.006304321214346921
0,3,0.06218631411433469,0.04865344595421716,0.006714408128289877
0,4,0.06186191700330518,0.048690170155465784,0.006457338719549515
0,5,0.06186191700330518,0.048690170155465784,0.006457338719549515
0,6,0.06214346921287796,0.04860448035255233,0.005992165503733627
0,7,0.062039417309340185,0.04852491124984698,0.006126820908311911
0,8,0.062039417309340185,0.04852491124984698,0.006126820908311911
0,9,0.06187415840372139,0.04884318766066838,0.006218631411433468
0,10,0.062008813808299666,0.048457583547557845,0.0058758721997796545
0,11,0.061868037703513276,0.04843922144693353,0.006365528216427959
0,12,0.061868037703513276,0.04843922144693353,0.006365528216427959
0,13,0.06207614151058881,0.04850654914922267,0.006322683314971232
0,14,0.06195984820663484,0.048971722365038564,0.006316562614763129
0,15,0.06195984820663484,0.048971722365038564,0.006316562614763129
0,16,0.062333210919329175,0.04850654914922267,0.0062553556126820915
0,17,0.06198433100746725,0.048757497857754926,0.0065185457216305545
0,18,0.06198433100746725,0.048757497857754926,0.0065185457216305545
0,19,0.0620455380095483,0.04866568735463337,0.006371648916636064
0,20,0.06198433100746725,0.04864120455380096,0.006506304321214347
0,21,0.06198433100746725,0.04864120455380096,0.006506304321214347
0,22,0.062039417309340185,0.04859223895213612,0.006181907210184845
0,23,0.06207002081038071,0.04881258415962786,0.006230872811849675
0,24,0.06207002081038071,0.04881258415962786,0.006230872811849675
0,25,0.06192312400538622,0.04853715265026319,0.006506304321214347
0,26,0.062008813808299666,0.048684049455257686,0.005765699596033786
0,27,0.062008813808299666,0.048684049455257686,0.005765699596033786
0,28,0.061935365405802426,0.04851879054963888,0.00615742440935243
0,29,0.06196596890684294,0.04843922144693353,0.006200269310809157
0,30,0.06196596890684294,0.04843922144693353,0.006200269310809157
0,31,0.06183131350226466,0.04873913575713061,0.0058942343004039655
0,32,0.061953727506426734,0.0487085322560901,0.006126820908311911
0,33,0.06214346921287796,0.04864732525400906,0.006243114212265883
0,34,0.06214346921287796,0.04864732525400906,0.006243114212265883
0,35,0.06203329660913208,0.04859835965234423,0.006377769616844167
0,36,0.06177010650018362,0.048775859958379235,0.006059493206022769
0,37,0.06177010650018362,0.048775859958379235,0.006059493206022769
0,38,0.06196596890684294,0.04864732525400906,0.006598114824335905
0,39,0.06183131350226466,0.04864120455380096,0.006432855918717101
0,40,0.06183131350226466,0.04864120455380096,0.006432855918717101
0,41,0.06213122781246174,0.04893499816378994,0.00585138939894724
0,42,0.06202717590892398,0.04864120455380096,0.006249234912473986
0,43,0.06202717590892398,0.04864120455380096,0.006249234912473986
0,44,0.062082262210796914,0.048616721752968536,0.006420614518300893
0,45,0.0622291590157914,0.048818704859835964,0.006188027910392949
0,46,0.0622291590157914,0.048818704859835964,0.006188027910392949
0,47,0.06207002081038071,0.048830946260252174,0.0062737177133064025
0,48,0.061868037703513276,0.04864732525400906,0.006359407516219856
0,49,0.061868037703513276,0.04864732525400906,0.006359407516219856
0,50,0.061941486106010524,0.04845146284734973,0.0060288897049822505
0,51,0.06211898641204554,0.04872689435671441,0.006053372505814665
0,52,0.06207614151058881,0.04866568735463337,0.006249234912473986
0,53,0.06201493450850777,0.04850042844901457,0.0060656139062308725
0,54,0.06186191700330518,0.048445342147141635,0.006035010405190354
0,55,0.061610968294772916,0.048690170155465784,0.006218631411433468
0,56,0.06186191700330518,0.04873913575713061,0.006408373117884686
0,57,0.06182519280205655,0.04873301505692251,0.006077855306647081
0,58,0.06207002081038071,0.048677928755049574,0.006530787122046762
0,59,0.061935365405802426,0.048671808054841476,0.0062369935120577796
0,60,0.06186191700330518,0.04864732525400906,0.006053372505814665
0,61,0.06198433100746725,0.04859835965234423,0.0061207002081038065
0,62,0.06198433100746725,0.04862896315338475,0.006249234912473986
0,63,0.06182519280205655,0.048947239564206144,0.00597992410331742
0,64,0.06191700330517811,0.048561635451095604,0.006634839025584527
0,65,0.0622291590157914,0.0487146529562982,0.006475700820173828
0,66,0.0622291590157914,0.04873301505692251,0.006451218019341412
0,67,0.061935365405802426,0.04873301505692251,0.006451218019341412
0,68,0.062088382911005026,0.04863508385359285,0.006622597625168319
0,69,0.06213122781246174,0.04859223895213612,0.006390011017260375
0,70,0.06207002081038071,0.048586118251928025,0.006132941608520015
0,71,0.061941486106010524,0.04880646345941976,0.006530787122046762
0,72,0.06203329660913208,0.04880646345941976,0.006304321214346921
0,73,0.062051658709756395,0.04863508385359285,0.006200269310809157
0,74,0.0620577794099645,0.04863508385359285,0.006438976618925204
0,75,0.061941486106010524,0.048818704859835964,0.0061084588076876
0,76,0.061794589301016035,0.04889215326233321,0.00641449381809279
0,77,0.06190476190476191,0.04859223895213612,0.006475700820173828
0,78,0.0617395029991431,0.04878198065858734,0.006169665809768637
0,79,0.062094503611213124,0.04862284245317665,0.006549149222671073
0,80,0.062094503611213124,0.0485555147508875,0.005728975394785164
0,81,0.0620639001101726,0.0485555147508875,0.007295874648059739
0,82,0.06197208960705105,0.04873301505692251,0.006598114824335905
0,83,0.06191700330517811,0.048904394662749415,0.006279838413514506
0,84,0.06190476190476191,0.04866568735463337,0.0065185457216305545
0,85,0.06207614151058881,0.048677928755049574,0.00597992410331742
0,86,0.06196596890684294,0.048457583547557845,0.0063104419145550246
0,87,0.06203329660913208,0.048788101358795445,0.006077855306647081
0,88,0.06199657240788346,0.04864120455380096,0.006683804627249356
0,89,0.061733382298935005,0.04885542906108459,0.005777940996449994
0,90,0.06197208960705105,0.048757497857754926,0.006181907210184845
0,91,0.06220467621495899,0.048561635451095604,0.005900355000612071
0,92,0.06207614151058881,0.04847594564818215,0.005863630799363447
0,93,0.06207614151058881,0.04859223895213612,0.00654302852246297
0,94,0.06197208960705105,0.04873301505692251,0.006243114212265883
0,95,0.06188027910392949,0.04859835965234423,0.0058575100991553435
0,96,0.06191700330517811,0.04857999755171992,0.005655526992287918
0,97,0.06191700330517811,0.04857999755171992,0.005655526992287918
0,98,0.06182519280205655,0.04880646345941976,0.006224752111641572
0,99,0.06196596890684294,0.04873913575713061,0.006053372505814665
1,0,-0.0792630676949443,0.10435793854816991,0.06874158403721385
1,1,-0.0791039294895336,0.10419880034275922,0.06948830946260252
1,2,-0.0791039294895336,0.10419880034275922,0.06948830946260252
1,3,-0.0789325498837067,0.10452319745378871,0.06899865344595421
1,4,-0.07929979189619293,0.10440690414983474,0.06905373974782715
1,5,-0.07929979189619293,0.10440690414983474,0.06905373974782715
1,6,-0.07928755049577671,0.1044987146529563,0.06893132574366508
1,7,-0.07928755049577671,0.1049822499693965,0.06923124005386216
1,8,-0.0792691883951524,0.10444362835108337,0.0696107234667646
1,9,-0.0792691883951524,0.10444362835108337,0.0696107234667646
1,10,-0.0791222915901579,0.10463337005753459,0.06910882604970009
1,11,-0.07913453299057413,0.10459052515607785,0.06901089484637044
1,12,-0.07913453299057413,0.10459052515607785,0.06901089484637044
1,13,-0.07928755049577671,0.10452931815399683,0.06835597992410332
1,14,-0.07930591259640103,0.10470069775982371,0.0689680499449137
1,15,-0.07930591259640103,0.10470069775982371,0.0689680499449137
1,16,-0.07923858489411188,0.10462724935732648,0.06870485983596523
1,17,-0.0791039294895336,0.10468233565919942,0.06885787734116783
1,18,-0.0791039294895336,0.10468233565919942,0.06885787734116783
1,19,-0.07947117150201984,0.10429061084588076,0.06913330885053251
1,20,-0.07913453299057413,0.1043334557473375,0.06889460154241646
1,21,-0.0792569469947362,0.10432733504712939,0.0686375321336761
1,22,-0.0792569469947362,0.10432733504712939,0.0686375321336761
1,23,-0.07952013710368466,0.10471293916023994,0.0688150324397111
1,24,-0.07931815399681723,0.10477414616232097,0.06918227445219734
1,25,-0.07931815399681723,0.10477414616232097,0.06918227445219734
1,26,-0.07922634349369569,0.10438242134900233,0.06892520504345698
1,27,-0.07906108458807688,0.1041926796425511,0.06874770473742196
1,28,-0.07906108458807688,0.1041926796425511,0.06874770473742196
1,29,-0.0792691883951524,0.10471905986044802,0.06884563594075163
1,30,-0.07901211898641206,0.10466397355857511,0.06918839515240544
1,31,-0.07901211898641206,0.10466397355857511,0.06918839515240544
1,32,-0.07920186069286327,0.10435181784796181,0.06891908434324887
1,33,-0.07933651609744155,0.1044925939527482,0.06872934263679766
1,34,-0.07921410209327948,0.10457216305545354,0.06873546333700575
1,35,-0.07921410209327948,0.10457216305545354,0.06873546333700575
1,36,-0.07945280940139551,0.10462724935732648,0.0686681356347166
1,37,-0.07915289509119844,0.10444974905129148,0.06856408373117885
1,38,-0.07915289509119844,0.10444974905129148,0.06856408373117885
1,39,-0.07944668870118742,0.10437630064879422,0.06910882604970009
1,40,-0.07934875749785776,0.10435793854816991,0.06920675725302974
1,41,-0.07934875749785776,0.10435793854816991,0.06920675725302974
1,42,-0.07946505080181174,0.10436405924837802,0.06883951524054352
1,43,-0.07915901579140654,0.10468233565919942,0.06893132574366508
1,44,-0.07915901579140654,0.10468233565919942,0.06893132574366508
1,45,-0.0792630676949443,0.10474354266128046,0.06925572285469458
1,46,-0.07934875749785776,0.10462112865711837,0.06858856653201126
1,47,-0.07932427469702534,0.10447423185212387,0.06905986044803526
1,48,-0.07932427469702534,0.10447423185212387,0.06905986044803526
1,49,-0.07913453299057413,0.10484147386461011,0.06928632635573509
1,50,-0.07925082629452809,0.10470069775982371,0.06912106745011629
1,51,-0.0792691883951524,0.10457828375566165,0.06893132574366508
1,52,-0.07928755049577671,0.10472518056065613,0.06909046394907578
1,53,-0.07942220590035501,0.10453543885420494,0.06949443016281062
1,54,-0.0790916880891174,0.10454768025462113,0.06891908434324887
1,55,-0.07942220590035501,0.10459052515607785,0.0691271881503244
1,56,-0.07932427469702534,0.1046762149589913,0.06873546333700575
1,57,-0.07907332598849308,0.10478638756273717,0.06877830823846248
1,58,-0.07933039539723344,0.10435181784796181,0.06903537764720284
1,59,-0.07933039539723344,0.10446199045170768,0.06910270534949198
1,60,-0.07918961929244706,0.10446199045170768,0.06910270534949198
1,61,-0.07934263679764965,0.10459664585628596,0.06863141143346799
1,62,-0.07934263679764965,0.10435793854816991,0.068337617823479
1,63,-0.07933651609744155,0.10462724935732648,0.06828253152160607
1,64,-0.07917737789203086,0.10463949075774268,0.06827029012118987
1,65,-0.07932427469702534,0.10413759334067818,0.06835597992410332
1,66,-0.07955686130493328,0.10432121434692129,0.06824580732035744
1,67,-0.07916513649161463,0.10445586975149956,0.06877218753825438
1,68,-0.07930591259640103,0.10474354266128046,0.06828253152160607
1,69,-0.07923246419390378,0.10448035255233198,0.0684845146284735
1,70,-0.07911617088994981,0.10482923246419391,0.06890684294283266
1,71,-0.0792630676949443,0.10431509364671318,0.06921899865344595
1,72,-0.07921410209327948,0.10489043946627494,0.0684967560288897
1,73,-0.07917125719182275,0.10460276655649406,0.06905373974782715
1,74,-0.07929979189619293,0.10441914555025096,0.0684722732280573
1,75,-0.07934875749785776,0.10446199045170768,0.06824580732035744
1,76,-0.07918349859223896,0.10462112865711837,0.0686375321336761
1,77,-0.07915901579140654,0.10438854204921041,0.0681662382176521
1,78,-0.07946505080181174,0.10440690414983474,0.06878442893867058
1,79,-0.0794160852001469,0.10473742196107234,0.06877830823846248
1,80,-0.07936711959848206,0.10472518056065613,0.06894356714408129
1,81,-0.07936711959848206,0.10438854204921041,0.06903537764720284
1,82,-0.07922634349369569,0.10438854204921041,0.06903537764720284
1,83,-0.07953849920430897,0.10432733504712939,0.06895580854449748
1,84,-0.0792630676949443,0.10468233565919942,0.06876606683804627
1,85,-0.07920798139307136,0.10448647325254008,0.06834373852368711
1,86,-0.07930591259640103,0.10470681846003183,0.06855796303097075
1,87,-0.07950789570326845,0.10466397355857511,0.06868649773534093
1,88,-0.07935487819806586,0.10469457705961563,0.06820296241890073
1,89,-0.0792569469947362,0.1046762149589913,0.06830701432243849
1,90,-0.0792569469947362,0.10440078344962664,0.06830701432243849
1,91,-0.07923246419390378,0.10438242134900233,0.06868037703513283
1,92,-0.07928142979556861,0.10427836944546456,0.06874158403721385
1,93,-0.07920186069286327,0.1044925939527482,0.06872934263679766
1,94,-0.0791222915901579,0.10488431876606683,0.06860080793242747
1,95,-0.07931815399681723,0.10446811115191579,0.06828865222181417
1,96,-0.07922022279348757,0.10474354266128046,0.06853960093034643
1,97,-0.07904272248745256,0.10451707675358062,0.06846003182764107
1,98,-0.07914677439099033,0.10445586975149956,0.0685028767290978
1,99,-0.07931815399681723,0.10428449014567268,0.06858856653201126
2,0,0.06956175786509977,-0.04802301383278247,0.011782347900599828
2,1,0.06956175786509977,-0.04802301383278247,0.011782347900599828
2,2,0.06948218876239441,-0.047790427224874525,0.011096829477292203
2,3,0.06940874035989716,-0.04799853103195005,0.011751744399559309
2,4,0.06940874035989716,-0.04799853103195005,0.011751744399559309
2,5,0.0694515852613539,-0.04786999632757988,0.011757865099767412
2,6,0.06934141265760803,-0.04789447912841229,0.0114151058881136
2,7,0.06939649895948097,-0.04820663483902558,0.011935365405802425
2,8,0.06939649895948097,-0.04820663483902558,0.011935365405802425
2,9,0.06953115436405924,-0.0479005998286204,0.010754070265638389
2,10,0.06950667156322683,-0.04796792753090954,0.011255967682702902
2,11,0.06950667156322683,-0.04796792753090954,0.011255967682702902
2,12,0.06950055086301873,-0.048016893132574366,0.011537519892275677
2,13,0.06950667156322683,-0.0479005998286204,0.012033296609132086
2,14,0.06950667156322683,-0.0479005998286204,0.012033296609132086
2,15,0.0694454645611458,-0.04778430652466642,0.011855796303097074
2,16,0.06931080915656751,-0.0477537030236259,0.011935365405802425
2,17,0.06931080915656751,-0.0477537030236259,0.011935365405802425
2,18,0.06939649895948097,-0.047533357816134165,0.012014934508507772
2,19,0.06924960215448647,-0.04785775492716367,0.01197821030725915
2,20,0.06924960215448647,-0.04785775492716367,0.01197821030725915
2,21,0.06937813685885666,-0.04812094503611213,0.011929244705594321
2,22,0.06932917125719182,-0.04781491002570694,0.01170277879789448
2,23,0.06905986044803526,-0.04782715142612315,0.011776227200391724
2,24,0.06905986044803526,-0.04782715142612315,0.011776227200391724
2,25,0.0696168441669727,-0.04785775492716367,0.011182519280205656
2,26,0.06913330885053251,-0.04805973803403109,0.011647692496021544
2,27,0.06913330885053251,-0.04805973803403109,0.011647692496021544
2,28,0.0692924470559432,-0.04799241033174195,0.011739502999143102
2,29,0.06959848206634839,-0.0479005998286204,0.011861917003305179
2,30,0.06959848206634839,-0.0479005998286204,0.011861917003305179
2,31,0.069457705961562,-0.047759823723834006,0.011757865099767412
2,32,0.06943322316072958,-0.04786387562737177,0.011996572407883462
2,33,0.06943322316072958,-0.04786387562737177,0.011996572407883462
2,34,0.06951279226343494,-0.04799241033174195,0.011641571795813441
2,35,0.06946382666177012,-0.047931203329660915,0.011855796303097074
2,36,0.06946382666177012,-0.047808789325498834,0.011861917003305179
2,37,0.06946382666177012,-0.047808789325498834,0.011861917003305179
2,38,0.06947606806218631,-0.047802668625290735,0.011231484881870486
2,39,0.06933529195739993,-0.04792508262945281,0.011806830701432245
2,40,0.06933529195739993,-0.04792508262945281,0.011806830701432245
2,41,0.06936589545844044,-0.0479128412290366,0.011078467376667891
2,42,0.06924348145427836,-0.04768025462112866,0.010998898273962542
2,43,0.06924348145427836,-0.04768025462112866,0.010998898273962542
2,44,0.06951891296364304,-0.04792508262945281,0.012027175908923982
2,45,0.06941486106010528,-0.0479128412290366,0.01197821030725915
2,46,0.06941486106010528,-0.0479128412290366,0.01197821030725915
2,47,0.0696107234667646,-0.04782715142612315,0.012125107112253642
2,48,0.06933529195739993,-0.047649651120088135,0.011733382298934999
2,49,0.06958011996572408,-0.04798628963153385,0.012033296609132086
2,50,0.06958011996572408,-0.04800465173215816,0.010729587464805974
2,51,0.06953727506426735,-0.04800465173215816,0.011672175296853961
2,52,0.06946994736197822,-0.048029134532990576,0.011672175296853961
2,53,0.06954339576447546,-0.04773534092300159,0.011923124005386216
2,54,0.06951891296364304,-0.04797404823111764,0.011929244705594321
2,55,0.069457705961562,-0.048176031337985065,0.011696658097686375
2,56,0.06942710246052149,-0.047931203329660915,0.012229159015791406
2,57,0.069457705961562,-0.0479067205288285,0.011904761904761904
2,58,0.06943322316072958,-0.04802301383278247,0.011965968906842943
2,59,0.06960460276655649,-0.04797404823111764,0.011604847594564819
2,60,0.06934753335781614,-0.0479067205288285,0.011629330395397233
2,61,0.06935365405802424,-0.04777818582445832,0.011965968906842943
2,62,0.06931080915656751,-0.0479067205288285,0.011470192189986534
2,63,0.06926184355490268,-0.04800465173215816,0.010839760068551842
2,64,0.06948830946260252,-0.04799241033174195,0.012045538009548292
2,65,0.06952503366385114,-0.047949565430285224,0.010729587464805974
2,66,0.06934141265760803,-0.04771085812216917,0.011972089607051047
2,67,0.06943322316072958,-0.047949565430285224,0.011947606806218631
2,68,0.06937813685885666,-0.04766801322071245,0.011562002693108092
2,69,0.06946994736197822,-0.047931203329660915,0.011243726282286693
2,70,0.06951279226343494,-0.0482372383400661,0.011598726894356714
2,71,0.06951279226343494,-0.0482372383400661,0.011892520504345697
2,72,0.06926796425511078,-0.04800465173215816,0.011892520504345697
2,73,0.06940261965968907,-0.04792508262945281,0.011800710001224141
2,74,0.06954951646468356,-0.048304566042355244,0.010937691271881503
2,75,0.06923736075407026,-0.04777206512425021,0.010448035255233199
2,76,0.0692740849553189,-0.047949565430285224,0.01098053617333823
2,77,0.06973313747092667,-0.04757008201738279,0.01195984820663484
2,78,0.06951279226343494,-0.04792508262945281,0.011298812584159627
2,79,0.06935977475823234,-0.04761292691883952,0.011708899498102584
2,80,0.0694454645611458,-0.047790427224874525,0.010888725670216672
2,81,0.06940874035989716,-0.04796792753090954,0.011941486106010528
2,82,0.06954339576447546,-0.04777206512425021,0.011690537397478272
2,83,0.06938425755906476,-0.047661892520504345,0.011929244705594321
2,84,0.06946994736197822,-0.047943444730077125,0.010894846370424777
2,85,0.06972701677071858,-0.048218876239441794,0.011690537397478272
2,86,0.06962296486718081,-0.04777206512425021,0.012155710613294162
2,87,0.06931692985677561,-0.04810870363569593,0.0114151058881136
2,88,0.06940874035989716,-0.04799853103195005,0.011690537397478272
2,89,0.06923736075407026,-0.04782715142612315,0.011684416697270168
2,90,0.06909046394907578,-0.04792508262945281,0.0118986412045538
2,91,0.06909046394907578,-0.0479128412290366,0.01183131350226466
2,92,0.06920063655282165,-0.0479128412290366,0.011800710001224141
2,93,0.06932305055698372,-0.04781491002570694,0.011800710001224141
2,94,0.06939037825927286,-0.047790427224874525,0.010815277267719426
2,95,0.06956787856530787,-0.04805973803403109,0.012021055208715877
2,96,0.06941486106010528,-0.04768025462112866,0.011390623087281185
2,97,0.06955563716489166,-0.047692496021544864,0.01159260619414861
2,98,0.06942098176031339,-0.04832292814297955,0.011684416697270168
2,99,0.06939037825927286,-0.04795568613049333,0.011580364793732404
3,0,-0.0681784796180683,-0.07475823234177989,0.04078834618680377
3,1,-0.0681784796180683,-0.07475823234177989,0.04078834618680377
3,2,-0.06817235891786019,-0.074764353041988,0.040610845880768756
3,3,-0.06834985922389522,-0.07450116293303954,0.04088627739013343
3,4,-0.06834985922389522,-0.07450116293303954,0.04088627739013343
3,5,-0.06842330762639245,-0.07457461133553679,0.040623087281184966
3,6,-0.06819684171869261,-0.07472762884073939,0.04047006977598237
3,7,-0.06819684171869261,-0.07472762884073939,0.04047006977598237
3,8,-0.06802546211286571,-0.07494185334802302,0.04059860448035255
3,9,-0.06809891051536296,-0.07479495654302852,0.04076998408617946
3,10,-0.06809891051536296,-0.07479495654302852,0.04076998408617946
3,11,-0.06829477292202228,-0.07453788713428816,0.040763863385971356
3,12,-0.06809891051536296,-0.07506426735218509,0.040965846492838784
3,13,-0.06842942832660057,-0.07483168074427714,0.04059860448035255
3,14,-0.06842942832660057,-0.07483168074427714,0.04059860448035255
3,15,-0.0683314971232709,-0.07465418043824214,0.040408862773901336
3,16,-0.06817235891786019,-0.07462969763740972,0.04050067327702289
3,17,-0.06817235891786019,-0.07462969763740972,0.04050067327702289
3,18,-0.06803158281307382,-0.07477047374219611,0.04047006977598237
3,19,-0.06830089362223038,-0.07500306035010405,0.040396621373485125
3,20,-0.06830089362223038,-0.07500306035010405,0.040396621373485125
3,21,-0.06841106622597624,-0.07479495654302852,0.04050679397723099
3,22,-0.0681784796180683,-0.07477047374219611,0.04071489778430652
3,23,-0.0681784796180683,-0.07477047374219611,0.04071489778430652
3,24,-0.0685028767290978,-0.07466030113845024,0.04053127677806341
3,25,-0.06840494552576815,-0.07488676704615008,0.0408373117884686
3,26,-0.06841106622597624,-0.07486840494552577,0.040953605092422574
3,27,-0.06841106622597624,-0.07486840494552577,0.040953605092422574
3,28,-0.06804382421349002,-0.07501530175052026,0.04076998408617946
3,29,-0.06823356591994124,-0.0749173705471906,0.040525156077855305
3,30,-0.06823356591994124,-0.0749173705471906,0.040525156077855305
3,31,-0.06823968662014934,-0.07470314603990696,0.04104541559554413
3,32,-0.0681662382176521,-0.07482556004406904,0.040665932182641695
3,33,-0.0681662382176521,-0.07482556004406904,0.040665932182641695
3,34,-0.06828253152160607,-0.07466642183865835,0.040696535683682214
3,35,-0.06825192802056555,-0.07469702533969887,0.04065981148243359
3,36,-0.06825192802056555,-0.07469702533969887,0.04065981148243359
3,37,-0.06809891051536296,-0.07488676704615008,0.040537397478271515
3,38,-0.06800097931203329,-0.0747398702411556,0.04059860448035255
3,39,-0.06822132451952503,-0.07464805973803404,0.04074550128534704
3,40,-0.06822132451952503,-0.07464805973803404,0.04074550128534704
3,41,-0.06827641082139797,-0.07455012853470437,0.04074550128534704
3,42,-0.06814787611702779,-0.07467254253886645,0.04087403598971722
3,43,-0.06814787611702779,-0.07467254253886645,0.04087403598971722
3,44,-0.0684722732280573,-0.07470314603990696,0.04093524299179826
3,45,-0.06823356591994124,-0.07471538744032317,0.04053127677806341
3,46,-0.06823356591994124,-0.07471538744032317,0.04053127677806341
3,47,-0.06798261721140898,-0.07480107724323662,0.04073325988493083
3,48,-0.0683314971232709,-0.07458073203574489,0.04058636307993634
3,49,-0.06830701432243849,-0.07478883584282042,0.0408373117884686
3,50,-0.06836210062431142,-0.07458685273595299,0.04078834618680377
3,51,-0.068160117517444,-0.07472150814053127,0.040751621985555146
3,52,-0.068160117517444,-0.07464193903782593,0.04075774268576325
3,53,-0.06840494552576815,-0.07464193903782593,0.040825070388052394
3,54,-0.06822744521973315,-0.07460521483657731,0.040751621985555146
3,55,-0.06836822132451953,-0.07466030113845024,0.040751621985555146
3,56,-0.06834985922389522,-0.07453176643408006,0.04073325988493083
3,57,-0.06844166972701678,-0.07472762884073939,0.040898518790549634
3,58,-0.0683314971232709,-0.07486840494552577,0.04070265638389032
3,59,-0.06837434202472763,-0.07466030113845024,0.040623087281184966
3,60,-0.06814787611702779,-0.07456849063532868,0.04071489778430652
3,61,-0.06831313502264659,-0.07485004284490146,0.04049455257681479
3,62,-0.06810503121557107,-0.07477659444240421,0.04077610478638756
3,63,-0.06836210062431142,-0.07483168074427714,0.040665932182641695
3,64,-0.06826416942098176,-0.0744338352307504,0.04064144938180928
3,65,-0.06828865222181417,-0.07467866323907454,0.04064757008201738
3,66,-0.06808666911494675,-0.07478271514261231,0.040568000979312034
3,67,-0.06827029012118987,-0.07441547313012609,0.040537397478271515
3,68,-0.06811115191577917,-0.07472150814053127,0.04064757008201738
3,69,-0.06840494552576815,-0.07462969763740972,0.04040274207369323
3,70,-0.06807442771453054,-0.0747459909413637,0.04057412167952014
3,71,-0.06823968662014934,-0.07472762884073939,0.04086791528950912
3,72,-0.06823968662014934,-0.07472762884073939,0.04070265638389032
3,73,-0.06827641082139797,-0.07469090463949077,0.04070265638389032
3,74,-0.06826416942098176,-0.0747398702411556,0.04073325988493083
3,75,-0.0681662382176521,-0.07451952503366385,0.04064144938180928
3,76,-0.06838658342514384,-0.07449504223283143,0.04059248378014445
3,77,-0.06828253152160607,-0.074764353041988,0.04088627739013343
3,78,-0.06806218631411434,-0.0745990941363692,0.04075774268576325
3,79,-0.0683314971232709,-0.07456849063532868,0.04069041498347411
3,80,-0.06812339331619537,-0.07472150814053127,0.040892398090341536
3,81,-0.06822744521973315,-0.07499693964989594,0.0409903292936712
3,82,-0.06823356591994124,-0.07456849063532868,0.04050067327702289
3,83,-0.06842330762639245,-0.07477047374219611,0.040610845880768756
3,84,-0.06822132451952503,-0.07437874892887746,0.04084343248867671
3,85,-0.068160117517444,-0.07447668013220712,0.04060472518056066
3,86,-0.06827641082139797,-0.07449504223283143,0.040623087281184966
3,87,-0.06797037581099277,-0.07480719794344473,0.04063532868160118
3,88,-0.06835597992410332,-0.07471538744032317,0.04065981148243359
3,89,-0.06825804872077365,-0.07469702533969887,0.04078222548659567
3,90,-0.06808054841473865,-0.07509487085322561,0.04081894968784429
3,91,-0.06819684171869261,-0.07439711102950178,0.040684294283266004
3,92,-0.06827641082139797,-0.0744399559309585,0.04070265638389032
3,93,-0.06814787611702779,-0.07483780144448525,0.04071489778430652
3,94,-0.06814787611702779,-0.0745990941363692,0.04075774268576325
3,95,-0.0683253764230628,-0.0745990941363692,0.04075774268576325
3,96,-0.06813563471661158,-0.07465418043824214,0.04070265638389032
3,97,-0.06825192802056555,-0.07437262822866936,0.04080058758721998
3,98,-0.06823356591994124,-0.07470926674011506,0.04065981148243359
3,99,-0.06799485861182519,-0.07459297343616109,0.04074550128534704
