values,,Magnetometer,Magnetometer,Magnetometer
axis,,x,y,z
Sensor,Sample,,,
0,0,0.03228057289753948,0.04746603011384502,-0.01990451707675358
0,1,0.03228057289753948,0.04746603011384502,-0.01990451707675358
0,2,0.03241522830211776,0.047490512914677444,-0.01991675847716979
0,3,0.03234177989962052,0.04731301260864243,-0.01992287917737789
0,4,0.03234177989962052,0.04731301260864243,-0.01992287917737789
0,5,0.03265393561023381,0.04761292691883952,-0.019525033663851145
0,6,0.03250091810503122,0.04750887501530175,-0.01990451707675358
0,7,0.03250091810503122,0.04750887501530175,-0.01990451707675358
0,8,0.0323172970987881,0.04750887501530175,-0.01987391357571306
0,9,0.032574366507528464,0.047606806218631406,-0.019947361978210308
0,10,0.032574366507528464,0.047606806218631406,-0.019947361978210308
0,11,0.03225609009670706,0.04747827151426123,-0.019414861060105277
0,12,0.03249479740482311,0.04731301260864243,-0.019708654670094257
0,13,0.03249479740482311,0.04731301260864243,-0.019708654670094257
0,14,0.03253764230627984,0.04747215081405313,-0.019170033051781124
0,15,0.03226221079691517,0.04728240910760191,-0.019757620271759087
0,16,0.03245807320357449,0.04725792630676949,-0.019525033663851145
0,17,0.03245807320357449,0.04725792630676949,-0.019525033663851145
0,18,0.03232341779899621,0.0475884441180071,-0.019500550863018728
0,19,0.0324764353041988,0.04725792630676949,-0.019794344473007715
0,20,0.0324764353041988,0.04725792630676949,-0.019794344473007715
0,21,0.03237238340066104,0.047276288407393806,-0.019506671563226833
0,22,0.03231117639858,0.04753947851634227,-0.019525033663851145
0,23,0.03231117639858,0.04753947851634227,-0.019525033663851145
0,24,0.03238462480107725,0.04746603011384502,-0.01946994736197821
0,25,0.032286693597747586,0.047380340310931565,-0.019555637164891664
0,26,0.032286693597747586,0.047380340310931565,-0.019555637164891664
0,27,0.0323172970987881,0.04750275431509365,-0.019494430162810626
0,28,0.032519280205655525,0.04760068551842331,-0.019482188762394416
0,29,0.032519280205655525,0.04760068551842331,-0.019482188762394416
0,30,0.032390745501285345,0.047417064512180196,-0.019812706573632023
0,31,0.03231117639858,0.047423185212388294,-0.019794344473007715
0,32,0.03231117639858,0.047563961317174684,-0.01995348267841841
0,33,0.03237238340066104,0.047563961317174684,-0.01995348267841841
0,34,0.03239686620149345,0.047221202105520874,-0.019457705961562002
0,35,0.03253764230627984,0.04751499571550986,-0.019341412657608033
0,36,0.03253764230627984,0.04751499571550986,-0.019341412657608033
0,37,0.032305055698371894,0.04733137470926674,-0.01981882727384013
0,38,0.03221936589545844,0.04753947851634227,-0.019445464561145796
0,39,0.03221936589545844,0.04753947851634227,-0.019445464561145796
0,40,0.03238462480107725,0.047435426612804504,-0.01992287917737789
0,41,0.03234177989962052,0.047619047619047616,-0.020516587097563963
0,42,0.03234177989962052,0.047619047619047616,-0.020516587097563963
0,43,0.03255600440690415,0.047380340310931565,-0.019506671563226833
0,44,0.032360142000244826,0.04758232341779899,-0.019751499571550986
0,45,0.032360142000244826,0.04758232341779899,-0.019751499571550986
0,46,0.03253764230627984,0.04750275431509365,-0.019316929856775616
0,47,0.0324825560044069,0.047606806218631406,-0.019898396376545478
0,48,0.0324825560044069,0.047606806218631406,-0.019898396376545478
0,49,0.03232341779899621,0.04731301260864243,-0.01997184477904272
0,50,0.03236626270045293,0.047490512914677444,-0.019855551475088752
0,51,0.03236626270045293,0.047490512914677444,-0.019855551475088752
0,52,0.032378504100869135,0.04731301260864243,-0.019341412657608033
0,53,0.03238462480107725,0.04750887501530175,-0.019121067450116293
0,54,0.03231117639858,0.04745990941363692,-0.019512792263434935
0,55,0.03231117639858,0.04745990941363692,-0.019512792263434935
0,56,0.032562125107112254,0.047202840004896565,-0.01969641326967805
0,57,0.03226833149712327,0.047111029501775,-0.0196107234667646
0,58,0.03226833149712327,0.047111029501775,-0.0196107234667646
0,59,0.03210307259150447,0.04751499571550986,-0.01992287917737789
0,60,0.03220100379483413,0.047294650508018114,-0.019671930468845637
0,61,0.03220100379483413,0.047294650508018114,-0.019671930468845637
0,62,0.03235402130003672,0.04748439221446933,-0.01978822377279961
0,63,0.03224996939649896,0.047429305912596406,-0.019684171869261843
0,64,0.03224996939649896,0.047429305912596406,-0.019684171869261843
0,65,0.032402986901701555,0.04747215081405313,-0.019959603378626515
0,66,0.03241522830211776,0.04747827151426123,-0.019592361366140287
0,67,0.03241522830211776,0.04747827151426123,-0.019592361366140287
0,68,0.03226221079691517,0.04736809891051536,-0.019880034275921166
0,69,0.03232341779899621,0.047435426612804504,-0.019408740359897172
0,70,0.03232341779899621,0.047435426612804504,-0.019408740359897172
0,71,0.032360142000244826,0.047276288407393806,-0.02012486228424532
0,72,0.03229893499816379,0.04745990941363692,-0.019653568368221325
0,73,0.03229893499816379,0.04745990941363692,-0.019653568368221325
0,74,0.03240910760190966,0.04757008201738279,-0.019763740971967193
0,75,0.03232341779899621,0.047392581711347775,-0.019476068062186314
0,76,0.03218264169420982,0.04754559921655037,-0.019720896070510467
0,77,0.03218264169420982,0.04754559921655037,-0.019720896070510467
0,78,0.03243971110295017,0.04735585751009915,-0.020069775982372383
0,79,0.03239686620149345,0.04745378871342882,-0.019733137470926674
0,80,0.03239686620149345,0.04745378871342882,-0.019733137470926674
0,81,0.032305055698371894,0.04750275431509365,-0.019794344473007715
0,82,0.03234177989962052,0.04736197821030726,-0.019892275676337372
0,83,0.03234177989962052,0.04736197821030726,-0.019892275676337372
0,84,0.03220712449504223,0.04749663361488554,-0.019476068062186314
0,85,0.03261109070877709,0.04745990941363692,-0.019824947974048233
0,86,0.03261109070877709,0.04745990941363692,-0.019824947974048233
0,87,0.03232953849920431,0.047429305912596406,-0.019427102460521484
0,88,0.03223772799608275,0.047563961317174684,-0.019684171869261843
0,89,0.03223772799608275,0.047563961317174684,-0.019684171869261843
0,90,0.03232953849920431,0.04738646101113968,-0.01937201615864855
0,91,0.03220100379483413,0.04751499571550986,-0.01946994736197821
0,92,0.03220100379483413,0.04751499571550986,-0.01946994736197821
0,93,0.03256824580732036,0.047288529807810016,-0.019794344473007715
0,94,0.03231117639858,0.04731913330885053,-0.019335291957399928
0,95,0.03232341779899621,0.047435426612804504,-0.019641326967805118
0,96,0.03232341779899621,0.047435426612804504,-0.019641326967805118
0,97,0.03232341779899621,0.04722732280572898,-0.020020810380707552
0,98,0.032360142000244826,0.0472640470069776,-0.019457705961562002
0,99,0.032360142000244826,0.0472640470069776,-0.019457705961562002
1,0,-0.04498714652956298,0.09699473619782104,0.022071244950422328
1,1,-0.0448586118251928,0.09689680499449137,0.021006243114212265
1,2,-0.044913698127065735,0.09706206390011017,0.021055208715877096
1,3,-0.044913698127065735,0.09706206390011017,0.021055208715877096
1,4,-0.04488921532623332,0.09686620149345085,0.021073570816501408
1,5,-0.045085077732892644,0.09669482188762395,0.021508140531276778
1,6,-0.04506059493206023,0.09673766678908066,0.02142857142857143
1,7,-0.04506059493206023,0.09673766678908066,0.02142857142857143
1,8,-0.045011629330395396,0.09680499449136981,0.020700208103807075
1,9,-0.044742318521238826,0.0967682702901212,0.02180193414126576
1,10,-0.044742318521238826,0.0967682702901212,0.02180193414126576
1,11,-0.04481576692373608,0.09682947729220223,0.02160607173460644
1,12,-0.044870853225609006,0.09698861549761292,0.021453054229403846
1,13,-0.044870853225609006,0.09698861549761292,0.021453054229403846
1,14,-0.04509731913330885,0.09676214958991308,0.021771330640225243
1,15,-0.04483412902436039,0.09659689068429428,0.02126943322316073
1,16,-0.04483412902436039,0.09659689068429428,0.02126943322316073
1,17,-0.0447055943199902,0.09693352919574,0.021379605826906598
1,18,-0.04480964622352797,0.09659689068429428,0.02180193414126576
1,19,-0.044913698127065735,0.09700085689802913,0.021875382543763006
1,20,-0.044913698127065735,0.09700085689802913,0.021875382543763006
1,21,-0.0447055943199902,0.09678051169053739,0.02165503733627127
1,22,-0.04491981882727384,0.09698861549761292,0.021459174929611947
1,23,-0.04491981882727384,0.09698861549761292,0.021459174929611947
1,24,-0.044785163422695555,0.09667033908679153,0.021391847227322805
1,25,-0.04480352552331987,0.09652956298200514,0.02173460643897662
1,26,-0.04480352552331987,0.09652956298200514,0.02173460643897662
1,27,-0.044944301628106254,0.09663973558575101,0.021244950422328317
1,28,-0.04467499081894969,0.09636430407638634,0.021342881625657974
1,29,-0.044570938915411924,0.09670706328804016,0.021471416330028158
1,30,-0.044570938915411924,0.09670706328804016,0.021471416330028158
1,31,-0.04480964622352797,0.0964744766801322,0.021440812828987636
1,32,-0.04503611213122781,0.0966213734851267,0.021569347533357815
1,33,-0.04503611213122781,0.0966213734851267,0.021569347533357815
1,34,-0.045140164034765576,0.09651120088138083,0.02165503733627127
1,35,-0.044828008324152284,0.09659076998408618,0.021147019218998652
1,36,-0.044828008324152284,0.09659076998408618,0.021147019218998652
1,37,-0.044797404823111765,0.09634594197576203,0.02135512302607418
1,38,-0.04460766311666055,0.0970804260007345,0.021502019831068676
1,39,-0.04460766311666055,0.0970804260007345,0.021502019831068676
1,40,-0.045023870730811606,0.09673154608887256,0.02147753703023626
1,41,-0.04498714652956298,0.09631533847472151,0.02160607173460644
1,42,-0.044699473619782104,0.09660301138450239,0.02149589913086057
1,43,-0.044699473619782104,0.09660301138450239,0.02149589913086057
1,44,-0.04507895703268454,0.09657852858366997,0.021667278736687477
1,45,-0.04480964622352797,0.09671930468845637,0.02095115681233933
1,46,-0.04480964622352797,0.09671930468845637,0.02095115681233933
1,47,-0.044938180927898155,0.09672542538866447,0.021679520137103683
1,48,-0.04473007712082262,0.09692128779532379,0.02155710613294161
1,49,-0.04473007712082262,0.09692128779532379,0.02155710613294161
1,50,-0.0448586118251928,0.09670706328804016,0.021440812828987636
1,51,-0.04476680132207124,0.09671318398824826,0.02104296731546089
1,52,-0.04476680132207124,0.09671318398824826,0.02104296731546089
1,53,-0.04499326722977108,0.09620516587097563,0.021759089239809036
1,54,-0.04482188762394418,0.09699473619782104,0.021691761537519894
1,55,-0.044828008324152284,0.09702533969886154,0.021312278124617456
1,56,-0.044828008324152284,0.09702533969886154,0.021312278124617456
1,57,-0.044895336026441426,0.09681723589178602,0.021281674623576937
1,58,-0.04488921532623332,0.09653568368221324,0.02180193414126576
1,59,-0.04488921532623332,0.09653568368221324,0.02180193414126576
1,60,-0.044711715020198314,0.09675602888970498,0.021336760925449873
1,61,-0.04481576692373608,0.09671318398824826,0.02136736442649039
1,62,-0.04481576692373608,0.09671318398824826,0.02136736442649039
1,63,-0.04476068062186314,0.09670706328804016,0.020828742808177255
1,64,-0.044938180927898155,0.09671318398824826,0.02147753703023626
1,65,-0.044938180927898155,0.09671318398824826,0.02147753703023626
1,66,-0.04523197453788713,0.09671930468845637,0.021263312522952625
1,67,-0.04509731913330885,0.09659076998408618,0.02143469212877953
1,68,-0.04484637042477659,0.09667033908679153,0.021281674623576937
1,69,-0.04484637042477659,0.09667033908679153,0.021281674623576937
1,70,-0.04486473252540091,0.0967682702901212,0.021336760925449873
1,71,-0.04499326722977108,0.09686008079324274,0.02147753703023626
1,72,-0.04499326722977108,0.09686008079324274,0.02147753703023626
1,73,-0.044785163422695555,0.09672542538866447,0.021826416942098175
1,74,-0.044797404823111765,0.09675602888970498,0.02160607173460644
1,75,-0.044797404823111765,0.09675602888970498,0.02160607173460644
1,76,-0.04498714652956298,0.09678051169053739,0.02147753703023626
1,77,-0.04495042232831436,0.0967682702901212,0.021814175541681968
1,78,-0.04495042232831436,0.0967682702901212,0.021814175541681968
1,79,-0.04504835353164402,0.0967682702901212,0.021740727139184724
1,80,-0.04484637042477659,0.09659076998408618,0.02086546700942588
1,81,-0.04502999143101971,0.09679275309095361,0.02149589913086057
1,82,-0.04502999143101971,0.09679275309095361,0.02149589913086057
1,83,-0.04472395642061452,0.09659689068429428,0.02112865711837434
1,84,-0.04458930101603624,0.09650508018117274,0.02155710613294161
1,85,-0.04458930101603624,0.09650508018117274,0.02155710613294161
1,86,-0.04465050801811728,0.09676214958991308,0.02157546823356592
1,87,-0.044944301628106254,0.09686620149345085,0.021257191822744523
1,88,-0.044944301628106254,0.09686620149345085,0.021257191822744523
1,89,-0.04482188762394418,0.09657240788346186,0.020822622107969153
1,90,-0.04483412902436039,0.09652344228179703,0.021306157424409354
1,91,-0.044944301628106254,0.09650508018117274,0.021195984820663483
1,92,-0.044944301628106254,0.09650508018117274,0.021195984820663483
1,93,-0.04490145672664953,0.09679275309095361,0.02136736442649039
1,94,-0.04488921532623332,0.0964744766801322,0.02164279593585506
1,95,-0.04488921532623332,0.0964744766801322,0.02164279593585506
1,96,-0.044883094626025216,0.0966458562859591,0.02189986534459542
1,97,-0.044895336026441426,0.09687844289386706,0.021147019218998652
1,98,-0.044895336026441426,0.09687844289386706,0.021147019218998652
1,99,-0.044626025217284856,0.09683559799241033,0.02168564083731179
2,0,0.11582813073815645,-0.04695801199657241,0.040965846492838784
2,1,0.11582813073815645,-0.04695801199657241,0.040965846492838784
2,2,0.11574856163545108,-0.0470987881013588,0.04223895213612437
2,3,0.11603623454523197,-0.04685396009303464,0.042153262333210914
2,4,0.11603623454523197,-0.04685396009303464,0.042153262333210914
2,5,0.11580364793732403,-0.04708654670094259,0.041149467499081896
2,6,0.11580976863753215,-0.04695801199657241,0.04161464071489778
2,7,0.11580976863753215,-0.04695801199657241,0.04161464071489778
2,8,0.11570571673399437,-0.04652956298200514,0.042422573142367484
2,9,0.1156016648304566,-0.04685396009303464,0.04231852123882972
2,10,0.1156016648304566,-0.04685396009303464,0.04231852123882972
2,11,0.11570571673399437,-0.04674378748928877,0.042153262333210914
2,12,0.11572407883461869,-0.04673766678908067,0.04226955563716489
2,13,0.11572407883461869,-0.04673766678908067,0.04226955563716489
2,14,0.11590157914065369,-0.04698249479740482,0.041639123515730195
2,15,0.11584649283878075,-0.04674378748928877,0.042404211041743176
2,16,0.11562614763128902,-0.047380340310931565,0.04208593463092178
2,17,0.11562614763128902,-0.047380340310931565,0.04208593463092178
2,18,0.11586485493940506,-0.04667645978699963,0.04124739870241156
2,19,0.11575468233565919,-0.04673154608887257,0.04233688333945403
2,20,0.11575468233565919,-0.04673154608887257,0.04233688333945403
2,21,0.11571795813441058,-0.04703146039906965,0.041094381197208964
2,22,0.11584037213857265,-0.04673766678908067,0.041963520626759704
2,23,0.11584037213857265,-0.04673766678908067,0.041963520626759704
2,24,0.11571795813441058,-0.04675602888970498,0.04241645244215938
2,25,0.11578528583669971,-0.0470987881013588,0.042434814542783694
2,26,0.11566287183253765,-0.046921287795323785,0.0414799853103195
2,27,0.11566287183253765,-0.046921287795323785,0.0414799853103195
2,28,0.11586485493940506,-0.04663361488554291,0.0421287795323785
2,29,0.11586485493940506,-0.04706818460031827,0.04245929734361611
2,30,0.11586485493940506,-0.04706818460031827,0.04245929734361611
2,31,0.11554045782837556,-0.0470987881013588,0.042391969641326965
2,32,0.115919941241278,-0.04720896070510466,0.042049210429673155
2,33,0.115919941241278,-0.04720896070510466,0.042049210429673155
2,34,0.11564450973191334,-0.0469457705961562,0.04172481331864365
2,35,0.1159076998408618,-0.046890684294283266,0.04226343493695679
2,36,0.1159076998408618,-0.046890684294283266,0.04226343493695679
2,37,0.11574856163545108,-0.04688456359407516,0.0408311910882605
2,38,0.11574856163545108,-0.047159995103439836,0.04037825927286082
2,39,0.11574856163545108,-0.04663361488554291,0.041681968417186924
2,40,0.11578528583669971,-0.04663361488554291,0.041681968417186924
2,41,0.11579140653690782,-0.04714163300281552,0.04031705227077978
2,42,0.11554045782837556,-0.04685396009303464,0.041932917125719185
2,43,0.11554045782837556,-0.04685396009303464,0.041932917125719185
2,44,0.11580976863753215,-0.047019218998653446,0.041822744521973314
2,45,0.1159321826416942,-0.046909046394907575,0.040763863385971356
2,46,0.1159321826416942,-0.046909046394907575,0.040763863385971356
2,47,0.11616476924960215,-0.047062063900110175,0.04231240053862162
2,48,0.11596890684294284,-0.04671930468845636,0.04097196719304688
2,49,0.11596890684294284,-0.04671930468845636,0.04097196719304688
2,50,0.11596278614273473,-0.047080426000734484,0.042275676337372996
2,51,0.1157669237360754,-0.047049822499693965,0.04208593463092178
2,52,0.1157669237360754,-0.047049822499693965,0.04208593463092178
2,53,0.11568735463337006,-0.046964132696780514,0.041761537519892276
2,54,0.11580976863753215,-0.04698861549761293,0.042391969641326965
2,55,0.11574856163545108,-0.04698861549761293,0.042159383033419026
2,56,0.11574856163545108,-0.04698861549761293,0.042159383033419026
2,57,0.11598726894356715,-0.04684171869261843,0.042306279838413514
2,58,0.11582813073815645,-0.04703758109927776,0.04235524544007834
2,59,0.11582813073815645,-0.04703758109927776,0.04235524544007834
2,60,0.11595054474231851,-0.04705594319990207,0.04231852123882972
2,61,0.11590157914065369,-0.04706818460031827,0.04044558697514995
2,62,0.11590157914065369,-0.04706818460031827,0.04044558697514995
2,63,0.11596278614273473,-0.04680499449136981,0.04161464071489778
2,64,0.11582201003794834,-0.04674378748928877,0.040182396866201495
2,65,0.11582201003794834,-0.04674378748928877,0.040182396866201495
2,66,0.11573632023503488,-0.046933529195739995,0.042428693842575596
2,67,0.11571183743420248,-0.04708654670094259,0.041033174195127926
2,68,0.1159076998408618,-0.04679887379116171,0.04157791651364916
2,69,0.1159076998408618,-0.04679887379116171,0.04157791651364916
2,70,0.11595054474231851,-0.046835597992410334,0.04175541681968417
2,71,0.11568123393316196,-0.04699473619782103,0.04097196719304688
2,72,0.11568123393316196,-0.04699473619782103,0.04097196719304688
2,73,0.11580976863753215,-0.04684171869261843,0.04181050312155711
2,74,0.11571795813441058,-0.046951891296364304,0.04042110417431754
2,75,0.11571795813441058,-0.046951891296364304,0.04042110417431754
2,76,0.11580364793732403,-0.04663361488554291,0.04190231362467866
2,77,0.11560778553066471,-0.047202840004896565,0.03931325743665075
2,78,0.11560778553066471,-0.047202840004896565,0.03931325743665075
2,79,0.11596890684294284,-0.04657852858366997,0.04249602154486473
2,80,0.1158954584404456,-0.04671318398824826,0.04157179581344106
2,81,0.1158954584404456,-0.04671318398824826,0.04157179581344106
2,82,0.11599951034398334,-0.04716611580364794,0.042404211041743176
2,83,0.11569347533357817,-0.04689680499449137,0.04235524544007834
2,84,0.11577304443628351,-0.04732525400905864,0.04241033174195128
2,85,0.11577304443628351,-0.04732525400905864,0.04241033174195128
2,86,0.11563226833149712,-0.0467866323907455,0.042575590647570084
2,87,0.11579140653690782,-0.047019218998653446,0.04232464193903783
2,88,0.11579140653690782,-0.047019218998653446,0.04232464193903783
2,89,0.11592606194148611,-0.04685396009303464,0.042306279838413514
2,90,0.11601175174439955,-0.046762149589913087,0.042447055943199904
2,91,0.11601175174439955,-0.046762149589913087,0.042447055943199904
2,92,0.115919941241278,-0.047380340310931565,0.04256946994736198
2,93,0.11588321704002938,-0.046878442893867056,0.04095972579263067
2,94,0.11588321704002938,-0.046878442893867056,0.04095972579263067
2,95,0.11568735463337006,-0.0469396498959481,0.040794466887011875
2,96,0.11578528583669971,-0.04700085689802914,0.041975762027175914
2,97,0.115919941241278,-0.04720896070510466,0.042177745134043335
2,98,0.115919941241278,-0.04720896070510466,0.042177745134043335
2,99,0.11590157914065369,-0.04684783939282654,0.041620761415105886
3,0,-0.12276900477414616,-0.0784428938670584,0.1051475088750153
3,1,-0.12276900477414616,-0.0784428938670584,0.1051475088750153
3,2,-0.12264047006977599,-0.07851022156934753,0.10515362957522341
3,3,-0.12268331497123271,-0.0784551352674746,0.10538009548292324
3,4,-0.12262822866935978,-0.07842453176643407,0.10519035377647204
3,5,-0.12262822866935978,-0.07842453176643407,0.10519035377647204
3,6,-0.12258538376790304,-0.07828987636185579,0.10508018117272615
3,7,-0.12257314236748684,-0.07825315216060717,0.10525156077855306
3,8,-0.12257314236748684,-0.07825315216060717,0.10525156077855306
3,9,-0.12244460766311667,-0.07843065246664219,0.10532500918105032
3,10,-0.12232219365895458,-0.07843065246664219,0.10521483657730443
3,11,-0.12232219365895458,-0.07843065246664219,0.10521483657730443
3,12,-0.12278736687477047,-0.07825927286081527,0.10497000856898028
3,13,-0.12258538376790304,-0.0786081527726772,0.10484147386461011
3,14,-0.12258538376790304,-0.0786081527726772,0.10484147386461011
3,15,-0.12256702166727873,-0.07838780756518546,0.10515362957522341
3,16,-0.12256702166727873,-0.07850410086913942,0.10504957767168563
3,17,-0.1225058146651977,-0.07850410086913942,0.10534949198188273
3,18,-0.1225058146651977,-0.07850410086913942,0.10534949198188273
3,19,-0.12238340066103562,-0.07824703146039907,0.10510466397355858
3,20,-0.12228546945770595,-0.07826539356102338,0.10485983596523443
3,21,-0.12228546945770595,-0.07826539356102338,0.10485983596523443
3,22,-0.12268943567144082,-0.07858979067205288,0.10521483657730443
3,23,-0.1225180560656139,-0.07837556616476925,0.10515362957522341
3,24,-0.1225180560656139,-0.07837556616476925,0.10515362957522341
3,25,-0.12261598726894356,-0.07834496266372873,0.10501285347043703
3,26,-0.12256090096707065,-0.07865099767413392,0.10535561268209084
3,27,-0.12252417676582202,-0.07842453176643407,0.1052882849798017
3,28,-0.12252417676582202,-0.07842453176643407,0.1052882849798017
3,29,-0.12286693597747582,-0.07817970375810993,0.10528216427959358
3,30,-0.12238952136124373,-0.0789447912841229,0.10533112988125841
3,31,-0.12238952136124373,-0.0789447912841229,0.10533112988125841
3,32,-0.12254865956665442,-0.0784490145672665,0.10522707797772066
3,33,-0.12247521116415719,-0.078302117762272,0.10528216427959358
3,34,-0.12247521116415719,-0.078302117762272,0.10528216427959358
3,35,-0.12235891786020321,-0.0781491002570694,0.10491492226710734
3,36,-0.12261598726894356,-0.07841229036601786,0.10542906108458808
3,37,-0.12261598726894356,-0.07841229036601786,0.10542906108458808
3,38,-0.12252417676582202,-0.07807565185457216,0.10534337128167462
3,39,-0.12258538376790304,-0.07851022156934753,0.10515975027543152
3,40,-0.12239564206145184,-0.07825927286081527,0.10526992287917739
3,41,-0.12239564206145184,-0.07825927286081527,0.10526992287917739
3,42,-0.12245072836332475,-0.07830823846248011,0.10533112988125841
3,43,-0.12273228057289753,-0.0784490145672665,0.10517811237605582
3,44,-0.12273228057289753,-0.0784490145672665,0.10517811237605582
3,45,-0.12264659076998408,-0.0782776349614396,0.1051413881748072
3,46,-0.1226588321704003,-0.07835720406414494,0.10509854327335047
3,47,-0.1226588321704003,-0.07835720406414494,0.10509854327335047
3,48,-0.12271391847227323,-0.07840616966580977,0.10519647447668012
3,49,-0.12247521116415719,-0.0784428938670584,0.1052882849798017
3,50,-0.12247521116415719,-0.0784428938670584,0.1052882849798017
3,51,-0.12287917737789203,-0.07821642795935854,0.10518423307626393
3,52,-0.12227934875749787,-0.07820418655894235,0.10504345697147754
3,53,-0.12260986656873547,-0.07868772187538255,0.10525768147876118
3,54,-0.12260986656873547,-0.07868772187538255,0.10525768147876118
3,55,-0.1223527971599951,-0.07853470437017995,0.10553923368833396
3,56,-0.12257926306769495,-0.07821642795935854,0.1054780266862529
3,57,-0.12257926306769495,-0.07821642795935854,0.1054780266862529
3,58,-0.12241400416207615,-0.0786081527726772,0.10507406047251806
3,59,-0.1225180560656139,-0.07850410086913942,0.10517199167584772
3,60,-0.1225180560656139,-0.07850410086913942,0.10517199167584772
3,61,-0.12245684906353287,-0.07834496266372873,0.10508018117272615
3,62,-0.12256702166727873,-0.07851022156934753,0.10545966458562858
3,63,-0.12256702166727873,-0.07851022156934753,0.10545966458562858
3,64,-0.12268943567144082,-0.07825927286081527,0.10535561268209084
3,65,-0.12276288407393805,-0.07836332476435304,0.10532500918105032
3,66,-0.12230383155833027,-0.07847349736809892,0.10508018117272615
3,67,-0.12230383155833027,-0.07847349736809892,0.10508018117272615
3,68,-0.1226955563716489,-0.0786142734728853,0.10501285347043703
3,69,-0.12262210796915167,-0.0784490145672665,0.10507406047251806
3,70,-0.12262210796915167,-0.0784490145672665,0.10507406047251806
3,71,-0.12257926306769495,-0.07841841106622598,0.10536785408250704
3,72,-0.12247521116415719,-0.07847961806830701,0.10501897417064512
3,73,-0.12247521116415719,-0.07847961806830701,0.10501897417064512
3,74,-0.12242624556249235,-0.07851634226955564,0.10525156077855306
3,75,-0.12248745256457338,-0.07847961806830701,0.10503121557106132
3,76,-0.12248745256457338,-0.07847961806830701,0.10503121557106132
3,77,-0.12256090096707065,-0.07889582568245808,0.1054535438854205
3,78,-0.12242012486228424,-0.07848573876851513,0.10504345697147754
3,79,-0.12260986656873547,-0.07835720406414494,0.10542906108458808
3,80,-0.12260986656873547,-0.07835720406414494,0.10542906108458808
3,81,-0.12264659076998408,-0.07876729097808789,0.10508630187293426
3,82,-0.12261598726894356,-0.07860203207246909,0.1051475088750153
3,83,-0.12261598726894356,-0.07860203207246909,0.1051475088750153
3,84,-0.12230995225853838,-0.07840004896560167,0.105306647080426
3,85,-0.1223160729587465,-0.07843065246664219,0.1051107846737667
3,86,-0.1223160729587465,-0.07843065246664219,0.1051107846737667
3,87,-0.12248133186436527,-0.07830823846248011,0.10530052638021789
3,88,-0.12272003917248134,-0.07825315216060717,0.1051475088750153
3,89,-0.12272003917248134,-0.07825315216060717,0.1051475088750153
3,90,-0.12264659076998408,-0.07849798016893132,0.10542294038437998
3,91,-0.12225486595666543,-0.07836332476435304,0.10504957767168563
3,92,-0.12224262455624924,-0.07833884196352062,0.10515362957522341
3,93,-0.12224262455624924,-0.07833884196352062,0.10515362957522341
3,94,-0.1225180560656139,-0.0782959970620639,0.10519035377647204
3,95,-0.12266495287060838,-0.0782776349614396,0.1051413881748072
3,96,-0.12266495287060838,-0.0782776349614396,0.1051413881748072
3,97,-0.1226955563716489,-0.07838168686497735,0.10526380217896927
3,98,-0.12262210796915167,-0.07849185946872322,0.10506793977230995
3,99,-0.12262210796915167,-0.07849185946872322,0.10506793977230995
