values,,Magnetometer,Magnetometer,Magnetometer
axis,,x,y,z
Sensor,Sample,,,
0,0,0.03411066225976252,0.048616721752968536,-0.019684171869261843
0,1,0.03431876606683805,0.04853715265026319,-0.019365895458440446
0,2,0.034080058758722,0.048445342147141635,-0.019463826661770108
0,3,0.034080058758722,0.048445342147141635,-0.019463826661770108
0,4,0.03397600685518423,0.048402497245684906,-0.01940261965968907
0,5,0.03420247276288407,0.04822499693964989,-0.01917615375198923
0,6,0.03420247276288407,0.04822499693964989,-0.01917615375198923
0,7,0.03420247276288407,0.04843922144693353,-0.019531154364059247
0,8,0.034196352062675975,0.04842085934630922,-0.018815032439711103
0,9,0.034086179458930096,0.04824947974048231,-0.018931325743665076
0,10,0.034086179458930096,0.04824947974048231,-0.018931325743665076
0,11,0.03414738646101114,0.04848818704859836,-0.019139429550740605
0,12,0.0342514383645489,0.04862896315338475,-0.01951891296364304
0,13,0.0342514383645489,0.04862896315338475,-0.01951891296364304
0,14,0.03400661035622475,0.04829844534214714,-0.019408740359897172
0,15,0.03417798996205166,0.04851266984943077,-0.019255722854694575
0,16,0.03417798996205166,0.04851266984943077,-0.019255722854694575
0,17,0.03445342147141633,0.04846982494797405,-0.01898641204553801
0,18,0.03431876606683805,0.04834741094381197,-0.01923124005386216
0,19,0.03431876606683805,0.04834741094381197,-0.01923124005386216
0,20,0.034000489656016646,0.04829844534214714,-0.018772187538254374
0,21,0.03427592116538132,0.04865344595421716,-0.019365895458440446
0,22,0.03427592116538132,0.04865344595421716,-0.019365895458440446
0,23,0.03404945525768148,0.04839637654547681,-0.01931080915656751
0,24,0.03436161096829478,0.048445342147141635,-0.01951891296364304
0,25,0.03436161096829478,0.048445342147141635,-0.01951891296364304
0,26,0.03400661035622475,0.04848818704859836,-0.019157791651364917
0,27,0.03402497245684906,0.04839637654547681,-0.019708654670094257
0,28,0.03402497245684906,0.04839637654547681,-0.019708654670094257
0,29,0.03411678295997062,0.0483841351450606,-0.019378136858856653
0,30,0.03416574856163545,0.0485555147508875,-0.01883951524054352
0,31,0.03411066225976252,0.04829232464193904,-0.019335291957399928
0,32,0.03411066225976252,0.04829232464193904,-0.019335291957399928
0,33,0.034416697270167704,0.04859835965234423,-0.019151670951156812
0,34,0.03434936956787856,0.04834741094381197,-0.01914555025094871
0,35,0.03434936956787856,0.04834741094381197,-0.01914555025094871
0,36,0.034086179458930096,0.0485555147508875,-0.019170033051781124
0,37,0.034080058758722,0.048531031950055085,-0.01890684294283266
0,38,0.034080058758722,0.048531031950055085,-0.01890684294283266
0,39,0.034153507161219246,0.04835353164402008,-0.01948830946260252
0,40,0.0342453176643408,0.04857999755171992,-0.019237360754070267
0,41,0.0342453176643408,0.04857999755171992,-0.019237360754070267
0,42,0.034141265760803036,0.04832904884318766,-0.019225119353654056
0,43,0.0345758354755784,0.04860448035255233,-0.019059860448035253
0,44,0.0345758354755784,0.04860448035255233,-0.019059860448035253
0,45,0.034171869261843554,0.048531031950055085,-0.01962908556738891
0,46,0.03409230015913821,0.04840861794589301,-0.01935365405802424
0,47,0.03409230015913821,0.04840861794589301,-0.01935365405802424
0,48,0.03420859346309218,0.048304566042355244,-0.019451585261353897
0,49,0.03421471416330028,0.04846982494797405,-0.019059860448035253
0,50,0.03421471416330028,0.05003672420124863,-0.01892520504345697
0,51,0.03427592116538132,0.04861060105276044,-0.01892520504345697
0,52,0.03403109315705717,0.04848818704859836,-0.019249602154486473
0,53,0.03431264536662994,0.04833516954339576,-0.019304688456359406
0,54,0.03431264536662994,0.04833516954339576,-0.019304688456359406
0,55,0.03409842085934631,0.048445342147141635,-0.01910270534949198
0,56,0.03414738646101114,0.04850042844901457,-0.019586240665932182
0,57,0.03414738646101114,0.04850042844901457,-0.019586240665932182
0,58,0.0342391969641327,0.04832904884318766,-0.019482188762394416
0,59,0.03407393805851389,0.04846370424776594,-0.01891908434324887
0,60,0.03407393805851389,0.04846370424776594,-0.01891908434324887
0,61,0.03412290366017872,0.04848206634839026,-0.019408740359897172
0,62,0.03413514506059494,0.04842698004651732,-0.019090463949075775
0,63,0.03413514506059494,0.04842698004651732,-0.019090463949075775
0,64,0.03423307626392459,0.04848206634839026,-0.01898641204553801
0,65,0.03398824825560044,0.04847594564818215,-0.01918227445219733
0,66,0.03398824825560044,0.04847594564818215,-0.01918227445219733
0,67,0.03431876606683805,0.04828620394173093,-0.019255722854694575
0,68,0.03404945525768148,0.04843922144693353,-0.019090463949075775
0,69,0.03404945525768148,0.04843922144693353,-0.019090463949075775
0,70,0.033957644754559924,0.04849430774880646,-0.018772187538254374
0,71,0.0342391969641327,0.04859223895213612,-0.018802791039294893
0,72,0.0342391969641327,0.04859223895213612,-0.02036969029256947
0,73,0.034153507161219246,0.04837801444485249,-0.01892520504345697
0,74,0.03417798996205166,0.04842698004651732,-0.018974170645121802
0,75,0.03404945525768148,0.048402497245684906,-0.019151670951156812
0,76,0.03404945525768148,0.048402497245684906,-0.019151670951156812
0,77,0.03404945525768148,0.04863508385359285,-0.019586240665932182
0,78,0.034055575957889585,0.048659566654425265,-0.019249602154486473
0,79,0.034055575957889585,0.048659566654425265,-0.019249602154486473
0,80,0.034153507161219246,0.04852491124984698,-0.01898641204553801
0,81,0.03432488676704615,0.04850042844901457,-0.01905373974782715
0,82,0.03432488676704615,0.04850042844901457,-0.01905373974782715
0,83,0.03426367976496511,0.04836577304443628,-0.01905373974782715
0,84,0.034422817970375816,0.04850654914922267,-0.01910270534949198
0,85,0.034422817970375816,0.04850654914922267,-0.01910270534949198
0,86,0.03434936956787856,0.04866568735463337,-0.018998653445954215
0,87,0.03412290366017872,0.048414738646101116,-0.018943567144081283
0,88,0.03412290366017872,0.048414738646101116,-0.018943567144081283
0,89,0.03411678295997062,0.048586118251928025,-0.01910270534949198
0,90,0.034080058758722,0.04822499693964989,-0.019531154364059247
0,91,0.034080058758722,0.04822499693964989,-0.019531154364059247
0,92,0.034055575957889585,0.04848818704859836,-0.01916391235157302
0,93,0.034129024360386825,0.04860448035255233,-0.019604602766556494
0,94,0.034129024360386825,0.04860448035255233,-0.019604602766556494
0,95,0.03436161096829478,0.04850042844901457,-0.019604602766556494
0,96,0.03422695556371649,0.04857999755171992,-0.018772187538254374
0,97,0.034080058758722,0.0487085322560901,-0.019139429550740605
0,98,0.034080058758722,0.0487085322560901,-0.019139429550740605
0,99,0.03406781735830579,0.04821275553923369,-0.019586240665932182
1,0,-0.04685396009303464,0.09878810135879544,0.023277022891418777
1,1,-0.046878442893867056,0.09884930836087649,0.023191333088505326
1,2,-0.046890684294283266,0.09897172236503857,0.022720039172481332
1,3,-0.046890684294283266,0.09897172236503857,0.022720039172481332
1,4,-0.047159995103439836,0.09876973925817113,0.022414004162076142
1,5,-0.046878442893867056,0.0988737911617089,0.023124005386216184
1,6,-0.046878442893867056,0.0988737911617089,0.023124005386216184
1,7,-0.0467743909903293,0.09874525645733871,0.022934263679764966
1,8,-0.046621373485126696,0.09881870485983597,0.022518056065613905
1,9,-0.04673154608887257,0.09881870485983597,0.0223527971599951
1,10,-0.04673154608887257,0.09881870485983597,0.0223527971599951
1,11,-0.04700085689802914,0.0990145672664953,0.023111763985799977
1,12,-0.046951891296364304,0.0988676704615008,0.022585383767903047
1,13,-0.046951891296364304,0.0988676704615008,0.022585383767903047
1,14,-0.0467866323907455,0.09897172236503857,0.023001591382054105
1,15,-0.04684171869261843,0.09906965356836822,0.023325988493083608
1,16,-0.04684171869261843,0.09906965356836822,0.023325988493083608
1,17,-0.04684171869261843,0.09895336026441424,0.02273228057289754
1,18,-0.046792753090953605,0.0987207736565063,0.02263434936956788
1,19,-0.046792753090953605,0.0987207736565063,0.02263434936956788
1,20,-0.04712939160239931,0.09864732525400906,0.023307626392459296
1,21,-0.046835597992410334,0.09897784306524667,0.022224262455624925
1,22,-0.04676827029012119,0.09912473987024115,0.022775125474354264
1,23,-0.04676827029012119,0.09912473987024115,0.022775125474354264
1,24,-0.04673766678908067,0.09881870485983597,0.022658832170400295
1,25,-0.04688456359407516,0.09895336026441424,0.022977108581221692
1,26,-0.04688456359407516,0.09895336026441424,0.022977108581221692
1,27,-0.046951891296364304,0.09902680866691149,0.02208960705104664
1,28,-0.04680499449136981,0.09885542906108459,0.022720039172481332
1,29,-0.04680499449136981,0.09885542906108459,0.022720039172481332
1,30,-0.046792753090953605,0.09865956665442527,0.022414004162076142
1,31,-0.04670094258783205,0.09899008446566288,0.02275064267352185
1,32,-0.04670094258783205,0.09899008446566288,0.02275064267352185
1,33,-0.04675602888970498,0.09903292936711959,0.023099522585383767
1,34,-0.04684171869261843,0.09893499816378994,0.02292814297955686
1,35,-0.04660913208471049,0.09861672175296854,0.023013832782470316
1,36,-0.04660913208471049,0.09861672175296854,0.023013832782470316
1,37,-0.04684783939282654,0.09889215326233322,0.023026074182886522
1,38,-0.046823356591994124,0.0987085322560901,0.022738401273105644
1,39,-0.046823356591994124,0.0987085322560901,0.022738401273105644
1,40,-0.04688456359407516,0.09883706696046027,0.0231484881870486
1,41,-0.04682947729220223,0.09912473987024115,0.023124005386216184
1,42,-0.04682947729220223,0.09912473987024115,0.023124005386216184
1,43,-0.04690292569469947,0.09863508385359285,0.02303831558330273
1,44,-0.04691516709511568,0.09876973925817113,0.022787366874770475
1,45,-0.04691516709511568,0.09876973925817113,0.022787366874770475
1,46,-0.04687232219365896,0.09884318766066838,0.022536418166238217
1,47,-0.04673154608887257,0.09889827396254132,0.022260986656873545
1,48,-0.046707063288040154,0.09867180805484146,0.023001591382054105
1,49,-0.046707063288040154,0.09867180805484146,0.023001591382054105
1,50,-0.046909046394907575,0.09889827396254132,0.022309952258538376
1,51,-0.046651976986167215,0.09863508385359285,0.023197453788713428
1,52,-0.046651976986167215,0.09863508385359285,0.023197453788713428
1,53,-0.04685396009303464,0.09908189496878443,0.022805728975394783
1,54,-0.046792753090953605,0.09861060105276044,0.022456849063532867
1,55,-0.046792753090953605,0.09861060105276044,0.022456849063532867
1,56,-0.0467743909903293,0.098879911861917,0.022848573876851512
1,57,-0.04665809768637532,0.09888603256212511,0.022946505080181173
1,58,-0.04665809768637532,0.09888603256212511,0.022946505080181173
1,59,-0.046792753090953605,0.09897172236503857,0.022769004774146163
1,60,-0.04707430530052638,0.0987207736565063,0.023307626392459296
1,61,-0.04688456359407516,0.09884930836087649,0.023050556983718936
1,62,-0.04688456359407516,0.09884930836087649,0.023050556983718936
1,63,-0.04671930468845636,0.09911861917003305,0.02316685028767291
1,64,-0.04670094258783205,0.09862896315338475,0.022163055453543887
1,65,-0.04670094258783205,0.09862896315338475,0.022163055453543887
1,66,-0.04703146039906965,0.0987207736565063,0.02313012608642429
1,67,-0.046976374097196724,0.0992104296731546,0.022738401273105644
1,68,-0.046976374097196724,0.0992104296731546,0.022738401273105644
1,69,-0.046921287795323785,0.09869017015546579,0.02316685028767291
1,70,-0.04697025339698861,0.09889827396254132,0.022481331864365284
1,71,-0.04697025339698861,0.09889827396254132,0.022481331864365284
1,72,-0.0467743909903293,0.09868404945525769,0.022805728975394783
1,73,-0.0469396498959481,0.09889215326233322,0.022334435059370793
1,74,-0.04690292569469947,0.09893499816378994,0.02292202227934876
1,75,-0.04690292569469947,0.09893499816378994,0.02292202227934876
1,76,-0.046621373485126696,0.09895948096462234,0.022817970375810993
1,77,-0.046639735585751005,0.09884930836087649,0.022793487574978576
1,78,-0.046639735585751005,0.09884930836087649,0.022793487574978576
1,79,-0.04689680499449137,0.09875137715754682,0.022713918472273227
1,80,-0.04681111519157792,0.0987146529562982,0.022787366874770475
1,81,-0.04681111519157792,0.0987146529562982,0.022787366874770475
1,82,-0.046909046394907575,0.09899008446566288,0.02295262578038928
1,83,-0.046823356591994124,0.098879911861917,0.02212633125229526
1,84,-0.046823356591994124,0.098879911861917,0.02212633125229526
1,85,-0.04673766678908067,0.09850654914922266,0.0228302117762272
1,86,-0.04681723589178602,0.09875137715754682,0.02289141877830824
1,87,-0.046890684294283266,0.09883094626025217,0.02263434936956788
1,88,-0.046890684294283266,0.09883094626025217,0.02263434936956788
1,89,-0.04705594319990207,0.09874525645733871,0.02305667768392704
1,90,-0.046823356591994124,0.09876361855796303,0.02300771208226221
1,91,-0.046823356591994124,0.09876361855796303,0.02300771208226221
1,92,-0.046951891296364304,0.0987085322560901,0.022946505080181173
1,93,-0.046878442893867056,0.09893499816378994,0.023001591382054105
1,94,-0.046878442893867056,0.09893499816378994,0.023001591382054105
1,95,-0.04660913208471049,0.09896560166483045,0.023142367486840495
1,96,-0.04682947729220223,0.0985555147508875,0.02305667768392704
1,97,-0.04682947729220223,0.0985555147508875,0.02305667768392704
1,98,-0.04699473619782103,0.09897784306524667,0.022713918472273227
1,99,-0.046792753090953605,0.09905741216795202,0.022756763373729956
2,0,0.11516709511568124,-0.04884930836087649,0.03846248010772432
2,1,0.11529562982005141,-0.04853715265026319,0.03968049944913698
2,2,0.1152772677194271,-0.04865344595421716,0.04044558697514995
2,3,0.1152772677194271,-0.04865344595421716,0.04044558697514995
2,4,0.11516709511568124,-0.04861060105276044,0.04059248378014445
2,5,0.11515485371526502,-0.048898273962541317,0.039001101726037456
2,6,0.11520381931692987,-0.04857387685151181,0.03742808177255478
2,7,0.11520381931692987,-0.04857387685151181,0.03742808177255478
2,8,0.11523442281797039,-0.04849430774880646,0.0385848941118864
2,9,0.1151242502142245,-0.048830946260252174,0.040157914065369074
2,10,0.1151242502142245,-0.048830946260252174,0.040157914065369074
2,11,0.11537519892275676,-0.04856775615130371,0.040825070388052394
2,12,0.11552209572775125,-0.04866568735463337,0.040537397478271515
2,13,0.11552209572775125,-0.04866568735463337,0.040537397478271515
2,14,0.11527114701921899,-0.04893499816378994,0.04064144938180928
2,15,0.11542416452442159,-0.04843922144693353,0.04023136246786632
2,16,0.11542416452442159,-0.04843922144693353,0.04023136246786632
2,17,0.11558330272983228,-0.04874525645733872,0.04043334557473375
2,18,0.11539968172358919,-0.048543273350471296,0.039129636430407636
2,19,0.11539968172358919,-0.048690170155465784,0.0395519647447668
2,20,0.11544252662504591,-0.048690170155465784,0.0395519647447668
2,21,0.1152772677194271,-0.048677928755049574,0.04054351817847962
2,22,0.11546700942587833,-0.048543273350471296,0.040623087281184966
2,23,0.11546700942587833,-0.048543273350471296,0.040623087281184966
2,24,0.11508140531276778,-0.048390255845268695,0.04046394907577427
2,25,0.11530787122046762,-0.048916636063165625,0.0403598971722365
2,26,0.11530787122046762,-0.048916636063165625,0.0403598971722365
2,27,0.11546700942587833,-0.048543273350471296,0.040812828987636184
2,28,0.11519157791651365,-0.04889215326233321,0.040665932182641695
2,29,0.11519157791651365,-0.04889215326233321,0.040665932182641695
2,30,0.1152650263190109,-0.04842085934630922,0.0395519647447668
2,31,0.1154364059248378,-0.04899008446566287,0.040427224874525644
2,32,0.1154364059248378,-0.04899008446566287,0.040427224874525644
2,33,0.11536295752234056,-0.048616721752968536,0.03961317174684784
2,34,0.11566287183253765,-0.04894111886399804,0.040610845880768756
2,35,0.11531399192067573,-0.04876973925817114,0.04075774268576325
2,36,0.11531399192067573,-0.04876973925817114,0.04075774268576325
2,37,0.1154302852246297,-0.04859835965234423,0.0397172236503856
2,38,0.11524666421838659,-0.04885542906108459,0.03972946505080181
2,39,0.11524666421838659,-0.04885542906108459,0.03972946505080181
2,40,0.1154547680254621,-0.048531031950055085,0.04059860448035255
2,41,0.11568735463337006,-0.0488737911617089,0.04062920798139307
2,42,0.11568735463337006,-0.0488737911617089,0.04062920798139307
2,43,0.11532011262088382,-0.048775859958379235,0.04050067327702289
2,44,0.11520381931692987,-0.0483841351450606,0.040898518790549634
2,45,0.11520381931692987,-0.0483841351450606,0.040898518790549634
2,46,0.11513649161464072,-0.048671808054841476,0.03990084465662872
2,47,0.1152895091198433,-0.04896560166483045,0.04037825927286082
2,48,0.1152895091198433,-0.04873301505692251,0.04065981148243359
2,49,0.1152895091198433,-0.04873301505692251,0.04065981148243359
2,50,0.11547313012608643,-0.04865344595421716,0.039827396254131474
2,51,0.11551597502754316,-0.04850042844901457,0.04075774268576325
2,52,0.11551597502754316,-0.04850042844901457,0.04075774268576325
2,53,0.11536295752234056,-0.04889215326233321,0.04046394907577427
2,54,0.11525890561880278,-0.04866568735463337,0.03911739502999143
2,55,0.11525890561880278,-0.04866568735463337,0.03911739502999143
2,56,0.11527114701921899,-0.048788101358795445,0.03999877585995838
2,57,0.11532011262088382,-0.048549394050679394,0.04043334557473375
2,58,0.11532011262088382,-0.048549394050679394,0.04043334557473375
2,59,0.1154547680254621,-0.04882482556004407,0.040439466274941854
2,60,0.11516709511568124,-0.04883706696046028,0.03916636063165626
2,61,0.11516709511568124,-0.04883706696046028,0.03916636063165626
2,62,0.11522830211776228,-0.04853715265026319,0.03930713673644265
2,63,0.11546088872567022,-0.04851879054963888,0.03899498102582936
2,64,0.1152772677194271,-0.048775859958379235,0.040665932182641695
2,65,0.1152772677194271,-0.048775859958379235,0.040665932182641695
2,66,0.11544252662504591,-0.04859835965234423,0.04054351817847962
2,67,0.11536295752234056,-0.04862896315338475,0.03927653323540213
2,68,0.11536295752234056,-0.04862896315338475,0.03927653323540213
2,69,0.11527114701921899,-0.04856775615130371,0.040011017260374586
2,70,0.11549761292691885,-0.04896560166483045,0.040482311176398576
2,71,0.11549761292691885,-0.04896560166483045,0.040482311176398576
2,72,0.11517933651609744,-0.0483841351450606,0.040384379973068915
2,73,0.11515485371526502,-0.04849430774880646,0.03936222303831559
2,74,0.11515485371526502,-0.04849430774880646,0.03936222303831559
2,75,0.11519769861672176,-0.04860448035255233,0.039711102950177504
2,76,0.11529562982005141,-0.04885542906108459,0.040610845880768756
2,77,0.11529562982005141,-0.04885542906108459,0.040451707675358065
2,78,0.1154302852246297,-0.0487207736565063,0.040451707675358065
2,79,0.11554045782837556,-0.048677928755049574,0.04046394907577427
2,80,0.11538131962296487,-0.04846982494797405,0.04047006977598237
2,81,0.11538131962296487,-0.04846982494797405,0.04047006977598237
2,82,0.11544252662504591,-0.04880646345941976,0.04064757008201738
2,83,0.11546700942587833,-0.04891051536295753,0.03979067205288285
2,84,0.11546700942587833,-0.04891051536295753,0.03979067205288285
2,85,0.11535683682213245,-0.04878198065858734,0.04072713918472273
2,86,0.11536295752234056,-0.04862896315338475,0.0393805851389399
2,87,0.11536295752234056,-0.04862896315338475,0.0393805851389399
2,88,0.1154364059248378,-0.048788101358795445,0.04059248378014445
2,89,0.11538131962296487,-0.0487085322560901,0.038658342514383645
2,90,0.11538131962296487,-0.0487085322560901,0.038658342514383645
2,91,0.11536295752234056,-0.04883706696046028,0.040011017260374586
2,92,0.1152772677194271,-0.048757497857754926,0.04028032806953115
2,93,0.1152650263190109,-0.048586118251928025,0.040568000979312034
2,94,0.1152650263190109,-0.048586118251928025,0.040568000979312034
2,95,0.11566287183253765,-0.04864732525400906,0.04021300036724201
2,96,0.11533847472150813,-0.0487085322560901,0.04046394907577427
2,97,0.11533847472150813,-0.0487085322560901,0.04046394907577427
2,98,0.11532011262088382,-0.04843922144693353,0.0403598971722365
2,99,0.11495899130860569,-0.048677928755049574,0.039925327457461135
3,0,-0.12225486595666543,-0.08142979556861304,0.10311543640592484
3,1,-0.12225486595666543,-0.08142979556861304,0.10311543640592484
3,2,-0.12237115926061941,-0.08174195127922634,0.10336026441424899
3,3,-0.12212021055208715,-0.08139307136736443,0.10348267841841105
3,4,-0.12212021055208715,-0.08139307136736443,0.10348267841841105
3,5,-0.12229159015791406,-0.08159505447423185,0.10333578161341657
3,6,-0.12223650385604112,-0.08142367486840495,0.10316440200758967
3,7,-0.12235891786020321,-0.08154608887256702,0.10328681601175174
3,8,-0.12235891786020321,-0.08154608887256702,0.10328681601175174
3,9,-0.1223283143591627,-0.08159505447423185,0.1032378504100869
3,10,-0.12224874525645735,-0.08142979556861304,0.10302974660301138
3,11,-0.12224874525645735,-0.08142979556861304,0.10302974660301138
3,12,-0.12236503856041132,-0.08155220957277512,0.10316440200758967
3,13,-0.12212021055208715,-0.08143591626882116,0.10295629820051413
3,14,-0.12212021055208715,-0.08143591626882116,0.10295629820051413
3,15,-0.12229159015791406,-0.08152160607173461,0.10323172970987882
3,16,-0.12255478026686253,-0.08159505447423185,0.10339086791528951
3,17,-0.12255478026686253,-0.08159505447423185,0.10339086791528951
3,18,-0.12260986656873547,-0.08132574366507529,0.10321336760925451
3,19,-0.12228546945770595,-0.08153996817235892,0.10313991920675725
3,20,-0.12233443505937078,-0.08160117517443996,0.10297466030113844
3,21,-0.12233443505937078,-0.08160117517443996,0.10297466030113844
3,22,-0.12263434936956788,-0.08158281307381564,0.1032256090096707
3,23,-0.12226098665687354,-0.08152160607173461,0.10342759211653814
3,24,-0.12226098665687354,-0.08152160607173461,0.10342759211653814
3,25,-0.12213245195250337,-0.08135634716611581,0.10301750520259519
3,26,-0.12224874525645735,-0.08171746847839392,0.10300526380217896
3,27,-0.12224874525645735,-0.08171746847839392,0.10300526380217896
3,28,-0.12230995225853838,-0.08121557106132941,0.10340923001591382
3,29,-0.12229771085812217,-0.08163789937568858,0.10315828130738156
3,30,-0.12229771085812217,-0.08163789937568858,0.10315828130738156
3,31,-0.12257926306769495,-0.08158281307381564,0.10312155710613294
3,32,-0.12242012486228424,-0.08153384747215081,0.10305422940384379
3,33,-0.12243236626270045,-0.0814971232709022,0.10314603990696536
3,34,-0.12243236626270045,-0.0814971232709022,0.10314603990696536
3,35,-0.12226710735708164,-0.08144203696902926,0.10317664340800588
3,36,-0.12239564206145184,-0.08153384747215081,0.10318276410821399
3,37,-0.12239564206145184,-0.08153384747215081,0.10318276410821399
3,38,-0.12258538376790304,-0.08171746847839392,0.10313379850654916
3,39,-0.12240788346186804,-0.08116660545966459,0.10329293671195985
3,40,-0.12240788346186804,-0.08116660545966459,0.10329293671195985
3,41,-0.12243236626270045,-0.08157057167339944,0.10342759211653814
3,42,-0.1223283143591627,-0.08138695066715632,0.10339086791528951
3,43,-0.1223283143591627,-0.08138695066715632,0.10339086791528951
3,44,-0.12215693475333578,-0.08145427836944547,0.1030725915044681
3,45,-0.12262822866935978,-0.08165626147631289,0.10329293671195985
3,46,-0.12232219365895458,-0.08149100257069408,0.10325009181050313
3,47,-0.12232219365895458,-0.08149100257069408,0.10325009181050313
3,48,-0.12245684906353287,-0.08187048598359652,0.10328069531154364
3,49,-0.12228546945770595,-0.08176031337985065,0.10319500550863019
3,50,-0.12228546945770595,-0.08176031337985065,0.10319500550863019
3,51,-0.12271391847227323,-0.08171134777818582,0.10354388542049212
3,52,-0.12229159015791406,-0.08160117517443996,0.10334190231362468
3,53,-0.12229159015791406,-0.08160117517443996,0.10334190231362468
3,54,-0.12245072836332475,-0.08158281307381564,0.10330517811237605
3,55,-0.1222059003550006,-0.08129514016403476,0.10325621251071122
3,56,-0.1222059003550006,-0.08129514016403476,0.10325621251071122
3,57,-0.12228546945770595,-0.08128901946382666,0.10318888480842207
3,58,-0.12223038315583304,-0.08153996817235892,0.10285836699718447
3,59,-0.12244460766311667,-0.08169298567756152,0.1032378504100869
3,60,-0.12244460766311667,-0.08169298567756152,0.1032378504100869
3,61,-0.12234055575957889,-0.08169298567756152,0.10317664340800588
3,62,-0.12237727996082752,-0.08192557228546946,0.10328069531154364
3,63,-0.12237727996082752,-0.08192557228546946,0.10328069531154364
3,64,-0.12246296976374098,-0.08172970987881013,0.10324397111029501
3,65,-0.12212021055208715,-0.08150324397111029,0.10312155710613294
3,66,-0.12212021055208715,-0.08150324397111029,0.10312155710613294
3,67,-0.12235891786020321,-0.08165626147631289,0.10311543640592484
3,68,-0.12221202105520872,-0.08168686497735342,0.1033725058146652
3,69,-0.12221202105520872,-0.08168686497735342,0.1033725058146652
3,70,-0.12246909046394908,-0.08159505447423185,0.10345819561757866
3,71,-0.12219365895458441,-0.08169910637776961,0.1030725915044681
3,72,-0.12219365895458441,-0.08152772677194271,0.10328069531154364
3,73,-0.12222426245562493,-0.08152772677194271,0.10328069531154364
3,74,-0.12270779777206513,-0.08201126208838291,0.10329905741216797
3,75,-0.12219365895458441,-0.08169910637776961,0.1030725915044681
3,76,-0.12219365895458441,-0.08169910637776961,0.1030725915044681
3,77,-0.12243236626270045,-0.08138082996694822,0.10336026441424899
3,78,-0.1226588321704003,-0.08132574366507529,0.1032072469090464
3,79,-0.1226588321704003,-0.08132574366507529,0.1032072469090464
3,80,-0.12216917615375197,-0.0818276410821398,0.10326845391112742
3,81,-0.12243236626270045,-0.0816807442771453,0.10316440200758967
3,82,-0.12243236626270045,-0.0816807442771453,0.10316440200758967
3,83,-0.12230383155833027,-0.08147876117027789,0.1030481087036357
3,84,-0.12240788346186804,-0.08163789937568858,0.10301138450238707
3,85,-0.12240788346186804,-0.08163789937568858,0.10301138450238707
3,86,-0.12240788346186804,-0.08160729587464806,0.10321948830946259
3,87,-0.1223283143591627,-0.08154608887256702,0.10354388542049212
3,88,-0.12256090096707065,-0.08127065736320235,0.10347043701799485
3,89,-0.12256090096707065,-0.08127065736320235,0.10347043701799485
3,90,-0.12226710735708164,-0.08178479618068307,0.10315828130738156
3,91,-0.12217529685396009,-0.08155833027298323,0.10306647080426001
3,92,-0.12217529685396009,-0.08155833027298323,0.10306647080426001
3,93,-0.12238340066103562,-0.08171746847839392,0.10307871220467621
3,94,-0.1225180560656139,-0.0816746235769372,0.1032378504100869
3,95,-0.1225180560656139,-0.0816746235769372,0.1032378504100869
3,96,-0.12217529685396009,-0.08131962296486718,0.10343371281674622
3,97,-0.12225486595666543,-0.0813502264659077,0.1032011262088383
3,98,-0.12225486595666543,-0.0813502264659077,0.1032011262088383
3,99,-0.12227934875749787,-0.08125841596278614,0.1032256090096707
