values,,Magnetometer,Magnetometer,Magnetometer
axis,,x,y,z
Sensor,Sample,,,
0,0,0.051169053739747825,0.042006365528216426,0.006922511935365405
0,1,0.05131595054474232,0.042159383033419026,0.0070082017382788585
0,2,0.05140164034765578,0.0421165381319623,0.0067633737299547065
0,3,0.05140164034765578,0.0421165381319623,0.0067633737299547065
0,4,0.05135879544619905,0.042306279838413514,0.006408373117884686
0,5,0.05153629575223405,0.04241033174195128,0.006983718937446444
0,6,0.05153629575223405,0.04241033174195128,0.006983718937446444
0,7,0.05142000244828008,0.04202472762884074,0.006818460031827641
0,8,0.05153629575223405,0.041975762027175914,0.0065919941241278
0,9,0.05153629575223405,0.041975762027175914,0.0065919941241278
0,10,0.051236381442036974,0.042006365528216426,0.00672052882849798
0,11,0.05135879544619905,0.042134900232586606,0.007038805239319377
0,12,0.05133431264536663,0.04224507283633248,0.006904149834741094
0,13,0.05133431264536663,0.04224507283633248,0.006904149834741094
0,14,0.0512914677439099,0.042220590035500064,0.00697759823723834
0,15,0.05123026074182887,0.04225119353654058,0.006689925327457461
0,16,0.05123026074182887,0.04225119353654058,0.006689925327457461
0,17,0.05138327824703146,0.04207981393071367,0.006402252417676582
0,18,0.0512792263434937,0.0421226588321704,0.0071795813441057664
0,19,0.0512792263434937,0.0421226588321704,0.0071795813441057664
0,20,0.05152405435181785,0.04210429673154609,0.006530787122046762
0,21,0.05132819194515853,0.042134900232586606,0.007222426245562493
0,22,0.05132819194515853,0.042134900232586606,0.007222426245562493
0,23,0.05157914065369078,0.042049210429673155,0.006702166727873669
0,24,0.05131595054474232,0.04225119353654058,0.0067633737299547065
0,25,0.05131595054474232,0.04225119353654058,0.0067633737299547065
0,26,0.05133431264536663,0.0421165381319623,0.006506304321214347
0,27,0.05146896804994492,0.042061451830089365,0.006867425633492472
0,28,0.05146896804994492,0.042061451830089365,0.006867425633492472
0,29,0.05125474354266128,0.0421165381319623,0.006965356836822133
0,30,0.05134655404578283,0.042153262333210914,0.007338719549516465
0,31,0.05142612314848819,0.0421165381319623,0.00728363324764353
0,32,0.05142612314848819,0.0421165381319623,0.00728363324764353
0,33,0.05132819194515853,0.0421287795323785,0.007326478149100257
0,34,0.05146896804994492,0.04203084832904884,0.007063288040151794
0,35,0.05146896804994492,0.04203084832904884,0.007063288040151794
0,36,0.05134655404578283,0.04226343493695679,0.007075529440568001
0,37,0.051303709144326116,0.04221446933529196,0.007265271147019218
0,38,0.051303709144326116,0.04221446933529196,0.007265271147019218
0,39,0.051554657852858364,0.04223283143591627,0.00684906353286816
0,40,0.05124250214224507,0.04225119353654058,0.0070082017382788585
0,41,0.05124250214224507,0.04225119353654058,0.0070082017382788585
0,42,0.051193536540580245,0.042018606928632636,0.006426735218508997
0,43,0.05140164034765578,0.04198188272738401,0.006732770228914188
0,44,0.05140164034765578,0.04198188272738401,0.006732770228914188
0,45,0.05118741584037214,0.04223895213612437,0.006910270534949197
0,46,0.051309829844534215,0.04231240053862162,0.0071979434447300775
0,47,0.051309829844534215,0.04231240053862162,0.0071979434447300775
0,48,0.051169053739747825,0.04226343493695679,0.00710613294160852
0,49,0.05126086424286939,0.042189986534459545,0.007142857142857143
0,50,0.05126086424286939,0.042189986534459545,0.007142857142857143
0,51,0.05132819194515853,0.0422817970375811,0.007210184845146285
0,52,0.05110172603745868,0.042159383033419026,0.0072163055453543885
0,53,0.05125474354266128,0.042202227934875755,0.007075529440568001
0,54,0.05127310564328559,0.04219610723466764,0.006793977230995225
0,55,0.05121801934141266,0.04204308972946505,0.0068000979312033295
0,56,0.05126086424286939,0.04230015913820541,0.007087770840984209
0,57,0.05154241645244216,0.04231852123882972,0.007087770840984209
0,58,0.051407761047863876,0.04209205533112988,0.00710613294160852
0,59,0.051407761047863876,0.04226343493695679,0.006757253029746603
0,60,0.05118741584037214,0.04226343493695679,0.006757253029746603
0,61,0.05117517443995593,0.042189986534459545,0.0070449259395274815
0,62,0.05146284734973681,0.04209817603133799,0.006867425633492472
0,63,0.051193536540580245,0.04225731423674868,0.006916391235157302
0,64,0.051126208838291096,0.04226343493695679,0.007051046639735587
0,65,0.0511139674378749,0.04235524544007834,0.00718570204431387
0,66,0.05146284734973681,0.042202227934875755,0.006946994736197821
0,67,0.051266984943077486,0.04235524544007834,0.006922511935365405
0,68,0.051297588444118004,0.04226955563716489,0.007289753947851635
0,69,0.05122414004162076,0.04234912473987024,0.007204064144938181
0,70,0.05146284734973681,0.04209205533112988,0.006916391235157302
0,71,0.05148120945036112,0.042220590035500064,0.00654302852246297
0,72,0.05123026074182887,0.04209817603133799,0.006891908434324886
0,73,0.051211898641204553,0.04231852123882972,0.007069408740359898
0,74,0.0512792263434937,0.04236136614028645,0.0069531154364059254
0,75,0.0512792263434937,0.04236136614028645,0.0069531154364059254
0,76,0.05132819194515853,0.042220590035500064,0.007191822744521974
0,77,0.05138327824703146,0.0422817970375811,0.0065919941241278
0,78,0.05152405435181785,0.04207981393071367,0.00715509854327335
0,79,0.05114457093891541,0.04232464193903783,0.007344840249724568
0,80,0.05138939894723956,0.0421287795323785,0.006836822132451953
0,81,0.051150691639123516,0.04233076263924593,0.0067817358305790176
0,82,0.05143224384869629,0.0419573999265516,0.007081650140776105
0,83,0.051303709144326116,0.0421165381319623,0.006689925327457461
0,84,0.05124250214224507,0.042134900232586606,0.006469580119965725
0,85,0.05124250214224507,0.042153262333210914,0.006751132329538499
0,86,0.05142000244828008,0.042153262333210914,0.0067266495287060845
0,87,0.05147508875015302,0.041975762027175914,0.0067266495287060845
0,88,0.051407761047863876,0.042153262333210914,0.006677683927041253
0,89,0.05136491614640715,0.042177745134043335,0.007130615742440935
0,90,0.051162933039539726,0.042220590035500064,0.007332598849308361
0,91,0.05127310564328559,0.04198800342759212,0.007265271147019218
0,92,0.051309829844534215,0.042202227934875755,0.007002081038070755
0,93,0.051162933039539726,0.042061451830089365,0.006885787734116783
0,94,0.05125474354266128,0.04207369323050557,0.0070082017382788585
0,95,0.051150691639123516,0.04218386583425144,0.006757253029746603
0,96,0.05124862284245317,0.04198800342759212,0.007148977843065246
0,97,0.051193536540580245,0.0422817970375811,0.006910270534949197
0,98,0.05127310564328559,0.04223283143591627,0.007002081038070755
0,99,0.05127310564328559,0.04223283143591627,0.007002081038070755
1,0,-0.06579140653690782,0.09086791528950912,0.06405924837801444
1,1,-0.0659138205410699,0.09102093279471171,0.06370424776594442
1,2,-0.0659138205410699,0.09102093279471171,0.06370424776594442
1,3,-0.06603623454523197,0.0909964499938793,0.06363692006365528
1,4,-0.06550985432733505,0.09124739870241155,0.0635145060594932
1,5,-0.06579752723711593,0.0911739502999143,0.06298812584159627
1,6,-0.06579752723711593,0.0911739502999143,0.06298812584159627
1,7,-0.06582201003794834,0.09135757130615743,0.06379605826906598
1,8,-0.06576692373607541,0.09095972579263067,0.06374097196719306
1,9,-0.06576692373607541,0.09095972579263067,0.06374097196719306
1,10,-0.06594442404211041,0.0908373117884686,0.06375321336760925
1,11,-0.0656200269310809,0.09104541559554413,0.06412045538009549
1,12,-0.0656200269310809,0.09104541559554413,0.06412045538009549
1,13,-0.06584649283878076,0.09119843310074673,0.06337372995470682
1,14,-0.06598114824335904,0.09092300159138206,0.06306157424409352
1,15,-0.06598114824335904,0.09092300159138206,0.06306157424409352
1,16,-0.06569347533357817,0.0911739502999143,0.0631656261476313
1,17,-0.06600563104419147,0.09121679520137103,0.06372873056677683
1,18,-0.06572407883461868,0.09146162320969518,0.06384502387073081
1,19,-0.06572407883461868,0.09146162320969518,0.06384502387073081
1,20,-0.06573632023503488,0.09127188150324397,0.06345329905741218
1,21,-0.06593830334190232,0.09136369200636553,0.0638511445709389
1,22,-0.06593830334190232,0.09136369200636553,0.0638511445709389
1,23,-0.06574856163545109,0.09119231240053863,0.06378381686864978
1,24,-0.06586485493940507,0.09129024360386828,0.06378381686864978
1,25,-0.06586485493940507,0.09129024360386828,0.06378381686864978
1,26,-0.06617701065001837,0.09124127800220345,0.06371648916636063
1,27,-0.06602399314481576,0.09107601909658465,0.06408373117884686
1,28,-0.06602399314481576,0.09107601909658465,0.06408373117884686
1,29,-0.06585873423919696,0.09139429550740605,0.06330640225241768
1,30,-0.0659076998408618,0.0910025706940874,0.06377769616844167
1,31,-0.06563838903170523,0.09092300159138206,0.06373485126698494
1,32,-0.06563838903170523,0.09092300159138206,0.06373485126698494
1,33,-0.06569959603378626,0.0908311910882605,0.06309829844534215
1,34,-0.06563838903170523,0.0910025706940874,0.06357571306157425
1,35,-0.06563838903170523,0.0910025706940874,0.06357571306157425
1,36,-0.06604847594564818,0.09089851879054964,0.06412045538009549
1,37,-0.06590157914065368,0.09094136369200637,0.06327579875137715
1,38,-0.06590157914065368,0.09094136369200637,0.06327579875137715
1,39,-0.06549761292691883,0.09122291590157913,0.06389398947239563
1,40,-0.06579752723711593,0.09095972579263067,0.06380217896927408
1,41,-0.06579752723711593,0.09095972579263067,0.06536907822254866
1,42,-0.06581588933774024,0.09106989839637655,0.06424286938425756
1,43,-0.0659076998408618,0.0908373117884686,0.06340433345574734
1,44,-0.06580976863753213,0.0909964499938793,0.06371648916636063
1,45,-0.06580976863753213,0.0909964499938793,0.06371648916636063
1,46,-0.06582201003794834,0.09109438119720896,0.0635145060594932
1,47,-0.06580364793732403,0.09119843310074673,0.06372873056677683
1,48,-0.06580364793732403,0.09119843310074673,0.06372873056677683
1,49,-0.0656200269310809,0.09103317419512792,0.06390011017260375
1,50,-0.06569347533357817,0.09105153629575223,0.06375933406781736
1,51,-0.06569347533357817,0.09105153629575223,0.06375933406781736
1,52,-0.06581588933774024,0.09129024360386828,0.06378381686864978
1,53,-0.06590157914065368,0.09112498469824948,0.06420002448280084
1,54,-0.0657608030358673,0.09121067450116294,0.06405924837801444
1,55,-0.06598726894356714,0.09121067450116294,0.06401028277634961
1,56,-0.06567511323295386,0.09097808789325498,0.06408373117884686
1,57,-0.0657546823356592,0.09088015668992533,0.06396131717468478
1,58,-0.06568123393316196,0.09110662259762517,0.06363079936344718
1,59,-0.06565063043212144,0.09124127800220345,0.06339821275553922
1,60,-0.06595054474231851,0.09120455380095482,0.06354510956053373
1,61,-0.06595054474231851,0.09120455380095482,0.06320235034887992
1,62,-0.06633614885542906,0.09122903660178724,0.06321459174929613
1,63,-0.0657608030358673,0.09094136369200637,0.0633370057534582
1,64,-0.06590157914065368,0.09094748439221448,0.06323907455012853
1,65,-0.06582813073815644,0.09097808789325498,0.06363692006365528
1,66,-0.0657546823356592,0.09140653690782226,0.06307993634471784
1,67,-0.0657608030358673,0.09113110539845758,0.06360019586240666
1,68,-0.06584649283878076,0.09077610478638756,0.06356347166115803
1,69,-0.06583425143836455,0.09110050189741706,0.06287183253764231
1,70,-0.06583425143836455,0.09110050189741706,0.06287183253764231
1,71,-0.06587097563961317,0.09142489900844657,0.06307381564450973
1,72,-0.06580976863753213,0.09102705349491982,0.06330028155220957
1,73,-0.06605459664585629,0.09087403598971723,0.06380217896927408
1,74,-0.06603011384502387,0.09122291590157913,0.06360019586240666
1,75,-0.06583425143836455,0.09095360509242258,0.06372260986656873
1,76,-0.06589545844044559,0.09110050189741706,0.06366752356469581
1,77,-0.06599951034398335,0.09129024360386828,0.0631656261476313
1,78,-0.06566287183253763,0.0911739502999143,0.06369812706573633
1,79,-0.06580976863753213,0.09122291590157913,0.06406536907822255
1,80,-0.0660790794466887,0.09095972579263067,0.06347166115803647
1,81,-0.06593830334190232,0.09128412290366018,0.06349614395886889
1,82,-0.06593830334190232,0.09128412290366018,0.06506304321214347
1,83,-0.06594442404211041,0.09092300159138206,0.06429183498592239
1,84,-0.06566899253274575,0.09112498469824948,0.06413881748071978
1,85,-0.06584037213857266,0.09113722609866569,0.06374097196719306
1,86,-0.06584649283878076,0.09112498469824948,0.06387562737177133
1,87,-0.06606071734606439,0.09127800220345209,0.06369200636552821
1,88,-0.06591994124127801,0.09103317419512792,0.06418778308238463
1,89,-0.06587709633982128,0.09121679520137103,0.0636858856653201
1,90,-0.06577304443628351,0.09090463949075775,0.06291467743909904
1,91,-0.06573019953482678,0.09122903660178724,0.06412657608030359
1,92,-0.06580976863753213,0.09105765699596033,0.06402252417676582
1,93,-0.0657608030358673,0.09123515730199536,0.06396131717468478
1,94,-0.06587097563961317,0.09088015668992533,0.06372873056677683
1,95,-0.06586485493940507,0.09095972579263067,0.06426735218508997
1,96,-0.06585261353898886,0.09106989839637655,0.06433467988737912
1,97,-0.06560166483045661,0.0913208471049088,0.06394907577426857
1,98,-0.06716856408373117,0.09074550128534704,0.06380829966948219
1,99,-0.06605459664585629,0.09074550128534704,0.06380829966948219
2,0,0.06449381809278981,-0.04221446933529196,0.01520994001713796
2,1,0.06446933529195739,-0.042006365528216426,0.014383645489043948
2,2,0.06446933529195739,-0.042006365528216426,0.014383645489043948
2,3,0.06443261109070877,-0.042177745134043335,0.01400416207614151
2,4,0.06449993879299792,-0.04211041743175419,0.0155955441302485
2,5,0.06449993879299792,-0.04211041743175419,0.0155955441302485
2,6,0.06438364548904395,-0.042153262333210914,0.015087526012975885
2,7,0.06438364548904395,-0.042165503733627124,0.014487697392581711
2,8,0.06438364548904395,-0.042165503733627124,0.014487697392581711
2,9,0.06435304198800343,-0.04203696902925695,0.014291834985922389
2,10,0.06420002448280084,-0.042018606928632636,0.015246664218386583
2,11,0.0641449381809279,-0.04209205533112988,0.015375198922756763
2,12,0.0641449381809279,-0.04209205533112988,0.015375198922756763
2,13,0.06426123148488187,-0.042404211041743176,0.015063043212143471
2,14,0.06448769739258171,-0.04209205533112988,0.015277267719427102
2,15,0.06448769739258171,-0.04209205533112988,0.015277267719427102
2,16,0.06417554168196841,-0.04222671073570817,0.01525890561880279
2,17,0.0644632145917493,-0.04198800342759212,0.015601664830456604
2,18,0.0644632145917493,-0.04198800342759212,0.015601664830456604
2,19,0.06449381809278981,-0.04231852123882972,0.015491492226710734
2,20,0.06435304198800343,-0.04245929734361611,0.015448647325254009
2,21,0.06435304198800343,-0.04245929734361611,0.015448647325254009
2,22,0.06448769739258171,-0.04207369323050557,0.014842698004651734
2,23,0.06434080058758722,-0.0421165381319623,0.015356836822132453
2,24,0.06434080058758722,-0.0421165381319623,0.01493450850777329
2,25,0.06427347288529808,-0.042189986534459545,0.01493450850777329
2,26,0.06423674868404947,-0.04259395274819439,0.015344595421716244
2,27,0.06421838658342514,-0.04238584894111887,0.014542783694454645
2,28,0.06421838658342514,-0.04238584894111887,0.014542783694454645
2,29,0.06445097319133308,-0.04225119353654058,0.01532011262088383
2,30,0.06417554168196841,-0.04237360754070266,0.015460888725670216
2,31,0.06417554168196841,-0.04237360754070266,0.015460888725670216
2,32,0.06431631778675481,-0.04223895213612437,0.015601664830456604
2,33,0.06421226588321703,-0.04226955563716489,0.014622352797159996
2,34,0.06421226588321703,-0.04226955563716489,0.014622352797159996
2,35,0.06449993879299792,-0.042404211041743176,0.015246664218386583
2,36,0.0644632145917493,-0.042061451830089365,0.014640714897784308
2,37,0.0644632145917493,-0.042061451830089365,0.014640714897784308
2,38,0.06441424899008447,-0.0421165381319623,0.014224507283633248
2,39,0.0643101970865467,-0.04225731423674868,0.015295629820051415
2,40,0.06429183498592239,-0.041890072224262456,0.015607785530664709
2,41,0.06429183498592239,-0.041890072224262456,0.015607785530664709
2,42,0.06417554168196841,-0.04234912473987024,0.01535071612192435
2,43,0.06442036969029256,-0.04210429673154609,0.015216060717346064
2,44,0.06442036969029256,-0.04210429673154609,0.015216060717346064
2,45,0.06422450728363324,-0.042202227934875755,0.015326233321091934
2,46,0.06438364548904395,-0.042049210429673155,0.015387440323172972
2,47,0.06438364548904395,-0.042049210429673155,0.015387440323172972
2,48,0.06431631778675481,-0.04233688333945403,0.014818215203819318
2,49,0.06465907699840862,-0.04235524544007834,0.015454768025462112
2,50,0.06465907699840862,-0.04235524544007834,0.015454768025462112
2,51,0.06427959358550618,-0.04222671073570817,0.015497612926918838
2,52,0.06443873179091689,-0.042159383033419026,0.015552699228791775
2,53,0.06436528338841964,-0.0421165381319623,0.015454768025462112
2,54,0.06430407638633859,-0.0419696413269678,0.015246664218386583
2,55,0.06433467988737912,-0.042220590035500064,0.01493450850777329
2,56,0.06445097319133308,-0.04199412412780022,0.015228302117762271
2,57,0.06451830089362223,-0.041865589423430036,0.015491492226710734
2,58,0.06422450728363324,-0.04220834863508385,0.014408128289876362
2,59,0.06431631778675481,-0.04203696902925695,0.015356836822132453
2,60,0.06439588688946016,-0.04209205533112988,0.0138266617701065
2,61,0.06431631778675481,-0.04230015913820541,0.01467743909903293
2,62,0.06431631778675481,-0.04230015913820541,0.015105888113600197
2,63,0.06435916268821154,-0.04203696902925695,0.015075284612559678
2,64,0.06424286938425756,-0.04224507283633248,0.015075284612559678
2,65,0.06429183498592239,-0.04247765944424042,0.014922267107357081
2,66,0.06431631778675481,-0.04211041743175419,0.01532011262088383
2,67,0.06440200758966826,-0.04238584894111887,0.014689680499449137
2,68,0.06426123148488187,-0.042275676337372996,0.014701921899865345
2,69,0.06437752478883584,-0.04233688333945403,0.015154853715265027
2,70,0.06430407638633859,-0.04209817603133799,0.014548904394662748
2,71,0.06440812828987637,-0.04210429673154609,0.015601664830456604
2,72,0.06459786999632758,-0.04255722854694577,0.01535071612192435
2,73,0.0644632145917493,-0.04231852123882972,0.01532011262088383
2,74,0.06429795568613049,-0.042202227934875755,0.01519157791651365
2,75,0.06442649039050066,-0.04245317664340801,0.01457950789570327
2,76,0.06448769739258171,-0.04222671073570817,0.014983474109438118
2,77,0.06448769739258171,-0.04222671073570817,0.015326233321091934
2,78,0.06411433467988738,-0.04263067694944302,0.015326233321091934
2,79,0.06431631778675481,-0.042189986534459545,0.014922267107357081
2,80,0.06457950789570327,-0.042165503733627124,0.015038560411311052
2,81,0.06456726649528706,-0.04210429673154609,0.015356836822132453
2,82,0.06442649039050066,-0.04219610723466764,0.015326233321091934
2,83,0.06436528338841964,-0.041865589423430036,0.014616232096951893
2,84,0.0642857142857143,-0.041951279226343494,0.015124250214224508
2,85,0.06445097319133308,-0.04224507283633248,0.01552821642795936
2,86,0.06433467988737912,-0.04198800342759212,0.015338474721508141
2,87,0.06438364548904395,-0.04236136614028645,0.015295629820051415
2,88,0.06408985187905496,-0.04207981393071367,0.014763128901946383
2,89,0.06429183498592239,-0.042189986534459545,0.015497612926918838
2,90,0.06421838658342514,-0.041975762027175914,0.01532011262088383
2,91,0.06426735218508997,-0.04237360754070266,0.015167095115681234
2,92,0.06426735218508997,-0.04237360754070266,0.015167095115681234
2,93,0.06430407638633859,-0.04250826294528094,0.015344595421716244
2,94,0.0644632145917493,-0.042061451830089365,0.01516097441547313
2,95,0.06425511078467376,-0.04199412412780022,0.015265026319010893
2,96,0.06440200758966826,-0.04205533112988126,0.014640714897784308
2,97,0.06432243848696291,-0.04248378014444852,0.014977353409230015
2,98,0.0644570938915412,-0.042422573142367484,0.015473130126086424
2,99,0.0644754559921655,-0.04248990084465663,0.015136491614640715
3,0,-0.061213122781246174,-0.06401028277634961,0.041951279226343494
3,1,-0.06148855429061084,-0.06377769616844167,0.0416330028155221
3,2,-0.06156200269310809,-0.06406536907822255,0.04166972701677072
3,3,-0.06156200269310809,-0.06406536907822255,0.04166972701677072
3,4,-0.06138450238707308,-0.06405312767780634,0.04190231362467866
3,5,-0.06145795078957032,-0.06380217896927408,0.04171257191822745
3,6,-0.06145795078957032,-0.06380217896927408,0.04171257191822745
3,7,-0.0615864854939405,-0.06391847227322806,0.04164524421593831
3,8,-0.061849675602888975,-0.0641449381809279,0.041706451218019344
3,9,-0.06168441669727017,-0.06419390378259274,0.0414738646101114
3,10,-0.06168441669727017,-0.06419390378259274,0.0414738646101114
3,11,-0.06177622720039172,-0.06407148977843066,0.041547313012608646
3,12,-0.061592606194148615,-0.06421838658342514,0.041908434324886765
3,13,-0.061592606194148615,-0.06421838658342514,0.041908434324886765
3,14,-0.061696658097686374,-0.06411433467988738,0.041620761415105886
3,15,-0.06150079569102705,-0.06402252417676582,0.041651364916146405
3,16,-0.06150079569102705,-0.06402252417676582,0.041651364916146405
3,17,-0.0615803647937324,-0.06386338597135513,0.041908434324886765
3,18,-0.061666054596645856,-0.06391235157301996,0.04159015791406537
3,19,-0.061666054596645856,-0.06391235157301996,0.04159015791406537
3,20,-0.06162320969518913,-0.06405312767780634,0.04191455502509487
3,21,-0.06164769249602155,-0.0641449381809279,0.04194515852613539
3,22,-0.06160484759456482,-0.06396131717468478,0.0416330028155221
3,23,-0.06160484759456482,-0.06396131717468478,0.0416330028155221
3,24,-0.06172726159872689,-0.06391847227322806,0.04149834741094381
3,25,-0.06175786509976742,-0.0639857999755172,0.041877830823846246
3,26,-0.06175786509976742,-0.0639857999755172,0.041877830823846246
3,27,-0.0614028644876974,-0.0638266617701065,0.041779899620516585
3,28,-0.06164769249602155,-0.06418778308238463,0.0417982617211409
3,29,-0.06164769249602155,-0.06418778308238463,0.0417982617211409
3,30,-0.06171502019831069,-0.06416942098176032,0.04167584771697882
3,31,-0.061653813196229645,-0.06411433467988738,0.04172481331864365
3,32,-0.061653813196229645,-0.06411433467988738,0.04172481331864365
3,33,-0.0615742440935243,-0.06388174807197944,0.041553433712816744
3,34,-0.06181295140164035,-0.06389398947239563,0.04152283021177623
3,35,-0.0615681233933162,-0.06394295507406048,0.041694209817603134
3,36,-0.0615681233933162,-0.06394295507406048,0.041694209817603134
3,37,-0.06161708899498103,-0.06393683437385236,0.04170033051781123
3,38,-0.06195984820663484,-0.06411433467988738,0.041681968417186924
3,39,-0.06195984820663484,-0.06411433467988738,0.041681968417186924
3,40,-0.06139062308728118,-0.06402252417676582,0.041804382421349
3,41,-0.06154364059248378,-0.06416942098176032,0.04157179581344106
3,42,-0.06154364059248378,-0.06416942098176032,0.04157179581344106
3,43,-0.06154364059248378,-0.06401640347655771,0.04154119231240054
3,44,-0.06159872689435671,-0.06402864487697393,0.04159627861427347
3,45,-0.06159872689435671,-0.06402864487697393,0.04159627861427347
3,46,-0.0617395029991431,-0.06431631778675481,0.04174317541926796
3,47,-0.061733382298935005,-0.06407148977843066,0.04161464071489778
3,48,-0.06177622720039172,-0.06399804137593341,0.04177377892030849
3,49,-0.06177622720039172,-0.06399804137593341,0.04177377892030849
3,50,-0.06156200269310809,-0.06405312767780634,0.041681968417186924
3,51,-0.06144570938915413,-0.0638511445709389,0.04168808911739503
3,52,-0.06171502019831069,-0.06411433467988738,0.041418778308238466
3,53,-0.061555881992899984,-0.06416942098176032,0.04168808911739503
3,54,-0.061555881992899984,-0.06416942098176032,0.04174929611947607
3,55,-0.06138450238707308,-0.06420614518300893,0.04174929611947607
3,56,-0.061696658097686374,-0.06393683437385236,0.04171257191822745
3,57,-0.061696658097686374,-0.06419390378259274,0.04185334802301383
3,58,-0.06164157179581344,-0.06417554168196841,0.04172481331864365
3,59,-0.06167217529685396,-0.0641449381809279,0.04172481331864365
3,60,-0.061837434202472764,-0.06407148977843066,0.0416330028155221
3,61,-0.06128657118374342,-0.06386338597135513,0.04158403721385727
3,62,-0.061592606194148615,-0.06422450728363324,0.04188395152405435
3,63,-0.06154364059248378,-0.06413269678051169,0.04154119231240054
3,64,-0.0615742440935243,-0.06407148977843066,0.04204308972946505
3,65,-0.061635451095605344,-0.06415105888113601,0.04182886522218142
3,66,-0.06153139919206757,-0.06396131717468478,0.04158403721385727
3,67,-0.061451830089362225,-0.0636736442649039,0.041565675113232954
3,68,-0.061690537397478276,-0.06436528338841964,0.04149834741094381
3,69,-0.061341657485616354,-0.06400416207614151,0.04175541681968417
3,70,-0.061935365405802426,-0.06399804137593341,0.0416330028155221
3,71,-0.06185579630309708,-0.06404700697759824,0.04171257191822745
3,72,-0.061555881992899984,-0.06402864487697393,0.04182886522218142
3,73,-0.06133553678540825,-0.06399804137593341,0.04174317541926796
3,74,-0.06133553678540825,-0.06399804137593341,0.04165748561635451
3,75,-0.0615864854939405,-0.06375321336760925,0.04165748561635451
3,76,-0.061549761292691886,-0.06393071367364427,0.041877830823846246
3,77,-0.061953727506426734,-0.06413269678051169,0.041932917125719185
3,78,-0.061482433590402744,-0.06402864487697393,0.04184110662259762
3,79,-0.061549761292691886,-0.06391847227322806,0.04159627861427347
3,80,-0.061610968294772916,-0.06393071367364427,0.04184110662259762
3,81,-0.061708899498102585,-0.06413269678051169,0.04175541681968417
3,82,-0.06167829599706206,-0.06422450728363324,0.041620761415105886
3,83,-0.061610968294772916,-0.06390011017260375,0.04175541681968417
3,84,-0.06172726159872689,-0.06383890317052271,0.04159627861427347
3,85,-0.061635451095605344,-0.06418166238217651,0.04146774390990329
3,86,-0.061494674990818954,-0.06409597257926307,0.04174929611947607
3,87,-0.061494674990818954,-0.06409597257926307,0.04174929611947607
3,88,-0.06175786509976742,-0.06374097196719306,0.041792141020932795
3,89,-0.061451830089362225,-0.06419390378259274,0.04178602032072469
3,90,-0.06139674378748929,-0.06412657608030359,0.041834985922389524
3,91,-0.06162933039539723,-0.0636858856653201,0.0414799853103195
3,92,-0.06159872689435671,-0.06402864487697393,0.04171257191822745
3,93,-0.06160484759456482,-0.06392459297343615,0.041620761415105886
3,94,-0.06154364059248378,-0.06411433467988738,0.04181050312155711
3,95,-0.06146407148977843,-0.06421838658342514,0.041620761415105886
3,96,-0.061696658097686374,-0.06432855918717101,0.04188395152405435
3,97,-0.06150691639123516,-0.0639919206757253,0.04160239931448158
3,98,-0.0617395029991431,-0.06404088627739013,0.04175541681968417
3,99,-0.06170277879789447,-0.0638205410698984,0.041779899620516585
