values,,Magnetometer,Magnetometer,Magnetometer
axis,,x,y,z
Sensor,Sample,,,
0,0,0.09162688211531399,0.06164769249602155,0.004737421961072347
0,1,0.09168808911739504,0.06164157179581344,0.004615007956910271
0,2,0.09140653690782226,0.0617456236993512,0.004351817847961807
0,3,0.09165136491614641,0.062094503611213124,0.004859835965234423
0,4,0.09136369200636553,0.06177010650018362,0.003905006732770229
0,5,0.09151670951156812,0.061806830701432246,0.005165870975639613
0,6,0.09181050312155711,0.061708899498102585,0.004529318153996817
0,7,0.09141265760803036,0.0618925205043457,0.00413147264047007
0,8,0.09141265760803036,0.0618925205043457,0.00413147264047007
0,9,0.09173093401885177,0.06181295140164035,0.004615007956910271
0,10,0.09184722732280573,0.061794589301016035,0.004725180560656139
0,11,0.09185334802301384,0.06171502019831069,0.004541559554413025
0,12,0.09165136491614641,0.06181295140164035,0.004768025462112866
0,13,0.09162688211531399,0.06170277879789447,0.004351817847961807
0,14,0.0917798996205166,0.061794589301016035,0.0051230260741828865
0,15,0.09165136491614641,0.06172114089851879,0.004572163055453543
0,16,0.09178602032072469,0.061806830701432246,0.004676214958991309
0,17,0.09154119231240054,0.06162933039539723,0.004529318153996817
0,18,0.0916391235157302,0.06182519280205655,0.004572163055453543
0,19,0.09174929611947606,0.06185579630309708,0.004559921655037337
0,20,0.0914738646101114,0.061733382298935005,0.004847594564818215
0,21,0.0916574856163545,0.06183131350226466,0.004217162443383523
0,22,0.09164524421593831,0.061690537397478276,0.00422940384379973
0,23,0.09164524421593831,0.061690537397478276,0.00422940384379973
0,24,0.09146162320969518,0.06183131350226466,0.004816991063777696
0,25,0.09157179581344106,0.0620455380095483,0.004278369445464561
0,26,0.09182886522218142,0.06184355490268086,0.004853715265026319
0,27,0.09151058881136001,0.06188639980413759,0.004584404455869751
0,28,0.09163300281552209,0.06183131350226466,0.004088627739013343
0,29,0.09175541681968417,0.06185579630309708,0.004168196841718692
0,30,0.09146162320969518,0.061800710001224134,0.00477414616232097
0,31,0.09157791651364916,0.06178234790059983,0.004247765944424042
0,32,0.09187171012363814,0.06190476190476191,0.004627249357326478
0,33,0.09162688211531399,0.061690537397478276,0.004810870363569592
0,34,0.09157179581344106,0.061941486106010524,0.004211041743175419
0,35,0.09157179581344106,0.061941486106010524,0.004211041743175419
0,36,0.09136981270657363,0.06188639980413759,0.004241645244215939
0,37,0.09159627861427347,0.062008813808299666,0.004639490757742686
0,38,0.09171257191822745,0.06178846860080793,0.004645611457950789
0,39,0.09166972701677072,0.061708899498102585,0.0048965601664830456
0,40,0.09173093401885177,0.06203329660913208,0.004627249357326478
0,41,0.09161464071489779,0.06200269310809157,0.004670094258783205
0,42,0.09140653690782226,0.061708899498102585,0.004376300648794222
0,43,0.09169420981760314,0.06168441669727017,0.004768025462112866
0,44,0.09193291712571919,0.06177622720039172,0.004645611457950789
0,45,0.09177377892030848,0.061341657485616354,0.004339576447545599
0,46,0.09171869261843554,0.06200269310809157,0.004908801566899253
0,47,0.091804382421349,0.061800710001224134,0.004786387562737178
0,48,0.09157791651364916,0.061592606194148615,0.004406904149834741
0,49,0.09157791651364916,0.06175174439955931,0.004345697147753702
0,50,0.09157791651364916,0.06175174439955931,0.004082507038805239
0,51,0.09176765822010038,0.06181907210184845,0.004082507038805239
0,52,0.09155343371281674,0.061592606194148615,0.004535438854204921
0,53,0.09176765822010038,0.06185579630309708,0.004241645244215939
0,54,0.09157179581344106,0.06167829599706206,0.004474231852123883
0,55,0.09159627861427347,0.06181907210184845,0.004847594564818215
0,56,0.09159015791406537,0.06188027910392949,0.004663973558575101
0,57,0.09154731301260864,0.06164769249602155,0.004529318153996817
0,58,0.09163300281552209,0.06164157179581344,0.004504835353164402
0,59,0.09145550250948709,0.06177622720039172,0.0047619047619047615
0,60,0.09155955441302485,0.061800710001224134,0.004492593952748194
0,61,0.09164524421593831,0.06176398579997552,0.004400783449626637
0,62,0.09152283021177623,0.061653813196229645,0.004302852246296977
0,63,0.09157791651364916,0.061806830701432246,0.004333455747337496
0,64,0.09173093401885177,0.061794589301016035,0.004627249357326478
0,65,0.09173093401885177,0.061794589301016035,0.004835353164402008
0,66,0.09144326110907088,0.061849675602888975,0.004835353164402008
0,67,0.09141877830823845,0.061690537397478276,0.004321214346921288
0,68,0.09160852001468968,0.06151915779165137,0.004816991063777696
0,69,0.09144938180927899,0.061610968294772916,0.004676214958991309
0,70,0.0914799853103195,0.062039417309340185,0.004645611457950789
0,71,0.09143714040886278,0.061794589301016035,0.004541559554413025
0,72,0.09174929611947606,0.061806830701432246,0.004211041743175419
0,73,0.09159015791406537,0.061794589301016035,0.004780266862529073
0,74,0.09144326110907088,0.06188027910392949,0.004645611457950789
0,75,0.09157179581344106,0.0617456236993512,0.004174317541926796
0,76,0.09162076141510589,0.06188639980413759,0.004094748439221447
0,77,0.09164524421593831,0.061941486106010524,0.004296731546088873
0,78,0.09179826172114089,0.06191700330517811,0.004847594564818215
0,79,0.09155343371281674,0.06188639980413759,0.0046517321581588935
0,80,0.09155343371281674,0.06188639980413759,0.0047068184600318275
0,81,0.09162688211531399,0.061733382298935005,0.0047068184600318275
0,82,0.09172481331864366,0.06170277879789447,0.004474231852123883
0,83,0.09168808911739504,0.06167217529685396,0.004553800954829232
0,84,0.09167584771697881,0.06181295140164035,0.004284490145672665
0,85,0.09162076141510589,0.06188639980413759,0.004480352552331987
0,86,0.09141265760803036,0.061837434202472764,0.004192679642551108
0,87,0.09156567511323296,0.0615864854939405,0.004682335659199412
0,88,0.09165136491614641,0.06181907210184845,0.004633370057534582
0,89,0.09153507161219243,0.061635451095605344,0.0038499204308972946
0,90,0.09145550250948709,0.061806830701432246,0.004559921655037337
0,91,0.0916391235157302,0.06175786509976742,0.0047068184600318275
0,92,0.0916391235157302,0.06175786509976742,0.004749663361488554
0,93,0.09153507161219243,0.06176398579997552,0.004749663361488554
0,94,0.09127188150324397,0.06188639980413759,0.004755784061696658
0,95,0.09157179581344106,0.06185579630309708,0.004737421961072347
0,96,0.09160239931448158,0.06167217529685396,0.00469457705961562
0,97,0.09159015791406537,0.06164769249602155,0.004021300036724201
0,98,0.09143714040886278,0.0615803647937324,0.0046884563594075165
0,99,0.09166972701677072,0.0617456236993512,0.004639490757742686
1,0,-0.1200881380829967,0.13609376912718815,0.08511445709389154
1,1,-0.11988003427592116,0.13631411433467988,0.0853592851022157
1,2,-0.11999020687966704,0.13639368343738523,0.0855306647080426
1,3,-0.12006365528216427,0.13626514873301504,0.08504100869139429
1,4,-0.12000856898029136,0.13577549271636674,0.08540213000367242
1,5,-0.11991063777696169,0.13595299302240177,0.08492471538744031
1,6,-0.12009425878320479,0.136026441424899,0.08588566532011263
1,7,-0.12009425878320479,0.13546945770596158,0.08529195739992655
1,8,-0.12003917248133186,0.13588566532011262,0.08581833761782348
1,9,-0.12003917248133186,0.13588566532011262,0.08523075039784551
1,10,-0.1197759823723834,0.1361855796303097,0.08523075039784551
1,11,-0.1199534826784184,0.13601420002448278,0.08453911127432978
1,12,-0.12014322438486964,0.1362896315338475,0.0847227322805729
1,13,-0.12009425878320479,0.13639368343738523,0.0845941975762027
1,14,-0.11991675847716979,0.13601420002448278,0.0847166115803648
1,15,-0.1202411555881993,0.13575100991553432,0.08482066348390256
1,16,-0.11994124127800221,0.13581833761782347,0.08437997306891909
1,17,-0.12006365528216427,0.13616721752968539,0.08540213000367242
1,18,-0.12000856898029136,0.13655282164279595,0.08444118007100013
1,19,-0.12028400048965601,0.13612437262822868,0.08504712939160239
1,20,-0.12004529318153996,0.1361549761292692,0.08461868037703514
1,21,-0.11981882727384012,0.13605092422573142,0.08464316317786755
1,22,-0.11999020687966704,0.1365160974415473,0.0848879911861917
1,23,-0.12002693108091567,0.13613049332843677,0.08494919818827273
1,24,-0.11987391357571306,0.13594075162198554,0.08499816378993756
1,25,-0.11986779287550495,0.136497735340923,0.08455747337495409
1,26,-0.11989839637654547,0.13625902803280696,0.08447178357204063
1,27,-0.12000244828008325,0.13631411433467988,0.08526135389888603
1,28,-0.12000244828008325,0.13631411433467988,0.08467376667890807
1,29,-0.11972089607051047,0.13606928632635573,0.08467376667890807
1,30,-0.11999020687966704,0.13596523442281797,0.0845941975762027
1,31,-0.1201126208838291,0.13600195862406658,0.08466152527849186
1,32,-0.12005753458195619,0.1361855796303097,0.08564083731178847
1,33,-0.11991063777696169,0.13622842453176642,0.08529807810013465
1,34,-0.12008201738278859,0.13573264781491004,0.08565919941241278
1,35,-0.12017994858611825,0.13587954461990454,0.08516342269555637
1,36,-0.12021055208715876,0.1358673032194883,0.0848879911861917
1,37,-0.12006365528216427,0.13627739013343126,0.08477781858244583
1,38,-0.11992899987758601,0.13575100991553432,0.08497980168931327
1,39,-0.11984943077488064,0.1364732525400906,0.0856775615130371
1,40,-0.1197576202717591,0.13579385481699108,0.08510221569347534
1,41,-0.11981882727384012,0.13592238952136124,0.08555514750887502
1,42,-0.12009425878320479,0.1361733382298935,0.0848818704859836
1,43,-0.1199228791773779,0.13636307993634472,0.08508385359285102
1,44,-0.12001468968049944,0.1358305790182397,0.08516342269555637
1,45,-0.12013710368466153,0.13600195862406658,0.08499204308972946
1,46,-0.12013710368466153,0.13606316562614765,0.08622842453176643
1,47,-0.1201126208838291,0.13606316562614765,0.08622842453176643
1,48,-0.1200758966825805,0.13622230383155834,0.08527359529930224
1,49,-0.12002081038070755,0.13631411433467988,0.08539600930346432
1,50,-0.11999020687966704,0.13617945893010158,0.0853654058024238
1,51,-0.11988003427592116,0.1364854939405068,0.0850287672909781
1,52,-0.11970865467009426,0.13610601052760435,0.08531031950055087
1,53,-0.12013710368466153,0.13644876973925818,0.08526747459909415
1,54,-0.1199228791773779,0.13627126943322315,0.08463704247765944
1,55,-0.1202411555881993,0.13604480352552334,0.08562859591137226
1,56,-0.12011874158403721,0.13625290733259884,0.08501040519035377
1,57,-0.12014934508507773,0.13559187171012363,0.0857020443138695
1,58,-0.12006365528216427,0.13623454523197454,0.08546945770596157
1,59,-0.1200758966825805,0.13639980413759334,0.08526135389888603
1,60,-0.11991063777696169,0.13625902803280696,0.08543885420492105
1,61,-0.12012486228424532,0.13613049332843677,0.08583057901823968
1,62,-0.12004529318153996,0.13609988982739624,0.08467988737911616
1,63,-0.11994124127800221,0.13580609621740727,0.08564695801199658
1,64,-0.11994124127800221,0.13624678663239073,0.08524299179826172
1,65,-0.12002081038070755,0.13624678663239073,0.08524299179826172
1,66,-0.11985555147508875,0.13621618313135023,0.0851940261965969
1,67,-0.11989227567633738,0.13621618313135023,0.08567144081282899
1,68,-0.1201003794834129,0.13609988982739624,0.08524911249846982
1,69,-0.12008201738278859,0.1360080793242747,0.08518178479618069
1,70,-0.12016770718570205,0.13605092422573142,0.08481454278369446
1,71,-0.12011874158403721,0.13591626882115312,0.08525523319867792
1,72,-0.11994736197821029,0.1361855796303097,0.08500428449014567
1,73,-0.11998408617945892,0.13606316562614765,0.08577549271636675
1,74,-0.12025951768882359,0.13596523442281797,0.08509609499326723
1,75,-0.12001468968049944,0.1366446321459175,0.08527359529930224
1,76,-0.12003917248133186,0.13639980413759334,0.08546333700575345
1,77,-0.11989227567633738,0.13641816623821765,0.08525523319867792
1,78,-0.12002081038070755,0.13620394173093403,0.08512669849430775
1,79,-0.12015546578528584,0.13621618313135023,0.08531031950055087
1,80,-0.11976986167217529,0.13627739013343126,0.0855306647080426
1,81,-0.12014934508507773,0.13597135512302608,0.08545109560533724
1,82,-0.1201126208838291,0.13591626882115312,0.08546333700575345
1,83,-0.1201126208838291,0.13591626882115312,0.085200146896805
1,84,-0.11988003427592116,0.13592238952136124,0.085200146896805
1,85,-0.12005753458195619,0.13620394173093403,0.08597135512302607
1,86,-0.12003305178112375,0.13625290733259884,0.08515730199534827
1,87,-0.11989839637654547,0.13627126943322315,0.08562247521116416
1,88,-0.11981270657363204,0.13622842453176642,0.0848818704859836
1,89,-0.12005753458195619,0.1363385971355123,0.08478393928265393
1,90,-0.11999632757987513,0.13605704492593954,0.08529195739992655
1,91,-0.1200758966825805,0.1363508385359285,0.08551842330762639
1,92,-0.12033908679152897,0.13619782103072592,0.0857081650140776
1,93,-0.11988615497612927,0.1361733382298935,0.08494919818827273
1,94,-0.12016770718570205,0.13621618313135023,0.08524911249846982
1,95,-0.11964132696780512,0.13589790672052884,0.085200146896805
1,96,-0.11991675847716979,0.13613661402864488,0.08447178357204063
1,97,-0.12015546578528584,0.13591014812094504,0.08427592116538132
1,98,-0.11999020687966704,0.13609988982739624,0.08478393928265393
1,99,-0.11994124127800221,0.1359958379238585,0.08465540457828376
2,0,0.07387685151181295,-0.05728363324764353,-0.0020626759701309833
2,1,0.07402374831680744,-0.0567450116293304,-0.002001468968049945
2,2,0.07403598971722365,-0.057063288040151795,-0.0021361243726282287
2,3,0.07377892030848329,-0.05710001224140041,-0.002276900477414616
2,4,0.07392581711347777,-0.0572346676459787,-0.0022095727751254746
2,5,0.07414616232096952,-0.05719182274452197,-0.0022156934753335784
2,6,0.07391357571306158,-0.05714285714285714,-0.0021116415717958134
2,7,0.07389521361243725,-0.057461133553678545,-0.00202595176888236
2,8,0.07398090341535071,-0.0572285469457706,-0.002546211286571184
2,9,0.07398090341535071,-0.0572285469457706,-0.002546211286571184
2,10,0.074115558819929,-0.057350960949932674,-0.0022279348757497856
2,11,0.07388297221202106,-0.05732647814910026,-0.002356469580119966
2,12,0.07417676582201004,-0.05733259884930836,-0.0020749173705471905
2,13,0.07387073081160485,-0.0572407883461868,-0.0021422450728363325
2,14,0.07395029991431021,-0.057210184845146284,-0.0035438854204921043
2,15,0.07408495531888848,-0.057265271147019216,-0.0022156934753335784
2,16,0.07432978332721263,-0.05714285714285714,-0.0021483657730444364
2,17,0.07400538621618313,-0.05715509854327335,-0.002019831068674256
2,18,0.07399314481576692,-0.057552944056800094,-0.003011384502387073
2,19,0.07388297221202106,-0.057522340555759575,-0.0024237972824091075
2,20,0.07373607540702656,-0.057246909046394914,-0.002527849185946872
2,21,0.07399314481576692,-0.05700208103807075,-0.002888970498224997
2,22,0.0739564206145183,-0.057075529440568,-0.0029685396009303464
2,23,0.07400538621618313,-0.057167339943689555,-0.002601297588444118
2,24,0.07402374831680744,-0.0569286326355735,-0.002631901089484637
2,25,0.07412167952013711,-0.05737544375076509,-0.003323540213000367
2,26,0.07399926551597504,-0.057277512547435426,-0.0020687966703390867
2,27,0.07399926551597504,-0.057277512547435426,-0.0020687966703390867
2,28,0.0739564206145183,-0.057265271147019216,-0.0021177622720039172
2,29,0.07415840372138573,-0.05743665075284613,-0.0021422450728363325
2,30,0.07389521361243725,-0.057461133553678545,-0.002246296976374097
2,31,0.07386461011139675,-0.0572346676459787,-0.002130003672420125
2,32,0.07383400661035623,-0.05703268453911128,-0.0034153507161219245
2,33,0.07405435181784796,-0.057448892153262335,-0.002032072469090464
2,34,0.07403598971722365,-0.057461133553678545,-0.0038315583302729835
2,35,0.07405435181784796,-0.05728363324764353,-0.0031031950055086304
2,36,0.07400538621618313,-0.057167339943689555,-0.002172848573876851
2,37,0.07404211041743175,-0.05743665075284613,-0.002172848573876851
2,38,0.07424409352429918,-0.05732647814910026,-0.002172848573876851
2,39,0.07398090341535071,-0.05728975394785163,-0.002087158770963398
2,40,0.07400538621618313,-0.0573876851511813,-0.0025523319867792873
2,41,0.07401762761659933,-0.05743665075284613,-0.0023319867792875506
2,42,0.07391357571306158,-0.05686130493328436,-0.0030419880034275922
2,43,0.07372995470681845,-0.057363202350348884,-0.0022279348757497856
2,44,0.07372995470681845,-0.057363202350348884,-0.0022279348757497856
2,45,0.07415840372138573,-0.057222426245562494,-0.0019096584649283877
2,46,0.07392581711347777,-0.057222426245562494,-0.002093279471171502
2,47,0.0739564206145183,-0.05728363324764353,-0.0021850899742930593
2,48,0.0739686620149345,-0.0572285469457706,-0.0023503488799118616
2,49,0.07381564450973191,-0.057179581344105765,-0.002601297588444118
2,50,0.07388909291222916,-0.05757130615742441,-0.0022095727751254746
2,51,0.07407271391847228,-0.05725302974660301,-0.0023625902803280697
2,52,0.07406047251805606,-0.05719182274452197,-0.002417676582201004
2,53,0.07385848941118864,-0.05714897784306525,-0.002087158770963398
2,54,0.07388909291222916,-0.057106132941608524,-0.002515607785530665
2,55,0.07406659321826417,-0.057363202350348884,-0.0020687966703390867
2,56,0.07419512792263436,-0.05746725425388664,-0.00215448647325254
2,57,0.07395029991431021,-0.05719182274452197,-0.0022156934753335784
2,58,0.07398702411555882,-0.057338719549516456,-0.0022707797772065124
2,59,0.07403598971722365,-0.05718570204431387,-0.002405435181784796
2,60,0.07405435181784796,-0.05746725425388664,-0.0021789692740849555
2,61,0.07405435181784796,-0.05746725425388664,-0.0021789692740849555
2,62,0.07406659321826417,-0.057026563838903165,-0.0031582813073815644
2,63,0.07402986901701555,-0.057179581344105765,-0.002172848573876851
2,64,0.07402986901701555,-0.05728975394785163,-0.003684661525278492
2,65,0.07409719671930469,-0.05725302974660301,-0.0018668135634716612
2,66,0.07417676582201004,-0.05736932305055699,-0.0026931080915656752
2,67,0.07382788591014812,-0.057308116048475945,-0.002246296976374097
2,68,0.07382176520994002,-0.05765699596033787,-0.0022156934753335784
2,69,0.0742808177255478,-0.05743665075284613,-0.0031154364059248377
2,70,0.0739564206145183,-0.057669237360754064,-0.0019280205655526992
2,71,0.07376055820785898,-0.0572285469457706,-0.0028400048965601665
2,72,0.0739686620149345,-0.057338719549516456,-0.002019831068674256
2,73,0.0741400416207614,-0.05729587464805974,-0.0022095727751254746
2,74,0.07367486840494553,-0.05735708165014077,-0.0022034520749173703
2,75,0.07398090341535071,-0.057204064144938185,-0.002527849185946872
2,76,0.07399926551597504,-0.05749785775492716,-0.00215448647325254
2,77,0.07401762761659933,-0.05719794344473008,-0.0020137103684661527
2,78,0.07401762761659933,-0.05719794344473008,-0.0021116415717958134
2,79,0.07387073081160485,-0.05741216795201372,-0.0021116415717958134
2,80,0.07415228302117763,-0.05725302974660301,-0.0019157791651364918
2,81,0.07406659321826417,-0.05725915044681111,-0.001940261965968907
2,82,0.07401762761659933,-0.05736932305055699,-0.00348879911861917
2,83,0.07415228302117763,-0.05725302974660301,-0.0031827641082139797
2,84,0.07387073081160485,-0.0573876851511813,-0.002038193169298568
2,85,0.07398090341535071,-0.057069408740359893,-0.0024850042844901457
2,86,0.07392581711347777,-0.05744277145305423,-0.0022401762761659937
2,87,0.07393805851389398,-0.05718570204431387,-0.002980781001346554
2,88,0.07377279960827518,-0.057167339943689555,-0.002166727873668748
2,89,0.07382788591014812,-0.05728363324764353,-0.003133798506549149
2,90,0.07406659321826417,-0.057559064757008206,-0.0030419880034275922
2,91,0.07406659321826417,-0.05725302974660301,-0.003139919206757253
2,92,0.07407883461868038,-0.05725302974660301,-0.0021850899742930593
2,93,0.07402374831680744,-0.057210184845146284,-0.0021850899742930593
2,94,0.07395029991431021,-0.05725915044681111,-0.0021973313747092665
2,95,0.07381564450973191,-0.05748561635451096,-0.002172848573876851
2,96,0.074115558819929,-0.05694699473619782,-0.002172848573876851
2,97,0.07386461011139675,-0.05737544375076509,-0.0021422450728363325
2,98,0.07386461011139675,-0.05745501285347043,-0.0022646590769984085
2,99,0.07390133431264537,-0.05753458195617579,-0.001970865467009426
3,0,-0.07578038927653323,-0.09286938425755906,0.02690047741461623
3,1,-0.0755722854694577,-0.092453176643408,0.027010650018362097
3,2,-0.07564573387195496,-0.0929367119598482,0.02657608030358673
3,3,-0.0757253029746603,-0.09271636675235648,0.026729097808789327
3,4,-0.07578650997674133,-0.0927592116538132,0.026692373607540704
3,5,-0.07561513037091443,-0.09256946994736198,0.026906598114824338
3,6,-0.07597013098298445,-0.09293059125964011,0.026741339209205534
3,7,-0.07563961317174685,-0.09274084955318888,0.026594442404211042
3,8,-0.07552331986779287,-0.09266128045048354,0.026790304810870365
3,9,-0.07552331986779287,-0.09266128045048354,0.026637287305667768
3,10,-0.07563961317174685,-0.09286938425755906,0.026637287305667768
3,11,-0.07578650997674133,-0.09271636675235648,0.0268453911127433
3,12,-0.07575590647570082,-0.09279593585506182,0.026729097808789327
3,13,-0.07576202717590892,-0.09285714285714286,0.02666789080670829
3,14,-0.07582323417798996,-0.09298567756151303,0.02672297710858122
3,15,-0.07562737177133064,-0.09280817725547803,0.026643408005875873
3,16,-0.07578038927653323,-0.09256334924715387,0.0266862529073326
3,17,-0.07580487207736565,-0.09294895336026442,0.026937201615864853
3,18,-0.07562737177133064,-0.0929428326600563,0.026827029012118985
3,19,-0.07567633737299548,-0.09280205655526992,0.026808666911494677
3,20,-0.07566409597257925,-0.09305912596401028,0.026888236014200022
3,21,-0.0757375443750765,-0.09284490145672665,0.026924960215448646
3,22,-0.07582935487819806,-0.0931142122658832,0.02666177010650018
3,23,-0.07567021667278737,-0.09299179826172113,0.02686375321336761
3,24,-0.07581099277757375,-0.09270412535194025,0.02665564940629208
3,25,-0.07564573387195496,-0.09267964255110785,0.02689435671440813
3,26,-0.07567021667278737,-0.09278981515485371,0.026869873913575714
3,27,-0.07579263067694944,-0.09279593585506182,0.02662504590525156
3,28,-0.07579263067694944,-0.09279593585506182,0.02662504590525156
3,29,-0.07595176888236013,-0.09289386705839148,0.026827029012118985
3,30,-0.07567633737299548,-0.09265515975027543,0.0268453911127433
3,31,-0.07563961317174685,-0.09283266005631044,0.026961684416697267
3,32,-0.07596401028277636,-0.0929183498592239,0.026747459909413636
3,33,-0.07562737177133064,-0.09278369445464561,0.02686375321336761
3,34,-0.07567633737299548,-0.09285102215693475,0.02689435671440813
3,35,-0.07580487207736565,-0.09269800465173215,0.026839270412535192
3,36,-0.07591504468111152,-0.09301016036234545,0.02656995960337863
3,37,-0.07589056188027911,-0.09271024605214837,0.026496511200881378
3,38,-0.0755661647692496,-0.09283878075651855,0.02675358060962174
3,39,-0.07580487207736565,-0.09283878075651855,0.026875994613783816
3,40,-0.07592116538131963,-0.09254498714652956,0.02675358060962174
3,41,-0.07544375076508752,-0.09272248745256458,0.026631166605459666
3,42,-0.07576814787611703,-0.0927775737544375,0.027016770718570206
3,43,-0.07567021667278737,-0.0926123148488187,0.026588321704002937
3,44,-0.07578038927653323,-0.09289386705839148,0.026735218508997426
3,45,-0.07568245807320358,-0.09279593585506182,0.027035132819194518
3,46,-0.07568245807320358,-0.09279593585506182,0.027035132819194518
3,47,-0.07586607907944669,-0.09278369445464561,0.02657608030358673
3,48,-0.07579263067694944,-0.09263679764965112,0.026741339209205534
3,49,-0.07571918227445221,-0.09269800465173215,0.026606683804627253
3,50,-0.07578650997674133,-0.09282041865589423,0.026765822010037948
3,51,-0.07579875137715755,-0.09291222915901579,0.02709021912106745
3,52,-0.0757253029746603,-0.09309585016525891,0.02666789080670829
3,53,-0.07554168196841718,-0.09282041865589423,0.02686375321336761
3,54,-0.07600073448402497,-0.09271024605214837,0.02666789080670829
3,55,-0.07566409597257925,-0.09285102215693475,0.026649528706083975
3,56,-0.07560288897049823,-0.09258171134777818,0.02690047741461623
3,57,-0.07601909658464928,-0.09268576325131596,0.026973925817113477
3,58,-0.07559676827029013,-0.09265515975027543,0.02666789080670829
3,59,-0.07563961317174685,-0.09289998775859959,0.02694944301628106
3,60,-0.07581099277757375,-0.09263067694944302,0.02680254621128657
3,61,-0.07588444118007101,-0.09269800465173215,0.026906598114824338
3,62,-0.07580487207736565,-0.09266128045048354,0.026820908311910883
3,63,-0.07580487207736565,-0.09266740115069164,0.02693108091565675
3,64,-0.07557840616966581,-0.09266740115069164,0.02693108091565675
3,65,-0.07579263067694944,-0.09280205655526992,0.02666789080670829
3,66,-0.07574366507528461,-0.09282653935610233,0.026986167217529684
3,67,-0.0757375443750765,-0.09285102215693475,0.026631166605459666
3,68,-0.07570082017382788,-0.09280205655526992,0.0268453911127433
3,69,-0.07586607907944669,-0.09313257436650753,0.026833149712327094
3,70,-0.07575590647570082,-0.09295507406047251,0.026747459909413636
3,71,-0.07580487207736565,-0.09288162565797528,0.02689435671440813
3,72,-0.07559064757008202,-0.09288774635818338,0.02691271881503244
3,73,-0.07576814787611703,-0.09288774635818338,0.026735218508997426
3,74,-0.07580487207736565,-0.09267964255110785,0.026851511812951402
3,75,-0.07579263067694944,-0.09288162565797528,0.02675358060962174
3,76,-0.07577426857632513,-0.09281429795568613,0.026729097808789327
3,77,-0.07552331986779287,-0.09305300526380218,0.026888236014200022
3,78,-0.07582323417798996,-0.0929183498592239,0.026820908311910883
3,79,-0.07578038927653323,-0.09289998775859959,0.02672297710858122
3,80,-0.07595176888236013,-0.09274084955318888,0.026735218508997426
3,81,-0.07593952748194394,-0.09271024605214837,0.02666789080670829
3,82,-0.07593952748194394,-0.09271024605214837,0.02666789080670829
3,83,-0.07576202717590892,-0.09249602154486473,0.02686375321336761
3,84,-0.07565185457216306,-0.09264291834985923,0.026973925817113477
3,85,-0.07594564818215203,-0.09293059125964011,0.026698494307748805
3,86,-0.07560900967070633,-0.0925939527481944,0.026600563104419144
3,87,-0.0757375443750765,-0.09271636675235648,0.02679642551107847
3,88,-0.07562125107112254,-0.09267964255110785,0.02672297710858122
3,89,-0.07567021667278737,-0.09286326355735096,0.026637287305667768
3,90,-0.07596401028277636,-0.0927775737544375,0.02677194271024605
3,91,-0.07574366507528461,-0.0927653323540213,0.026759701309829843
3,92,-0.07578650997674133,-0.09286326355735096,0.026918839515240545
3,93,-0.07571918227445221,-0.09255722854694577,0.026967805116905375
3,94,-0.07592116538131963,-0.09272860815277267,0.02672297710858122
3,95,-0.07591504468111152,-0.09282653935610233,0.026784184110662263
3,96,-0.07565185457216306,-0.09282041865589423,0.026759701309829843
3,97,-0.07597013098298445,-0.0929367119598482,0.02675358060962174
3,98,-0.07570082017382788,-0.09274084955318888,0.026729097808789327
3,99,-0.07570082017382788,-0.09274084955318888,0.026557718202962422
