values,,Magnetometer,Magnetometer,Magnetometer
axis,,x,y,z
Sensor,Sample,,,
0,0,0.03982127555392337,0.05022646590769984,-0.01895580854449749
0,1,0.03982127555392337,0.05022646590769984,-0.01895580854449749
0,2,0.03948463704247766,0.05034887991186192,-0.019072101848451463
0,3,0.03948463704247766,0.05040396621373485,-0.018912963643040764
0,4,0.03948463704247766,0.050495776716856414,-0.01847227322805729
0,5,0.039625413147264046,0.050495776716856414,-0.01847227322805729
0,6,0.03961929244705594,0.050483535316440196,-0.019010894846370426
0,7,0.03963153384747215,0.05010405190353776,-0.018845635940751622
0,8,0.03963153384747215,0.05010405190353776,-0.018845635940751622
0,9,0.03983351695433958,0.05047129391602399,-0.019010894846370426
0,10,0.0395458440445587,0.05051413881748072,-0.01834373852368711
0,11,0.0395458440445587,0.05051413881748072,-0.01834373852368711
0,12,0.039827396254131474,0.0506365528216428,-0.018625290733259886
0,13,0.03977843065246664,0.050428449014567264,-0.018704859835965235
0,14,0.03977843065246664,0.050428449014567264,-0.018704859835965235
0,15,0.03953360264414249,0.050483535316440196,-0.01887011874158404
0,16,0.03980903415350716,0.050208103807075535,-0.018398824825560045
0,17,0.03980903415350716,0.050208103807075535,-0.018398824825560045
0,18,0.03985187905496389,0.05048965601664831,-0.01923124005386216
0,19,0.039698861549761294,0.05050189741706451,-0.01869261843554903
0,20,0.039698861549761294,0.05050189741706451,-0.01869261843554903
0,21,0.039711102950177504,0.050269310809156566,-0.018398824825560045
0,22,0.03963153384747215,0.05054474231852124,-0.01860080793242747
0,23,0.03963153384747215,0.05054474231852124,-0.01860080793242747
0,24,0.039656016648304565,0.050355000612070024,-0.018337617823479004
0,25,0.039570326845391114,0.05007344840249724,-0.019329171257191823
0,26,0.03958868894601543,0.05033663851144571,-0.018411066225976252
0,27,0.03958868894601543,0.05033663851144571,-0.018411066225976252
0,28,0.039625413147264046,0.05039784551352675,-0.01883339454033541
0,29,0.03970498224996939,0.050526380217896925,-0.01844166972701677
0,30,0.03970498224996939,0.050526380217896925,-0.01844166972701677
0,31,0.03950911984331008,0.05043456971477537,-0.0184906353286816
0,32,0.03972946505080181,0.05020198310686742,-0.018606928632635574
0,33,0.03972946505080181,0.05020198310686742,-0.018606928632635574
0,34,0.03960705104663974,0.05039784551352675,-0.019170033051781124
0,35,0.03979067205288285,0.05044069041498347,-0.01883951524054352
0,36,0.03979067205288285,0.05044069041498347,-0.01883951524054352
0,37,0.03961317174684784,0.05040396621373485,-0.01872934263679765
0,38,0.03977843065246664,0.05004896560166483,-0.018845635940751622
0,39,0.03977843065246664,0.05004896560166483,-0.018845635940751622
0,40,0.03960093034643163,0.05030603501040519,-0.018594687232219364
0,41,0.03974782715142612,0.050422328314359166,-0.01857020443138695
0,42,0.03974782715142612,0.050422328314359166,-0.01857020443138695
0,43,0.039711102950177504,0.05025706940874036,-0.018447790427224876
0,44,0.039686620149345084,0.05034887991186192,-0.018937446443873178
0,45,0.039686620149345084,0.05034887991186192,-0.018937446443873178
0,46,0.03948463704247766,0.05044069041498347,-0.018882360142000246
0,47,0.03959480964622353,0.05026319010894846,-0.018460031827641082
0,48,0.039570326845391114,0.050171379605826905,-0.018968049944913697
0,49,0.039570326845391114,0.050171379605826905,-0.018968049944913697
0,50,0.03963153384747215,0.05026319010894846,-0.018637532133676093
0,51,0.039570326845391114,0.05037948341290244,-0.01887623944179214
0,52,0.039570326845391114,0.05037948341290244,-0.01887623944179214
0,53,0.03963765454768026,0.050410086913942956,-0.01874770473742196
0,54,0.039925327457461135,0.05066103562247522,-0.018961929244705595
0,55,0.039925327457461135,0.05066103562247522,-0.018961929244705595
0,56,0.03972334435059371,0.050067327702289145,-0.018943567144081283
0,57,0.039656016648304565,0.05037336271269434,-0.018900722242624558
0,58,0.039656016648304565,0.05037336271269434,-0.018900722242624558
0,59,0.03949075774268576,0.050697759823723834,-0.018790549638878686
0,60,0.03968049944913698,0.05033051781123761,-0.01895580854449749
0,61,0.03968049944913698,0.05033051781123761,-0.01895580854449749
0,62,0.03972946505080181,0.05060594932060227,-0.01866813563471661
0,63,0.03960705104663974,0.050342759211653806,-0.018912963643040764
0,64,0.03960705104663974,0.050342759211653806,-0.018912963643040764
0,65,0.03960705104663974,0.050312155710613295,-0.018533480230138327
0,66,0.03957644754559922,0.05039784551352675,-0.018937446443873178
0,67,0.03957644754559922,0.05039784551352675,-0.018937446443873178
0,68,0.039527481943934385,0.05036724201248623,-0.018643652833884198
0,69,0.03949075774268576,0.05029379360998898,-0.018759946137838168
0,70,0.03949075774268576,0.05037336271269434,-0.018686497735340923
0,71,0.03958868894601543,0.05037336271269434,-0.018686497735340923
0,72,0.03966213734851267,0.050385604113110535,-0.019084343248867673
0,73,0.03960093034643163,0.050250948708532264,-0.019378136858856653
0,74,0.03960093034643163,0.050250948708532264,-0.019378136858856653
0,75,0.03959480964622353,0.05044069041498347,-0.01852123882972212
0,76,0.03933161953727506,0.05034887991186192,-0.018502876729097808
0,77,0.03933161953727506,0.05034887991186192,-0.018502876729097808
0,78,0.03973558575100992,0.05036112131227812,-0.018894601542416452
0,79,0.03967437874892888,0.050422328314359166,-0.018582445831803157
0,80,0.03967437874892888,0.050422328314359166,-0.018582445831803157
0,81,0.03960705104663974,0.05058146651976986,-0.01895580854449749
0,82,0.03970498224996939,0.05044681111519158,-0.018496756028889706
0,83,0.03970498224996939,0.05044681111519158,-0.018496756028889706
0,84,0.039894723956420616,0.05059370792018607,-0.018478393928265394
0,85,0.03957644754559922,0.050563104419145556,-0.018625290733259886
0,86,0.03957644754559922,0.050563104419145556,-0.018625290733259886
0,87,0.03963765454768026,0.050416207614151054,-0.018300893622230384
0,88,0.039741706451218016,0.050422328314359166,-0.018943567144081283
0,89,0.039741706451218016,0.050422328314359166,-0.018943567144081283
0,90,0.03958256824580732,0.05033051781123761,-0.018429428326600564
0,91,0.03961317174684784,0.05029379360998898,-0.018974170645121802
0,92,0.03961317174684784,0.05029379360998898,-0.018686497735340923
0,93,0.039796792753090955,0.050342759211653806,-0.018686497735340923
0,94,0.03947851634226955,0.05033051781123761,-0.01883339454033541
0,95,0.03961929244705594,0.05055086301872934,-0.018625290733259886
0,96,0.03961929244705594,0.05055086301872934,-0.018625290733259886
0,97,0.03947851634226955,0.05031827641082139,-0.018625290733259886
0,98,0.03988860325621251,0.05072224262455625,-0.018478393928265394
0,99,0.03988860325621251,0.05072224262455625,-0.018478393928265394
1,0,-0.05334190231362468,0.10727139184722731,0.027806341045415593
1,1,-0.053219488309462604,0.10731423674868405,0.027928755049577668
1,2,-0.052993022401762756,0.10732647814910026,0.027757375443750766
1,3,-0.052993022401762756,0.10732647814910026,0.029324274697025338
1,4,-0.053029746603011386,0.10724690904639492,0.028320479862896313
1,5,-0.053176643408005875,0.10725915044681111,0.027849185946872322
1,6,-0.05306647080426,0.10753458195617578,0.027549271636675237
1,7,-0.05306647080426,0.10753458195617578,0.027549271636675237
1,8,-0.0532256090096707,0.10739992655159751,0.027836944546456115
1,9,-0.05315828130738156,0.10725915044681111,0.028210307259150448
1,10,-0.05315828130738156,0.10725915044681111,0.028210307259150448
1,11,-0.05309095360509243,0.10728975394785163,0.028075651854572163
1,12,-0.053072591504468115,0.10665932182641695,0.02791651364916146
1,13,-0.053072591504468115,0.10665932182641695,0.02791651364916146
1,14,-0.05312155710613294,0.10735708165014077,0.027573754437507654
1,15,-0.05329905741216795,0.10743053005263803,0.02704125351940262
1,16,-0.05329905741216795,0.10747949565430286,0.028026686252907336
1,17,-0.05317052270779778,0.10747949565430286,0.028026686252907336
1,18,-0.05329293671195985,0.10714285714285714,0.027849185946872322
1,19,-0.05312155710613294,0.1071061329416085,0.02767168564083731
1,20,-0.05312155710613294,0.1071061329416085,0.02767168564083731
1,21,-0.05300526380217897,0.10710001224140042,0.02787366874770474
1,22,-0.053317419512792265,0.10729587464805974,0.027787978944791285
1,23,-0.053317419512792265,0.10729587464805974,0.027787978944791285
1,24,-0.05310931570571673,0.10712449504223283,0.027940996449993878
1,25,-0.053078712204676214,0.10735096094993268,0.028075651854572163
1,26,-0.053078712204676214,0.10735096094993268,0.028075651854572163
1,27,-0.05334802301383278,0.10728363324764353,0.02769616844166973
1,28,-0.05312767780634105,0.10729587464805974,0.0271697882237728
1,29,-0.05312767780634105,0.10739992655159751,0.02769004774146162
1,30,-0.053188884808422085,0.10739992655159751,0.02769004774146162
1,31,-0.053501040519035384,0.10751621985555146,0.027010650018362097
1,32,-0.05347043701799485,0.107253029746603,0.02782470314603991
1,33,-0.05347043701799485,0.107253029746603,0.02782470314603991
1,34,-0.05326233321091933,0.10736320235034888,0.028014444852491126
1,35,-0.05317052270779778,0.10730811604847594,0.027077977720651243
1,36,-0.05317052270779778,0.10730811604847594,0.027077977720651243
1,37,-0.05325621251071122,0.10711837434202473,0.028130738156445095
1,38,-0.05326233321091933,0.10709389154119231,0.02787978944791284
1,39,-0.05326233321091933,0.10709389154119231,0.02787978944791284
1,40,-0.05316440200758967,0.10720406414493817,0.027940996449993878
1,41,-0.05310319500550863,0.10733871954951646,0.0279654792508263
1,42,-0.053146039906965356,0.10718570204431388,0.027977720651242505
1,43,-0.053146039906965356,0.10718570204431388,0.027977720651242505
1,44,-0.05334190231362468,0.10734484024972457,0.027849185946872322
1,45,-0.05320724690904639,0.10777940996449993,0.027702289141877827
1,46,-0.05320724690904639,0.10777940996449993,0.027702289141877827
1,47,-0.05313991920675726,0.10755294405680009,0.02810013465540458
1,48,-0.05337862651487331,0.10740604725180561,0.027279960827518667
1,49,-0.05337862651487331,0.10740604725180561,0.027279960827518667
1,50,-0.05304198800342759,0.10702656383890316,0.027384012731056433
1,51,-0.053274574611335536,0.10720406414493817,0.02769004774146162
1,52,-0.053274574611335536,0.10720406414493817,0.02769004774146162
1,53,-0.053213367609254505,0.10700208103807077,0.0274941853348023
1,54,-0.053188884808422085,0.10721018484514629,0.02726159872689436
1,55,-0.05317052270779778,0.10763863385971355,0.02767168564083731
1,56,-0.05317052270779778,0.10763863385971355,0.02767168564083731
1,57,-0.05331129881258416,0.107253029746603,0.02773289264291835
1,58,-0.05306647080426,0.10762639245929735,0.028112376055820787
1,59,-0.05306647080426,0.10762639245929735,0.028112376055820787
1,60,-0.05318276410821397,0.10711225364181662,0.027898151548537153
1,61,-0.05309095360509243,0.10735708165014077,0.027726771942710247
1,62,-0.05309095360509243,0.10735708165014077,0.027726771942710247
1,63,-0.052931815399681725,0.10736320235034888,0.02744521973313747
1,64,-0.053078712204676214,0.10695311543640593,0.02791651364916146
1,65,-0.053078712204676214,0.10695311543640593,0.02791651364916146
1,66,-0.053280695311543634,0.1073815644509732,0.027530909536050925
1,67,-0.053078712204676214,0.10744889215326234,0.027328926429183498
1,68,-0.05312155710613294,0.10744277145305423,0.02815522095727751
1,69,-0.05312155710613294,0.10744277145305423,0.02815522095727751
1,70,-0.05312155710613294,0.10703268453911127,0.02718202962418901
1,71,-0.05309707430530053,0.10700208103807077,0.027947117150201983
1,72,-0.05309707430530053,0.10700208103807077,0.027947117150201983
1,73,-0.053280695311543634,0.10726527114701923,0.02686375321336761
1,74,-0.05304198800342759,0.1072407883461868,0.02686375321336761
1,75,-0.05304198800342759,0.1072407883461868,0.02686375321336761
1,76,-0.053390867915289505,0.1072346676459787,0.02693108091565675
1,77,-0.053360264414248994,0.1074182886522218,0.02689435671440813
1,78,-0.053360264414248994,0.1074182886522218,0.02689435671440813
1,79,-0.05326233321091933,0.10732035744889215,0.02695556371648917
1,80,-0.053115436405924844,0.10730199534826783,0.02713918472273228
1,81,-0.05336638511445709,0.10724690904639492,0.02713306402252418
1,82,-0.05336638511445709,0.10724690904639492,0.02713306402252418
1,83,-0.05331129881258416,0.10738768515118129,0.026918839515240545
1,84,-0.053146039906965356,0.10727751254743542,0.027481943934386095
1,85,-0.053146039906965356,0.10727751254743542,0.027481943934386095
1,86,-0.053317419512792265,0.10706328804015179,0.02726771942710246
1,87,-0.05313991920675726,0.1073938058513894,0.027512547435426617
1,88,-0.05313991920675726,0.1073938058513894,0.027512547435426617
1,89,-0.05334802301383278,0.10743053005263803,0.026973925817113477
1,90,-0.053329660913208475,0.10711837434202473,0.026716856408373117
1,91,-0.053329660913208475,0.10711837434202473,0.026716856408373117
1,92,-0.053286816011751746,0.10713673644264905,0.027194271024605216
1,93,-0.05345207491737055,0.10722242624556248,0.02731668502876729
1,94,-0.05334190231362468,0.10710001224140042,0.026943322316072958
1,95,-0.05334190231362468,0.10710001224140042,0.026943322316072958
1,96,-0.05320112620883829,0.10731423674868405,0.027432978332721264
1,97,-0.05358673032194883,0.10702656383890316,0.02694944301628106
1,98,-0.05358673032194883,0.10702656383890316,0.02694944301628106
1,99,-0.053274574611335536,0.10746113355367855,0.027212633125229525
2,0,0.11232709021912106,-0.05181784796180683,0.03269678051169054
2,1,0.11214958991308606,-0.051609744154731296,0.030866691149467503
2,2,0.11214958991308606,-0.051609744154731296,0.030866691149467503
2,3,0.11219243481454277,-0.05181172726159873,0.03283143591626882
2,4,0.11217407271391848,-0.05188517566409597,0.0324764353041988
2,5,0.11217407271391848,-0.05188517566409597,0.0324764353041988
2,6,0.11227200391724815,-0.05184233076263924,0.031533847472150815
2,7,0.11230260741828865,-0.05178724446076631,0.03268453911127433
2,8,0.11230260741828865,-0.05178724446076631,0.03268453911127433
2,9,0.11209450361121312,-0.05187905496388787,0.031215571061329418
2,10,0.11229648671808054,-0.051940261965968904,0.032629452809401396
2,11,0.11229648671808054,-0.05178724446076631,0.032715142612314854
2,12,0.11240053862161832,-0.05178724446076631,0.032715142612314854
2,13,0.11216183131350226,-0.05157301995348268,0.03046884563594075
2,14,0.11229036601787243,-0.05167707185702044,0.03258660790794467
2,15,0.11229036601787243,-0.05167707185702044,0.03258660790794467
2,16,0.11210062431142123,-0.051652589056188025,0.032017382788591016
2,17,0.11211898641204554,-0.05210552087158771,0.030756518545721628
2,18,0.11211898641204554,-0.05210552087158771,0.030756518545721628
2,19,0.11208838291100502,-0.05157914065369078,0.031772554780266866
2,20,0.11226588321704004,-0.05144448524911251,0.03248867670461501
2,21,0.11226588321704004,-0.05144448524911251,0.03248867670461501
2,22,0.1120761415105888,-0.05199534826784184,0.03252540090586363
2,23,0.1118925205043457,-0.05191577916513649,0.0324825560044069
2,24,0.1118925205043457,-0.05191577916513649,0.0324825560044069
2,25,0.11229648671808054,-0.05165870975639612,0.03252540090586363
2,26,0.11194148610601054,-0.05168319255722855,0.032678418411066223
2,27,0.11233321091932917,-0.05142000244828008,0.03268453911127433
2,28,0.11233321091932917,-0.05142000244828008,0.03268453911127433
2,29,0.11229648671808054,-0.05187293426367976,0.032647814910025705
2,30,0.11211286571183743,-0.05152405435181785,0.03268453911127433
2,31,0.11211286571183743,-0.05152405435181785,0.03268453911127433
2,32,0.11217407271391848,-0.051652589056188025,0.03229893499816379
2,33,0.11237605582078589,-0.051940261965968904,0.03245195250336638
2,34,0.11237605582078589,-0.051940261965968904,0.03245195250336638
2,35,0.1120639001101726,-0.051768882360142,0.03250091810503122
2,36,0.11201493450850777,-0.05171991675847717,0.03259884930836088
2,37,0.11201493450850777,-0.05171991675847717,0.03259884930836088
2,38,0.11213734851266985,-0.05150569225119354,0.03148488187048598
2,39,0.11217407271391848,-0.05162810625535561,0.03277634961439589
2,40,0.11229648671808054,-0.05134655404578283,0.032629452809401396
2,41,0.11229648671808054,-0.05134655404578283,0.032629452809401396
2,42,0.11225976251683192,-0.0516036234545232,0.032745746113355366
2,43,0.11232096951891297,-0.05182396866201493,0.031417554168196846
2,44,0.11232096951891297,-0.05182396866201493,0.031417554168196846
2,45,0.11224752111641571,-0.052007589668258046,0.03210307259150447
2,46,0.11241278002203452,-0.05168319255722855,0.03256824580732036
2,47,0.11241278002203452,-0.05168319255722855,0.03256824580732036
2,48,0.11233321091932917,-0.05140164034765578,0.032660056310441915
2,49,0.11240053862161832,-0.051652589056188025,0.03187048598359653
2,50,0.11240053862161832,-0.051652589056188025,0.03187048598359653
2,51,0.11223527971599952,-0.05167707185702044,0.0326355735096095
2,52,0.11208226221079691,-0.051609744154731296,0.03219488309462602
2,53,0.11208226221079691,-0.051609744154731296,0.03219488309462602
2,54,0.11229648671808054,-0.0517566409597258,0.03169910637776961
2,55,0.1125168319255723,-0.05171991675847717,0.031907210184845144
2,56,0.11203329660913208,-0.05201983106867426,0.032715142612314854
2,57,0.11203329660913208,-0.05201983106867426,0.032715142612314854
2,58,0.11212510711225365,-0.051554657852858364,0.032574366507528464
2,59,0.11240053862161832,-0.05179948586118251,0.03276410821397968
2,60,0.11240053862161832,-0.05179948586118251,0.03276410821397968
2,61,0.11232096951891297,-0.0517750030603501,0.03147876117027788
2,62,0.11205165870975639,-0.051689313257436656,0.032531521606071735
2,63,0.11205165870975639,-0.051689313257436656,0.032531521606071735
2,64,0.11228424531766434,-0.051707675358060964,0.03268453911127433
2,65,0.11247398702411555,-0.0519280205655527,0.03284979801689313
2,66,0.11247398702411555,-0.0519280205655527,0.03284979801689313
2,67,0.11231484881870486,-0.051805606561390626,0.03268453911127433
2,68,0.1120577794099645,-0.051836210062431144,0.03270902191210674
2,69,0.1120577794099645,-0.051732158158893385,0.03282531521606072
2,70,0.11243726282286695,-0.051732158158893385,0.03282531521606072
2,71,0.11200269310809156,-0.051768882360142,0.03246419390378259
2,72,0.11238829722120211,-0.05184845146284735,0.03210919329171257
2,73,0.11238829722120211,-0.05184845146284735,0.03210919329171257
2,74,0.11218631411433469,-0.051805606561390626,0.03218264169420982
2,75,0.11213122781246174,-0.051805606561390626,0.032819194515852614
2,76,0.11213122781246174,-0.051805606561390626,0.032819194515852614
2,77,0.11239441792141021,-0.05171991675847717,0.032433590402742074
2,78,0.11218631411433469,-0.05181784796180683,0.03277634961439589
2,79,0.11218631411433469,-0.05181784796180683,0.03277634961439589
2,80,0.1122414004162076,-0.051836210062431144,0.03252540090586363
2,81,0.11225364181662383,-0.05190353776472029,0.0323172970987881
2,82,0.11225364181662383,-0.05190353776472029,0.0323172970987881
2,83,0.1120761415105888,-0.051548537152650266,0.032286693597747586
2,84,0.1118925205043457,-0.0517566409597258,0.032690659811482434
2,85,0.11237605582078589,-0.051554657852858364,0.03284979801689313
2,86,0.11237605582078589,-0.051554657852858364,0.03284979801689313
2,87,0.1119170033051781,-0.05178724446076631,0.03276410821397968
2,88,0.11221079691516708,-0.05163422695556371,0.03277022891418778
2,89,0.11221079691516708,-0.05163422695556371,0.03277022891418778
2,90,0.1122414004162076,-0.0517627616599339,0.03268453911127433
2,91,0.11223527971599952,-0.05153017505202595,0.03258660790794467
2,92,0.11223527971599952,-0.05153017505202595,0.03258660790794467
2,93,0.11213122781246174,-0.05188517566409597,0.03196841718692618
2,94,0.11232709021912106,-0.05171379605826907,0.031864365283388416
2,95,0.11232709021912106,-0.05171379605826907,0.031864365283388416
2,96,0.11227812461745623,-0.051548537152650266,0.03273350471293916
2,97,0.112204676214959,-0.05219733137470926,0.03258048720773656
2,98,0.112204676214959,-0.05219733137470926,0.03250703880523932
2,99,0.11234545231974538,-0.05167095115681234,0.03250703880523932
3,0,-0.12086546700942588,-0.09218386583425145,0.0998408617945893
3,1,-0.12082874280817726,-0.09230627983841352,0.09992655159750276
3,2,-0.12082874280817726,-0.09230627983841352,0.09992655159750276
3,3,-0.12065736320235035,-0.09236748684049455,0.09993879299791895
3,4,-0.1207308116048476,-0.09218998653445955,0.10004896560166483
3,5,-0.1207308116048476,-0.09218998653445955,0.10004896560166483
3,6,-0.12112865711837435,-0.09247765944424043,0.09994491369812707
3,7,-0.12114089851879055,-0.09253274574611335,0.0998347410943812
3,8,-0.12070020810380708,-0.09250214224507283,0.1001530175052026
3,9,-0.12070020810380708,-0.09250214224507283,0.1001530175052026
3,10,-0.12103684661525278,-0.09248378014444852,0.10004284490145672
3,11,-0.12120210552087159,-0.09248990084465662,0.10014689680499449
3,12,-0.12120210552087159,-0.09248990084465662,0.10014689680499449
3,13,-0.1209021912106745,-0.0922695556371649,0.09966336148855429
3,14,-0.12065736320235035,-0.0922879177377892,0.09947974048231117
3,15,-0.12065736320235035,-0.0922879177377892,0.09947974048231117
3,16,-0.12117150201983107,-0.09253886644632145,0.0998408617945893
3,17,-0.12092667401150692,-0.0924348145427837,0.09958991308605705
3,18,-0.12092667401150692,-0.0924348145427837,0.09958991308605705
3,19,-0.12096951891296363,-0.0924286938425756,0.09988370669604603
3,20,-0.12080426000734483,-0.09258171134777818,0.09987146529562982
3,21,-0.12080426000734483,-0.09234300403966214,0.09996327579875137
3,22,-0.12080426000734483,-0.09234300403966214,0.09996327579875137
3,23,-0.12094503611213123,-0.09220222793487574,0.10003672420124862
3,24,-0.1208960705104664,-0.09241033174195128,0.09993267229771086
3,25,-0.1208960705104664,-0.09241033174195128,0.09993267229771086
3,26,-0.12098788101358796,-0.09236748684049455,0.0997000856898029
3,27,-0.12090831191088261,-0.09217162443383523,0.09965724078834619
3,28,-0.12090831191088261,-0.09217162443383523,0.09965724078834619
3,29,-0.1209021912106745,-0.09231240053862162,0.0998653445954217
3,30,-0.12108581221691761,-0.09239196964132697,0.09994491369812707
3,31,-0.12108581221691761,-0.09239196964132697,0.09994491369812707
3,32,-0.12101236381442038,-0.092453176643408,0.0998347410943812
3,33,-0.12064512180193414,-0.0922695556371649,0.09985310319500551
3,34,-0.12109805361733383,-0.09271636675235648,0.10013465540457829
3,35,-0.12109805361733383,-0.09271636675235648,0.10013465540457829
3,36,-0.1204064144938181,-0.09210429673154609,0.09973068919084344
3,37,-0.12096339821275555,-0.0922879177377892,0.09978577549271636
3,38,-0.12096339821275555,-0.0922879177377892,0.09978577549271636
3,39,-0.12094503611213123,-0.09237360754070265,0.09976741339209205
3,40,-0.12092667401150692,-0.09225119353654057,0.09980413759334068
3,41,-0.12092667401150692,-0.09225119353654057,0.09980413759334068
3,42,-0.1209021912106745,-0.0919573999265516,0.09998163789937568
3,43,-0.12110417431754192,-0.09247153874403233,0.09974905129146774
3,44,-0.12110417431754192,-0.09247153874403233,0.09974905129146774
3,45,-0.12078589790672052,-0.09250214224507283,0.09996327579875137
3,46,-0.12095727751254744,-0.09235524544007835,0.09994491369812707
3,47,-0.12092667401150692,-0.09236136614028645,0.09998163789937568
3,48,-0.12092667401150692,-0.09236136614028645,0.09998163789937568
3,49,-0.12091443261109072,-0.0921287795323785,0.09980413759334068
3,50,-0.12086546700942588,-0.0922817970375811,0.0999938792997919
3,51,-0.12086546700942588,-0.0922817970375811,0.0999938792997919
3,52,-0.1210429673154609,-0.09250826294528094,0.09980413759334068
3,53,-0.12082874280817726,-0.0924592973436161,0.0998653445954217
3,54,-0.12082874280817726,-0.0924592973436161,0.0998653445954217
3,55,-0.12101236381442038,-0.09227567633737299,0.0996694821887624
3,56,-0.12096339821275555,-0.09223283143591628,0.09998775859958378
3,57,-0.12096339821275555,-0.09223283143591628,0.09998775859958378
3,58,-0.12116538131962296,-0.0924592973436161,0.10007344840249725
3,59,-0.1210429673154609,-0.09234300403966214,0.09990818949687844
3,60,-0.12067572530297466,-0.09216550373362713,0.09980413759334068
3,61,-0.12067572530297466,-0.09216550373362713,0.09980413759334068
3,62,-0.12068184600318277,-0.0924409352429918,0.1
3,63,-0.12118986412045538,-0.09233688333945403,0.09976129269188395
3,64,-0.12118986412045538,-0.09233688333945403,0.09976129269188395
3,65,-0.12096951891296363,-0.09231852123882972,0.09971232709021913
3,66,-0.12100624311421226,-0.09282041865589423,0.09993267229771086
3,67,-0.12100624311421226,-0.09282041865589423,0.09993267229771086
3,68,-0.12072469090463948,-0.09247153874403233,0.09992655159750276
3,69,-0.12110417431754192,-0.09255110784673767,0.09988370669604603
3,70,-0.12110417431754192,-0.09255110784673767,0.09988370669604603
3,71,-0.12097563961317175,-0.09217774513404334,0.09982862039417309
3,72,-0.12087158770963398,-0.09246541804382422,0.09976741339209205
3,73,-0.12087158770963398,-0.09246541804382422,0.09965724078834619
3,74,-0.12079813930713675,-0.09217162443383523,0.09965724078834619
3,75,-0.12087158770963398,-0.092453176643408,0.09955930958501653
3,76,-0.12088994981025829,-0.09238584894111887,0.09997551719916759
3,77,-0.12088994981025829,-0.09238584894111887,0.09997551719916759
3,78,-0.1210429673154609,-0.09241645244215937,0.09991431019708655
3,79,-0.12079813930713675,-0.09250826294528094,0.10002448280083243
3,80,-0.12079813930713675,-0.09250826294528094,0.10002448280083243
3,81,-0.12081650140776105,-0.09233076263924593,0.09978577549271636
3,82,-0.1207308116048476,-0.09264291834985923,0.09981025829354878
3,83,-0.1207308116048476,-0.09264291834985923,0.09981025829354878
3,84,-0.12124495042232833,-0.09254498714652956,0.09990818949687844
3,85,-0.12103684661525278,-0.09236748684049455,0.09976741339209205
3,86,-0.12103684661525278,-0.09236748684049455,0.09976741339209205
3,87,-0.12081650140776105,-0.09250214224507283,0.0999938792997919
3,88,-0.12109805361733383,-0.0924286938425756,0.09988370669604603
3,89,-0.12119598482066349,-0.0924592973436161,0.09981637899375688
3,90,-0.12119598482066349,-0.0924592973436161,0.09981637899375688
3,91,-0.12100624311421226,-0.09233688333945403,0.09975517199167586
3,92,-0.12103684661525278,-0.09222671073570816,0.09985310319500551
3,93,-0.12103684661525278,-0.09222671073570816,0.09985310319500551
3,94,-0.12118986412045538,-0.09269800465173215,0.10001836210062431
3,95,-0.12091443261109072,-0.09261843554902681,0.10023258660790794
3,96,-0.12091443261109072,-0.09261843554902681,0.10023258660790794
3,97,-0.12076753580609623,-0.09266128045048354,0.1001591382054107
3,98,-0.12075529440568,-0.0922634349369568,0.09965724078834619
3,99,-0.12075529440568,-0.0922634349369568,0.09965724078834619
