values,,Magnetometer,Magnetometer,Magnetometer
axis,,x,y,z
Sensor,Sample,,,
0,0,0.06480597380340311,0.04627249357326478,0.005955441302485005
0,1,0.06489778430652467,0.046419390378259276,0.005967682702901212
0,2,0.06502631901089485,0.046419390378259276,0.0056861304933284364
0,3,0.0649406292079814,0.04629085567388909,0.005759578895825682
0,4,0.0649406292079814,0.04629085567388909,0.005759578895825682
0,5,0.06498347410943812,0.046278614273472886,0.006181907210184845
0,6,0.06498959480964622,0.04616232096951891,0.006267597013098298
0,7,0.06498959480964622,0.04616232096951891,0.006267597013098298
0,8,0.06490390500673276,0.04619904517076753,0.005967682702901212
0,9,0.06512425021422451,0.046394907577426855,0.006530787122046762
0,10,0.06512425021422451,0.046394907577426855,0.006530787122046762
0,11,0.0649589913086057,0.04659689068429428,0.005526992287917738
0,12,0.06519157791651366,0.04635818337617824,0.005582078589790672
0,13,0.06519157791651366,0.04635818337617824,0.005582078589790672
0,14,0.06506304321214347,0.046235769372016164,0.0056494062920798135
0,15,0.06487330150569225,0.04633982127555392,0.006604235524544008
0,16,0.06487330150569225,0.04633982127555392,0.006604235524544008
0,17,0.06500795691027053,0.046125596768270286,0.0060656139062308725
0,18,0.06492838780756519,0.04654180438242135,0.005863630799363447
0,19,0.06486106010527605,0.0463030970743053,0.006457338719549515
0,20,0.06486106010527605,0.0463030970743053,0.006457338719549515
0,21,0.06490390500673276,0.04628473497368099,0.006022769004774146
0,22,0.06500795691027053,0.04634594197576203,0.005888113600195862
0,23,0.06500795691027053,0.04634594197576203,0.005888113600195862
0,24,0.0649467499081895,0.046266372873056676,0.005912596401028277
0,25,0.0647692496021545,0.04632757987513771,0.00564328559187171
0,26,0.0647692496021545,0.04632757987513771,0.00564328559187171
0,27,0.06472028400048965,0.046021544864732526,0.005839147998531032
0,28,0.06483657730444363,0.046168441669727014,0.006163545109560534
0,29,0.06483657730444363,0.046168441669727014,0.006163545109560534
0,30,0.06505080181172726,0.04629085567388909,0.005667768392704125
0,31,0.0649467499081895,0.04624801077243237,0.006347166115803648
0,32,0.0649467499081895,0.04624801077243237,0.006347166115803648
0,33,0.06491614640714898,0.046425511078467374,0.005416819684171869
0,34,0.06513649161464072,0.046413269678051164,0.006224752111641572
0,35,0.06513649161464072,0.046413269678051164,0.006224752111641572
0,36,0.06483657730444363,0.04611335536785408,0.006432855918717101
0,37,0.06497735340923003,0.046425511078467374,0.006163545109560534
0,38,0.06497735340923003,0.046425511078467374,0.006163545109560534
0,39,0.06497735340923003,0.04634594197576203,0.005814665197698616
0,40,0.0651058881136002,0.046266372873056676,0.005490268086669115
0,41,0.06502019831068674,0.04619904517076753,0.005918717101236382
0,42,0.06502019831068674,0.04619904517076753,0.005918717101236382
0,43,0.06492838780756519,0.04624189007222426,0.005943199902068796
0,44,0.06491002570694088,0.04638266617701065,0.0060656139062308725
0,45,0.06491002570694088,0.04638266617701065,0.0060656139062308725
0,46,0.06506304321214347,0.046168441669727014,0.006077855306647081
0,47,0.06498959480964622,0.04607663116660546,0.005557595788958257
0,48,0.06498959480964622,0.04607663116660546,0.005557595788958257
0,49,0.06497735340923003,0.046425511078467374,0.0061207002081038065
0,50,0.06475088750153017,0.04671930468845636,0.00533725058146652
0,51,0.06475088750153017,0.04671930468845636,0.00533725058146652
0,52,0.0649345085077733,0.04629085567388909,0.00572285469457706
0,53,0.06503243971110295,0.046309217774513405,0.005533112988125841
0,54,0.06503243971110295,0.046309217774513405,0.005533112988125841
0,55,0.0649651120088138,0.046125596768270286,0.005704492593952748
0,56,0.06503243971110295,0.04633370057534582,0.006163545109560534
0,57,0.06503243971110295,0.04633370057534582,0.006163545109560534
0,58,0.06492838780756519,0.04648059738034031,0.005478026686252907
0,59,0.06489778430652467,0.046278614273472886,0.005930958501652589
0,60,0.06489778430652467,0.046278614273472886,0.005930958501652589
0,61,0.06488554290610846,0.04616232096951891,0.005998286203941731
0,62,0.06505080181172726,0.046413269678051164,0.0058575100991553435
0,63,0.06489166360631657,0.04633982127555392,0.00564328559187171
0,64,0.06489166360631657,0.04633982127555392,0.00564328559187171
0,65,0.06505080181172726,0.046309217774513405,0.0061023381074794955
0,66,0.06484269800465173,0.046394907577426855,0.0058575100991553435
0,67,0.06484269800465173,0.046394907577426855,0.0058575100991553435
0,68,0.06501407761047864,0.046394907577426855,0.005833027298322928
0,69,0.06483045660423552,0.0462969763740972,0.005227077977720651
0,70,0.06483045660423552,0.0462969763740972,0.005227077977720651
0,71,0.06504468111151915,0.04648059738034031,0.0056310441914555025
0,72,0.06497735340923003,0.046168441669727014,0.005900355000612071
0,73,0.06497735340923003,0.046168441669727014,0.005900355000612071
0,74,0.0649589913086057,0.04633982127555392,0.00572285469457706
0,75,0.06503856041131105,0.04635818337617824,0.005043456971477537
0,76,0.06503856041131105,0.04635818337617824,0.005043456971477537
0,77,0.06491614640714898,0.04644387317909169,0.005845268698739136
0,78,0.06490390500673276,0.04638266617701065,0.006126820908311911
0,79,0.06490390500673276,0.04638266617701065,0.006126820908311911
0,80,0.06506916391235157,0.04628473497368099,0.006163545109560534
0,81,0.06492838780756519,0.04628473497368099,0.006163545109560534
0,82,0.06492838780756519,0.04628473497368099,0.006163545109560534
0,83,0.06464683559799242,0.04633370057534582,0.006041131105398457
0,84,0.06486106010527605,0.046407148977843066,0.005900355000612071
0,85,0.0650997674133921,0.04649283878075652,0.005961562002693108
0,86,0.0650997674133921,0.04649283878075652,0.005961562002693108
0,87,0.06498347410943812,0.04626025217284858,0.006188027910392949
0,88,0.0650997674133921,0.046082751866813564,0.006224752111641572
0,89,0.0650997674133921,0.046082751866813564,0.006224752111641572
0,90,0.0646345941975762,0.04627249357326478,0.006077855306647081
0,91,0.06487942220590034,0.04645611457950789,0.006145183008936223
0,92,0.06487942220590034,0.04645611457950789,0.006145183008936223
0,93,0.06481209450361122,0.046180683070143225,0.005937079201860693
0,94,0.0651303709144326,0.04622964867180805,0.006016648304566043
0,95,0.0651303709144326,0.04622964867180805,0.006016648304566043
0,96,0.0650997674133921,0.04624189007222426,0.0056861304933284364
0,97,0.06502631901089485,0.0461439588688946,0.005912596401028277
0,98,0.06502631901089485,0.0461439588688946,0.005912596401028277
0,99,0.06500183621006243,0.04620516587097564,0.006163545109560534
1,0,-0.08412290366017873,0.10859958379238585,0.07799608275186681
1,1,-0.08392704125351941,0.10823846248010774,0.0782959970620639
1,2,-0.08392704125351941,0.10823846248010774,0.0782959970620639
1,3,-0.08401885175664095,0.10878320479862898,0.07866935977475822
1,4,-0.08387807565185457,0.10852001468968049,0.0779777206512425
1,5,-0.0839331619537275,0.10844656628718326,0.0782715142612315
1,6,-0.0839331619537275,0.10844656628718326,0.0782715142612315
1,7,-0.08396376545476802,0.10820785897906719,0.07852246296976374
1,8,-0.08399436895580854,0.1086791528950912,0.0781491002570694
1,9,-0.08399436895580854,0.1086791528950912,0.0781491002570694
1,10,-0.08404945525768148,0.10799363447178356,0.07793487574978578
1,11,-0.08382911005018974,0.1085138939894724,0.07759211653813196
1,12,-0.08382911005018974,0.1085138939894724,0.07759211653813196
1,13,-0.08382911005018974,0.10828130738156445,0.07842453176643407
1,14,-0.08399436895580854,0.10885665320112621,0.07784918594687232
1,15,-0.08402497245684906,0.10837923858489411,0.07820418655894235
1,16,-0.08402497245684906,0.10837923858489411,0.07820418655894235
1,17,-0.0842453176643408,0.10830579018239687,0.07810625535561269
1,18,-0.08412290366017873,0.10829354878198065,0.07837556616476925
1,19,-0.08412290366017873,0.10829354878198065,0.07837556616476925
1,20,-0.084080058758722,0.10831191088260497,0.07812461745623699
1,21,-0.08398824825560045,0.10822010037948342,0.07754315093646713
1,22,-0.08398824825560045,0.10822010037948342,0.07754315093646713
1,23,-0.08412902436038683,0.10859346309217774,0.07812461745623699
1,24,-0.08395152405435183,0.10827518668135634,0.07821642795935854
1,25,-0.08395152405435183,0.10827518668135634,0.07821642795935854
1,26,-0.08388419635206268,0.1086791528950912,0.0782959970620639
1,27,-0.08401885175664095,0.10841596278614274,0.07842453176643407
1,28,-0.08415350716121925,0.10832415228302117,0.07843065246664219
1,29,-0.08415350716121925,0.10832415228302117,0.07843065246664219
1,30,-0.0837495409474844,0.10833027298322928,0.0781307381564451
1,31,-0.084080058758722,0.10862406659321826,0.07770840984208593
1,32,-0.084080058758722,0.10862406659321826,0.07770840984208593
1,33,-0.08404333455747337,0.10837923858489411,0.0786142734728853
1,34,-0.08399436895580854,0.1085016525890562,0.07761659933896438
1,35,-0.08399436895580854,0.1085016525890562,0.07761659933896438
1,36,-0.08384135145060595,0.10854449749051291,0.07816134165748562
1,37,-0.08371893744644388,0.10836699718447791,0.07794711715020199
1,38,-0.08371893744644388,0.10836699718447791,0.07794711715020199
1,39,-0.08373729954706818,0.10861794589301017,0.07800220345207491
1,40,-0.08394540335414372,0.10825070388052394,0.07817358305790181
1,41,-0.08421471416330029,0.1085383767903048,0.07800220345207491
1,42,-0.08421471416330029,0.1085383767903048,0.07800220345207491
1,43,-0.08397600685518423,0.10833027298322928,0.07806953115436406
1,44,-0.08422695556371648,0.10824458318031582,0.07851022156934753
1,45,-0.08422695556371648,0.10824458318031582,0.07851022156934753
1,46,-0.08402497245684906,0.10847104908801566,0.07801444485249112
1,47,-0.08375566164769249,0.10859346309217774,0.0781307381564451
1,48,-0.08375566164769249,0.10859346309217774,0.0781307381564451
1,49,-0.08375566164769249,0.108373117884686,0.07808789325498837
1,50,-0.08404333455747337,0.10854449749051291,0.07825315216060717
1,51,-0.08404333455747337,0.10854449749051291,0.07825315216060717
1,52,-0.08409842085934631,0.10839147998531032,0.07802668625290733
1,53,-0.08405557595788958,0.10840984208593463,0.07816746235769371
1,54,-0.08412290366017873,0.10841596278614274,0.07806953115436406
1,55,-0.08412290366017873,0.10841596278614274,0.07806953115436406
1,56,-0.0837495409474844,0.10839147998531032,0.07840004896560167
1,57,-0.08400661035622475,0.10844656628718326,0.07742073693230506
1,58,-0.08400661035622475,0.10844656628718326,0.07742073693230506
1,59,-0.08421471416330029,0.10811604847594565,0.07736565063043213
1,60,-0.08379850654914922,0.10824458318031582,0.0774819439343861
1,61,-0.08379850654914922,0.10824458318031582,0.0774819439343861
1,62,-0.08400661035622475,0.10845880768759945,0.07798996205165871
1,63,-0.08398212755539233,0.10839760068551843,0.07753703023625903
1,64,-0.08398212755539233,0.10839760068551843,0.07753703023625903
1,65,-0.08394540335414372,0.10823846248010774,0.07765332354021301
1,66,-0.08406781735830579,0.10822622107969151,0.07792875504957766
1,67,-0.08382298934998164,0.10837923858489411,0.07810625535561269
1,68,-0.08382298934998164,0.10837923858489411,0.07810625535561269
1,69,-0.08392704125351941,0.10828130738156445,0.07811237605582079
1,70,-0.08417798996205166,0.10815277267719428,0.07806953115436406
1,71,-0.08417798996205166,0.10815277267719428,0.07806953115436406
1,72,-0.08399436895580854,0.108666911494675,0.0781307381564451
1,73,-0.08396376545476802,0.10848941118863997,0.07842453176643407
1,74,-0.08396376545476802,0.10848941118863997,0.07842453176643407
1,75,-0.08378014444852491,0.10823846248010774,0.0771636675235647
1,76,-0.0840739380585139,0.10831191088260497,0.0784673766678908
1,77,-0.0840739380585139,0.10831191088260497,0.0784673766678908
1,78,-0.08379850654914922,0.10814665197698617,0.07822254865956665
1,79,-0.08389643775247888,0.10858734239196963,0.07807565185457216
1,80,-0.08404333455747337,0.10816501407761048,0.07823479005998286
1,81,-0.08404333455747337,0.10816501407761048,0.07823479005998286
1,82,-0.08403721385726527,0.10842820418655894,0.07788591014812093
1,83,-0.0837434202472763,0.10862406659321826,0.07828987636185579
1,84,-0.0837434202472763,0.10862406659321826,0.07828987636185579
1,85,-0.08387807565185457,0.10855061819072102,0.07795935855061818
1,86,-0.08402497245684906,0.10843432488676705,0.07832660056310442
1,87,-0.08402497245684906,0.10843432488676705,0.07832660056310442
1,88,-0.0840923001591382,0.10844044558697515,0.07852246296976374
1,89,-0.08375566164769249,0.10840372138572654,0.07819806585873423
1,90,-0.08375566164769249,0.10840372138572654,0.07819806585873423
1,91,-0.08383523075039785,0.10840984208593463,0.07821642795935854
1,92,-0.08400048965601666,0.10826906598114824,0.07874892887746358
1,93,-0.08389643775247888,0.10855061819072102,0.0781307381564451
1,94,-0.08389643775247888,0.10855061819072102,0.0781307381564451
1,95,-0.08401885175664095,0.10840984208593463,0.0781368588566532
1,96,-0.08402497245684906,0.10849553188884808,0.07832047986289632
1,97,-0.08402497245684906,0.10849553188884808,0.07832047986289632
1,98,-0.08404333455747337,0.10832415228302117,0.07858979067205288
1,99,-0.08405557595788958,0.10834251438364548,0.0786142734728853
2,0,0.06642183865834252,-0.04600318276410821,0.007130615742440935
2,1,0.06632390745501285,-0.04574611335536786,0.006402252417676582
2,2,0.06632390745501285,-0.04574611335536786,0.006402252417676582
2,3,0.06644020075896682,-0.045482923246419386,0.006702166727873669
2,4,0.06634839025584527,-0.04586852735952993,0.007387685151181295
2,5,0.06634839025584527,-0.04586852735952993,0.007387685151181295
2,6,0.0663851144570939,-0.045899130860570445,0.006267597013098298
2,7,0.06646468355979925,-0.04554413024850043,0.007326478149100257
2,8,0.06646468355979925,-0.04554413024850043,0.007326478149100257
2,9,0.06623209695189129,-0.045923613661402865,0.006965356836822133
2,10,0.06628106255355612,-0.04555637164891664,0.006665442526625045
2,11,0.06645244215938304,-0.045654302852246295,0.0065185457216305545
2,12,0.06645244215938304,-0.045654302852246295,0.0065185457216305545
2,13,0.06633002815522096,-0.04585628595911372,0.007326478149100257
2,14,0.0662443383523075,-0.04564206145183009,0.007350960949932673
2,15,0.0662443383523075,-0.04564206145183009,0.007350960949932673
2,16,0.0664095972579263,-0.045807320357448895,0.006475700820173828
2,17,0.06644020075896682,-0.045611457950789566,0.007100012241400416
2,18,0.06644020075896682,-0.045611457950789566,0.007100012241400416
2,19,0.06635451095605337,-0.04584404455869752,0.007399926551597502
2,20,0.06627494185334802,-0.045427836944546454,0.007038805239319377
2,21,0.06627494185334802,-0.045427836944546454,0.007038805239319377
2,22,0.066391235157302,-0.04572163055453544,0.007387685151181295
2,23,0.06629942465418044,-0.04564818215203819,0.007326478149100257
2,24,0.06643408005875873,-0.04573387195495164,0.006390011017260375
2,25,0.06643408005875873,-0.04573387195495164,0.006390011017260375
2,26,0.06626882115313992,-0.04570938915411923,0.007136736442649038
2,27,0.06642183865834252,-0.045678785653078716,0.006738890929122292
2,28,0.06642183865834252,-0.045678785653078716,0.006738890929122292
2,29,0.06633002815522096,-0.045795078957032685,0.006616476924960216
2,30,0.06634226955563717,-0.04577059615620027,0.007540702656383891
2,31,0.06634226955563717,-0.04577059615620027,0.007540702656383891
2,32,0.06633002815522096,-0.04605826906598115,0.006243114212265883
2,33,0.06612804504835354,-0.04564818215203819,0.007320357448892154
2,34,0.06612804504835354,-0.04564818215203819,0.007320357448892154
2,35,0.06664830456604236,-0.04571550985432733,0.007344840249724568
2,36,0.06623209695189129,-0.045525768147876115,0.00715509854327335
2,37,0.06623209695189129,-0.045525768147876115,0.00715509854327335
2,38,0.06630554535438854,-0.04599706206390011,0.007204064144938181
2,39,0.06631778675480475,-0.045678785653078716,0.007228546945770596
2,40,0.06635451095605337,-0.04539111274329784,0.007265271147019218
2,41,0.06635451095605337,-0.04539111274329784,0.007265271147019218
2,42,0.06653813196229649,-0.04583180315828131,0.00710613294160852
2,43,0.066391235157302,-0.04574611335536786,0.007510099155343371
2,44,0.066391235157302,-0.04574611335536786,0.007510099155343371
2,45,0.0664095972579263,-0.04575835475578406,0.007357081650140776
2,46,0.06607295874648059,-0.04557473374954095,0.007069408740359898
2,47,0.06607295874648059,-0.04557473374954095,0.007069408740359898
2,48,0.06650752846125597,-0.04574611335536786,0.0069898396376545475
2,49,0.0662259762516832,-0.045678785653078716,0.006267597013098298
2,50,0.0662259762516832,-0.045678785653078716,0.006267597013098298
2,51,0.06620761415105889,-0.04578283755661648,0.0069531154364059254
2,52,0.06650140776104786,-0.045825682458073204,0.0074244093524299185
2,53,0.06650140776104786,-0.045825682458073204,0.0074244093524299185
2,54,0.06648304566042355,-0.04571550985432733,0.007222426245562493
2,55,0.06634226955563717,-0.045623699351205776,0.007148977843065246
2,56,0.06617088994981027,-0.04590525156077856,0.007350960949932673
2,57,0.06617088994981027,-0.04590525156077856,0.007350960949932673
2,58,0.06657485616354511,-0.04576447545599217,0.007455012853470437
2,59,0.06647080426000734,-0.04591749296119476,0.007112253641816624
2,60,0.06647080426000734,-0.04591749296119476,0.007112253641816624
2,61,0.06623821765209939,-0.04583180315828131,0.007020443138695066
2,62,0.06629330395397234,-0.04543395764475456,0.007253029746603011
2,63,0.06629330395397234,-0.04543395764475456,0.007253029746603011
2,64,0.0665626147631289,-0.04583180315828131,0.006959236136614029
2,65,0.06642795935855061,-0.045893010160362346,0.007253029746603011
2,66,0.06642795935855061,-0.045893010160362346,0.007253029746603011
2,67,0.06603623454523197,-0.045795078957032685,0.007381564450973191
2,68,0.06621373485126698,-0.04578283755661648,0.0071795813441057664
2,69,0.06647080426000734,-0.045807320357448895,0.007332598849308361
2,70,0.06647080426000734,-0.045807320357448895,0.007332598849308361
2,71,0.0662259762516832,-0.04570326845391113,0.007448892153262334
2,72,0.06647692496021544,-0.04558697514995715,0.00731423674868405
2,73,0.06647692496021544,-0.04558697514995715,0.00731423674868405
2,74,0.06647080426000734,-0.04600930346431632,0.007289753947851635
2,75,0.0664095972579263,-0.04539111274329784,0.006940874035989718
2,76,0.0664095972579263,-0.04539111274329784,0.006940874035989718
2,77,0.06637899375688579,-0.04548904394662749,0.006383890317052271
2,78,0.06613416574856164,-0.045899130860570445,0.007357081650140776
2,79,0.06613416574856164,-0.045899130860570445,0.007357081650140776
2,80,0.06634839025584527,-0.04573387195495164,0.0074427714530542295
2,81,0.06651364916146407,-0.045654302852246295,0.006904149834741094
2,82,0.06651364916146407,-0.04555637164891664,0.007253029746603011
2,83,0.06634839025584527,-0.04555637164891664,0.007253029746603011
2,84,0.06606683804627249,-0.04545844044558697,0.007222426245562493
2,85,0.06642183865834252,-0.04559921655037336,0.007204064144938181
2,86,0.06642183865834252,-0.04559921655037336,0.007204064144938181
2,87,0.06620149345085077,-0.04543395764475456,0.007069408740359898
2,88,0.06628106255355612,-0.04563594075162199,0.0072346676459786995
2,89,0.06628106255355612,-0.04563594075162199,0.0072346676459786995
2,90,0.06642183865834252,-0.045954217162443384,0.007491737054719059
2,91,0.0663851144570939,-0.04574611335536786,0.007136736442649038
2,92,0.0663851144570939,-0.04574611335536786,0.007136736442649038
2,93,0.06632390745501285,-0.04556249234912474,0.007418288652221815
2,94,0.06629942465418044,-0.045666544252662505,0.007308116048475946
2,95,0.06629942465418044,-0.045666544252662505,0.007308116048475946
2,96,0.06625657975272371,-0.04564818215203819,0.007357081650140776
2,97,0.06623209695189129,-0.04553188884808422,0.007675358060962175
2,98,0.06631778675480475,-0.045684906353286814,0.007130615742440935
2,99,0.06631778675480475,-0.045684906353286814,0.007130615742440935
3,0,-0.06480597380340311,-0.07675970130982984,0.038401273105643285
3,1,-0.06480597380340311,-0.07675970130982984,0.038401273105643285
3,2,-0.06481821520381932,-0.0766862529073326,0.03819316929856776
3,3,-0.0649528706083976,-0.07661280450483535,0.038229893499816384
3,4,-0.0649528706083976,-0.07661280450483535,0.038119720896070505
3,5,-0.06481209450361122,-0.0766740115069164,0.038119720896070505
3,6,-0.06508752601297588,-0.0768453911127433,0.038401273105643285
3,7,-0.06472640470069776,-0.07673521850899742,0.03845023870730811
3,8,-0.06472640470069776,-0.07673521850899742,0.03845023870730811
3,9,-0.06500795691027053,-0.0769922879177378,0.038431876606683804
3,10,-0.06505080181172726,-0.07658220100379484,0.038187048598359655
3,11,-0.06505080181172726,-0.07658220100379484,0.038187048598359655
3,12,-0.0649528706083976,-0.07642306279838414,0.0382543763006488
3,13,-0.06473252540090586,-0.0768576325131595,0.03851144570938915
3,14,-0.06473252540090586,-0.0768576325131595,0.03828497980168931
3,15,-0.06473252540090586,-0.07673521850899742,0.03828497980168931
3,16,-0.06488554290610846,-0.0766740115069164,0.03839515240543519
3,17,-0.06498959480964622,-0.07663116660545967,0.03839515240543519
3,18,-0.06498959480964622,-0.07663116660545967,0.03839515240543519
3,19,-0.06507528461255968,-0.0766740115069164,0.0384196352062676
3,20,-0.06503243971110295,-0.07682702901211899,0.03829110050189742
3,21,-0.06503243971110295,-0.07682702901211899,0.03829110050189742
3,22,-0.06497735340923003,-0.07693720161586486,0.03819316929856776
3,23,-0.06477537030236259,-0.0766740115069164,0.03857265271147019
3,24,-0.06477537030236259,-0.0766740115069164,0.03857265271147019
3,25,-0.0651303709144326,-0.07671685640837311,0.03843799730689191
3,26,-0.06504468111151915,-0.07698616721752968,0.038315583302729835
3,27,-0.06504468111151915,-0.07698616721752968,0.038315583302729835
3,28,-0.06472640470069776,-0.07678418411066226,0.03840739380585139
3,29,-0.06520994001713795,-0.07681478761170278,0.038401273105643285
3,30,-0.06490390500673276,-0.0766984943077488,0.038413514506059496
3,31,-0.06490390500673276,-0.0766984943077488,0.038413514506059496
3,32,-0.06497123270902191,-0.07674133920920553,0.03832782470314604
3,33,-0.06476312890194638,-0.07661892520504346,0.03837066960460277
3,34,-0.06476312890194638,-0.07661892520504346,0.03837066960460277
3,35,-0.06497123270902191,-0.07689435671440813,0.03822377279960827
3,36,-0.06491002570694088,-0.07694944301628107,0.0385848941118864
3,37,-0.06491002570694088,-0.07694944301628107,0.0385848941118864
3,38,-0.06477537030236259,-0.07678418411066226,0.03824213490023259
3,39,-0.06503243971110295,-0.07678418411066226,0.038413514506059496
3,40,-0.06503243971110295,-0.07678418411066226,0.038413514506059496
3,41,-0.06497123270902191,-0.07661892520504346,0.038542049210429676
3,42,-0.06516097441547312,-0.0766984943077488,0.038187048598359655
3,43,-0.0647876117027788,-0.07696780511690537,0.0384196352062676
3,44,-0.0647876117027788,-0.07696780511690537,0.0384196352062676
3,45,-0.06483045660423552,-0.07649651120088138,0.03847472150814053
3,46,-0.06477537030236259,-0.07663728730566777,0.03829110050189742
3,47,-0.06477537030236259,-0.07663728730566777,0.03829110050189742
3,48,-0.06492838780756519,-0.07696168441669728,0.03824825560044069
3,49,-0.06497735340923003,-0.07679642551107847,0.03837679030481087
3,50,-0.06497735340923003,-0.07679642551107847,0.03837679030481087
3,51,-0.06488554290610846,-0.0768392704125352,0.03849308360876484
3,52,-0.06525890561880279,-0.07687599461378382,0.038413514506059496
3,53,-0.06525890561880279,-0.07687599461378382,0.038413514506059496
3,54,-0.06462235279716,-0.0766862529073326,0.03839515240543519
3,55,-0.06487942220590034,-0.0766801322071245,0.038529807810013465
3,56,-0.0649345085077733,-0.07674133920920553,0.03829722120210552
3,57,-0.0649345085077733,-0.07674133920920553,0.03829722120210552
3,58,-0.06508140531276778,-0.07712082262210797,0.038156445097319136
3,59,-0.06483045660423552,-0.07673521850899742,0.038560411311053984
3,60,-0.06483045660423552,-0.07673521850899742,0.038560411311053984
3,61,-0.06487942220590034,-0.07683314971232709,0.03827885910148121
3,62,-0.06520381931692985,-0.07675970130982984,0.0385787734116783
3,63,-0.06520381931692985,-0.07675970130982984,0.0385787734116783
3,64,-0.06491002570694088,-0.07660056310441915,0.038168686497735346
3,65,-0.06489166360631657,-0.0766862529073326,0.03821765209940017
3,66,-0.06489166360631657,-0.0766862529073326,0.03821765209940017
3,67,-0.0649528706083976,-0.07675970130982984,0.03827885910148121
3,68,-0.0649528706083976,-0.07674133920920553,0.03856653201126209
3,69,-0.06499571550985432,-0.07664952870608398,0.038401273105643285
3,70,-0.06499571550985432,-0.07664952870608398,0.038401273105643285
3,71,-0.0651120088138083,-0.0768515118129514,0.03857265271147019
3,72,-0.0651181295140164,-0.07674133920920553,0.03834006610356225
3,73,-0.0651181295140164,-0.07674133920920553,0.03834006610356225
3,74,-0.06483045660423552,-0.07662504590525157,0.03849308360876484
3,75,-0.0646345941975762,-0.07662504590525157,0.038389031705227075
3,76,-0.0646345941975762,-0.07662504590525157,0.038389031705227075
3,77,-0.06502019831068674,-0.07645978699963277,0.03813808299669482
3,78,-0.06503856041131105,-0.07665564940629208,0.03820541069898396
3,79,-0.06503856041131105,-0.07665564940629208,0.03820541069898396
3,80,-0.06487330150569225,-0.0771575468233566,0.03827885910148121
3,81,-0.06472640470069776,-0.07670461500795692,0.038266617701065
3,82,-0.06487330150569225,-0.07674745990941365,0.03839515240543519
3,83,-0.06487330150569225,-0.07674745990941365,0.03839515240543519
3,84,-0.064799853103195,-0.07661892520504346,0.0381013587954462
3,85,-0.06475700820173827,-0.07679030481087037,0.038401273105643285
3,86,-0.06475700820173827,-0.07679030481087037,0.038401273105643285
3,87,-0.06498347410943812,-0.07696168441669728,0.03824213490023259
3,88,-0.06489166360631657,-0.07694332231607295,0.038346186803770346
3,89,-0.06489166360631657,-0.07694332231607295,0.038346186803770346
3,90,-0.06475088750153017,-0.07691271881503245,0.03821153139919207
3,91,-0.06488554290610846,-0.07696780511690537,0.03846860080793243
3,92,-0.06488554290610846,-0.07696780511690537,0.03846860080793243
3,93,-0.06498959480964622,-0.07672909780878932,0.03829722120210552
3,94,-0.06485493940506794,-0.07648426980046517,0.03843799730689191
3,95,-0.06467131839882483,-0.0768515118129514,0.03834006610356225
3,96,-0.06467131839882483,-0.0768515118129514,0.03834006610356225
3,97,-0.06490390500673276,-0.07680254621128657,0.03852368710980536
3,98,-0.06475088750153017,-0.07676582201003794,0.03835230750397846
3,99,-0.06475088750153017,-0.07676582201003794,0.03835230750397846
