values,,Magnetometer,Magnetometer,Magnetometer
axis,,x,y,z
Sensor,Sample,,,
0,0,0.024966336148855427,0.03837679030481087,-0.017003305178112375
0,1,0.025205043456971478,0.03849920430897295,-0.016972701677071857
0,2,0.025119353654058024,0.038401273105643285,-0.017309340188517566
0,3,0.025119353654058024,0.03845023870730811,-0.01686864977353409
0,4,0.025119353654058024,0.03845023870730811,-0.01700942587832048
0,5,0.024966336148855427,0.038670583914799855,-0.01700942587832048
0,6,0.025315216060717342,0.03853592851022157,-0.016740115069163914
0,7,0.02518056065613906,0.03836454890439466,-0.016887011874158402
0,8,0.025027543150936464,0.0385910148120945,-0.017566409597257925
0,9,0.024990818949687844,0.038444118007100014,-0.016813563471661158
0,10,0.024941853348023013,0.03855429061084588,-0.01673399436895581
0,11,0.02498469824947974,0.038413514506059496,-0.016678908067082873
0,12,0.025070388052393193,0.03853592851022157,-0.01705839147998531
0,13,0.02513771575468234,0.0385787734116783,-0.01718692618435549
0,14,0.02513771575468234,0.038486962908556736,-0.016580976863753212
0,15,0.024960215448647325,0.038548169910637774,-0.017290978087893254
0,16,0.02495409474843922,0.038444118007100014,-0.016893132574366507
0,17,0.024990818949687844,0.038456359407516225,-0.01678295997062064
0,18,0.025278491859468722,0.03853592851022157,-0.01713796058269066
0,19,0.02522340555759579,0.03847472150814053,-0.017070632880401518
0,20,0.02522340555759579,0.03847472150814053,-0.017021667278736687
0,21,0.02490512914677439,0.03849920430897295,-0.017021667278736687
0,22,0.025156077855306647,0.03855429061084588,-0.017260374586852735
0,23,0.025021422450728366,0.038529807810013465,-0.01666054596645856
0,24,0.0250887501530175,0.0385848941118864,-0.016470804260007348
0,25,0.02513771575468234,0.03827885910148121,-0.016421838658342514
0,26,0.02513159505447423,0.03846248010772432,-0.01721752968539601
0,27,0.02513771575468234,0.03864610111396744,-0.017003305178112375
0,28,0.025162198555514752,0.03821153139919207,-0.016966580976863755
0,29,0.024941853348023013,0.038486962908556736,-0.01723589178602032
0,30,0.02518668135634717,0.03848084220834864,-0.01716856408373118
0,31,0.025149957155098546,0.03839515240543519,-0.016807442771453053
0,32,0.025149957155098546,0.03839515240543519,-0.017419512792263437
0,33,0.02518668135634717,0.038358428204186557,-0.017419512792263437
0,34,0.024935732647814908,0.03860937691271881,-0.0168808911739503
0,35,0.0250887501530175,0.0385787734116783,-0.01678295997062064
0,36,0.02498469824947974,0.03848084220834864,-0.01749296119476068
0,37,0.024996939649895945,0.03869506671563227,-0.01717468478393928
0,38,0.02510099155343371,0.03829110050189742,-0.016954339576447548
0,39,0.02522952625780389,0.03849308360876484,-0.017645978699963275
0,40,0.025070388052393193,0.03851756640959726,-0.01726649528706084
0,41,0.02518668135634717,0.03836454890439466,-0.01700942587832048
0,42,0.025149957155098546,0.03853592851022157,-0.017131839882482555
0,43,0.024899008446566288,0.038560411311053984,-0.016550373362712693
0,44,0.024899008446566288,0.038560411311053984,-0.016550373362712693
0,45,0.0249234912473987,0.03860325621251071,-0.01734606438976619
0,46,0.02505202595176888,0.03855429061084588,-0.017033908679152894
0,47,0.02513771575468234,0.03834006610356225,-0.017450116293303956
0,48,0.025241767658220098,0.038444118007100014,-0.01689925327457461
0,49,0.025021422450728366,0.038529807810013465,-0.017027787978944792
0,50,0.025064267352185088,0.03863998041375934,-0.01718080548414739
0,51,0.025076508752601295,0.038560411311053984,-0.016789080670828745
0,52,0.02510099155343371,0.03838291100501897,-0.016360631656261476
0,53,0.024911249846982494,0.03852368710980536,-0.01718692618435549
0,54,0.024935732647814908,0.038529807810013465,-0.017150201983106867
0,55,0.025064267352185088,0.038529807810013465,-0.01726649528706084
0,56,0.02518668135634717,0.03860937691271881,-0.01689925327457461
0,57,0.025327457461133553,0.038529807810013465,-0.01662382176520994
0,58,0.02518668135634717,0.03856653201126209,-0.016776839270412534
0,59,0.02514383645489044,0.038658342514383645,-0.016905373974782714
0,60,0.025492716366752356,0.0384196352062676,-0.01686252907332599
0,61,0.025058146651976986,0.03822377279960827,-0.016740115069163914
0,62,0.025058146651976986,0.03822377279960827,-0.016740115069163914
0,63,0.024966336148855427,0.03863998041375934,-0.01664218386583425
0,64,0.025162198555514752,0.03873179091688089,-0.017376667890806708
0,65,0.02535806096217407,0.03860937691271881,-0.016666666666666666
0,66,0.025198922756763376,0.038548169910637774,-0.016874770473742196
0,67,0.025162198555514752,0.038456359407516225,-0.016813563471661158
0,68,0.02504590525156078,0.03859713551230261,-0.016997184477904274
0,69,0.02513159505447423,0.03847472150814053,-0.01713796058269066
0,70,0.025064267352185088,0.03832782470314604,-0.016954339576447548
0,71,0.024996939649895945,0.038456359407516225,-0.017021667278736687
0,72,0.025015301750520257,0.03833394540335414,-0.016764597869996328
0,73,0.02514383645489044,0.03864610111396744,-0.017915289509119844
0,74,0.02532133676092545,0.03852368710980536,-0.01647692496021545
0,75,0.025039784551352674,0.03832170400293793,-0.016758477169788226
0,76,0.025119353654058024,0.03849920430897295,-0.01680132207124495
0,77,0.02498469824947974,0.03827885910148121,-0.01726649528706084
0,78,0.024996939649895945,0.03851756640959726,-0.016813563471661158
0,79,0.02513159505447423,0.038548169910637774,-0.017082874280817725
0,80,0.02513159505447423,0.038548169910637774,-0.017082874280817725
0,81,0.024960215448647325,0.0385910148120945,-0.01683804627249357
0,82,0.024978577549271637,0.038389031705227075,-0.016678908067082873
0,83,0.024990818949687844,0.03851756640959726,-0.017064512180193413
0,84,0.025009181050312156,0.038389031705227075,-0.017321581588933772
0,85,0.025033663851144573,0.03847472150814053,-0.01708899498102583
0,86,0.024972456849063532,0.038456359407516225,-0.017480719794344474
0,87,0.025198922756763376,0.038431876606683804,-0.017033908679152894
0,88,0.02510099155343371,0.03830946260252173,-0.016935977475823233
0,89,0.025027543150936464,0.03851756640959726,-0.016795201371036846
0,90,0.025315216060717342,0.03856653201126209,-0.016789080670828745
0,91,0.02510099155343371,0.03857265271147019,-0.01668502876729098
0,92,0.02510099155343371,0.03857265271147019,-0.01668502876729098
0,93,0.024960215448647325,0.03836454890439466,-0.01647692496021545
0,94,0.025247888358428207,0.03829722120210552,-0.016850287672909782
0,95,0.025205043456971478,0.038431876606683804,-0.01710735708165014
0,96,0.02481943934386094,0.038529807810013465,-0.016948218876239443
0,97,0.025076508752601295,0.038542049210429676,-0.016844166972701677
0,98,0.024978577549271637,0.038676704615007954,-0.017388909291222915
0,99,0.02504590525156078,0.038431876606683804,-0.016923736075407026
1,0,-0.03646713183988248,0.08624678663239074,0.024776594442404213
1,1,-0.03644264903905007,0.08635695923613661,0.02478883584282042
1,2,-0.03655894234300404,0.08639368343738524,0.024709266740115067
1,3,-0.03639980413759334,0.08639368343738524,0.024672542538866447
1,4,-0.036393683437385235,0.08608152772677194,0.025027543150936464
1,5,-0.03650997674133921,0.08611213122781246,0.024635818337617823
1,6,-0.036093769127188154,0.08611825192802056,0.025064267352185088
1,7,-0.03643040763863386,0.08641204553800955,0.024635818337617823
1,8,-0.0363324764353042,0.08616109682947728,0.02435426612804505
1,9,-0.03621618313135023,0.08595299302240175,0.02483780144448525
1,10,-0.036412045538009544,0.08609376912718815,0.024427714530542294
1,11,-0.03638756273717713,0.08630799363447178,0.02474599094136369
1,12,-0.0363324764353042,0.08643040763863385,0.0244399559309585
1,13,-0.03620394173093402,0.08581833761782348,0.02518668135634717
1,14,-0.036681356347166114,0.08598359652344228,0.024856163545109562
1,15,-0.03643040763863386,0.08638756273717714,0.024378748928877463
1,16,-0.0363324764353042,0.08622230383155834,0.024935732647814908
1,17,-0.036008079324274696,0.08611213122781246,0.024996939649895945
1,18,-0.03634471783572041,0.08611825192802056,0.02456236993512058
1,19,-0.036136614028644876,0.08619782103072592,0.024733749540947484
1,20,-0.036136614028644876,0.08619782103072592,0.024733749540947484
1,21,-0.0363385971355123,0.08639368343738524,0.02486840494552577
1,22,-0.03619782103072591,0.08620394173093401,0.024482800832415226
1,23,-0.036320235034887995,0.08623454523197453,0.02472762884073938
1,24,-0.03643040763863386,0.08624066593218263,0.02461745623699351
1,25,-0.03643040763863386,0.08629575223405558,0.02440323172970988
1,26,-0.03644264903905007,0.08628963153384747,0.024941853348023013
1,27,-0.03621006243114212,0.08628351083363936,0.024507283633247643
1,28,-0.03624678663239074,0.08592238952136125,0.024703146039906965
1,29,-0.036424286938425754,0.0861672175296854,0.024586852735952992
1,30,-0.03635695923613662,0.08617945893010161,0.024537887134288165
1,31,-0.03646101113967438,0.08633859713551231,0.02488676704615008
1,32,-0.03634471783572041,0.08621006243114213,0.024635818337617823
1,33,-0.03638144203696903,0.08617945893010161,0.025064267352185088
1,34,-0.03638144203696903,0.08617945893010161,0.02451952503366385
1,35,-0.03662627004529318,0.08629575223405558,0.02451952503366385
1,36,-0.03652221814175542,0.08642428693842576,0.02442159383033419
1,37,-0.036265148733015055,0.08606316562614763,0.024654180438242135
1,38,-0.03639980413759334,0.08596523442281798,0.024794956543028525
1,39,-0.03646101113967438,0.08597747582323417,0.02509487085322561
1,40,-0.03644876973925817,0.08624066593218263,0.024776594442404213
1,41,-0.03639980413759334,0.08609988982739626,0.02469090463949076
1,42,-0.036534459542171625,0.08627739013343126,0.02562737177133064
1,43,-0.03629575223405558,0.08597135512302607,0.02505202595176888
1,44,-0.03648549394050679,0.08598971722365038,0.025241767658220098
1,45,-0.03627126943322316,0.08623454523197453,0.025156077855306647
1,46,-0.03660178724446077,0.08630799363447178,0.025296853960093034
1,47,-0.03638144203696903,0.08639980413759334,0.024776594442404213
1,48,-0.036277390133431266,0.08611825192802056,0.02537030236259028
1,49,-0.03657730444362835,0.08643652833884197,0.025247888358428207
1,50,-0.03622842453176643,0.08625290733259885,0.0254009058636308
1,51,-0.03647325254009058,0.08614273472885298,0.024856163545109562
1,52,-0.03647325254009058,0.08614273472885298,0.024856163545109562
1,53,-0.0363385971355123,0.08637532133676093,0.025596768270290123
1,54,-0.03635695923613662,0.0860019586240666,0.025425388664463217
1,55,-0.03636307993634472,0.08606928632635573,0.02574366507528461
1,56,-0.036277390133431266,0.08621618313135022,0.02527237115926062
1,57,-0.036436528338841964,0.08613049332843678,0.02522340555759579
1,58,-0.03648549394050679,0.08610601052760436,0.024960215448647325
1,59,-0.03660178724446077,0.08617333822989351,0.025664095972579265
1,60,-0.03648549394050679,0.08655894234300404,0.0249173705471906
1,61,-0.036265148733015055,0.08625902803280695,0.025333578161341658
1,62,-0.03625902803280696,0.08628963153384747,0.025302974660301136
1,63,-0.03628963153384747,0.08635083853592851,0.025217284857387685
1,64,-0.036497735340923,0.08622230383155834,0.024476680132207124
1,65,-0.03623454523197454,0.08652221814175541,0.025217284857387685
1,66,-0.03630187293426368,0.08607540702656384,0.024507283633247643
1,67,-0.03628963153384747,0.08653445954217162,0.025198922756763376
1,68,-0.036393683437385235,0.08651609744154731,0.02513159505447423
1,69,-0.036436528338841964,0.08628351083363936,0.025260129758844414
1,70,-0.03628963153384747,0.08617945893010161,0.025021422450728366
1,71,-0.03622842453176643,0.0863324764353042,0.025443750765087526
1,72,-0.03650997674133921,0.08611825192802056,0.024684783939282653
1,73,-0.036277390133431266,0.086497735340923,0.024715387440323172
1,74,-0.03643040763863386,0.08610601052760436,0.025082629452809403
1,75,-0.03636920063655282,0.08622842453176643,0.02541314726404701
1,76,-0.03645489043946627,0.08628351083363936,0.025633492471538743
1,77,-0.03619782103072591,0.08643040763863385,0.024782715142612315
1,78,-0.03619782103072591,0.08643040763863385,0.02634961439588689
1,79,-0.03646101113967438,0.08634471783572041,0.025541681968417183
1,80,-0.03616109682947729,0.08644264903905007,0.02536418166238218
1,81,-0.03629575223405558,0.0861855796303097,0.025315216060717342
1,82,-0.03650385604113111,0.08622842453176643,0.025217284857387685
1,83,-0.03651609744154731,0.08630799363447178,0.025076508752601295
1,84,-0.03634471783572041,0.08636307993634472,0.024513404333455745
1,85,-0.03635695923613662,0.08581833761782348,0.025064267352185088
1,86,-0.03624678663239074,0.08615497612926919,0.025205043456971478
1,87,-0.036191700330517815,0.08602644142489901,0.025394785163422695
1,88,-0.03651609744154731,0.08592238952136125,0.025064267352185088
1,89,-0.03625290733259885,0.08643652833884197,0.025119353654058024
1,90,-0.03657118374342025,0.08613049332843678,0.02518056065613906
1,91,-0.036546700942587836,0.08604480352552332,0.025296853960093034
1,92,-0.036546700942587836,0.08622842453176643,0.025296853960093034
1,93,-0.03634471783572041,0.08622842453176643,0.025021422450728366
1,94,-0.03634471783572041,0.086497735340923,0.026588321704002937
1,95,-0.03637532133676093,0.08635695923613661,0.02522340555759579
1,96,-0.03661402864487697,0.08628963153384747,0.02456236993512058
1,97,-0.036277390133431266,0.08614273472885298,0.02466642183865834
1,98,-0.03652833884196352,0.08617333822989351,0.02529073325988493
1,99,-0.036620149345085076,0.08636920063655282,0.025351940261965966
2,0,0.09650508018117274,-0.0326355735096095,0.03779532378504101
2,1,0.09608887256702167,-0.03297833272126331,0.038676704615007954
2,2,0.09632757987513771,-0.033174195127922634,0.03863385971355123
2,3,0.09619292447055942,-0.03303953972334435,0.03860325621251071
2,4,0.09624189007222426,-0.03292324641939038,0.03860937691271881
2,5,0.09634594197576203,-0.03270902191210674,0.03855429061084588
2,6,0.09620516587097563,-0.03259272860815277,0.037519892275676335
2,7,0.09617456236993513,-0.03305790182396866,0.03711592606194149
2,8,0.0961439588688946,-0.03312522952625781,0.037801444485249115
2,9,0.09597869996327581,-0.03313747092667401,0.038444118007100014
2,10,0.09597869996327581,-0.032886522218141756,0.03885420492104297
2,11,0.0961378381686865,-0.032886522218141756,0.03885420492104297
2,12,0.09604602766556494,-0.03307014322438487,0.03851756640959726
2,13,0.09591137226098666,-0.03293548781980658,0.038774635818337615
2,14,0.09602766556494063,-0.032917125719182275,0.03863385971355123
2,15,0.09619292447055942,-0.033045660423552455,0.0387501530175052
2,16,0.09576447545599218,-0.03293548781980658,0.03740971967193047
2,17,0.09594197576202718,-0.03292324641939038,0.03852368710980536
2,18,0.09632757987513771,-0.03283755661647693,0.03783204798628963
2,19,0.09594197576202718,-0.03281307381564451,0.03866446321459175
2,20,0.09602766556494063,-0.0329538499204309,0.03882360142000245
2,21,0.09621128657118375,-0.03292324641939038,0.03863998041375934
2,22,0.09615007956910271,-0.03305790182396866,0.03777084098420859
2,23,0.09611335536785408,-0.03302117762272004,0.03871342881625658
2,24,0.09602154486473252,-0.033186436528338845,0.03869506671563227
2,25,0.09621740727139186,-0.03305178112376056,0.038431876606683804
2,26,0.09651732158158893,-0.033186436528338845,0.03741584037213857
2,27,0.09641939037825928,-0.033015056922511936,0.03870730811604848
2,28,0.09641939037825928,-0.033015056922511936,0.03870730811604848
2,29,0.09612559676827029,-0.03288040151793365,0.03852368710980536
2,30,0.09618068307014323,-0.03313747092667401,0.03864610111396744
2,31,0.09637042477659444,-0.033119108826049695,0.0381013587954462
2,32,0.0959664585628596,-0.032874280817725546,0.03717101236381442
2,33,0.09628473497368098,-0.03272126331252295,0.03767903048108704
2,34,0.09604602766556494,-0.0331129881258416,0.038627739013343126
2,35,0.09605214836577305,-0.03307626392459297,0.038768515118129517
2,36,0.09633370057534582,-0.033272126331252296,0.03763618557963031
2,37,0.0961439588688946,-0.03319255722854695,0.03862161831313502
2,38,0.09633982127555393,-0.03282531521606072,0.038756273717713306
2,39,0.09623576937201615,-0.032800832415228305,0.03865222181417554
2,40,0.09638878687721876,-0.03307626392459297,0.03777084098420859
2,41,0.09638878687721876,-0.03300281552209573,0.038768515118129517
2,42,0.09624801077243236,-0.03300281552209573,0.038768515118129517
2,43,0.09615007956910271,-0.032788591014812095,0.03846860080793243
2,44,0.09619292447055942,-0.03273962541314727,0.03701187415840372
2,45,0.09620516587097563,-0.033033419023136244,0.03755049577671686
2,46,0.09609499326722977,-0.03315583302729832,0.03786877218753825
2,47,0.09626637287305669,-0.03298445342147142,0.03848084220834864
2,48,0.0961623209695189,-0.03283143591626882,0.03675480474966336
2,49,0.09604602766556494,-0.03297221202105521,0.03808299669482189
2,50,0.09611947606806218,-0.03303953972334435,0.03855429061084588
2,51,0.09623576937201615,-0.03302117762272004,0.037146529562982006
2,52,0.09646223527971601,-0.032819194515852614,0.03864610111396744
2,53,0.09606438976618925,-0.03281307381564451,0.03889092912229159
2,54,0.09608275186681356,-0.03308850532500918,0.03676704615007957
2,55,0.09621740727139186,-0.033015056922511936,0.03851144570938915
2,56,0.09607051046639735,-0.03306402252417677,0.0387440323172971
2,57,0.0961317174684784,-0.03309462602521728,0.03783816868649774
2,58,0.09632757987513771,-0.032715142612314854,0.038817480719794344
2,59,0.09625413147264048,-0.03296609132084711,0.03846248010772432
2,60,0.09619292447055942,-0.03329660913208471,0.03855429061084588
2,61,0.09628473497368098,-0.03299057412167952,0.03856653201126209
2,62,0.09628473497368098,-0.031423674868404944,0.03834006610356225
2,63,0.09617456236993513,-0.03281307381564451,0.03834006610356225
2,64,0.09624189007222426,-0.032904884318766064,0.03759946137838169
2,65,0.09634594197576203,-0.03282531521606072,0.038627739013343126
2,66,0.0963030970743053,-0.03293548781980658,0.03788101358795446
2,67,0.09634594197576203,-0.032959970620639004,0.03852368710980536
2,68,0.09627861427347288,-0.03284367731668503,0.03845023870730811
2,69,0.0961623209695189,-0.03314971232709022,0.0385910148120945
2,70,0.09635206267597013,-0.03285591871710124,0.037905496388786875
2,71,0.09615620026931081,-0.03276410821397968,0.03856653201126209
2,72,0.09646223527971601,-0.03308850532500918,0.0376239441792141
2,73,0.09603990696535683,-0.03283143591626882,0.038658342514383645
2,74,0.09611335536785408,-0.03283755661647693,0.03855429061084588
2,75,0.09628473497368098,-0.032788591014812095,0.03765454768025462
2,76,0.0963030970743053,-0.032886522218141756,0.03837679030481087
2,77,0.09606438976618925,-0.03285591871710124,0.03853592851022157
2,78,0.09615007956910271,-0.03284367731668503,0.038486962908556736
2,79,0.09624189007222426,-0.03286203941730934,0.038774635818337615
2,80,0.0961439588688946,-0.03300281552209573,0.0377769616844167
2,81,0.09616844166972702,-0.03292936711959848,0.03752601297588444
2,82,0.09592973436161097,-0.03283143591626882,0.038542049210429676
2,83,0.09592973436161097,-0.03283143591626882,0.038542049210429676
2,84,0.09602766556494063,-0.03305790182396866,0.038486962908556736
2,85,0.09615007956910271,-0.032702901211898644,0.03837066960460277
2,86,0.09607663116660546,-0.03292936711959848,0.03856653201126209
2,87,0.09629085567388909,-0.03305790182396866,0.038162565797527234
2,88,0.09633370057534582,-0.03268453911127433,0.038658342514383645
2,89,0.09615007956910271,-0.0326355735096095,0.03864610111396744
2,90,0.09616844166972702,-0.03294772922022279,0.0387501530175052
2,91,0.09634594197576203,-0.032941608520014695,0.03876239441792141
2,92,0.09580732035744889,-0.03297833272126331,0.03855429061084588
2,93,0.09595421716244337,-0.03314971232709022,0.038688946015424164
2,94,0.09616844166972702,-0.033131350226465905,0.038542049210429676
2,95,0.09638266617701065,-0.03284367731668503,0.03863998041375934
2,96,0.09637042477659444,-0.03292936711959848,0.03860325621251071
2,97,0.09631533847472151,-0.03303953972334435,0.038168686497735346
2,98,0.0961623209695189,-0.03302117762272004,0.03864610111396744
2,99,0.09619292447055942,-0.03321704002937936,0.038615497612926916
3,0,-0.09720284000489657,-0.060172603745868525,0.09987146529562982
3,1,-0.09676214958991308,-0.060227690047741464,0.09960215448647325
3,2,-0.09739258171134778,-0.06014812094503611,0.10013465540457829
3,3,-0.0958256824580732,-0.060184845146284735,0.09997551719916759
3,4,-0.0970804260007345,-0.06023381074794957,0.09976129269188395
3,5,-0.09719059860448034,-0.06023381074794957,0.09996939649895949
3,6,-0.09720284000489657,-0.060227690047741464,0.09996939649895949
3,7,-0.09719059860448034,-0.06055208715877096,0.0998347410943812
3,8,-0.09715387440323173,-0.060031827641082135,0.10013465540457829
3,9,-0.09723344350593707,-0.060209327947117156,0.1
3,10,-0.0972579263067695,-0.06040519035377647,0.0998347410943812
3,11,-0.09701309829844534,-0.06023381074794957,0.09988982739625413
3,12,-0.0974109438119721,-0.06017872444607662,0.09956543028522463
3,13,-0.0972762884073938,-0.06008691394295508,0.09977965479250826
3,14,-0.09731913330885053,-0.06039294895336026,0.09973680989105153
3,15,-0.09730077120822622,-0.060172603745868525,0.09976741339209205
3,16,-0.09734361610968295,-0.06022156934753335,0.09977965479250826
3,17,-0.09739258171134778,-0.060282776349614396,0.09984698249479741
3,18,-0.0972456849063533,-0.060068551842330765,0.09971232709021913
3,19,-0.09723344350593707,-0.06030725915044681,0.10002448280083243
3,20,-0.09719059860448034,-0.06049088015668993,0.09976741339209205
3,21,-0.09723344350593707,-0.0602766556494063,0.09995103439833516
3,22,-0.09735585751009915,-0.06003794834129025,0.09989594809646224
3,23,-0.09735585751009915,-0.06003794834129025,0.09968172358917861
3,24,-0.0972518056065614,-0.060252172848573884,0.09968172358917861
3,25,-0.09713551230260742,-0.06033786265148733,0.09978577549271636
3,26,-0.09703146039906965,-0.06019096584649284,0.09998775859958378
3,27,-0.09707430530052638,-0.06036234545231974,0.09993267229771086
3,28,-0.09720896070510467,-0.06038070755294406,0.09987146529562982
3,29,-0.09737421961072347,-0.060111396743787494,0.09974905129146774
3,30,-0.0972701677071857,-0.06040519035377647,0.09982249969396499
3,31,-0.09733137470926674,-0.0602888970498225,0.10003672420124862
3,32,-0.09703146039906965,-0.06022156934753335,0.09991431019708655
3,33,-0.09704370179948586,-0.06038070755294406,0.0998408617945893
3,34,-0.09723956420614518,-0.060356224752111644,0.10011017260374586
3,35,-0.09730077120822622,-0.06011751744399559,0.1000122414004162
3,36,-0.0974109438119721,-0.06016648304566043,0.09974293059125963
3,37,-0.0974109438119721,-0.060252172848573884,0.09988982739625413
3,38,-0.09723956420614518,-0.060252172848573884,0.09988982739625413
3,39,-0.09715999510343984,-0.060184845146284735,0.09981637899375688
3,40,-0.09736197821030726,-0.0602950177500306,0.09981637899375688
3,41,-0.09732525400905864,-0.060215448647325254,0.10003060350104051
3,42,-0.0974109438119721,-0.0602766556494063,0.09993879299791895
3,43,-0.09723344350593707,-0.06023381074794957,0.09988982739625413
3,44,-0.09723956420614518,-0.060227690047741464,0.09990818949687844
3,45,-0.09714775370302361,-0.06016036234545232,0.09980413759334068
3,46,-0.09719671930468846,-0.06033786265148733,0.1
3,47,-0.09717223650385605,-0.06035010405190354,0.09977965479250826
3,48,-0.09687844289386706,-0.0602950177500306,0.09995103439833516
3,49,-0.09735585751009915,-0.060142000244828006,0.09978577549271636
3,50,-0.097111029501775,-0.060209327947117156,0.09992043089729466
3,51,-0.09748439221446933,-0.06022156934753335,0.09971844779042723
3,52,-0.09717223650385605,-0.06017872444607662,0.09985922389521361
3,53,-0.09733749540947484,-0.060313379850654915,0.09985310319500551
3,54,-0.09743542661280451,-0.06033174195127923,0.09995103439833516
3,55,-0.09734361610968295,-0.06033786265148733,0.10002448280083243
3,56,-0.09736809891051537,-0.060215448647325254,0.10005508630187294
3,57,-0.0972579263067695,-0.06022156934753335,0.1000122414004162
3,58,-0.0972579263067695,-0.06047251805606561,0.09998775859958378
3,59,-0.09732525400905864,-0.06047251805606561,0.09974293059125963
3,60,-0.09737421961072347,-0.060325621251071125,0.09974293059125963
3,61,-0.09757008201738279,-0.06034398335169543,0.0998347410943812
3,62,-0.09730689190843432,-0.0602888970498225,0.10001836210062431
3,63,-0.0972456849063533,-0.06025829354878198,0.09995715509854328
3,64,-0.09723956420614518,-0.060215448647325254,0.09989594809646224
3,65,-0.09731301260864242,-0.060325621251071125,0.09996939649895949
3,66,-0.09720896070510467,-0.060215448647325254,0.09977965479250826
3,67,-0.09722120210552088,-0.060129758844411796,0.09995103439833516
3,68,-0.09712327090219121,-0.06001958624066593,0.09995103439833516
3,69,-0.09728852980781001,-0.0602888970498225,0.09989594809646224
3,70,-0.09722120210552088,-0.06040519035377647,0.09985922389521361
3,71,-0.09711715020198311,-0.06017872444607662,0.0996756028889705
3,72,-0.09708654670094259,-0.060386828253152156,0.0998347410943812
3,73,-0.09732525400905864,-0.06037458685273596,0.09995715509854328
3,74,-0.09717223650385605,-0.060386828253152156,0.09987146529562982
3,75,-0.09738646101113967,-0.06031950055086301,0.09973068919084344
3,76,-0.09714163300281552,-0.060313379850654915,0.09980413759334068
3,77,-0.09751499571550985,-0.06006243114212266,0.09976129269188395
3,78,-0.09720896070510467,-0.060209327947117156,0.09974905129146774
3,79,-0.097111029501775,-0.06019096584649284,0.09965112008813808
3,80,-0.09730689190843432,-0.06022156934753335,0.09982249969396499
3,81,-0.09730689190843432,-0.06022156934753335,0.09979801689313259
3,82,-0.09730689190843432,-0.0602766556494063,0.09979801689313259
3,83,-0.09704370179948586,-0.05994613783816869,0.09995715509854328
3,84,-0.09734973680989105,-0.06033786265148733,0.09978577549271636
3,85,-0.09731913330885053,-0.060129758844411796,0.0998653445954217
3,86,-0.09726404700697759,-0.060142000244828006,0.10008568980291346
3,87,-0.09720896070510467,-0.06053372505814665,0.09973680989105153
3,88,-0.0972701677071857,-0.06019708654670094,0.09979189619292447
3,89,-0.0972701677071857,-0.06030113845023871,0.10003060350104051
3,90,-0.09709266740115069,-0.06001346554045783,0.0996756028889705
3,91,-0.09709266740115069,-0.060411311053984576,0.09970620639001102
3,92,-0.09748439221446933,-0.06011751744399559,0.09984698249479741
3,93,-0.09700697759823725,-0.060270534949198186,0.10000612070020812
3,94,-0.09717223650385605,-0.060227690047741464,0.09991431019708655
3,95,-0.09699473619782104,-0.05992165503733628,0.09989594809646224
3,96,-0.09732525400905864,-0.060129758844411796,0.09978577549271636
3,97,-0.09744766801322072,-0.060129758844411796,0.10016525890561881
3,98,-0.09715999510343984,-0.060325621251071125,0.10004896560166483
3,99,-0.09715999510343984,-0.060325621251071125,0.09981637899375688
