values,,Magnetometer,Magnetometer,Magnetometer
axis,,x,y,z
Sensor,Sample,,,
0,0,0.04176765822010038,0.043958868894601544,-0.008526135389888603
0,1,0.04160852001468968,0.04387929979189619,-0.008972946505080182
0,2,0.04160852001468968,0.04387929979189619,-0.008972946505080182
0,3,0.041877830823846246,0.04378136858856653,-0.008581221691761537
0,4,0.041681968417186924,0.043701799485861184,-0.009150446811115192
0,5,0.041681968417186924,0.043701799485861184,-0.009150446811115192
0,6,0.04157179581344106,0.04376912718815033,-0.008666911494674991
0,7,0.04176765822010038,0.04397723099522585,-0.008611825192802057
0,8,0.04176765822010038,0.04397723099522585,-0.008611825192802057
0,9,0.04159627861427347,0.04387929979189619,-0.008850532500918105
0,10,0.04164524421593831,0.04376912718815033,-0.009199412412780023
0,11,0.04164524421593831,0.04376912718815033,-0.009199412412780023
0,12,0.04171869261843555,0.04379360998898274,-0.008538376790304811
0,13,0.041663606316562615,0.04403231729709879,-0.008813808299669481
0,14,0.041804382421349,0.04414861060105276,-0.008887256702166727
0,15,0.041804382421349,0.04414861060105276,-0.008887256702166727
0,16,0.04187171012363815,0.04392214469335292,-0.008556738890929122
0,17,0.041865589423430036,0.04374464438731791,-0.008636307993634473
0,18,0.041865589423430036,0.04374464438731791,-0.008636307993634473
0,19,0.04170033051781123,0.043958868894601544,-0.008721997796547925
0,20,0.04171869261843555,0.0437324029869017,-0.008513893989472396
0,21,0.04171869261843555,0.0437324029869017,-0.008513893989472396
0,22,0.04168808911739503,0.04378136858856653,-0.008679152895091198
0,23,0.04176765822010038,0.04399559309585017,-0.008819928999877585
0,24,0.04176765822010038,0.04399559309585017,-0.008819928999877585
0,25,0.041975762027175914,0.04380585138939895,-0.008611825192802057
0,26,0.04161464071489778,0.04397723099522585,-0.00823234177989962
0,27,0.04161464071489778,0.04397723099522585,-0.00823234177989962
0,28,0.04181662382176521,0.04403843799730689,-0.008611825192802057
0,29,0.041706451218019344,0.043897661892520506,-0.00858734239196964
0,30,0.041706451218019344,0.043897661892520506,-0.00858734239196964
0,31,0.04166972701677072,0.04386093769127188,-0.008917860203207246
0,32,0.04174929611947607,0.043928265393561025,-0.008636307993634473
0,33,0.04174929611947607,0.043928265393561025,-0.008636307993634473
0,34,0.041681968417186924,0.043830334190231364,-0.008599583792385849
0,35,0.04181050312155711,0.04393438609376913,-0.008409842085934632
0,36,0.04184110662259762,0.04385481699106378,-0.008844411800710002
0,37,0.04184110662259762,0.04385481699106378,-0.008844411800710002
0,38,0.04167584771697882,0.043885420492104296,-0.008575100991553434
0,39,0.04162688211531399,0.04369567878565308,-0.008807687599461378
0,40,0.04162688211531399,0.04369567878565308,-0.008807687599461378
0,41,0.04166972701677072,0.04374464438731791,-0.008158893377402375
0,42,0.04185334802301383,0.04387929979189619,-0.008740359897172237
0,43,0.04185334802301383,0.04387929979189619,-0.008740359897172237
0,44,0.04194515852613539,0.044001713796058266,-0.009315705716733996
0,45,0.041822744521973314,0.04366507528461256,-0.008685273595299301
0,46,0.041822744521973314,0.04366507528461256,-0.008685273595299301
0,47,0.04174317541926796,0.043958868894601544,-0.008666911494674991
0,48,0.04158403721385727,0.04383645489043946,-0.008801566899253275
0,49,0.04158403721385727,0.04383645489043946,-0.008801566899253275
0,50,0.041706451218019344,0.04390990329293672,-0.008483290488431878
0,51,0.041779899620516585,0.044001713796058266,-0.00858734239196964
0,52,0.041779899620516585,0.044001713796058266,-0.00858734239196964
0,53,0.04160852001468968,0.04395274819439344,-0.008379238584894113
0,54,0.04168808911739503,0.04375076508752601,-0.008740359897172237
0,55,0.04168808911739503,0.04375076508752601,-0.008740359897172237
0,56,0.04167584771697882,0.04402007589668258,-0.008783204798628963
0,57,0.04173093401885176,0.04376912718815033,-0.008905618802791039
0,58,0.04173093401885176,0.0437385236871098,-0.00895458440445587
0,59,0.041804382421349,0.0437385236871098,-0.00895458440445587
0,60,0.041553433712816744,0.04372016158648549,-0.00905251560778553
0,61,0.04171869261843555,0.043818092789815154,-0.00861794589301016
0,62,0.04171869261843555,0.043818092789815154,-0.00861794589301016
0,63,0.041663606316562615,0.04392214469335292,-0.008373117884686008
0,64,0.04173705471905986,0.043830334190231364,-0.008464928387807564
0,65,0.04173705471905986,0.043830334190231364,-0.008464928387807564
0,66,0.04158403721385727,0.04402007589668258,-0.008734239196964134
0,67,0.041822744521973314,0.043916023993144815,-0.008979067205288285
0,68,0.041822744521973314,0.043916023993144815,-0.008979067205288285
0,69,0.04152895091198433,0.0440506793977231,-0.008850532500918105
0,70,0.04189619292447056,0.043756885787734116,-0.009199412412780023
0,71,0.04189619292447056,0.043756885787734116,-0.009199412412780023
0,72,0.041804382421349,0.04374464438731791,-0.00887501530175052
0,73,0.04173705471905986,0.04411800710001224,-0.008409842085934632
0,74,0.04173705471905986,0.04411800710001224,-0.008409842085934632
0,75,0.04172481331864365,0.04403231729709879,-0.008513893989472396
0,76,0.04170033051781123,0.04372016158648549,-0.008513893989472396
0,77,0.04170033051781123,0.04372016158648549,-0.008513893989472396
0,78,0.04140041620761415,0.04394050679397723,-0.008728118496756029
0,79,0.04161464071489778,0.04359774758232342,-0.00839147998531032
0,80,0.04161464071489778,0.043958868894601544,-0.008844411800710002
0,81,0.04161464071489778,0.043958868894601544,-0.008844411800710002
0,82,0.04177377892030849,0.04375076508752601,-0.00874648059738034
0,83,0.041804382421349,0.04406904149834741,-0.009058636307993634
0,84,0.041804382421349,0.04406904149834741,-0.009058636307993634
0,85,0.041706451218019344,0.04402619659689068,-0.008758721997796547
0,86,0.04168808911739503,0.04370792018606929,-0.008770963398212756
0,87,0.04168808911739503,0.04370792018606929,-0.008770963398212756
0,88,0.04173705471905986,0.043946627494185334,-0.0085200146896805
0,89,0.041706451218019344,0.04386705839147999,-0.008881136001958624
0,90,0.041706451218019344,0.04386705839147999,-0.008881136001958624
0,91,0.041975762027175914,0.0442159383033419,-0.00833027298322928
0,92,0.04184110662259762,0.04383645489043946,-0.008630187293426368
0,93,0.04184110662259762,0.04383645489043946,-0.008630187293426368
0,94,0.04160239931448158,0.04384869629085568,-0.008660790794466886
0,95,0.0419573999265516,0.04402007589668258,-0.008734239196964134
0,96,0.0419573999265516,0.04402007589668258,-0.008734239196964134
0,97,0.041761537519892276,0.04369567878565308,-0.009217774513404334
0,98,0.04166972701677072,0.04371404088627739,-0.008513893989472396
0,99,0.04166972701677072,0.04371404088627739,-0.008513893989472396
1,0,-0.055239319378136864,0.10164646835597993,0.04658464928387808
1,1,-0.055239319378136864,0.10164646835597993,0.04658464928387808
1,2,-0.05516587097563961,0.10161586485493941,0.046621373485126696
1,3,-0.055239319378136864,0.10157914065369078,0.046933529195739995
1,4,-0.055239319378136864,0.10157914065369078,0.046933529195739995
1,5,-0.055098543273350474,0.10198922756763373,0.04652956298200514
1,6,-0.05520259517688823,0.10171379605826907,0.04660913208471049
1,7,-0.05517199167584772,0.10194638266617702,0.047306891908434325
1,8,-0.05517199167584772,0.10194638266617702,0.047306891908434325
1,9,-0.055196474476680135,0.10186681356347167,0.046933529195739995
1,10,-0.05520871587709634,0.10173827885910147,0.04674378748928877
1,11,-0.05520871587709634,0.10173827885910147,0.04674378748928877
1,12,-0.05531276778063411,0.10154853715265026,0.04667033908679153
1,13,-0.055184233076263925,0.10171379605826907,0.04643163177867548
1,14,-0.055184233076263925,0.10171379605826907,0.04643163177867548
1,15,-0.05497000856898029,0.10182396866201493,0.047006977598237236
1,16,-0.05525156077855307,0.10165258905618804,0.046664218386583425
1,17,-0.05525156077855307,0.10165258905618804,0.046664218386583425
1,18,-0.05527604357938548,0.10157914065369078,0.04624801077243237
1,19,-0.05506793977230995,0.10189129636430408,0.04698861549761293
1,20,-0.05506793977230995,0.1016219855551475,0.04673766678908067
1,21,-0.05506793977230995,0.1016219855551475,0.04673766678908067
1,22,-0.05512302607418289,0.10174439955930958,0.04703758109927776
1,23,-0.05484759456481821,0.10173827885910147,0.046125596768270286
1,24,-0.05484759456481821,0.10173827885910147,0.046125596768270286
1,25,-0.05512302607418289,0.10154853715265026,0.04635818337617824
1,26,-0.055294405680009796,0.10165258905618804,0.04638266617701065
1,27,-0.055294405680009796,0.10165258905618804,0.04638266617701065
1,28,-0.05523319867792875,0.10137103684661526,0.04645611457950789
1,29,-0.055043456971477535,0.10167095115681235,0.046021544864732526
1,30,-0.055043456971477535,0.10167095115681235,0.046021544864732526
1,31,-0.05513526747459909,0.10130370914432611,0.04599094136369201
1,32,-0.055306647080426,0.1014628473497368,0.046554045782837554
1,33,-0.05526992287917738,0.10171991675847718,0.046639735585751005
1,34,-0.05526992287917738,0.10171991675847718,0.046639735585751005
1,35,-0.05511078467376668,0.10181784796180685,0.04689680499449137
1,36,-0.05503121557106133,0.1017750030603501,0.0467743909903293
1,37,-0.05503121557106133,0.1017750030603501,0.0467743909903293
1,38,-0.05533112988125841,0.1016097441547313,0.04658464928387808
1,39,-0.05512914677439099,0.10170155465785287,0.046137838168686496
1,40,-0.05512914677439099,0.10170155465785287,0.046137838168686496
1,41,-0.05528828497980169,0.10152405435181784,0.04674378748928877
1,42,-0.05497612926918839,0.10179948586118252,0.04604602766556494
1,43,-0.05497612926918839,0.10179948586118252,0.04604602766556494
1,44,-0.05535561268209083,0.10138327824703146,0.0458195617578651
1,45,-0.05517811237605582,0.10175664095972578,0.0461439588688946
1,46,-0.05511078467376668,0.10195862406659321,0.0459786999632758
1,47,-0.05511078467376668,0.10195862406659321,0.0459786999632758
1,48,-0.05512914677439099,0.10174439955930958,0.04607051046639736
1,49,-0.05527604357938548,0.10171379605826907,0.046309217774513405
1,50,-0.05527604357938548,0.10171379605826907,0.046309217774513405
1,51,-0.0554657852858367,0.10167095115681235,0.04695801199657241
1,52,-0.055043456971477535,0.1016219855551475,0.04688456359407516
1,53,-0.055043456971477535,0.1016219855551475,0.04688456359407516
1,54,-0.0549883706696046,0.10156689925327458,0.04640102827763496
1,55,-0.05522095727751255,0.10170767535806095,0.04691516709511568
1,56,-0.05522095727751255,0.10170767535806095,0.04691516709511568
1,57,-0.055300526380217895,0.10203819316929856,0.046137838168686496
1,58,-0.0554596645856286,0.10183008936222304,0.04665809768637532
1,59,-0.055257681478761166,0.1014628473497368,0.047006977598237236
1,60,-0.055257681478761166,0.1014628473497368,0.047006977598237236
1,61,-0.055055698371893745,0.10157301995348267,0.04617456236993512
1,62,-0.05495164646835597,0.1017872444607663,0.046621373485126696
1,63,-0.05495164646835597,0.1017872444607663,0.046621373485126696
1,64,-0.0554596645856286,0.10167707185702043,0.046309217774513405
1,65,-0.05527604357938548,0.1019280205655527,0.0469396498959481
1,66,-0.05527604357938548,0.1019280205655527,0.0469396498959481
1,67,-0.055116905373974776,0.10150569225119355,0.04659689068429428
1,68,-0.05506793977230995,0.10157301995348267,0.046792753090953605
1,69,-0.05506793977230995,0.10157301995348267,0.046792753090953605
1,70,-0.05522095727751255,0.10163422695556372,0.046866201493450846
1,71,-0.055055698371893745,0.10193414126576081,0.04691516709511568
1,72,-0.055153629575223406,0.10145672664952872,0.0463030970743053
1,73,-0.055153629575223406,0.10145672664952872,0.0463030970743053
1,74,-0.05492104296731546,0.10167095115681235,0.046309217774513405
1,75,-0.05531276778063411,0.10165870975639613,0.046909046394907575
1,76,-0.05531276778063411,0.10165870975639613,0.046909046394907575
1,77,-0.05513526747459909,0.10151181295140163,0.046419390378259276
1,78,-0.055043456971477535,0.10184845146284735,0.046835597992410334
1,79,-0.055043456971477535,0.10184845146284735,0.046835597992410334
1,80,-0.05503733627126943,0.10178112376055821,0.04686008079324275
1,81,-0.05526992287917738,0.10132819194515852,0.04690292569469947
1,82,-0.05526992287917738,0.10132819194515852,0.04690292569469947
1,83,-0.05512914677439099,0.10166483045660424,0.04634594197576203
1,84,-0.05514750887501531,0.10143224384869629,0.046651976986167215
1,85,-0.055086301872934264,0.10147508875015301,0.04675602888970498
1,86,-0.055086301872934264,0.10147508875015301,0.04675602888970498
1,87,-0.055294405680009796,0.1016036234545232,0.04708654670094259
1,88,-0.055453543885420495,0.10207491737054719,0.04647447668013221
1,89,-0.055453543885420495,0.10207491737054719,0.04647447668013221
1,90,-0.05509242257314236,0.10145672664952872,0.046694821887623944
1,91,-0.055098543273350474,0.10179336516097441,0.046792753090953605
1,92,-0.055098543273350474,0.10179336516097441,0.046792753090953605
1,93,-0.05513526747459909,0.10166483045660424,0.04676827029012119
1,94,-0.055306647080426,0.10196474476680133,0.04695801199657241
1,95,-0.055306647080426,0.10196474476680133,0.04695801199657241
1,96,-0.055098543273350474,0.10168931325743664,0.04600930346431632
1,97,-0.055153629575223406,0.10156689925327458,0.04709266740115069
1,98,-0.054945525768147874,0.10174439955930958,0.04709266740115069
1,99,-0.054945525768147874,0.10174439955930958,0.04709266740115069
2,0,0.08336393683437385,-0.042673521850899745,0.022597625168319254
2,1,0.0832660056310442,-0.04261231484881871,0.022597625168319254
2,2,0.0832660056310442,-0.04261231484881871,0.022597625168319254
2,3,0.08323540213000367,-0.04246541804382421,0.022254865956665443
2,4,0.08332721263312523,-0.04254498714652956,0.022518056065613905
2,5,0.08332721263312523,-0.04254498714652956,0.022518056065613905
2,6,0.08355979924103317,-0.042153262333210914,0.022303831558330274
2,7,0.08335169543395764,-0.04258783204798629,0.022738401273105644
2,8,0.08335169543395764,-0.04258783204798629,0.022738401273105644
2,9,0.08341902313624679,-0.04256946994736198,0.022677194271024607
2,10,0.08280695311543641,-0.04263067694944302,0.022340555759578894
2,11,0.08280695311543641,-0.04263067694944302,0.022340555759578894
2,12,0.08309462602521729,-0.042673521850899745,0.02226710735708165
2,13,0.08311298812584159,-0.04241033174195128,0.022689435671440814
2,14,0.08311298812584159,-0.04241033174195128,0.02092055331129881
2,15,0.08312522952625781,-0.042802056555269925,0.02092055331129881
2,16,0.08307626392459297,-0.042404211041743176,0.021410209327947117
2,17,0.0832598849308361,-0.04245929734361611,0.02143469212877953
2,18,0.0832598849308361,-0.04245929734361611,0.02143469212877953
2,19,0.08314971232709022,-0.042691883951524054,0.020896070510466398
2,20,0.08314359162688212,-0.042447055943199904,0.020853225609009672
2,21,0.08314359162688212,-0.042447055943199904,0.020853225609009672
2,22,0.08308238462480108,-0.04241645244215938,0.0226710735708165
2,23,0.08319255722854695,-0.04267964255110785,0.022518056065613905
2,24,0.08319255722854695,-0.04267964255110785,0.022518056065613905
2,25,0.08331497123270902,-0.04247765944424042,0.02239564206145183
2,26,0.08332109193291712,-0.04265515975027544,0.021581588933774022
2,27,0.08332109193291712,-0.04265515975027544,0.021581588933774022
2,28,0.08323540213000367,-0.04274084955318889,0.022646590769984088
2,29,0.08333945403354144,-0.04299791896192924,0.022720039172481332
2,30,0.08318643652833885,-0.04265515975027544,0.022713918472273227
2,31,0.08318643652833885,-0.04265515975027544,0.022713918472273227
2,32,0.08335781613416575,-0.04239809034153507,0.02273228057289754
2,33,0.08337617823479006,-0.04255722854694577,0.02243848696290856
2,34,0.08337617823479006,-0.04255722854694577,0.02243848696290856
2,35,0.0832598849308361,-0.04231852123882972,0.022530297466030115
2,36,0.08313135022646591,-0.042808177255478023,0.022358917860203206
2,37,0.08313135022646591,-0.042808177255478023,0.022358917860203206
2,38,0.08317419512792264,-0.04248990084465663,0.02269555637164892
2,39,0.0832660056310442,-0.042575590647570084,0.022567021667278735
2,40,0.0832660056310442,-0.042575590647570084,0.022567021667278735
2,41,0.08324152283021177,-0.04278369445464561,0.02229771085812217
2,42,0.08323540213000367,-0.042759211653813196,0.02257314236748684
2,43,0.08323540213000367,-0.042759211653813196,0.02257314236748684
2,44,0.08335781613416575,-0.042520504345697145,0.02166115803647937
2,45,0.08322316072958746,-0.04285714285714286,0.02260374586852736
2,46,0.08322928142979556,-0.04258783204798629,0.022328314359162688
2,47,0.08322928142979556,-0.04258783204798629,0.022328314359162688
2,48,0.08329048843187661,-0.04226343493695679,0.022083486350838535
2,49,0.0832598849308361,-0.042746970253396986,0.022597625168319254
2,50,0.0832598849308361,-0.042746970253396986,0.022597625168319254
2,51,0.08338229893499817,-0.042575590647570084,0.022150814053127677
2,52,0.08311298812584159,-0.042673521850899745,0.022487452564573386
2,53,0.08311298812584159,-0.042673521850899745,0.022487452564573386
2,54,0.08334557473374954,-0.04249602154486473,0.02263434936956788
2,55,0.08308850532500918,-0.04250826294528094,0.02205900355000612
2,56,0.08308850532500918,-0.04250826294528094,0.02205900355000612
2,57,0.08321091932917127,-0.04258783204798629,0.02269555637164892
2,58,0.083137470926674,-0.04236748684049455,0.022377279960827518
2,59,0.083137470926674,-0.04236748684049455,0.022597625168319254
2,60,0.08324764353041988,-0.0424409352429918,0.022597625168319254
2,61,0.08340678173583058,-0.042220590035500064,0.022775125474354264
2,62,0.08333333333333334,-0.042691883951524054,0.022303831558330274
2,63,0.08333333333333334,-0.042691883951524054,0.022303831558330274
2,64,0.083431264536663,-0.04263067694944302,0.021893744644387318
2,65,0.08327212633125229,-0.042899987758599586,0.022628228669359773
2,66,0.08327212633125229,-0.042899987758599586,0.022628228669359773
2,67,0.08309462602521729,-0.04245929734361611,0.022585383767903047
2,68,0.0834496266372873,-0.04263679764965112,0.02240788346186804
2,69,0.0834496266372873,-0.04263679764965112,0.02240788346186804
2,70,0.08337617823479006,-0.04254498714652956,0.022450728363324766
2,71,0.0832660056310442,-0.04235524544007834,0.02263434936956788
2,72,0.0832660056310442,-0.04235524544007834,0.02263434936956788
2,73,0.08327212633125229,-0.04258783204798629,0.021134777818582445
2,74,0.08327824703146039,-0.042746970253396986,0.021814175541681968
2,75,0.08319867792875504,-0.04264291834985922,0.023026074182886522
2,76,0.08319867792875504,-0.04264291834985922,0.023026074182886522
2,77,0.08348635083853592,-0.042428693842575596,0.02242624556249235
2,78,0.08331497123270902,-0.0426000734484025,0.022560900967070634
2,79,0.08331497123270902,-0.0426000734484025,0.022560900967070634
2,80,0.08319867792875504,-0.042575590647570084,0.02239564206145183
2,81,0.08321091932917127,-0.04269800465173216,0.021875382543763006
2,82,0.08321091932917127,-0.04269800465173216,0.021875382543763006
2,83,0.08310686742563349,-0.04264291834985922,0.02081650140776105
2,84,0.08335781613416575,-0.04250214224507284,0.02275064267352185
2,85,0.08335781613416575,-0.04250214224507284,0.02275064267352185
2,86,0.08335781613416575,-0.04233076263924593,0.02257314236748684
2,87,0.0834251438364549,-0.04226343493695679,0.02273228057289754
2,88,0.0834251438364549,-0.04226343493695679,0.021722365038560412
2,89,0.08324152283021177,-0.042447055943199904,0.021722365038560412
2,90,0.0832843677316685,-0.042606194148610596,0.02268331497123271
2,91,0.08348635083853592,-0.04265515975027544,0.021765209940017138
2,92,0.08348635083853592,-0.04265515975027544,0.021765209940017138
2,93,0.08317419512792264,-0.04246541804382421,0.02191210674501163
2,94,0.08330885053250092,-0.04268576325131595,0.022567021667278735
2,95,0.08330885053250092,-0.04268576325131595,0.022567021667278735
2,96,0.08313135022646591,-0.04252662504590525,0.02243848696290856
2,97,0.08334557473374954,-0.04264291834985922,0.02157546823356592
2,98,0.08334557473374954,-0.04264291834985922,0.02157546823356592
2,99,0.0832843677316685,-0.04236136614028645,0.022530297466030115
3,0,-0.0834373852368711,-0.07832660056310442,0.07435426612804505
3,1,-0.08392704125351941,-0.0782776349614396,0.07435426612804505
3,2,-0.08367609254498715,-0.07790427224874526,0.07384012731056433
3,3,-0.08334557473374954,-0.07787978944791284,0.07376667890806708
3,4,-0.08334557473374954,-0.07787978944791284,0.07376667890806708
3,5,-0.08373117884686007,-0.07804504835353164,0.07407883461868038
3,6,-0.08370057534581957,-0.0782776349614396,0.07383400661035623
3,7,-0.08370057534581957,-0.0782776349614396,0.07383400661035623
3,8,-0.08367609254498715,-0.07811237605582079,0.0737911617088995
3,9,-0.083608764842698,-0.07800832415228302,0.07415228302117763
3,10,-0.083608764842698,-0.07800832415228302,0.07415228302117763
3,11,-0.08362100624311422,-0.07798384135145062,0.07386461011139675
3,12,-0.08365773044436284,-0.07800220345207491,0.07382788591014812
3,13,-0.08373117884686007,-0.07818582445831804,0.0741094381197209
3,14,-0.08373117884686007,-0.07818582445831804,0.0741094381197209
3,15,-0.08361488554290611,-0.07811849675602889,0.07395029991431021
3,16,-0.08355367854082507,-0.07824091076019096,0.07402986901701555
3,17,-0.08355367854082507,-0.07824091076019096,0.07402986901701555
3,18,-0.08379238584894112,-0.07821642795935854,0.07399314481576692
3,19,-0.08354755784061697,-0.0779777206512425,0.07421349002325867
3,20,-0.08354755784061697,-0.0779777206512425,0.07421349002325867
3,21,-0.08366997184477905,-0.07811237605582079,0.07408495531888848
3,22,-0.08359040274207369,-0.07804504835353164,0.07412780022034521
3,23,-0.08359040274207369,-0.07804504835353164,0.07412780022034521
3,24,-0.08369445464561145,-0.07805116905373974,0.07429305912596401
3,25,-0.08333945403354144,-0.0781491002570694,0.0739441792141021
3,26,-0.08333945403354144,-0.07811849675602889,0.07383400661035623
3,27,-0.08381686864977353,-0.07811849675602889,0.07383400661035623
3,28,-0.08363324764353042,-0.07819194515852614,0.07401150691639123
3,29,-0.08364548904394663,-0.07802668625290733,0.07407883461868038
3,30,-0.08364548904394663,-0.07802668625290733,0.07407883461868038
3,31,-0.08348635083853592,-0.07816746235769371,0.07377279960827518
3,32,-0.08368221324519524,-0.07783082384624801,0.07418288652221813
3,33,-0.08368221324519524,-0.07783082384624801,0.07418288652221813
3,34,-0.08378626514873302,-0.07793487574978578,0.07397478271514261
3,35,-0.08378014444852491,-0.07821030725915044,0.07403598971722365
3,36,-0.08378014444852491,-0.07821030725915044,0.07403598971722365
3,37,-0.08366385114457095,-0.0779654792508263,0.07388909291222916
3,38,-0.08368833394540336,-0.0784612559676827,0.07392581711347777
3,39,-0.08368833394540336,-0.07689435671440813,0.07385236871098053
3,40,-0.08371281674623578,-0.07810625535561269,0.07385236871098053
3,41,-0.0837617823479006,-0.07795935855061818,0.07402986901701555
3,42,-0.08368833394540336,-0.07807565185457216,0.07425021422450728
3,43,-0.08368833394540336,-0.07807565185457216,0.07425021422450728
3,44,-0.08363324764353042,-0.07832660056310442,0.07420124862284246
3,45,-0.08363324764353042,-0.07803280695311544,0.07392581711347777
3,46,-0.08363324764353042,-0.07803280695311544,0.07392581711347777
3,47,-0.0837740237483168,-0.07812461745623699,0.07430530052638021
3,48,-0.0837679030481087,-0.07817970375810993,0.07395029991431021
3,49,-0.0837679030481087,-0.07817970375810993,0.07395029991431021
3,50,-0.08362712694332232,-0.07799608275186681,0.07387685151181295
3,51,-0.08364548904394663,-0.07808789325498837,0.07401762761659933
3,52,-0.08364548904394663,-0.07808789325498837,0.07415840372138573
3,53,-0.08365160974415473,-0.07800832415228302,0.07415840372138573
3,54,-0.08365773044436284,-0.07788591014812093,0.0741094381197209
3,55,-0.08349859223895215,-0.07786142734728853,0.07403598971722365
3,56,-0.08349859223895215,-0.07786142734728853,0.07403598971722365
3,57,-0.08349859223895215,-0.07805728975394785,0.0739686620149345
3,58,-0.0837617823479006,-0.07806341045415596,0.07398090341535071
3,59,-0.0837617823479006,-0.07806341045415596,0.07398090341535071
3,60,-0.08357816134165749,-0.07825927286081527,0.07398090341535071
3,61,-0.0837617823479006,-0.07800832415228302,0.07417676582201004
3,62,-0.0837617823479006,-0.07800832415228302,0.07417676582201004
3,63,-0.08397600685518423,-0.07802056555269923,0.07436038682825316
3,64,-0.0837495409474844,-0.07804504835353164,0.07398702411555882
3,65,-0.0837495409474844,-0.07804504835353164,0.074115558819929
3,66,-0.08363936834373852,-0.07831435916268821,0.074115558819929
3,67,-0.08349247153874403,-0.07794711715020199,0.07419512792263436
3,68,-0.08361488554290611,-0.0781491002570694,0.07397478271514261
3,69,-0.08361488554290611,-0.0781491002570694,0.07397478271514261
3,70,-0.08395764475455993,-0.07805728975394785,0.07402374831680744
3,71,-0.08378014444852491,-0.07822866935977477,0.07410331741951279
3,72,-0.08378014444852491,-0.07822866935977477,0.07410331741951279
3,73,-0.08373729954706818,-0.07821642795935854,0.07407271391847228
3,74,-0.0837740237483168,-0.07809401395519647,0.07398090341535071
3,75,-0.0837740237483168,-0.07809401395519647,0.07398090341535071
3,76,-0.08350471293916024,-0.07808789325498837,0.07419512792263436
3,77,-0.08354755784061697,-0.0781368588566532,0.0741400416207614
3,78,-0.08354755784061697,-0.07803280695311544,0.07395029991431021
3,79,-0.08378014444852491,-0.07803280695311544,0.07395029991431021
3,80,-0.08362712694332232,-0.07799608275186681,0.07430530052638021
3,81,-0.08357816134165749,-0.07809401395519647,0.07401150691639123
3,82,-0.08357816134165749,-0.07809401395519647,0.07401150691639123
3,83,-0.08357816134165749,-0.07818582445831804,0.07407883461868038
3,84,-0.08357816134165749,-0.07792263434936957,0.0741400416207614
3,85,-0.08357816134165749,-0.07792263434936957,0.0741400416207614
3,86,-0.08370669604602766,-0.07823479005998286,0.07377892030848329
3,87,-0.08373729954706818,-0.07783694454645611,0.0741094381197209
3,88,-0.08373729954706818,-0.07783694454645611,0.0741094381197209
3,89,-0.08364548904394663,-0.07805116905373974,0.07402374831680744
3,90,-0.08361488554290611,-0.07803892765332354,0.07423185212388297
3,91,-0.08361488554290611,-0.07803892765332354,0.07404211041743175
3,92,-0.0836026441424899,-0.07811849675602889,0.07404211041743175
3,93,-0.08366385114457095,-0.07821642795935854,0.07376055820785898
3,94,-0.08348023013832782,-0.07786142734728853,0.07384624801077243
3,95,-0.08348023013832782,-0.07786142734728853,0.07384624801077243
3,96,-0.08365160974415473,-0.07819806585873423,0.07406659321826417
3,97,-0.08371893744644388,-0.07824091076019096,0.07401762761659933
3,98,-0.08371893744644388,-0.07824091076019096,0.07401762761659933
3,99,-0.08387807565185457,-0.07802056555269923,0.07390133431264537
