values,,Magnetometer,Magnetometer,Magnetometer
axis,,x,y,z
Sensor,Sample,,,
0,0,0.05348267841841107,0.05157301995348268,-0.013410454155955442
0,1,0.05345207491737055,0.05142612314848819,-0.013820541069898395
0,2,0.053678540825070384,0.05164034765577182,-0.013832782470314603
0,3,0.05350716121924348,0.05167095115681234,-0.014132696780511692
0,4,0.05347655771820296,0.051309829844534215,-0.014322438486962907
0,5,0.053531644020075896,0.051768882360142,-0.013985799975517198
0,6,0.053678540825070384,0.05138939894723956,-0.01333088505325009
0,7,0.0536969029256947,0.05153629575223405,-0.013502264659076998
0,8,0.05349491981882727,0.051352674745990944,-0.013428816256579754
0,9,0.05349491981882727,0.051352674745990944,-0.013814420369690291
0,10,0.05359285102215694,0.05161586485493941,-0.013814420369690291
0,11,0.053703023625902804,0.05153629575223405,-0.013918472273228058
0,12,0.053427592116538136,0.051438364548904394,-0.0131839882482556
0,13,0.053329660913208475,0.051689313257436656,-0.013942955074060473
0,14,0.05348267841841107,0.05167707185702044,-0.013545109560533725
0,15,0.05347043701799485,0.05151793365160975,-0.013753213367609254
0,16,0.053537764720284,0.05188517566409597,-0.014126576080303588
0,17,0.05347043701799485,0.05157914065369078,-0.013930713673644266
0,18,0.0536907822254866,0.05164034765577182,-0.013545109560533725
0,19,0.05368466152527849,0.05156077855306647,-0.013667523564695801
0,20,0.05364793732402987,0.051652589056188025,-0.014224507283633248
0,21,0.05355000612070021,0.05156077855306647,-0.013814420369690291
0,22,0.053635695923613655,0.05157914065369078,-0.014010282776349614
0,23,0.053537764720284,0.05163422695556371,-0.014040886277390132
0,24,0.053537764720284,0.05163422695556371,-0.013759334067817357
0,25,0.05343983351695434,0.051548537152650266,-0.013759334067817357
0,26,0.05365405802423797,0.05151793365160975,-0.013496143958868894
0,27,0.05348879911861917,0.05146284734973681,-0.013759334067817357
0,28,0.053390867915289505,0.05140164034765578,-0.014022524176765822
0,29,0.05343983351695434,0.05164646835597993,-0.013771575468233566
0,30,0.05333578161341658,0.05146896804994492,-0.013802178969274085
0,31,0.053635695923613655,0.05164646835597993,-0.014175541681968417
0,32,0.05359285102215694,0.05138327824703146,-0.013502264659076998
0,33,0.053562247521116414,0.05167095115681234,-0.013924592973436161
0,34,0.053537764720284,0.051395519647447666,-0.013991920675725304
0,35,0.05362345452319746,0.05167707185702044,-0.013710368466152529
0,36,0.05362345452319746,0.05167707185702044,-0.013710368466152529
0,37,0.05339698861549761,0.05165870975639612,-0.01377769616844167
0,38,0.053568368221324526,0.05153017505202595,-0.013985799975517198
0,39,0.05347043701799485,0.05157914065369078,-0.013526747459909413
0,40,0.0535255233198678,0.05153629575223405,-0.013728730566776839
0,41,0.053501040519035384,0.05147508875015302,-0.013508385359285103
0,42,0.05339698861549761,0.051511812951401635,-0.013887868772187539
0,43,0.05355000612070021,0.051407761047863876,-0.014402007589668258
0,44,0.05347043701799485,0.05158526135389888,-0.013887868772187539
0,45,0.05349491981882727,0.05157914065369078,-0.013600195862406659
0,46,0.05348267841841107,0.05150569225119354,-0.013673644264903907
0,47,0.05364793732402987,0.05156077855306647,-0.013728730566776839
0,48,0.05364793732402987,0.05156077855306647,-0.013551230260741828
0,49,0.053574488921532624,0.05165870975639612,-0.013551230260741828
0,50,0.05378259272860815,0.0517750030603501,-0.013337005753458194
0,51,0.05377035132819195,0.051768882360142,-0.013575713061574244
0,52,0.05347043701799485,0.051768882360142,-0.013710368466152529
0,53,0.05348879911861917,0.051609744154731296,-0.01342269555637165
0,54,0.05365405802423797,0.051309829844534215,-0.013673644264903907
0,55,0.053568368221324526,0.05179948586118251,-0.013753213367609254
0,56,0.05364181662382177,0.05149957155098543,-0.01367976496511201
0,57,0.053501040519035384,0.051768882360142,-0.014010282776349614
0,58,0.053531644020075896,0.051371036846615245,-0.013355367854082506
0,59,0.0536969029256947,0.05172603745868527,-0.013465540457828376
0,60,0.05362957522340556,0.051554657852858364,-0.013796058269065981
0,61,0.053678540825070384,0.051621985555147507,-0.014016403476557717
0,62,0.0536907822254866,0.05163422695556371,-0.014028644876973926
0,63,0.0536907822254866,0.05163422695556371,-0.014028644876973926
0,64,0.05332354021300036,0.05158526135389888,-0.01358795446199045
0,65,0.05332354021300036,0.051591382054106995,-0.013673644264903907
0,66,0.05359285102215694,0.051689313257436656,-0.01358795446199045
0,67,0.0535255233198678,0.05159750275431509,-0.013612437262822866
0,68,0.053427592116538136,0.05148120945036112,-0.01358795446199045
0,69,0.053574488921532624,0.05134655404578283,-0.014200024482800833
0,70,0.053519402619659685,0.05153629575223405,-0.013942955074060473
0,71,0.05359285102215694,0.05153629575223405,-0.014536662994246542
0,72,0.0535255233198678,0.051548537152650266,-0.013912351573019954
0,73,0.05362345452319746,0.051664830456604235,-0.013918472273228058
0,74,0.05365405802423797,0.05144448524911251,-0.013575713061574244
0,75,0.05326845391112743,0.05167095115681234,-0.014071489778430651
0,76,0.05380707552944057,0.051493450850777334,-0.01374709266740115
0,77,0.0536969029256947,0.05164034765577182,-0.013753213367609254
0,78,0.05333578161341658,0.051591382054106995,-0.013649161464071491
0,79,0.05362957522340556,0.051371036846615245,-0.013551230260741828
0,80,0.05362957522340556,0.05156689925327458,-0.01363079936344718
0,81,0.05340923001591382,0.05156689925327458,-0.013636920063655283
0,82,0.053519402619659685,0.051652589056188025,-0.013636920063655283
0,83,0.0537091443261109,0.05164646835597993,-0.01384502387073081
0,84,0.053537764720284,0.05167707185702044,-0.01363079936344718
0,85,0.05347655771820296,0.05167095115681234,-0.014157179581344107
0,86,0.053458195617578655,0.051707675358060964,-0.013704247765944425
0,87,0.053537764720284,0.05138939894723956,-0.013496143958868894
0,88,0.053415350716121926,0.051768882360142,-0.014010282776349614
0,89,0.05358673032194883,0.05157914065369078,-0.013802178969274085
0,90,0.05362957522340556,0.051750520259517686,-0.014065369078222548
0,91,0.0537091443261109,0.05171379605826907,-0.014047006977598236
0,92,0.0535255233198678,0.05159750275431509,-0.013692006365528217
0,93,0.05365405802423797,0.05170155465785285,-0.013930713673644266
0,94,0.053458195617578655,0.05148733015056922,-0.01377769616844167
0,95,0.053531644020075896,0.051395519647447666,-0.013661402864487698
0,96,0.053531644020075896,0.051395519647447666,-0.01358795446199045
0,97,0.05340310931570572,0.05149957155098543,-0.01358795446199045
0,98,0.053568368221324526,0.051438364548904394,-0.013759334067817357
0,99,0.053660178724446075,0.05153017505202595,-0.014102093279471173
1,0,-0.07080426000734484,0.12462357693720161,0.04982249969396499
1,1,-0.07087158770963399,0.12450728363324763,0.04981025829354878
1,2,-0.07050434569714775,0.12478883584282041,0.04990206879667034
1,3,-0.07064512180193414,0.12479495654302852,0.04914922267107357
1,4,-0.07093279471171501,0.12450116293303955,0.04985310319500551
1,5,-0.07077977720651243,0.12467254253886643,0.04962663728730567
1,6,-0.07077977720651243,0.124764353041988,0.049540947484392216
1,7,-0.0707369323050557,0.124764353041988,0.049540947484392216
1,8,-0.07067572530297465,0.12461133553678541,0.04996939649895948
1,9,-0.07082262210796915,0.12469702533969887,0.04966336148855429
1,10,-0.07096951891296364,0.12489288774635818,0.049130860570449256
1,11,-0.07072469090463948,0.124764353041988,0.04953482678418411
1,12,-0.07059003550006121,0.12461745623699352,0.04974905129146774
1,13,-0.07072469090463948,0.12461133553678541,0.049926551597502755
1,14,-0.07085322560900967,0.124764353041988,0.04937568857877341
1,15,-0.07061451830089363,0.12473374954094749,0.049014567266495286
1,16,-0.0707491737054719,0.12466642183865835,0.050030603501040515
1,17,-0.07079201860692863,0.12449504223283143,0.0500061207002081
1,18,-0.07062063900110173,0.12485004284490146,0.05010405190353776
1,19,-0.07068184600318277,0.12483780144448524,0.04963887868772188
1,20,-0.07084098420859346,0.12464193903782592,0.04999387929979189
1,21,-0.07077977720651243,0.12484392214469335,0.049957155098543274
1,22,-0.07079201860692863,0.12462357693720161,0.049559309585016524
1,23,-0.07090219121067451,0.12462969763740972,0.0496817235891786
1,24,-0.07090219121067451,0.1245990941363692,0.05004284490145673
1,25,-0.07070632880401519,0.1245990941363692,0.05004284490145673
1,26,-0.07071857020443138,0.12485004284490146,0.04981025829354878
1,27,-0.07065124250214225,0.12461133553678541,0.04934508507773289
1,28,-0.07085322560900967,0.12478271514261233,0.04940629207981393
1,29,-0.07055943199902068,0.12496633614885544,0.049559309585016524
1,30,-0.07065124250214225,0.1249234912473987,0.049755171991675846
1,31,-0.0707369323050557,0.12483780144448524,0.04908189496878443
1,32,-0.07067572530297465,0.12464193903782592,0.04965112008813809
1,33,-0.07071857020443138,0.12480107724323664,0.04956543028522463
1,34,-0.07104296731546089,0.12475823234177989,0.05001836210062431
1,35,-0.07070020810380707,0.12483168074427715,0.04958379238584894
1,36,-0.07086546700942588,0.12472762884073937,0.04958991308605705
1,37,-0.07072469090463948,0.12466030113845024,0.04960215448647325
1,38,-0.07087158770963399,0.12505202595176887,0.049785775492716365
1,39,-0.07087158770963399,0.12451340433345574,0.049400171379605826
1,40,-0.07062063900110173,0.12451340433345574,0.049400171379605826
1,41,-0.07087158770963399,0.12478883584282041,0.04973068919084343
1,42,-0.07106745011629331,0.12483168074427715,0.05
1,43,-0.07068796670339086,0.12431754192679642,0.04914922267107357
1,44,-0.07097563961317174,0.12481331864365283,0.05001836210062431
1,45,-0.07066960460276656,0.12481943934386093,0.05007344840249724
1,46,-0.07070020810380707,0.12469090463949076,0.04962663728730567
1,47,-0.07072469090463948,0.12455624923491246,0.050177500306035
1,48,-0.07070632880401519,0.12469702533969887,0.05028767290978088
1,49,-0.07077977720651243,0.12456849063532868,0.04933284367731668
1,50,-0.07088382911005019,0.12434814542783694,0.04943689558085445
1,51,-0.07081038070755294,0.12440323172970988,0.05009181050312156
1,52,-0.0707308116048476,0.124764353041988,0.04921042967315461
1,53,-0.0707308116048476,0.1245990941363692,0.05001836210062431
1,54,-0.0708960705104664,0.12458073203574489,0.04973068919084343
1,55,-0.07079201860692863,0.12485616354510956,0.04986534459542172
1,56,-0.0707308116048476,0.12456236993512057,0.04958379238584894
1,57,-0.07083486350838536,0.12477659444240422,0.049895948096462236
1,58,-0.07083486350838536,0.12477659444240422,0.049895948096462236
1,59,-0.07082262210796915,0.12496021544864733,0.04966336148855429
1,60,-0.0707369323050557,0.12467866323907455,0.04981637899375689
1,61,-0.07071244950422328,0.12421961072346677,0.04958991308605705
1,62,-0.07090219121067451,0.12467866323907455,0.049755171991675846
1,63,-0.07088382911005019,0.12489288774635818,0.049828620394173094
1,64,-0.07075529440568001,0.12462357693720161,0.0496756028889705
1,65,-0.07068184600318277,0.12481331864365283,0.04981637899375689
1,66,-0.07071857020443138,0.12485616354510956,0.049516464683559795
1,67,-0.0705839147998531,0.12482556004406904,0.04910637776961684
1,68,-0.07068796670339086,0.12478883584282041,0.04974905129146774
1,69,-0.07092667401150692,0.12469090463949076,0.0495103439833517
1,70,-0.07067572530297465,0.1247459909413637,0.049957155098543274
1,71,-0.0707430530052638,0.12456849063532868,0.049828620394173094
1,72,-0.07101848451462847,0.12482556004406904,0.04922879177377892
1,73,-0.07086546700942588,0.12469090463949076,0.04973068919084343
1,74,-0.07063900110172604,0.12467866323907455,0.0495225853837679
1,75,-0.07063900110172604,0.124764353041988,0.04981637899375689
1,76,-0.07072469090463948,0.124764353041988,0.04981637899375689
1,77,-0.07081038070755294,0.12448280083241522,0.04906353286816012
1,78,-0.07071857020443138,0.12471538744032318,0.0496817235891786
1,79,-0.07078589790672053,0.12481331864365283,0.049938792997918965
1,80,-0.07087158770963399,0.12470314603990698,0.04971844779042722
1,81,-0.07066348390255846,0.12433590402742074,0.04963275798751377
1,82,-0.070577794099645,0.12450116293303955,0.04987758599583793
1,83,-0.07081038070755294,0.12456849063532868,0.048830946260252174
1,84,-0.07064512180193414,0.12450116293303955,0.04985310319500551
1,85,-0.07085322560900967,0.12458073203574489,0.049559309585016524
1,86,-0.07093279471171501,0.12464193903782592,0.0500061207002081
1,87,-0.07075529440568001,0.12469090463949076,0.049798016893132575
1,88,-0.07069408740359898,0.12467866323907455,0.04925327457461133
1,89,-0.0707308116048476,0.12495409474843922,0.04981025829354878
1,90,-0.0707430530052638,0.12465418043824214,0.049755171991675846
1,91,-0.07059615620026931,0.12471538744032318,0.049700085689802914
1,92,-0.07048598359652344,0.12489900844656629,0.04927775737544375
1,93,-0.07092055331129882,0.12479495654302852,0.04958379238584894
1,94,-0.07059003550006121,0.12480719794344472,0.04889215326233321
1,95,-0.07068184600318277,0.12455624923491246,0.049173705471905985
1,96,-0.07059615620026931,0.12481943934386093,0.049057412167952015
1,97,-0.07078589790672053,0.12482556004406904,0.04907577426857633
1,98,-0.07078589790672053,0.12482556004406904,0.04907577426857633
1,99,-0.07092055331129882,0.12469702533969887,0.04972456849063533
2,0,0.0940323172970988,-0.05158526135389888,0.013887868772187539
2,1,0.0942036969029257,-0.051976986167217534,0.014683559799241033
2,2,0.09390378259272861,-0.05189741706451219,0.014922267107357081
2,3,0.09403843799730689,-0.05173827885910148,0.014928387807565186
2,4,0.09403843799730689,-0.05213000367242012,0.014040886277390132
2,5,0.09391602399314482,-0.050563104419145556,0.014548904394662748
2,6,0.09386705839147999,-0.05158526135389888,0.014548904394662748
2,7,0.0938976618925205,-0.0517750030603501,0.014903905006732771
2,8,0.09394662749418534,-0.05211776227200392,0.014891663606316562
2,9,0.09423430040396621,-0.051934141265760805,0.014175541681968417
2,10,0.09419145550250949,-0.05182396866201493,0.013710368466152529
2,11,0.09413636920063655,-0.05219733137470926,0.013906230872811851
2,12,0.09404455869751499,-0.05216672787366875,0.014946749908189496
2,13,0.09417309340188518,-0.05202595176888236,0.014793732402986901
2,14,0.09395274819439345,-0.05181784796180683,0.015020198310686742
2,15,0.0941975762027176,-0.05189741706451219,0.014861060105276044
2,16,0.09408128289876362,-0.05181172726159873,0.01369812706573632
2,17,0.09381197208960705,-0.05191577916513649,0.015136491614640715
2,18,0.09397723099522585,-0.05205655526992288,0.014665197698616721
2,19,0.09407516219855552,-0.052050434569714775,0.014622352797159996
2,20,0.09400171379605828,-0.05170155465785285,0.014236748684049455
2,21,0.09409964499938793,-0.051371036846615245,0.014206145183008936
2,22,0.09409964499938793,-0.051371036846615245,0.015063043212143471
2,23,0.09402007589668257,-0.05167095115681234,0.015063043212143471
2,24,0.09413636920063655,-0.052007589668258046,0.014989594809646224
2,25,0.09383645489043947,-0.051946382666177016,0.014983474109438118
2,26,0.0940323172970988,-0.051952503366385114,0.014720284000489655
2,27,0.0942036969029257,-0.05167707185702044,0.01393683437385237
2,28,0.0941975762027176,-0.052191210674501165,0.01421226588321704
2,29,0.09411188639980414,-0.051695433957644754,0.013740971967193047
2,30,0.09402007589668257,-0.05201983106867426,0.015007956910270534
2,31,0.09425266250459052,-0.05201983106867426,0.014971232709021912
2,32,0.09407516219855552,-0.052154486473252534,0.014206145183008936
2,33,0.09407516219855552,-0.05211776227200392,0.01426123148488187
2,34,0.09435671440812829,-0.05196474476680132,0.014683559799241033
2,35,0.09401395519647447,-0.05196474476680132,0.014720284000489655
2,36,0.09401395519647447,-0.05196474476680132,0.014720284000489655
2,37,0.09403843799730689,-0.05200146896804995,0.014781491002570693
2,38,0.09400783449626637,-0.05187905496388787,0.015056922511935366
2,39,0.09424042110417433,-0.052093279471171504,0.014879422205900356
2,40,0.09404455869751499,-0.05213612437262823,0.014989594809646224
2,41,0.09412412780022035,-0.05206267597013098,0.01500183621006243
2,42,0.09404455869751499,-0.05167707185702044,0.014928387807565186
2,43,0.09423430040396621,-0.05198310686742563,0.013257436650752847
2,44,0.09396498959480964,-0.05170155465785285,0.014689680499449137
2,45,0.09410576569959603,-0.05201371036846615,0.014916146407148978
2,46,0.09433223160729588,-0.05198310686742563,0.014781491002570693
2,47,0.0942159383033419,-0.0517750030603501,0.014818215203819318
2,48,0.09425266250459052,-0.05200146896804995,0.013612437262822866
2,49,0.09406904149834741,-0.052050434569714775,0.014903905006732771
2,50,0.09427102460521483,-0.052234055575957894,0.014634594197576203
2,51,0.09427102460521483,-0.05203207246909046,0.01493450850777329
2,52,0.09432611090708777,-0.05203207246909046,0.013600195862406659
2,53,0.09375076508752601,-0.05216672787366875,0.013600195862406659
2,54,0.0938792997918962,-0.05208715877096339,0.013349247153874403
2,55,0.0941975762027176,-0.05174439955930958,0.014793732402986901
2,56,0.09401395519647447,-0.052178969274084955,0.01393683437385237
2,57,0.09412412780022035,-0.05230138327824703,0.014701921899865345
2,58,0.09394662749418534,-0.05203207246909046,0.013692006365528217
2,59,0.09431386950667156,-0.05199534826784184,0.015063043212143471
2,60,0.09431999020687967,-0.05218508997429307,0.01426123148488187
2,61,0.09392826539356103,-0.0519218998653446,0.01408373117884686
2,62,0.0940506793977231,-0.05201983106867426,0.014995715509854327
2,63,0.0942098176031338,-0.051934141265760805,0.014750887501530174
2,64,0.09422205900355,-0.05201371036846615,0.014842698004651734
2,65,0.0940323172970988,-0.05165870975639612,0.013979679275309095
2,66,0.09403843799730689,-0.05206267597013098,0.014879422205900356
2,67,0.09409352429917983,-0.051707675358060964,0.014646835597992411
2,68,0.09409352429917983,-0.052050434569714775,0.013851144570938913
2,69,0.09383033419023136,-0.05209940017137961,0.014848818704859837
2,70,0.09539723344350594,-0.051976986167217534,0.015271147019218997
2,71,0.09411188639980414,-0.051976986167217534,0.015271147019218997
2,72,0.09408128289876362,-0.051976986167217534,0.015044681111519156
2,73,0.09424042110417433,-0.05184845146284735,0.014701921899865345
2,74,0.09414248990084466,-0.051805606561390626,0.01519157791651365
2,75,0.09416085200146897,-0.051976986167217534,0.014144938180927899
2,76,0.09408740359897172,-0.051664830456604235,0.014757008201738277
2,77,0.09391602399314482,-0.052111641571795805,0.014922267107357081
2,78,0.09399559309585016,-0.051793365160974415,0.013863385971355124
2,79,0.09433223160729588,-0.052148365773044436,0.014689680499449137
2,80,0.09402619659689068,-0.05230750397845514,0.013728730566776839
2,81,0.09402007589668257,-0.05159750275431509,0.013428816256579754
2,82,0.09404455869751499,-0.05217284857387685,0.014720284000489655
2,83,0.09427714530542294,-0.05210552087158771,0.013924592973436161
2,84,0.09411800710001225,-0.05204431386950668,0.013893989472395642
2,85,0.09381809278981515,-0.05207491737054719,0.014787611702778796
2,86,0.0942098176031338,-0.052007589668258046,0.01493450850777329
2,87,0.09413636920063655,-0.05195862406659322,0.014738646101113967
2,88,0.0940568000979312,-0.051952503366385114,0.014812094503611215
2,89,0.0940568000979312,-0.0519280205655527,0.014652956298200515
2,90,0.09415473130126087,-0.0519280205655527,0.014646835597992411
2,91,0.0940323172970988,-0.051952503366385114,0.014646835597992411
2,92,0.0940506793977231,-0.05196474476680132,0.014634594197576203
2,93,0.09415473130126087,-0.05188517566409597,0.014469335291957399
2,94,0.09411800710001225,-0.05221569347533358,0.013893989472395642
2,95,0.09409964499938793,-0.05203207246909046,0.014750887501530174
2,96,0.09434447300771208,-0.05172603745868527,0.014824335904027422
2,97,0.09400171379605828,-0.05191577916513649,0.014157179581344107
2,98,0.09407516219855552,-0.05209940017137961,0.01509364671318399
2,99,0.09402619659689068,-0.051836210062431144,0.014187783082384626
3,0,-0.10085077732892642,-0.10403966213734853,0.07774513404333457
3,1,-0.10070388052393194,-0.10407638633859713,0.07803892765332354
3,2,-0.10070388052393194,-0.10372138572652712,0.07772677194271024
3,3,-0.10059370792018607,-0.10372138572652712,0.07795323785041008
3,4,-0.10094258783204799,-0.1040274207369323,0.07795323785041008
3,5,-0.10094258783204799,-0.10379483412902438,0.07777573754437508
3,6,-0.10091810503121557,-0.10381319622964866,0.0779654792508263
3,7,-0.10099155343371283,-0.10399069653568369,0.07798996205165871
3,8,-0.10091198433100748,-0.10414371404088626,0.07769004774146163
3,9,-0.10088138082996694,-0.1038560411311054,0.07786142734728853
3,10,-0.1006304321214347,-0.10426000734484024,0.07802056555269923
3,11,-0.10104051903537765,-0.10361733382298935,0.07794099644999389
3,12,-0.10070388052393194,-0.1040274207369323,0.07775737544375076
3,13,-0.10083853592851022,-0.10381319622964866,0.07755539233688334
3,14,-0.10075896682580487,-0.1038621618313135,0.07779409964499939
3,15,-0.10078957032684539,-0.10374586852735952,0.07808789325498837
3,16,-0.10092422573142368,-0.10377647202840005,0.07791651364916147
3,17,-0.10088750153017505,-0.10418655894234301,0.07792875504957766
3,18,-0.10098543273350472,-0.10354388542049212,0.07795323785041008
3,19,-0.10067939772309953,-0.1041804382421349,0.07778797894479128
3,20,-0.10073448402497245,-0.10392336883339455,0.07780634104541559
3,21,-0.10100991553433714,-0.10393561023381075,0.07807565185457216
3,22,-0.10100991553433714,-0.1038560411311054,0.07775737544375076
3,23,-0.10076508752601299,-0.1038560411311054,0.07775737544375076
3,24,-0.10096707063288039,-0.10407638633859713,0.0781307381564451
3,25,-0.10059370792018607,-0.1040274207369323,0.07770228914187784
3,26,-0.10066103562247522,-0.10382543763006488,0.07802668625290733
3,27,-0.10086913942955074,-0.10372138572652712,0.07772677194271024
3,28,-0.10082629452809402,-0.10407026563838903,0.07770840984208593
3,29,-0.1007956910270535,-0.10398457583547557,0.07776349614395886
3,30,-0.10075284612559676,-0.10407026563838903,0.0779777206512425
3,31,-0.10088750153017505,-0.10397845513526746,0.07801444485249112
3,32,-0.10076508752601299,-0.10407026563838903,0.0776655649406292
3,33,-0.10081405312767781,-0.10377647202840005,0.07787978944791284
3,34,-0.10077732892642918,-0.10383155833027298,0.07787978944791284
3,35,-0.10071612192434816,-0.1038560411311054,0.07790427224874526
3,36,-0.10071612192434816,-0.103715265026319,0.07789815154853716
3,37,-0.10083853592851022,-0.103715265026319,0.07789815154853716
3,38,-0.10081405312767781,-0.10393561023381075,0.07774513404333457
3,39,-0.10069163912351572,-0.10357448892153262,0.07783082384624801
3,40,-0.10073448402497245,-0.10391724813318644,0.07757987513771576
3,41,-0.10087526012975885,-0.10380707552944057,0.07831435916268821
3,42,-0.10090586363079937,-0.10400905863630798,0.07807565185457216
3,43,-0.10098543273350472,-0.10399069653568369,0.07778185824458318
3,44,-0.10101603623454522,-0.10395397233443507,0.07782470314603991
3,45,-0.1009731913330885,-0.10395397233443507,0.07794099644999389
3,46,-0.10074060472518057,-0.10379483412902438,0.07788591014812093
3,47,-0.10074672542538868,-0.10415595544130249,0.07776349614395886
3,48,-0.10102215693475333,-0.10404578283755661,0.07820418655894235
3,49,-0.10107724323662629,-0.10414983474109438,0.07757987513771576
3,50,-0.10093034643163176,-0.10408250703880524,0.07763496143958869
3,51,-0.10083241522830211,-0.1038560411311054,0.07779409964499939
3,52,-0.1008079324274697,-0.10395397233443507,0.07759823723834006
3,53,-0.10069775982372384,-0.10386828253152161,0.07780634104541559
3,54,-0.10100379483412902,-0.1040029379360999,0.07794099644999389
3,55,-0.10100379483412902,-0.1040029379360999,0.07794099644999389
3,56,-0.10088750153017505,-0.10377647202840005,0.07794099644999389
3,57,-0.10085689802913453,-0.10391112743297833,0.07801444485249112
3,58,-0.10086301872934264,-0.10406414493818092,0.07803892765332354
3,59,-0.10068551842330761,-0.10380095482923246,0.0776716856408373
3,60,-0.10075896682580487,-0.10397845513526746,0.07780022034520749
3,61,-0.10098543273350472,-0.10399069653568369,0.07789815154853716
3,62,-0.10096707063288039,-0.10398457583547557,0.07780634104541559
3,63,-0.10089974293059126,-0.10394785163422696,0.07789203084832905
3,64,-0.10094870853225608,-0.1038560411311054,0.07786754804749664
3,65,-0.10059370792018607,-0.10358060962174073,0.07783694454645611
3,66,-0.10102827763496144,-0.10374586852735952,0.07808177255478027
3,67,-0.10068551842330761,-0.10392336883339455,0.07768392704125351
3,68,-0.10086913942955074,-0.10373362712694331,0.07815522095727752
3,69,-0.10089974293059126,-0.10399681723589178,0.07764108213979679
3,70,-0.10074672542538868,-0.10413147264047007,0.0778124617456237
3,71,-0.10094258783204799,-0.10360509242257314,0.07799608275186681
3,72,-0.10074672542538868,-0.10354388542049212,0.07805116905373974
3,73,-0.10074672542538868,-0.10354388542049212,0.07805116905373974
3,74,-0.10100991553433714,-0.10395397233443507,0.07778797894479128
3,75,-0.10088750153017505,-0.10413147264047007,0.07783082384624801
3,76,-0.10087526012975885,-0.10391112743297833,0.07795935855061818
3,77,-0.10082629452809402,-0.10389888603256212,0.07791651364916147
3,78,-0.10072836332476436,-0.10401517933651609,0.07797159995103439
3,79,-0.10086913942955074,-0.10422328314359161,0.07761047863875628
3,80,-0.10087526012975885,-0.10394173093401886,0.07764108213979679
3,81,-0.10091810503121557,-0.10411311053984576,0.07776349614395886
3,82,-0.10085077732892642,-0.1038560411311054,0.07778185824458318
3,83,-0.10102215693475333,-0.10439466274941853,0.07790427224874526
3,84,-0.10085689802913453,-0.10395397233443507,0.07789203084832905
3,85,-0.10085689802913453,-0.10393561023381075,0.07786142734728853
3,86,-0.10086913942955074,-0.10421716244338353,0.07787366874770474
3,87,-0.10083241522830211,-0.10392336883339455,0.07780634104541559
3,88,-0.10066103562247522,-0.10397233443505938,0.07792263434936957
3,89,-0.10093034643163176,-0.10406414493818092,0.07780634104541559
3,90,-0.10087526012975885,-0.10374586852735952,0.07792875504957766
3,91,-0.1009548292324642,-0.10373974782715142,0.07789203084832905
3,92,-0.10056922511935365,-0.10387440323172972,0.07795323785041008
3,93,-0.10096707063288039,-0.1038560411311054,0.07801444485249112
3,94,-0.10082017382788591,-0.1040274207369323,0.07787978944791284
3,95,-0.10082017382788591,-0.1040274207369323,0.07787978944791284
3,96,-0.10108336393683437,-0.10412535194026196,0.07772065124250213
3,97,-0.1008079324274697,-0.1040213000367242,0.07776961684416697
3,98,-0.10082017382788591,-0.10373974782715142,0.07799608275186681
3,99,-0.10093646713183987,-0.10397233443505938,0.07794099644999389
