values,,Magnetometer,Magnetometer,Magnetometer
axis,,x,y,z
Sensor,Sample,,,
0,0,0.0642857142857143,0.05281552209572775,-0.008140531276778063
0,1,0.06434692128779532,0.052674745990941366,-0.008238462480107725
0,2,0.06422450728363324,0.052937936099889824,-0.00874648059738034
0,3,0.06422450728363324,0.052937936099889824,-0.00874648059738034
0,4,0.06419390378259274,0.05298690170155466,-0.009009670706328804
0,5,0.06421226588321703,0.052931815399681725,-0.008122169176153753
0,6,0.06421226588321703,0.052931815399681725,-0.008122169176153753
0,7,0.06420614518300893,0.052895091198433095,-0.008752601297588444
0,8,0.06437140408862774,0.05299914310197087,-0.008238462480107725
0,9,0.06437140408862774,0.05299914310197087,-0.008238462480107725
0,10,0.06410209327947117,0.05276655649406292,-0.008158893377402375
0,11,0.06424899008446566,0.05280940139551965,-0.008550618190721018
0,12,0.06424899008446566,0.05280940139551965,-0.008550618190721018
0,13,0.06418778308238463,0.05298690170155466,-0.008532256090096706
0,14,0.06418778308238463,0.05286448769739258,-0.008489411188639981
0,15,0.06418778308238463,0.05286448769739258,-0.008489411188639981
0,16,0.06410209327947117,0.05282776349614395,-0.00826294528094014
0,17,0.06421226588321703,0.05279715999510344,-0.008446566287183254
0,18,0.06421838658342514,0.05279715999510344,-0.008207858979067204
0,19,0.06421838658342514,0.05279715999510344,-0.008207858979067204
0,20,0.06408985187905496,0.05296853960093034,-0.008244583180315828
0,21,0.06399804137593341,0.05263190108948464,-0.008415962786142735
0,22,0.06399804137593341,0.05263190108948464,-0.008415962786142735
0,23,0.06423062798384135,0.05285224629697638,-0.008195617578650997
0,24,0.06412657608030359,0.05276655649406292,-0.008299669482188762
0,25,0.06412657608030359,0.05276655649406292,-0.008299669482188762
0,26,0.06410209327947117,0.05259517688823602,-0.008036479373240299
0,27,0.06431631778675481,0.05279715999510344,-0.008893377402374832
0,28,0.06431631778675481,0.05279715999510344,-0.008893377402374832
0,29,0.06418778308238463,0.052895091198433095,-0.008893377402374832
0,30,0.06420614518300893,0.052821642795935854,-0.00845880768759946
0,31,0.06420614518300893,0.052821642795935854,-0.00845880768759946
0,32,0.06404088627739013,0.052607418288652216,-0.008060962174072714
0,33,0.06443261109070877,0.05281552209572775,-0.00858734239196964
0,34,0.06443261109070877,0.05281552209572775,-0.00858734239196964
0,35,0.06418166238217651,0.05258905618802791,-0.008067082874280818
0,36,0.06408373117884686,0.052821642795935854,-0.00908311910882605
0,37,0.06408373117884686,0.052821642795935854,-0.00908311910882605
0,38,0.06405312767780634,0.05272371159260619,-0.00795691027053495
0,39,0.06412045538009549,0.05280940139551965,-0.008532256090096706
0,40,0.0641449381809279,0.05271147019218999,-0.008366997184477904
0,41,0.0641449381809279,0.05271147019218999,-0.008366997184477904
0,42,0.06444485249112498,0.0527359529930224,-0.008434324886767045
0,43,0.06387562737177133,0.05290733259884931,-0.00805484147386461
0,44,0.06387562737177133,0.05290733259884931,-0.00805484147386461
0,45,0.06410209327947117,0.05275431509364671,-0.008489411188639981
0,46,0.06402864487697393,0.05274207369323051,-0.008764842698004652
0,47,0.06402864487697393,0.05274207369323051,-0.008764842698004652
0,48,0.06423674868404947,0.05281552209572775,-0.00813441057656996
0,49,0.06437140408862774,0.05299914310197087,-0.00833027298322928
0,50,0.06418778308238463,0.05284000489656017,-0.00844044558697515
0,51,0.06418778308238463,0.05252784918594687,-0.008477169788223774
0,52,0.06406536907822255,0.05252784918594687,-0.008122169176153753
0,53,0.06390623087281186,0.05275431509364671,-0.008122169176153753
0,54,0.06404700697759824,0.05252172848573877,-0.008385359285102216
0,55,0.06412045538009549,0.05266250459052516,-0.008856653201126208
0,56,0.06408985187905496,0.052680866691149464,-0.008360876484269801
0,57,0.06426735218508997,0.052674745990941366,-0.008165014077610479
0,58,0.06404700697759824,0.05249724568490636,-0.008893377402374832
0,59,0.06417554168196841,0.052674745990941366,-0.008483290488431878
0,60,0.0641449381809279,0.05279715999510344,-0.008452686987391357
0,61,0.06429183498592239,0.052993022401762756,-0.008256824580732037
0,62,0.0643101970865467,0.052717590892398095,-0.008489411188639981
0,63,0.06423674868404947,0.05287060839760068,-0.007981393071367363
0,64,0.06441424899008447,0.05285224629697638,-0.008538376790304811
0,65,0.06409597257926307,0.052833884196352064,-0.008195617578650997
0,66,0.06405924837801444,0.05279715999510344,-0.008752601297588444
0,67,0.06436528338841964,0.052778797894479125,-0.008158893377402375
0,68,0.06420614518300893,0.05275431509364671,-0.008220100379483413
0,69,0.06420614518300893,0.05275431509364671,-0.008220100379483413
0,70,0.0643101970865467,0.05284612559676827,-0.008434324886767045
0,71,0.06434692128779532,0.052680866691149464,-0.008158893377402375
0,72,0.06394907577426857,0.05294405680009793,-0.008373117884686008
0,73,0.06413269678051169,0.052888970498224996,-0.008715877096339822
0,74,0.06427347288529808,0.052680866691149464,-0.00918105031215571
0,75,0.06421226588321703,0.052748194393438606,-0.008538376790304811
0,76,0.06421226588321703,0.05280328069531154,-0.007969151670951156
0,77,0.06429183498592239,0.05271147019218999,-0.008538376790304811
0,78,0.06427347288529808,0.052540090586363074,-0.008348635083853593
0,79,0.0641449381809279,0.052937936099889824,-0.008275186681356347
0,80,0.06419390378259274,0.052974660301138454,-0.00861794589301016
0,81,0.06426123148488187,0.05290733259884931,-0.008122169176153753
0,82,0.06406536907822255,0.052919573999265515,-0.008556738890929122
0,83,0.06417554168196841,0.05263190108948464,-0.008373117884686008
0,84,0.06417554168196841,0.05263190108948464,-0.008373117884686008
0,85,0.0642857142857143,0.05263802178969275,-0.008373117884686008
0,86,0.06418166238217651,0.052760435793854824,-0.00821397967927531
0,87,0.06407148977843066,0.052937936099889824,-0.008764842698004652
0,88,0.06448769739258171,0.052748194393438606,-0.008624066593218264
0,89,0.06432855918717101,0.05280328069531154,-0.008409842085934632
0,90,0.06451830089362223,0.0527359529930224,-0.008997429305912597
0,91,0.06423062798384135,0.05285224629697638,-0.008415962786142735
0,92,0.06443261109070877,0.05277267719427102,-0.00831191088260497
0,93,0.06429795568613049,0.05285224629697638,-0.008789325498837066
0,94,0.06426735218508997,0.05272371159260619,-0.008513893989472396
0,95,0.06392459297343615,0.05285224629697638,-0.008556738890929122
0,96,0.06409597257926307,0.05279715999510344,-0.008832170400293795
0,97,0.06412657608030359,0.05262578038927653,-0.008305790182396865
0,98,0.06397355857510098,0.052686987391357576,-0.008373117884686008
0,99,0.06397355857510098,0.052686987391357576,-0.00808544497490513
1,0,-0.08517566409597258,0.13163789937568857,0.06560778553066471
1,1,-0.08517566409597258,0.13163789937568857,0.06560778553066471
1,2,-0.08545109560533724,0.1317174684783939,0.06547313012608642
1,3,-0.08531031950055087,0.13131350226465907,0.06569347533357817
1,4,-0.08549394050679397,0.13152772677194272,0.06562614763128902
1,5,-0.08549394050679397,0.13152772677194272,0.06562614763128902
1,6,-0.08561023381074795,0.13164402007589668,0.06514261231484882
1,7,-0.08510221569347534,0.13139307136736442,0.06519157791651366
1,8,-0.08510221569347534,0.13139307136736442,0.06519157791651366
1,9,-0.08561023381074795,0.13145427836944545,0.06520381931692985
1,10,-0.08531644020075897,0.13112376055820787,0.06492226710735707
1,11,-0.08531644020075897,0.13112376055820787,0.06492226710735707
1,12,-0.08540825070388053,0.13123393316195373,0.06502019831068674
1,13,-0.08547557840616966,0.13152772677194272,0.06536907822254866
1,14,-0.08538988860325622,0.13176031337985067,0.065448647325254
1,15,-0.08538988860325622,0.13176031337985067,0.065448647325254
1,16,-0.08549394050679397,0.13173583057901822,0.06506304321214347
1,17,-0.08546945770596157,0.13179703758109929,0.06535071612192435
1,18,-0.08546945770596157,0.13179703758109929,0.06535071612192435
1,19,-0.08541437140408863,0.13155220957277514,0.06532011262088383
1,20,-0.08545109560533724,0.13158281307381564,0.06572407883461868
1,21,-0.08545109560533724,0.13158281307381564,0.06572407883461868
1,22,-0.08531644020075897,0.1313379850654915,0.06555881992899988
1,23,-0.08548781980658587,0.13172970987881014,0.06539356102338108
1,24,-0.08548781980658587,0.13172970987881014,0.06539356102338108
1,25,-0.08555514750887502,0.13130126086424287,0.06550985432733505
1,26,-0.08552454400783449,0.13129514016403476,0.06503856041131105
1,27,-0.08543273350471295,0.1315399681723589,0.06590157914065368
1,28,-0.08543273350471295,0.1315399681723589,0.06590157914065368
1,29,-0.08527971599951034,0.13154608887256702,0.06539968172358918
1,30,-0.08547557840616966,0.13172970987881014,0.0651303709144326
1,31,-0.08547557840616966,0.13172970987881014,0.0651303709144326
1,32,-0.0855429061084588,0.13111151915779165,0.06541192312400539
1,33,-0.08522462969763742,0.13151548537152652,0.06583425143836455
1,34,-0.08522462969763742,0.13151548537152652,0.06583425143836455
1,35,-0.08548169910637778,0.1315399681723589,0.06538744032317298
1,36,-0.08533480230138328,0.1316746235769372,0.06557718202962419
1,37,-0.08533480230138328,0.1316746235769372,0.06557718202962419
1,38,-0.08523687109805361,0.1313379850654915,0.06550985432733505
1,39,-0.0852062675970131,0.1313747092667401,0.06560778553066471
1,40,-0.0855429061084588,0.13157057167339942,0.0654425266250459
1,41,-0.0855429061084588,0.13157057167339942,0.0654425266250459
1,42,-0.08526747459909415,0.1315093646713184,0.06556494062920798
1,43,-0.08529807810013465,0.13147264047006976,0.06514873301505693
1,44,-0.08529807810013465,0.13147264047006976,0.06514873301505693
1,45,-0.08550618190721018,0.13095238095238096,0.06553433712816746
1,46,-0.08541437140408863,0.13145427836944545,0.06554657852858367
1,47,-0.08541437140408863,0.13145427836944545,0.06554657852858367
1,48,-0.08531644020075897,0.1311972089607051,0.0649345085077733
1,49,-0.08537764720284,0.1315093646713184,0.06598114824335904
1,50,-0.08526135389888603,0.13141755416819684,0.06573019953482678
1,51,-0.08540825070388053,0.13190721018484514,0.06524054351817848
1,52,-0.08548169910637778,0.13190721018484514,0.0654241645244216
1,53,-0.08538376790304811,0.13126453666299426,0.06556494062920798
1,54,-0.08540213000367242,0.13158893377402375,0.06547925082629454
1,55,-0.08544497490512915,0.1315399681723589,0.06524054351817848
1,56,-0.08559799241033175,0.13139307136736442,0.06538131962296487
1,57,-0.08559799241033175,0.13139307136736442,0.06535683682213245
1,58,-0.08534092300159138,0.13157057167339942,0.06535683682213245
1,59,-0.08515118129514017,0.13145427836944545,0.06529562982005141
1,60,-0.08533480230138328,0.13157057167339942,0.06485493940506794
1,61,-0.08543885420492105,0.13138082996694822,0.06536295752234056
1,62,-0.08566532011262087,0.13163177867548048,0.06549761292691883
1,63,-0.08543273350471295,0.13152772677194272,0.0659076998408618
1,64,-0.08516954339576448,0.13132574366507527,0.06596278614273474
1,65,-0.085200146896805,0.13138695066715633,0.06530787122046762
1,66,-0.08535316440200759,0.13138082996694822,0.06560778553066471
1,67,-0.0853715265026319,0.1312094503611213,0.06612804504835354
1,68,-0.08572040641449383,0.13157057167339942,0.06593218264169422
1,69,-0.08529807810013465,0.13112376055820787,0.0652650263190109
1,70,-0.08559799241033175,0.1311972089607051,0.06598726894356714
1,71,-0.08517566409597258,0.13157669237360753,0.06520381931692985
1,72,-0.0855429061084588,0.1315093646713184,0.06516709511568124
1,73,-0.08533480230138328,0.13163789937568857,0.0649589913086057
1,74,-0.08545721630554536,0.13121557106132942,0.06569347533357817
1,75,-0.08526747459909415,0.13122169176153753,0.06565063043212144
1,76,-0.08539600930346432,0.1315032439711103,0.06564450973191334
1,77,-0.08533480230138328,0.13141143346798873,0.06546088872567021
1,78,-0.08562247521116416,0.131662382176521,0.06591994124127801
1,79,-0.08562247521116416,0.13174195127922633,0.06536295752234056
1,80,-0.08538988860325622,0.13174195127922633,0.06536295752234056
1,81,-0.08551842330762639,0.1315032439711103,0.06563838903170523
1,82,-0.08548781980658587,0.13171134777818583,0.06513649161464072
1,83,-0.08530419880034276,0.13173583057901822,0.06565063043212144
1,84,-0.08540825070388053,0.1318337617823479,0.06571183743420247
1,85,-0.08561635451095605,0.13129514016403476,0.0652650263190109
1,86,-0.08548781980658587,0.13174195127922633,0.0655955441302485
1,87,-0.0855123026074183,0.13158281307381564,0.06607295874648059
1,88,-0.0855306647080426,0.13146651976986168,0.06572407883461868
1,89,-0.08560411311053985,0.13169298567756152,0.06551597502754315
1,90,-0.08539600930346432,0.13160117517443998,0.06610356224752112
1,91,-0.08556738890929122,0.13174807197943444,0.06598114824335904
1,92,-0.0852185089974293,0.13155833027298322,0.06469580119965725
1,93,-0.0852185089974293,0.13169910637776963,0.06617088994981027
1,94,-0.08539600930346432,0.13013220712449505,0.06497735340923003
1,95,-0.0853592851022157,0.1315399681723589,0.06549149222671073
1,96,-0.08525523319867792,0.1315216060717346,0.06549149222671073
1,97,-0.0853715265026319,0.13131350226465907,0.06570571673399436
1,98,-0.08559799241033175,0.13180315828130737,0.06612192434814543
1,99,-0.08561023381074795,0.1315032439711103,0.06617701065001837
2,0,0.08401273105643285,-0.05198310686742563,0.007100012241400416
2,1,0.08387195495164647,-0.05217284857387685,0.007014322438486963
2,2,0.0837617823479006,-0.05196474476680132,0.00710613294160852
2,3,0.0837617823479006,-0.05196474476680132,0.00710613294160852
2,4,0.08392704125351941,-0.05207491737054719,0.006940874035989718
2,5,0.08389643775247888,-0.05191577916513649,0.006922511935365405
2,6,0.08387195495164647,-0.05190353776472029,0.006959236136614029
2,7,0.08387195495164647,-0.05190353776472029,0.006959236136614029
2,8,0.08413514506059493,-0.05173827885910148,0.0070449259395274815
2,9,0.08402497245684906,-0.05198310686742563,0.006946994736197821
2,10,0.08402497245684906,-0.05198310686742563,0.006946994736197821
2,11,0.0842453176643408,-0.05181784796180683,0.006959236136614029
2,12,0.08385359285102215,-0.052050434569714775,0.007087770840984209
2,13,0.08385359285102215,-0.052050434569714775,0.007087770840984209
2,14,0.08361488554290611,-0.05201371036846615,0.007081650140776105
2,15,0.08387195495164647,-0.051793365160974415,0.005777940996449994
2,16,0.08387195495164647,-0.051793365160974415,0.005777940996449994
2,17,0.08398212755539233,-0.05208715877096339,0.006561390623087281
2,18,0.08389643775247888,-0.05189741706451219,0.007124495042232832
2,19,0.08397600685518423,-0.05181784796180683,0.007002081038070755
2,20,0.08397600685518423,-0.05181784796180683,0.007002081038070755
2,21,0.08414126576080304,-0.05171991675847717,0.006910270534949197
2,22,0.08406169665809768,-0.052111641571795805,0.0072713918472273225
2,23,0.08406169665809768,-0.052111641571795805,0.0072713918472273225
2,24,0.08370057534581957,-0.05206879667033909,0.007020443138695066
2,25,0.08387195495164647,-0.05195862406659322,0.006769494430162811
2,26,0.08387195495164647,-0.05195862406659322,0.006769494430162811
2,27,0.08403109315705717,-0.05183008936222304,0.006328804015179336
2,28,0.08404945525768148,-0.05181784796180683,0.007161219243481454
2,29,0.08404945525768148,-0.05181784796180683,0.007161219243481454
2,30,0.08430652466642183,-0.05198310686742563,0.0071795813441057664
2,31,0.0844166972701677,-0.05173827885910148,0.006824580732035746
2,32,0.0844166972701677,-0.05182396866201493,0.0072163055453543885
2,33,0.0839331619537275,-0.05182396866201493,0.0072163055453543885
2,34,0.0839086791528951,-0.052093279471171504,0.0069714775370302365
2,35,0.08400048965601666,-0.0522462969763741,0.006420614518300893
2,36,0.08400048965601666,-0.0522462969763741,0.006420614518300893
2,37,0.08388419635206268,-0.052154486473252534,0.007038805239319377
2,38,0.08385971355123026,-0.051891296364304076,0.006163545109560534
2,39,0.08385971355123026,-0.051891296364304076,0.006163545109560534
2,40,0.08415350716121925,-0.05235034887991186,0.005814665197698616
2,41,0.08396988615497612,-0.052111641571795805,0.006708287428081773
2,42,0.08396988615497612,-0.052111641571795805,0.006708287428081773
2,43,0.08412290366017873,-0.051976986167217534,0.007002081038070755
2,44,0.0837434202472763,-0.05199534826784184,0.006861304933284368
2,45,0.0837434202472763,-0.05199534826784184,0.006861304933284368
2,46,0.08385359285102215,-0.05198922756763373,0.007204064144938181
2,47,0.08389643775247888,-0.05187905496388787,0.005986044803525523
2,48,0.08396988615497612,-0.0517750030603501,0.00697759823723834
2,49,0.08396988615497612,-0.0517750030603501,0.00697759823723834
2,50,0.08403721385726527,-0.05220345207491737,0.007308116048475946
2,51,0.08379850654914922,-0.05201371036846615,0.00667156322683315
2,52,0.08386583425143837,-0.051866813563471656,0.006910270534949197
2,53,0.08396376545476802,-0.05206879667033909,0.007002081038070755
2,54,0.08402497245684906,-0.05202595176888236,0.007032684539111274
2,55,0.08384747215081405,-0.05178724446076631,0.007210184845146285
2,56,0.08362100624311422,-0.05213612437262823,0.00615742440935243
2,57,0.08394540335414372,-0.05211776227200392,0.007118374342024727
2,58,0.0839331619537275,-0.05198922756763373,0.006806218631411433
2,59,0.0839147998531032,-0.05197086546700943,0.007191822744521974
2,60,0.08394540335414372,-0.051934141265760805,0.006916391235157302
2,61,0.08411066225976252,-0.051836210062431144,0.007014322438486963
2,62,0.08365160974415473,-0.05195862406659322,0.007142857142857143
2,63,0.08371893744644388,-0.052252417676582195,0.006402252417676582
2,64,0.08414738646101114,-0.05224017627616599,0.006904149834741094
2,65,0.08389031705227078,-0.052252417676582195,0.006567511323295384
2,66,0.08403721385726527,-0.05217284857387685,0.007014322438486963
2,67,0.08403721385726527,-0.05217284857387685,0.006738890929122292
2,68,0.0842453176643408,-0.05185457216305546,0.006738890929122292
2,69,0.08383523075039785,-0.052111641571795805,0.006916391235157302
2,70,0.08389643775247888,-0.05211776227200392,0.007136736442649038
2,71,0.08389031705227078,-0.05172603745868527,0.005637164891663606
2,72,0.0837740237483168,-0.052111641571795805,0.00628595911372261
2,73,0.08410454155955441,-0.05213612437262823,0.00715509854327335
2,74,0.0839147998531032,-0.0517627616599339,0.0063104419145550246
2,75,0.08406169665809768,-0.05230138327824703,0.007228546945770596
2,76,0.08382911005018974,-0.05211776227200392,0.00641449381809279
2,77,0.08365773044436284,-0.05220345207491737,0.006928632635573509
2,78,0.08385359285102215,-0.05233810747949565,0.007344840249724568
2,79,0.08414738646101114,-0.0519280205655527,0.006818460031827641
2,80,0.08417798996205166,-0.05164034765577182,0.006873546333700575
2,81,0.08401885175664095,-0.0519218998653446,0.007148977843065246
2,82,0.08401885175664095,-0.05236871098053617,0.006891908434324886
2,83,0.08390255845268699,-0.05195862406659322,0.006965356836822133
2,84,0.08400661035622475,-0.05220957277512548,0.006867425633492472
2,85,0.08400661035622475,-0.05220957277512548,0.006867425633492472
2,86,0.08369445464561145,-0.05220957277512548,0.006567511323295384
2,87,0.08397600685518423,-0.05208715877096339,0.006151303709144326
2,88,0.08401273105643285,-0.05188517566409597,0.0064818215203819324
2,89,0.08371281674623578,-0.05202595176888236,0.007173460643897662
2,90,0.08405557595788958,-0.052111641571795805,0.005906475700820174
2,91,0.08422083486350838,-0.05213612437262823,0.0070265638389031704
2,92,0.08389643775247888,-0.05206879667033909,0.006867425633492472
2,93,0.08410454155955441,-0.052234055575957894,0.007173460643897662
2,94,0.08381686864977353,-0.051946382666177016,0.007210184845146285
2,95,0.08380462724935732,-0.05230750397845514,0.00710613294160852
2,96,0.0837495409474844,-0.05188517566409597,0.007063288040151794
2,97,0.08381686864977353,-0.05209940017137961,0.007136736442649038
2,98,0.08390255845268699,-0.05220345207491737,0.0064818215203819324
2,99,0.0839209205533113,-0.05200146896804995,0.007301995348267842
3,0,-0.08802178969274085,-0.1019525033663851,0.058728118496756035
3,1,-0.08802178969274085,-0.1019525033663851,0.058728118496756035
3,2,-0.08770963398212756,-0.102062675970131,0.05861182519280206
3,3,-0.08823601420002448,-0.10175664095972578,0.059046394907577425
3,4,-0.08786877218753826,-0.10205655526992288,0.058789325498837065
3,5,-0.08786877218753826,-0.10205655526992288,0.058789325498837065
3,6,-0.08799730689190843,-0.10189129636430408,0.058550618190721014
3,7,-0.08785653078712205,-0.10213000367242013,0.058948463704247764
3,8,-0.08785653078712205,-0.10213000367242013,0.058948463704247764
3,9,-0.08796058269065982,-0.10196474476680133,0.05889337740237484
3,10,-0.08767903048108704,-0.10197086546700942,0.058844411800710004
3,11,-0.08767903048108704,-0.10197086546700942,0.058844411800710004
3,12,-0.08755049577671685,-0.10199534826784185,0.05865467009425879
3,13,-0.08775859958379238,-0.10192189986534458,0.05883829110050189
3,14,-0.0876117027787979,-0.10205655526992288,0.058905618802791035
3,15,-0.0876117027787979,-0.10205655526992288,0.058905618802791035
3,16,-0.08796058269065982,-0.10195862406659321,0.05902191210674501
3,17,-0.08799118619170034,-0.10207491737054719,0.05871587709633982
3,18,-0.08799118619170034,-0.10207491737054719,0.05871587709633982
3,19,-0.08800342759211653,-0.10194638266617702,0.05879544619904518
3,20,-0.08796058269065982,-0.10189129636430408,0.0585261353898886
3,21,-0.08796058269065982,-0.10189129636430408,0.0585261353898886
3,22,-0.08809523809523809,-0.1017872444607663,0.058862773901334306
3,23,-0.08800954829232464,-0.10218508997429306,0.05878320479862896
3,24,-0.08800954829232464,-0.10218508997429306,0.05878320479862896
3,25,-0.08784428938670584,-0.10196474476680133,0.05883829110050189
3,26,-0.08783816868649773,-0.10164646835597993,0.05865467009425879
3,27,-0.08791773778920309,-0.10216672787366873,0.058948463704247764
3,28,-0.08791773778920309,-0.10216672787366873,0.058948463704247764
3,29,-0.08774635818337619,-0.10173215815889339,0.0589974293059126
3,30,-0.08797894479128412,-0.10185457216305545,0.05902191210674501
3,31,-0.08797894479128412,-0.10185457216305545,0.05902191210674501
3,32,-0.08783204798628963,-0.1021177622720039,0.058936222303831554
3,33,-0.08800342759211653,-0.10225241767658219,0.05883829110050189
3,34,-0.08800342759211653,-0.10225241767658219,0.05883829110050189
3,35,-0.08772187538254377,-0.10188517566409597,0.05881992899987759
3,36,-0.08774023748316807,-0.10175664095972578,0.05888113600195862
3,37,-0.08774023748316807,-0.10175664095972578,0.05888113600195862
3,38,-0.08775247888358428,-0.10199534826784185,0.05881992899987759
3,39,-0.08822989349981639,-0.10193414126576081,0.05875260129758845
3,40,-0.08822989349981639,-0.10193414126576081,0.05889337740237484
3,41,-0.08760558207858979,-0.10194638266617702,0.05889337740237484
3,42,-0.08800954829232464,-0.1019525033663851,0.058936222303831554
3,43,-0.08781980658587343,-0.10201371036846615,0.058948463704247764
3,44,-0.08781980658587343,-0.10201371036846615,0.058948463704247764
3,45,-0.08783816868649773,-0.10187905496388787,0.05886889460154242
3,46,-0.08799730689190843,-0.1020994001713796,0.05899130860570449
3,47,-0.08799730689190843,-0.1020994001713796,0.05899130860570449
3,48,-0.08797282409107601,-0.10215448647325254,0.05897906720528828
3,49,-0.08796670339086791,-0.10223405557595788,0.059076998408617944
3,50,-0.08772187538254377,-0.10196474476680133,0.058972946505080184
3,51,-0.08814420369690293,-0.10202595176888236,0.058942343004039666
3,52,-0.08796058269065982,-0.10201983106867425,0.05876484269800465
3,53,-0.08781980658587343,-0.1019525033663851,0.05874035989717223
3,54,-0.08792385848941119,-0.10220345207491736,0.05867303219488309
3,55,-0.08790549638878688,-0.10180560656139062,0.058728118496756035
3,56,-0.0879360998898274,-0.10205043456971477,0.05901579140653691
3,57,-0.08796670339086791,-0.10181784796180685,0.05877708409842086
3,58,-0.08796670339086791,-0.10181784796180685,0.05903415350716122
3,59,-0.08780144448524911,-0.10212388297221202,0.05903415350716122
3,60,-0.08797282409107601,-0.10194638266617702,0.058703635695923614
3,61,-0.08803403109315706,-0.10179336516097441,0.05896070510466397
3,62,-0.08782592728608153,-0.1019157791651365,0.05895458440445587
3,63,-0.08818704859835966,-0.10179336516097441,0.05879544619904518
3,64,-0.08808299669482189,-0.10190965846492839,0.05910148120945036
3,65,-0.0877769616844167,-0.10197698616721754,0.05904027420736933
3,66,-0.08797282409107601,-0.10206879667033908,0.05896070510466397
3,67,-0.08815644509731914,-0.10203207246909048,0.05866691149467499
3,68,-0.08786877218753826,-0.10235646958011997,0.05883829110050189
3,69,-0.08783204798628963,-0.102062675970131,0.05885665320112621
3,70,-0.08805851389398947,-0.10179948586118252,0.058544497490512916
3,71,-0.08794222059003551,-0.1022646590769984,0.05865467009425879
3,72,-0.08770351328191946,-0.10187905496388787,0.05873423919696413
3,73,-0.08764842698004652,-0.1017750030603501,0.058844411800710004
3,74,-0.08783816868649773,-0.1021177622720039,0.058844411800710004
3,75,-0.08776472028400048,-0.10217896927408496,0.058832170400293794
3,76,-0.08791773778920309,-0.10186681356347167,0.05856898029134533
3,77,-0.08779532378504101,-0.10161586485493941,0.058905618802791035
3,78,-0.08807075529440568,-0.10219121067450117,0.058905618802791035
3,79,-0.08789325498837067,-0.10225241767658219,0.05866691149467499
3,80,-0.08789325498837067,-0.102240176276166,0.058887256702166726
3,81,-0.08790549638878688,-0.102240176276166,0.058887256702166726
3,82,-0.08800954829232464,-0.1019157791651365,0.058801566899253276
3,83,-0.08781368588566532,-0.10208715877096339,0.05891173950299914
3,84,-0.08792997918961928,-0.10196474476680133,0.05888113600195862
3,85,-0.08803403109315706,-0.10213612437262823,0.05883829110050189
3,86,-0.0877892030848329,-0.10200758966825804,0.05891786020320725
3,87,-0.08782592728608153,-0.10214836577304445,0.058703635695923614
3,88,-0.08821153139919206,-0.10179948586118252,0.05875872199779655
3,89,-0.08785653078712205,-0.10170767535806095,0.0586975149957155
3,90,-0.08804627249357326,-0.10176276165993389,0.05910760190965847
3,91,-0.08773411678295998,-0.10193414126576081,0.058905618802791035
3,92,-0.0879544619904517,-0.10197086546700942,0.05899130860570449
3,93,-0.08797282409107601,-0.10198310686742565,0.058844411800710004
3,94,-0.08800342759211653,-0.10190353776472028,0.05901579140653691
3,95,-0.08800954829232464,-0.10196474476680133,0.058862773901334306
3,96,-0.08815644509731914,-0.10213612437262823,0.058862773901334306
3,97,-0.08815644509731914,-0.10201983106867425,0.058648549394050675
3,98,-0.08792385848941119,-0.10201983106867425,0.058648549394050675
3,99,-0.08790549638878688,-0.10179948586118252,0.058832170400293794
