values,,position,position,position,Magnetometer,Magnetometer,Magnetometer
axis,,x,y,z,x,y,z
Sensor,Sample,,,,,,
0,0,0,0,0,0.0007222426245562493,0.036008079324274696,-0.0006059493206022769
0,1,0,0,0,0.0006916391235157302,0.036032562125107116,-0.0009058636307993634
0,2,0,0,0,0.00048353531644020075,0.03606316562614763,-0.0005814665197698617
0,3,0,0,0,0.0006793977230995226,0.03593463092177745,-0.0009976741339209204
0,4,0,0,0,0.0006793977230995226,0.03593463092177745,-0.0009976741339209204
0,5,0,0,0,0.0007100012241400416,0.03575713061574244,-0.0005937079201860692
0,6,0,0,0,0.0008752601297588444,0.035806096217407275,-0.001009915534337128
0,7,0,0,0,0.0008752601297588444,0.035806096217407275,-0.001009915534337128
0,8,0,0,0,0.000758966825804872,0.03605704492593953,-0.0011751744399559308
0,9,0,0,0,0.0006059493206022769,0.03608152772677194,-0.0011935365405802425
0,10,0,0,0,0.0006059493206022769,0.03608152772677194,-0.0011935365405802425
0,11,0,0,0,0.0005508630187293426,0.035806096217407275,-0.001009915534337128
0,12,0,0,0,0.0005875872199779654,0.03602644142489901,-0.0006243114212265883
0,13,0,0,0,0.0005875872199779654,0.03602644142489901,-0.0006243114212265883
0,14,0,0,0,0.0008446566287183254,0.03588566532011262,-0.0005141388174807198
0,15,0,0,0,0.0006059493206022769,0.035781613416574855,-0.0014200024482800833
0,16,0,0,0,0.0006059493206022769,0.035781613416574855,-0.0014200024482800833
0,17,0,0,0,0.0005631044191455502,0.035677561513037095,-0.0012792263434936956
0,18,0,0,0,0.0009670706328804015,0.035763251315950546,-0.000887501530175052
0,19,0,0,0,0.0009670706328804015,0.035763251315950546,-0.000887501530175052
0,20,0,0,0,0.0004529318153996817,0.03579997551719917,-0.00043456971477537034
0,21,0,0,0,0.0007528461255967683,0.035891786020320726,-0.0006549149222671073
0,22,0,0,0,0.0007528461255967683,0.035891786020320726,-0.0006549149222671073
0,23,0,0,0,0.0009303464316317787,0.035891786020320726,-0.0004957767168564084
0,24,0,0,0,0.0008079324274697026,0.03600195862406659,-0.0005263802178969274
0,25,0,0,0,0.0005141388174807198,0.03567144081282898,-0.0013098298445342147
0,26,0,0,0,0.0005141388174807198,0.03567144081282898,-0.0013098298445342147
0,27,0,0,0,0.0006855184233076265,0.036124372628228665,-0.00094870853225609
0,28,0,0,0,0.0006855184233076265,0.03587342391969641,-0.0005569837189374464
0,29,0,0,0,0.0006855184233076265,0.03587342391969641,-0.0005569837189374464
0,30,0,0,0,0.0008324152283021177,0.0356898029134533,-0.00043456971477537034
0,31,0,0,0,0.0007650875260129758,0.03608764842698005,-0.0009793120332966092
0,32,0,0,0,0.0007650875260129758,0.03608764842698005,-0.0009793120332966092
0,33,0,0,0,0.000826294528094014,0.03588566532011262,-0.0008324152283021177
0,34,0,0,0,0.0006610356224752112,0.03571428571428571,-0.0007406047251805606
0,35,0,0,0,0.0006610356224752112,0.03571428571428571,-0.0007406047251805606
0,36,0,0,0,0.0005569837189374464,0.03620394173093402,-0.00046517321581588934
0,37,0,0,0,0.0006059493206022769,0.035781613416574855,-0.00046517321581588934
0,38,0,0,0,0.0006059493206022769,0.035781613416574855,-0.00046517321581588934
0,39,0,0,0,0.0005814665197698617,0.03598971722365039,-0.0007161219243481455
0,40,0,0,0,0.0007467254253886645,0.03594687232219366,-0.0006181907210184845
0,41,0,0,0,0.0007467254253886645,0.03594687232219366,-0.0006181907210184845
0,42,0,0,0,0.000728363324764353,0.036038682825315214,-0.000636552821642796
0,43,0,0,0,0.0006610356224752112,0.035952993022401764,-0.00036112131227812464
0,44,0,0,0,0.0006610356224752112,0.035952993022401764,-0.00036112131227812464
0,45,0,0,0,0.0007161219243481455,0.03588566532011262,-0.0011568123393316196
0,46,0,0,0,0.0009609499326722977,0.03611825192802057,-0.0004590525156077855
0,47,0,0,0,0.0007773289264291835,0.03606316562614763,-0.0009976741339209204
0,48,0,0,0,0.0007773289264291835,0.03606316562614763,-0.0009976741339209204
0,49,0,0,0,0.0008630187293426368,0.0358428204186559,-0.0008446566287183254
0,50,0,0,0,0.0009731913330885053,0.035806096217407275,-0.0005569837189374464
0,51,0,0,0,0.0007038805239319378,0.035922389521361245,-0.0008446566287183254
0,52,0,0,0,0.0007895703268453911,0.035769372016158645,-0.0009119843310074673
0,53,0,0,0,0.0005875872199779654,0.035904027420736936,-0.0005753458195617579
0,54,0,0,0,0.000538621618313135,0.03592851022156935,-0.0002754315093646713
0,55,0,0,0,0.0008813808299669483,0.03577549271636675,-0.0006793977230995226
0,56,0,0,0,0.0006487942220590036,0.03579997551719917,-0.0006732770228914188
0,57,0,0,0,0.0008079324274697026,0.03608152772677194,-0.000887501530175052
0,58,0,0,0,0.0007650875260129758,0.036008079324274696,-0.001016036234545232
0,59,0,0,0,0.0008385359285102217,0.03592851022156935,-0.0007773289264291835
0,60,0,0,0,0.0007100012241400416,0.0358550618190721,-0.0005937079201860692
0,61,0,0,0,0.000826294528094014,0.03593463092177745,-0.000508018117272616
0,62,0,0,0,0.0008140531276778064,0.03586118251928021,-0.0007100012241400416
0,63,0,0,0,0.0007528461255967683,0.035806096217407275,-0.0007895703268453911
0,64,0,0,0,0.000758966825804872,0.036020320724690906,-0.000348879911861917
0,65,0,0,0,0.000758966825804872,0.036020320724690906,-0.0006243114212265883
0,66,0,0,0,0.0004468111151915779,0.036093769127188154,-0.0006243114212265883
0,67,0,0,0,0.000826294528094014,0.035995837923858486,-0.0006426735218508998
0,68,0,0,0,0.0007712082262210796,0.035897906720528824,-0.0006243114212265883
0,69,0,0,0,0.0007161219243481455,0.035952993022401764,-0.0004039662137348513
0,70,0,0,0,0.0008140531276778064,0.036038682825315214,-0.0006916391235157302
0,71,0,0,0,0.0007161219243481455,0.03598359652344228,-0.000985432733504713
0,72,0,0,0,0.000826294528094014,0.03586730321948831,-0.0007528461255967683
0,73,0,0,0,0.0008691394295507407,0.03611825192802057,-0.0006059493206022769
0,74,0,0,0,0.0007222426245562493,0.03579997551719917,-0.0008507773289264291
0,75,0,0,0,0.0007834496266372873,0.03583057901823969,-0.0006549149222671073
0,76,0,0,0,0.0007834496266372873,0.0360142000244828,-0.0006059493206022769
0,77,0,0,0,0.0005018974170645122,0.03619782103072591,-0.0009425878320479863
0,78,0,0,0,0.0006426735218508998,0.035952993022401764,-0.0005508630187293426
0,79,0,0,0,0.0007100012241400416,0.03579997551719917,-0.0009058636307993634
0,80,0,0,0,0.0007100012241400416,0.03736687477047374,-0.0009242257314236748
0,81,0,0,0,0.0005508630187293426,0.03611825192802057,-0.0009242257314236748
0,82,0,0,0,0.0006059493206022769,0.035897906720528824,-0.0009119843310074673
0,83,0,0,0,0.0008385359285102217,0.03593463092177745,-0.0009548292324641939
0,84,0,0,0,0.0006732770228914188,0.03598971722365039,-0.0004590525156077855
0,85,0,0,0,0.0007100012241400416,0.035952993022401764,-0.0010527604357938548
0,86,0,0,0,0.0007161219243481455,0.035848941118864,-0.0006549149222671073
0,87,0,0,0,0.0007834496266372873,0.0361733382298935,-0.0008324152283021177
0,88,0,0,0,0.0006732770228914188,0.03605704492593953,-0.0010405190353776472
0,89,0,0,0,0.000636552821642796,0.0360142000244828,-0.0004284490145672665
0,90,0,0,0,0.0007467254253886645,0.03597135512302607,-0.00133431264536663
0,91,0,0,0,0.0006181907210184845,0.035910148120945035,-0.0003243971110295018
0,92,0,0,0,0.0006181907210184845,0.03588566532011262,-0.0005263802178969274
0,93,0,0,0,0.000697759823723834,0.03588566532011262,-0.0009915534337128168
0,94,0,0,0,0.0005753458195617579,0.035897906720528824,-0.0009915534337128168
0,95,0,0,0,0.0006549149222671073,0.03586730321948831,-0.0012547435426612805
0,96,0,0,0,0.0008324152283021177,0.03572040641449382,-0.000599828620394173
0,97,0,0,0,0.000728363324764353,0.035751009915534336,-0.0006304321214346922
0,98,0,0,0,0.000918105031215571,0.035793854816991065,-0.0008691394295507407
0,99,0,0,0,0.0006732770228914188,0.03597747582323418,-0.0005875872199779654
1,0,35,0,0,-0.023460643897661893,0.044001713796058266,0.007963030970743053
1,1,35,0,0,-0.023527971599951035,0.04364671318398825,0.009187171012363816
1,2,35,0,0,-0.023283143591626882,0.04362223038315584,0.00844044558697515
1,3,35,0,0,-0.023191333088505326,0.04349369567878565,0.008758721997796547
1,4,35,0,0,-0.023191333088505326,0.04349369567878565,0.008758721997796547
1,5,35,0,0,-0.023338229893499814,0.04363447178357204,0.008324152283021177
1,6,35,0,0,-0.023417798996205167,0.04374464438731791,0.008581221691761537
1,7,35,0,0,-0.023417798996205167,0.04374464438731791,0.008581221691761537
1,8,35,0,0,-0.023289264291834984,0.04327947117150202,0.008171134777818582
1,9,35,0,0,-0.023381074794956543,0.04386705839147999,0.00826294528094014
1,10,35,0,0,-0.023381074794956543,0.04386705839147999,0.00826294528094014
1,11,35,0,0,-0.02344228179703758,0.04374464438731791,0.007950789570326845
1,12,35,0,0,-0.023411678295997062,0.04362223038315584,0.008575100991553434
1,13,35,0,0,-0.023411678295997062,0.04362223038315584,0.008575100991553434
1,14,35,0,0,-0.0233137470926674,0.04409352429917983,0.008807687599461378
1,15,35,0,0,-0.023289264291834984,0.043830334190231364,0.00882604970008569
1,16,35,0,0,-0.023534092300159137,0.04392214469335292,0.008685273595299301
1,17,35,0,0,-0.023534092300159137,0.04392214469335292,0.008685273595299301
1,18,35,0,0,-0.023344350593707923,0.0437385236871098,0.008936222303831558
1,19,35,0,0,-0.02349124739870241,0.04346309217774513,0.008758721997796547
1,20,35,0,0,-0.02349124739870241,0.04346309217774513,0.008758721997796547
1,21,35,0,0,-0.02329538499204309,0.04385481699106378,0.008091565675113233
1,22,35,0,0,-0.023191333088505326,0.043818092789815154,0.008905618802791039
1,23,35,0,0,-0.023191333088505326,0.043818092789815154,0.008905618802791039
1,24,35,0,0,-0.023289264291834984,0.043658954584404455,0.008673032194883095
1,25,35,0,0,-0.02326478149100257,0.04376300648794222,0.008703635695923613
1,26,35,0,0,-0.02326478149100257,0.04376300648794222,0.008703635695923613
1,27,35,0,0,-0.02326478149100257,0.043658954584404455,0.008409842085934632
1,28,35,0,0,-0.0234728852980781,0.04376912718815033,0.008630187293426368
1,29,35,0,0,-0.02313624678663239,0.04379360998898274,0.008140531276778063
1,30,35,0,0,-0.02313624678663239,0.04379360998898274,0.008140531276778063
1,31,35,0,0,-0.023258660790794465,0.04398947239564206,0.008838291100501898
1,32,35,0,0,-0.0233137470926674,0.04379973068919084,0.008207858979067204
1,33,35,0,0,-0.0233137470926674,0.04379973068919084,0.008207858979067204
1,34,35,0,0,-0.023411678295997062,0.04412412780022035,0.008501652589056188
1,35,35,0,0,-0.023430040396621374,0.0440629207981393,0.00895458440445587
1,36,35,0,0,-0.023430040396621374,0.0440629207981393,0.00895458440445587
1,37,35,0,0,-0.02323417798996205,0.043830334190231364,0.00833027298322928
1,38,35,0,0,-0.023289264291834984,0.04400783449626637,0.008868894601542417
1,39,35,0,0,-0.023289264291834984,0.04400783449626637,0.008868894601542417
1,40,35,0,0,-0.02336271269433223,0.04363447178357204,0.008630187293426368
1,41,35,0,0,-0.02336271269433223,0.04395274819439344,0.008850532500918105
1,42,35,0,0,-0.023252540090586363,0.04395274819439344,0.008122169176153753
1,43,35,0,0,-0.023252540090586363,0.04395274819439344,0.008122169176153753
1,44,35,0,0,-0.02324641939037826,0.04363447178357204,0.008269065981148243
1,45,35,0,0,-0.02337495409474844,0.04382421349002326,0.007871220467621495
1,46,35,0,0,-0.02337495409474844,0.04382421349002326,0.007871220467621495
1,47,35,0,0,-0.023209695189129638,0.04371404088627739,0.008171134777818582
1,48,35,0,0,-0.023240298690170157,0.043756885787734116,0.008097686375321336
1,49,35,0,0,-0.02337495409474844,0.04370792018606929,0.008250703880523933
1,50,35,0,0,-0.023283143591626882,0.04351817847961807,0.008128289876361857
1,51,35,0,0,-0.02337495409474844,0.04371404088627739,0.00845880768759946
1,52,35,0,0,-0.023228057289753946,0.04370792018606929,0.00810380707552944
1,53,35,0,0,-0.02313624678663239,0.0440629207981393,0.007963030970743053
1,54,35,0,0,-0.02344228179703758,0.04379360998898274,0.00810380707552944
1,55,35,0,0,-0.023509609499326723,0.04369567878565308,0.008507773289264293
1,56,35,0,0,-0.023301505692251194,0.043756885787734116,0.008165014077610479
1,57,35,0,0,-0.023252540090586363,0.043946627494185334,0.008091565675113233
1,58,35,0,0,-0.023325988493083608,0.043756885787734116,0.008336393683437384
1,59,35,0,0,-0.023325988493083608,0.043928265393561025,0.008024237972824092
1,60,35,0,0,-0.02324641939037826,0.043928265393561025,0.007981393071367363
1,61,35,0,0,-0.02343616109682948,0.0437262822866936,0.007981393071367363
1,62,35,0,0,-0.02338719549516465,0.04395274819439344,0.0082017382788591
1,63,35,0,0,-0.023283143591626882,0.04382421349002326,0.008373117884686008
1,64,35,0,0,-0.023197453788713428,0.043885420492104296,0.008293548781980659
1,65,35,0,0,-0.02343616109682948,0.04414861060105276,0.008281307381564452
1,66,35,0,0,-0.02342391969641327,0.044001713796058266,0.008281307381564452
1,67,35,0,0,-0.02338719549516465,0.04399559309585017,0.008189496878442894
1,68,35,0,0,-0.02323417798996205,0.04360386828253152,0.008091565675113233
1,69,35,0,0,-0.023497368098910516,0.043616109682947726,0.008152772677194272
1,70,35,0,0,-0.023172970987881014,0.043916023993144815,0.008801566899253275
1,71,35,0,0,-0.02329538499204309,0.04411800710001224,0.008673032194883095
1,72,35,0,0,-0.023277022891418777,0.04371404088627739,0.008538376790304811
1,73,35,0,0,-0.023368833394540336,0.04381197208960705,0.008238462480107725
1,74,35,0,0,-0.023099522585383767,0.043885420492104296,0.00861794589301016
1,75,35,0,0,-0.023283143591626882,0.04370792018606929,0.008660790794466886
1,76,35,0,0,-0.023111763985799977,0.04379360998898274,0.00844044558697515
1,77,35,0,0,-0.02323417798996205,0.04370792018606929,0.008844411800710002
1,78,35,0,0,-0.023301505692251194,0.043689558085444974,0.007993634471783572
1,79,35,0,0,-0.023160729587464807,0.043756885787734116,0.008611825192802057
1,80,35,0,0,-0.02338719549516465,0.04380585138939895,0.008593463092177745
1,81,35,0,0,-0.02338719549516465,0.04380585138939895,0.00839147998531032
1,82,35,0,0,-0.023197453788713428,0.04370792018606929,0.00839147998531032
1,83,35,0,0,-0.023197453788713428,0.043885420492104296,0.008905618802791039
1,84,35,0,0,-0.023325988493083608,0.043897661892520506,0.008795446199045171
1,85,35,0,0,-0.02324641939037826,0.04403843799730689,0.008966825804872078
1,86,35,0,0,-0.02317909168808912,0.043928265393561025,0.008666911494674991
1,87,35,0,0,-0.023344350593707923,0.04387929979189619,0.008220100379483413
1,88,35,0,0,-0.023252540090586363,0.04384257559064757,0.008397600685518423
1,89,35,0,0,-0.023576937201615862,0.043897661892520506,0.008477169788223774
1,90,35,0,0,-0.0233137470926674,0.043628351083363937,0.008097686375321336
1,91,35,0,0,-0.023270902191210675,0.04353654058024238,0.00882604970008569
1,92,35,0,0,-0.023203574488921533,0.043628351083363937,0.008446566287183254
1,93,35,0,0,-0.02321581588933774,0.04413636920063656,0.008385359285102216
1,94,35,0,0,-0.023417798996205167,0.04359774758232342,0.008789325498837066
1,95,35,0,0,-0.023325988493083608,0.0437324029869017,0.007889582568245807
1,96,35,0,0,-0.02358305790182397,0.04374464438731791,0.008887256702166727
1,97,35,0,0,-0.023283143591626882,0.04379973068919084,0.008593463092177745
1,98,35,0,0,-0.023283143591626882,0.04353654058024238,0.008073203574488921
1,99,35,0,0,-0.023283143591626882,0.043787489288774635,0.008679152895091198
2,0,0,35,0,0.049283878075651856,-0.021324519525033662,0.07289141877830824
2,1,0,35,0,0.04911861917003305,-0.021306157424409354,0.07270779777206512
2,2,0,35,0,0.04932060227690048,-0.021226588321704005,0.07406047251805606
2,3,0,35,0,0.04932060227690048,-0.021226588321704005,0.07406047251805606
2,4,0,35,0,0.04937568857877341,-0.021453054229403846,0.0737850410086914
2,5,0,35,0,0.04927775737544375,-0.021422450728363324,0.07408495531888848
2,6,0,35,0,0.04927775737544375,-0.021422450728363324,0.07408495531888848
2,7,0,35,0,0.04933284367731668,-0.021287795323785042,0.07386461011139675
2,8,0,35,0,0.049430774880646344,-0.021410209327947117,0.07354633370057535
2,9,0,35,0,0.049430774880646344,-0.021410209327947117,0.07354633370057535
2,10,0,35,0,0.04944913698127066,-0.02123882972212021,0.07273228057289753
2,11,0,35,0,0.04948586118251928,-0.021563226833149714,0.07404211041743175
2,12,0,35,0,0.04938792997918962,-0.021410209327947117,0.07364426490390501
2,13,0,35,0,0.04938792997918962,-0.021410209327947117,0.07364426490390501
2,14,0,35,0,0.04928999877585996,-0.021257191822744523,0.07359529930224018
2,15,0,35,0,0.049516464683559795,-0.02136736442649039,0.07409719671930469
2,16,0,35,0,0.049516464683559795,-0.02136736442649039,0.07409719671930469
2,17,0,35,0,0.04947974048231117,-0.021055208715877096,0.0739441792141021
2,18,0,35,0,0.04936344717835721,-0.021410209327947117,0.07319745378871342
2,19,0,35,0,0.04936344717835721,-0.021410209327947117,0.07319745378871342
2,20,0,35,0,0.04949198188272738,-0.021453054229403846,0.07377279960827518
2,21,0,35,0,0.04943689558085445,-0.021373485126698493,0.07300771208226221
2,22,0,35,0,0.04943689558085445,-0.021373485126698493,0.07300771208226221
2,23,0,35,0,0.0495103439833517,-0.02147753703023626,0.07368710980536172
2,24,0,35,0,0.04939405067939772,-0.021312278124617456,0.07390133431264537
2,25,0,35,0,0.04939405067939772,-0.02147753703023626,0.07300159138205412
2,26,0,35,0,0.0495225853837679,-0.02147753703023626,0.07300159138205412
2,27,0,35,0,0.04971844779042722,-0.021116415717958133,0.07401150691639123
2,28,0,35,0,0.04936344717835721,-0.021202105520871588,0.07400538621618313
2,29,0,35,0,0.04936344717835721,-0.021202105520871588,0.07400538621618313
2,30,0,35,0,0.04936344717835721,-0.021263312522952625,0.07398090341535071
2,31,0,35,0,0.04914922267107357,-0.021550985432733503,0.07329538499204309
2,32,0,35,0,0.04914922267107357,-0.021550985432733503,0.07329538499204309
2,33,0,35,0,0.04963887868772188,-0.0212204676214959,0.07393193781368589
2,34,0,35,0,0.04924715387440323,-0.02147753703023626,0.07300771208226221
2,35,0,35,0,0.04924715387440323,-0.02147753703023626,0.07300771208226221
2,36,0,35,0,0.0495225853837679,-0.02130003672420125,0.07404823111763986
2,37,0,35,0,0.04923491247398702,-0.021226588321704005,0.0737972824091076
2,38,0,35,0,0.04923491247398702,-0.021226588321704005,0.0737972824091076
2,39,0,35,0,0.049185946872322195,-0.02152650263190109,0.0734545231974538
2,40,0,35,0,0.04940629207981393,-0.021287795323785042,0.0737911617088995
2,41,0,35,0,0.04949810258293549,-0.02130003672420125,0.07281184967560289
2,42,0,35,0,0.04949810258293549,-0.02130003672420125,0.07281184967560289
2,43,0,35,0,0.04945525768147876,-0.02141633002815522,0.0721814175541682
2,44,0,35,0,0.049088015668992534,-0.02112865711837434,0.07243848696290855
2,45,0,35,0,0.049088015668992534,-0.02112865711837434,0.07243848696290855
2,46,0,35,0,0.04916146407148978,-0.021550985432733503,0.07333210919329172
2,47,0,35,0,0.04938792997918962,-0.021287795323785042,0.07374831680744277
2,48,0,35,0,0.0493573264781491,-0.021165381319622964,0.07405435181784796
2,49,0,35,0,0.04960827518668136,-0.02134900232586608,0.07275064267352185
2,50,0,35,0,0.04946749908189497,-0.021195984820663483,0.07390133431264537
2,51,0,35,0,0.049314481576692375,-0.021214346921287798,0.07281797037581099
2,52,0,35,0,0.04943689558085445,-0.021361243726282286,0.074115558819929
2,53,0,35,0,0.04914922267107357,-0.02141633002815522,0.07407883461868038
2,54,0,35,0,0.04914922267107357,-0.02141633002815522,0.07415840372138573
2,55,0,35,0,0.049553188884808426,-0.02143469212877953,0.07415840372138573
2,56,0,35,0,0.04938792997918962,-0.021244950422328317,0.07374831680744277
2,57,0,35,0,0.04949198188272738,-0.021502019831068676,0.0739564206145183
2,58,0,35,0,0.04947361978210307,-0.021422450728363324,0.07369935120577795
2,59,0,35,0,0.04943689558085445,-0.021232709021912106,0.07338107479495655
2,60,0,35,0,0.049412412780022036,-0.02131839882482556,0.07386461011139675
2,61,0,35,0,0.04916146407148978,-0.021116415717958133,0.07386461011139675
2,62,0,35,0,0.049430774880646344,-0.021563226833149714,0.07403598971722365
2,63,0,35,0,0.04924103317419513,-0.02136736442649039,0.07388297221202106
2,64,0,35,0,0.049100257069408744,-0.02134900232586608,0.07287917737789204
2,65,0,35,0,0.04930224017627617,-0.021544864732525402,0.07272003917248133
2,66,0,35,0,0.04957767168564084,-0.021379605826906598,0.07262822866935978
2,67,0,35,0,0.0493573264781491,-0.02136736442649039,0.07385236871098053
2,68,0,35,0,0.049326722977108585,-0.02135512302607418,0.07287917737789204
2,69,0,35,0,0.04929611947606806,-0.021422450728363324,0.07389521361243725
2,70,0,35,0,0.049540947484392216,-0.021550985432733503,0.07408495531888848
2,71,0,35,0,0.0495103439833517,-0.021293916023993144,0.07360754070265638
2,72,0,35,0,0.04947361978210307,-0.021232709021912106,0.07293426367976497
2,73,0,35,0,0.04947974048231117,-0.021765209940017138,0.07365650630432122
2,74,0,35,0,0.04925939527481944,-0.0213857265271147,0.07256090096707063
2,75,0,35,0,0.04925939527481944,-0.0213857265271147,0.07264659076998409
2,76,0,35,0,0.04930836087648427,-0.021563226833149714,0.07264659076998409
2,77,0,35,0,0.049326722977108585,-0.0213857265271147,0.07407883461868038
2,78,0,35,0,0.04921042967315461,-0.021404088627739012,0.0741339209205533
2,79,0,35,0,0.04962051658709756,-0.02164279593585506,0.07349736809891053
2,80,0,35,0,0.04953482678418411,-0.021502019831068676,0.0738034031093157
2,81,0,35,0,0.04949810258293549,-0.02139796792753091,0.0731546088872567
2,82,0,35,0,0.04953482678418411,-0.021342881625657974,0.07417064512180194
2,83,0,35,0,0.049173705471905985,-0.02144693352919574,0.07388909291222916
2,84,0,35,0,0.04936956787856531,-0.02144693352919574,0.07406659321826417
2,85,0,35,0,0.049571550985432734,-0.021287795323785042,0.07392581711347777
2,86,0,35,0,0.04943689558085445,-0.021342881625657974,0.07405435181784796
2,87,0,35,0,0.04940629207981393,-0.021330640225241768,0.07412167952013711
2,88,0,35,0,0.04940629207981393,-0.021550985432733503,0.07388909291222916
2,89,0,35,0,0.04928999877585996,-0.021550985432733503,0.07388909291222916
2,90,0,35,0,0.04924103317419513,-0.021330640225241768,0.07333210919329172
2,91,0,35,0,0.04927775737544375,-0.021459174929611947,0.07381564450973191
2,92,0,35,0,0.04921042967315461,-0.02135512302607418,0.0726833149712327
2,93,0,35,0,0.04948586118251928,-0.02141633002815522,0.07387685151181295
2,94,0,35,0,0.04950422328314359,-0.02166115803647937,0.07317297098788102
2,95,0,35,0,0.04945525768147876,-0.021275553923368835,0.07295262578038927
2,96,0,35,0,0.04947974048231117,-0.021214346921287798,0.07391969641326968
2,97,0,35,0,0.049424654180438246,-0.021483657730444364,0.0738034031093157
2,98,0,35,0,0.04949810258293549,-0.02165503733627127,0.07365650630432122
2,99,0,35,0,0.04922879177377892,-0.021563226833149714,0.07324641939037826
3,0,35,35,0,-0.0554596645856286,-0.004376300648794222,0.02549883706696046
3,1,35,35,0,-0.055551475088750156,-0.00477414616232097,0.024960215448647325
3,2,35,35,0,-0.05549026808666911,-0.004884318766066838,0.025302974660301136
3,3,35,35,0,-0.05549026808666911,-0.004884318766066838,0.025254009058636305
3,4,35,35,0,-0.055722854694577065,-0.005018974170645122,0.025254009058636305
3,5,35,35,0,-0.05533112988125841,-0.004572163055453543,0.025192802056555268
3,6,35,35,0,-0.05574121679520137,-0.004890439466274942,0.025033663851144573
3,7,35,35,0,-0.05574121679520137,-0.004890439466274942,0.025033663851144573
3,8,35,35,0,-0.055435181784796186,-0.004816991063777696,0.025027543150936464
3,9,35,35,0,-0.055643285591871705,-0.004670094258783205,0.025082629452809403
3,10,35,35,0,-0.055643285591871705,-0.004670094258783205,0.025082629452809403
3,11,35,35,0,-0.055429061084588074,-0.004639490757742686,0.025027543150936464
3,12,35,35,0,-0.055435181784796186,-0.00477414616232097,0.025205043456971478
3,13,35,35,0,-0.055435181784796186,-0.00477414616232097,0.025205043456971478
3,14,35,35,0,-0.05560044069041499,-0.004364059248378014,0.025302974660301136
3,15,35,35,0,-0.055680009793120336,-0.004553800954829232,0.025039784551352674
3,16,35,35,0,-0.055680009793120336,-0.004553800954829232,0.025039784551352674
3,17,35,35,0,-0.055643285591871705,-0.0046884563594075165,0.024978577549271637
3,18,35,35,0,-0.055612682090831186,-0.004541559554413025,0.025235646958011997
3,19,35,35,0,-0.055582078589790675,-0.00456604235524544,0.02546823356591994
3,20,35,35,0,-0.055582078589790675,-0.00456604235524544,0.02546823356591994
3,21,35,35,0,-0.05566776839270412,-0.004633370057534582,0.025254009058636305
3,22,35,35,0,-0.055582078589790675,-0.004645611457950789,0.025278491859468722
3,23,35,35,0,-0.055582078589790675,-0.004645611457950789,0.025278491859468722
3,24,35,35,0,-0.05526992287917738,-0.004382421349002326,0.025192802056555268
3,25,35,35,0,-0.055680009793120336,-0.004719059860448035,0.025247888358428207
3,26,35,35,0,-0.055680009793120336,-0.004719059860448035,0.025247888358428207
3,27,35,35,0,-0.05574121679520137,-0.004853715265026319,0.025125474354266132
3,28,35,35,0,-0.05552087158770963,-0.004302852246296977,0.02509487085322561
3,29,35,35,0,-0.05552087158770963,-0.004302852246296977,0.025009181050312156
3,30,35,35,0,-0.05556983718937446,-0.004406904149834741,0.025009181050312156
3,31,35,35,0,-0.05555759578895826,-0.004700697759823723,0.025082629452809403
3,32,35,35,0,-0.05553311298812584,-0.004700697759823723,0.02549883706696046
3,33,35,35,0,-0.05553311298812584,-0.004700697759823723,0.02549883706696046
3,34,35,35,0,-0.05532500918105031,-0.004584404455869751,0.025168319255722854
3,35,35,35,0,-0.05550863018729343,-0.004406904149834741,0.025107112253641817
3,36,35,35,0,-0.05550863018729343,-0.004406904149834741,0.025107112253641817
3,37,35,35,0,-0.055582078589790675,-0.0046884563594075165,0.025198922756763376
3,38,35,35,0,-0.05534337128167462,-0.004529318153996817,0.025205043456971478
3,39,35,35,0,-0.05534337128167462,-0.004529318153996817,0.025205043456971478
3,40,35,35,0,-0.05553311298812584,-0.004810870363569592,0.025168319255722854
3,41,35,35,0,-0.055692251193536546,-0.004737421961072347,0.02518668135634717
3,42,35,35,0,-0.055692251193536546,-0.004737421961072347,0.02518668135634717
3,43,35,35,0,-0.05559431999020688,-0.004768025462112866,0.02514383645489044
3,44,35,35,0,-0.055306647080426,-0.004670094258783205,0.0249234912473987
3,45,35,35,0,-0.05559431999020688,-0.004602766556494063,0.025394785163422695
3,46,35,35,0,-0.05559431999020688,-0.004602766556494063,0.025394785163422695
3,47,35,35,0,-0.05560656139062309,-0.0047068184600318275,0.02533969886154976
3,48,35,35,0,-0.05561880279103929,-0.004535438854204921,0.025162198555514752
3,49,35,35,0,-0.05539233688333946,-0.004755784061696658,0.025254009058636305
3,50,35,35,0,-0.05552699228791774,-0.004663973558575101,0.025162198555514752
3,51,35,35,0,-0.05559431999020688,-0.00469457705961562,0.025437630064879424
3,52,35,35,0,-0.05567388909291223,-0.004859835965234423,0.024960215448647325
3,53,35,35,0,-0.055753458195617576,-0.004529318153996817,0.025156077855306647
3,54,35,35,0,-0.05556983718937446,-0.004884318766066838,0.02504590525156078
3,55,35,35,0,-0.05575957889582568,-0.004749663361488554,0.025021422450728366
3,56,35,35,0,-0.055612682090831186,-0.004657852858366998,0.025064267352185088
3,57,35,35,0,-0.05558819928999877,-0.004559921655037337,0.02517443995593096
3,58,35,35,0,-0.05577182029624189,-0.00477414616232097,0.025235646958011997
3,59,35,35,0,-0.05577182029624189,-0.004541559554413025,0.025070388052393193
3,60,35,35,0,-0.055539233688333946,-0.004847594564818215,0.02536418166238218
3,61,35,35,0,-0.055826906598114824,-0.004865956665442527,0.025070388052393193
3,62,35,35,0,-0.055826906598114824,-0.004700697759823723,0.025254009058636305
3,63,35,35,0,-0.05586363079936345,-0.004639490757742686,0.025082629452809403
3,64,35,35,0,-0.05537397478271514,-0.004639490757742686,0.025082629452809403
3,65,35,35,0,-0.05560656139062309,-0.004639490757742686,0.025351940261965966
3,66,35,35,0,-0.05556371648916636,-0.0048231117639858,0.025211164157179583
3,67,35,35,0,-0.0554719059860448,-0.004829232464193904,0.02509487085322561
3,68,35,35,0,-0.0554596645856286,-0.004627249357326478,0.02511323295384992
3,69,35,35,0,-0.0559309585016526,-0.004859835965234423,0.025437630064879424
3,70,35,35,0,-0.055753458195617576,-0.004400783449626637,0.02518668135634717
3,71,35,35,0,-0.055545354388542044,-0.004529318153996817,0.024941853348023013
3,72,35,35,0,-0.055698371893744644,-0.004572163055453543,0.024990818949687844
3,73,35,35,0,-0.05559431999020688,-0.0046517321581588935,0.025168319255722854
3,74,35,35,0,-0.055551475088750156,-0.004590525156077855,0.025027543150936464
3,75,35,35,0,-0.05552699228791774,-0.004559921655037337,0.025296853960093034
3,76,35,35,0,-0.055582078589790675,-0.004700697759823723,0.025247888358428207
3,77,35,35,0,-0.05541681968417187,-0.004792508262945281,0.025333578161341658
3,78,35,35,0,-0.05579018239686621,-0.004804749663361489,0.025156077855306647
3,79,35,35,0,-0.055551475088750156,-0.004431386950667157,0.025198922756763376
3,80,35,35,0,-0.05559431999020688,-0.0047619047619047615,0.025125474354266132
3,81,35,35,0,-0.05559431999020688,-0.004676214958991309,0.025064267352185088
3,82,35,35,0,-0.0556310441914555,-0.004676214958991309,0.025064267352185088
3,83,35,35,0,-0.05539233688333946,-0.00477414616232097,0.025241767658220098
3,84,35,35,0,-0.055722854694577065,-0.004663973558575101,0.025217284857387685
3,85,35,35,0,-0.055441302485004285,-0.004633370057534582,0.025009181050312156
3,86,35,35,0,-0.055722854694577065,-0.004804749663361489,0.025217284857387685
3,87,35,35,0,-0.05550863018729343,-0.004504835353164402,0.025125474354266132
3,88,35,35,0,-0.055686130493328434,-0.004731301260864243,0.025198922756763376
3,89,35,35,0,-0.05574121679520137,-0.00459664585628596,0.02510099155343371
3,90,35,35,0,-0.05549638878687722,-0.0046517321581588935,0.02518056065613906
3,91,35,35,0,-0.05557595788958257,-0.00490268086669115,0.024996939649895945
3,92,35,35,0,-0.05556983718937446,-0.004541559554413025,0.025309095360509244
3,93,35,35,0,-0.05550250948708533,-0.004615007956910271,0.025027543150936464
3,94,35,35,0,-0.0554719059860448,-0.004510956053372506,0.025296853960093034
3,95,35,35,0,-0.05559431999020688,-0.004731301260864243,0.02514383645489044
3,96,35,35,0,-0.05550250948708533,-0.004590525156077855,0.02504590525156078
3,97,35,35,0,-0.05552699228791774,-0.0048231117639858,0.02513159505447423
3,98,35,35,0,-0.05552699228791774,-0.004578283755661648,0.024758232341779898
3,99,35,35,0,-0.05552699228791774,-0.006145183008936223,0.02510099155343371
